3997.91411	-0.01558
3995.98555	-0.01575
3994.05698	-0.01587
3992.12842	-0.01585
3990.19985	-0.01572
3988.27129	-0.01558
3986.34272	-0.01552
3984.41416	-0.01542
3982.48560	-0.01519
3980.55703	-0.01498
3978.62847	-0.01487
3976.69990	-0.01478
3974.77134	-0.01469
3972.84277	-0.01467
3970.91421	-0.01476
3968.98564	-0.01489
3967.05708	-0.01494
3965.12852	-0.01498
3963.19995	-0.01516
3961.27139	-0.01545
3959.34282	-0.01563
3957.41426	-0.01555
3955.48569	-0.01531
3953.55713	-0.01507
3951.62856	-0.01485
3949.70000	-0.01471
3947.77144	-0.01472
3945.84287	-0.01473
3943.91431	-0.01461
3941.98574	-0.01455
3940.05718	-0.01469
3938.12861	-0.01489
3936.20005	-0.01499
3934.27148	-0.01493
3932.34292	-0.01489
3930.41436	-0.01505
3928.48579	-0.01524
3926.55723	-0.01524
3924.62866	-0.01509
3922.70010	-0.01487
3920.77153	-0.01455
3918.84297	-0.01425
3916.91440	-0.01426
3914.98584	-0.01451
3913.05728	-0.01467
3911.12871	-0.01461
3909.20015	-0.01453
3907.27158	-0.01452
3905.34302	-0.01450
3903.41445	-0.01442
3901.48589	-0.01439
3899.55732	-0.01450
3897.62876	-0.01476
3895.70020	-0.01497
3893.77163	-0.01499
3891.84307	-0.01485
3889.91450	-0.01468
3887.98594	-0.01452
3886.05737	-0.01435
3884.12881	-0.01420
3882.20024	-0.01415
3880.27168	-0.01429
3878.34312	-0.01453
3876.41455	-0.01463
3874.48599	-0.01459
3872.55742	-0.01470
3870.62886	-0.01499
3868.70029	-0.01519
3866.77173	-0.01517
3864.84316	-0.01506
3862.91460	-0.01509
3860.98604	-0.01526
3859.05747	-0.01526
3857.12891	-0.01493
3855.20034	-0.01436
3853.27178	-0.01386
3851.34321	-0.01390
3849.41465	-0.01429
3847.48608	-0.01457
3845.55752	-0.01459
3843.62896	-0.01450
3841.70039	-0.01448
3839.77183	-0.01461
3837.84326	-0.01483
3835.91470	-0.01502
3833.98613	-0.01510
3832.05757	-0.01511
3830.12900	-0.01507
3828.20044	-0.01494
3826.27187	-0.01468
3824.34331	-0.01431
3822.41475	-0.01385
3820.48618	-0.01357
3818.55762	-0.01370
3816.62905	-0.01410
3814.70049	-0.01451
3812.77192	-0.01475
3810.84336	-0.01477
3808.91479	-0.01473
3806.98623	-0.01480
3805.05767	-0.01494
3803.12910	-0.01500
3801.20054	-0.01499
3799.27197	-0.01504
3797.34341	-0.01504
3795.41484	-0.01496
3793.48628	-0.01490
3791.55771	-0.01486
3789.62915	-0.01479
3787.70059	-0.01470
3785.77202	-0.01467
3783.84346	-0.01477
3781.91489	-0.01486
3779.98633	-0.01483
3778.05776	-0.01483
3776.12920	-0.01500
3774.20063	-0.01522
3772.27207	-0.01539
3770.34351	-0.01541
3768.41494	-0.01525
3766.48638	-0.01498
3764.55781	-0.01483
3762.62925	-0.01483
3760.70068	-0.01478
3758.77212	-0.01457
3756.84355	-0.01433
3754.91499	-0.01415
3752.98643	-0.01401
3751.05786	-0.01391
3749.12930	-0.01399
3747.20073	-0.01422
3745.27217	-0.01448
3743.34360	-0.01470
3741.41504	-0.01487
3739.48647	-0.01496
3737.55791	-0.01487
3735.62935	-0.01469
3733.70078	-0.01474
3731.77222	-0.01494
3729.84365	-0.01497
3727.91509	-0.01480
3725.98652	-0.01457
3724.05796	-0.01443
3722.12939	-0.01437
3720.20083	-0.01437
3718.27227	-0.01453
3716.34370	-0.01474
3714.41514	-0.01472
3712.48657	-0.01437
3710.55801	-0.01407
3708.62944	-0.01405
3706.70088	-0.01413
3704.77231	-0.01400
3702.84375	-0.01362
3700.91519	-0.01313
3698.98662	-0.01269
3697.05806	-0.01231
3695.12949	-0.01205
3693.20093	-0.01190
3691.27236	-0.01184
3689.34380	-0.01189
3687.41523	-0.01207
3685.48667	-0.01225
3683.55811	-0.01239
3681.62954	-0.01236
3679.70098	-0.01203
3677.77241	-0.01140
3675.84385	-0.01069
3673.91528	-0.01019
3671.98672	-0.00987
3670.05815	-0.00961
3668.12959	-0.00951
3666.20103	-0.00947
3664.27246	-0.00937
3662.34390	-0.00929
3660.41533	-0.00928
3658.48677	-0.00919
3656.55820	-0.00897
3654.62964	-0.00874
3652.70107	-0.00846
3650.77251	-0.00797
3648.84395	-0.00745
3646.91538	-0.00725
3644.98682	-0.00726
3643.05825	-0.00726
3641.12969	-0.00721
3639.20112	-0.00701
3637.27256	-0.00662
3635.34399	-0.00605
3633.41543	-0.00531
3631.48687	-0.00445
3629.55830	-0.00378
3627.62974	-0.00362
3625.70117	-0.00370
3623.77261	-0.00359
3621.84404	-0.00315
3619.91548	-0.00251
3617.98691	-0.00198
3616.05835	-0.00171
3614.12979	-0.00153
3612.20122	-0.00115
3610.27266	-0.00049
3608.34409	0.00012
3606.41553	0.00036
3604.48696	0.00041
3602.55840	0.00068
3600.62983	0.00115
3598.70127	0.00162
3596.77271	0.00212
3594.84414	0.00245
3592.91558	0.00244
3590.98701	0.00242
3589.05845	0.00289
3587.12988	0.00358
3585.20132	0.00391
3583.27275	0.00388
3581.34419	0.00384
3579.41562	0.00404
3577.48706	0.00457
3575.55850	0.00532
3573.62993	0.00602
3571.70137	0.00670
3569.77280	0.00767
3567.84424	0.00879
3565.91567	0.00946
3563.98711	0.00942
3562.05854	0.00910
3560.12998	0.00898
3558.20142	0.00914
3556.27285	0.00949
3554.34429	0.00992
3552.41572	0.01030
3550.48716	0.01055
3548.55859	0.01085
3546.63003	0.01142
3544.70146	0.01216
3542.77290	0.01283
3540.84434	0.01329
3538.91577	0.01354
3536.98721	0.01373
3535.05864	0.01399
3533.13008	0.01430
3531.20151	0.01462
3529.27295	0.01498
3527.34438	0.01541
3525.41582	0.01580
3523.48726	0.01600
3521.55869	0.01603
3519.63013	0.01618
3517.70156	0.01662
3515.77300	0.01727
3513.84443	0.01797
3511.91587	0.01860
3509.98730	0.01912
3508.05874	0.01973
3506.13018	0.02050
3504.20161	0.02113
3502.27305	0.02140
3500.34448	0.02151
3498.41592	0.02171
3496.48735	0.02189
3494.55879	0.02183
3492.63022	0.02182
3490.70166	0.02222
3488.77310	0.02280
3486.84453	0.02328
3484.91597	0.02372
3482.98740	0.02413
3481.05884	0.02444
3479.13027	0.02490
3477.20171	0.02564
3475.27314	0.02629
3473.34458	0.02660
3471.41602	0.02675
3469.48745	0.02689
3467.55889	0.02714
3465.63032	0.02763
3463.70176	0.02806
3461.77319	0.02811
3459.84463	0.02806
3457.91606	0.02818
3455.98750	0.02849
3454.05894	0.02906
3452.13037	0.02967
3450.20181	0.03006
3448.27324	0.03043
3446.34468	0.03090
3444.41611	0.03119
3442.48755	0.03132
3440.55898	0.03155
3438.63042	0.03172
3436.70186	0.03163
3434.77329	0.03153
3432.84473	0.03168
3430.91616	0.03184
3428.98760	0.03182
3427.05903	0.03184
3425.13047	0.03210
3423.20190	0.03254
3421.27334	0.03306
3419.34478	0.03348
3417.41621	0.03370
3415.48765	0.03388
3413.55908	0.03409
3411.63052	0.03437
3409.70195	0.03467
3407.77339	0.03485
3405.84482	0.03482
3403.91626	0.03455
3401.98770	0.03406
3400.05913	0.03385
3398.13057	0.03412
3396.20200	0.03438
3394.27344	0.03428
3392.34487	0.03427
3390.41631	0.03461
3388.48774	0.03505
3386.55918	0.03537
3384.63062	0.03551
3382.70205	0.03553
3380.77349	0.03561
3378.84492	0.03574
3376.91636	0.03575
3374.98779	0.03564
3373.05923	0.03545
3371.13066	0.03523
3369.20210	0.03509
3367.27354	0.03513
3365.34497	0.03531
3363.41641	0.03547
3361.48784	0.03549
3359.55928	0.03538
3357.63071	0.03538
3355.70215	0.03562
3353.77358	0.03598
3351.84502	0.03630
3349.91646	0.03647
3347.98789	0.03634
3346.05933	0.03611
3344.13076	0.03607
3342.20220	0.03609
3340.27363	0.03588
3338.34507	0.03561
3336.41650	0.03553
3334.48794	0.03546
3332.55937	0.03533
3330.63081	0.03538
3328.70225	0.03564
3326.77368	0.03589
3324.84512	0.03613
3322.91655	0.03650
3320.98799	0.03681
3319.05942	0.03691
3317.13086	0.03696
3315.20229	0.03705
3313.27373	0.03709
3311.34517	0.03717
3309.41660	0.03733
3307.48804	0.03728
3305.55947	0.03687
3303.63091	0.03639
3301.70234	0.03619
3299.77378	0.03631
3297.84521	0.03656
3295.91665	0.03684
3293.98809	0.03698
3292.05952	0.03690
3290.13096	0.03681
3288.20239	0.03691
3286.27383	0.03692
3284.34526	0.03659
3282.41670	0.03609
3280.48813	0.03566
3278.55957	0.03528
3276.63101	0.03484
3274.70244	0.03438
3272.77388	0.03397
3270.84531	0.03362
3268.91675	0.03338
3266.98818	0.03328
3265.05962	0.03320
3263.13105	0.03291
3261.20249	0.03240
3259.27393	0.03198
3257.34536	0.03176
3255.41680	0.03157
3253.48823	0.03134
3251.55967	0.03096
3249.63110	0.03034
3247.70254	0.02968
3245.77397	0.02922
3243.84541	0.02886
3241.91685	0.02845
3239.98828	0.02804
3238.05972	0.02765
3236.13115	0.02732
3234.20259	0.02713
3232.27402	0.02709
3230.34546	0.02710
3228.41689	0.02699
3226.48833	0.02674
3224.55977	0.02634
3222.63120	0.02583
3220.70264	0.02541
3218.77407	0.02513
3216.84551	0.02485
3214.91694	0.02446
3212.98838	0.02396
3211.05981	0.02347
3209.13125	0.02301
3207.20269	0.02261
3205.27412	0.02234
3203.34556	0.02218
3201.41699	0.02216
3199.48843	0.02217
3197.55986	0.02208
3195.63130	0.02185
3193.70273	0.02152
3191.77417	0.02119
3189.84561	0.02094
3187.91704	0.02065
3185.98848	0.02017
3184.05991	0.01944
3182.13135	0.01875
3180.20278	0.01829
3178.27422	0.01782
3176.34565	0.01730
3174.41709	0.01695
3172.48853	0.01676
3170.55996	0.01659
3168.63140	0.01648
3166.70283	0.01657
3164.77427	0.01673
3162.84570	0.01659
3160.91714	0.01610
3158.98857	0.01549
3157.06001	0.01497
3155.13145	0.01459
3153.20288	0.01426
3151.27432	0.01379
3149.34575	0.01320
3147.41719	0.01276
3145.48862	0.01261
3143.56006	0.01256
3141.63149	0.01224
3139.70293	0.01174
3137.77437	0.01144
3135.84580	0.01134
3133.91724	0.01134
3131.98867	0.01138
3130.06011	0.01125
3128.13154	0.01094
3126.20298	0.01067
3124.27441	0.01048
3122.34585	0.01024
3120.41729	0.00992
3118.48872	0.00959
3116.56016	0.00918
3114.63159	0.00859
3112.70303	0.00809
3110.77446	0.00800
3108.84590	0.00811
3106.91733	0.00822
3104.98877	0.00841
3103.06021	0.00867
3101.13164	0.00886
3099.20308	0.00892
3097.27451	0.00889
3095.34595	0.00868
3093.41738	0.00824
3091.48882	0.00784
3089.56025	0.00769
3087.63169	0.00767
3085.70312	0.00752
3083.77456	0.00728
3081.84600	0.00709
3079.91743	0.00693
3077.98887	0.00683
3076.06030	0.00689
3074.13174	0.00698
3072.20317	0.00684
3070.27461	0.00657
3068.34604	0.00645
3066.41748	0.00646
3064.48892	0.00641
3062.56035	0.00618
3060.63179	0.00580
3058.70322	0.00535
3056.77466	0.00501
3054.84609	0.00475
3052.91753	0.00437
3050.98896	0.00381
3049.06040	0.00324
3047.13184	0.00298
3045.20327	0.00307
3043.27471	0.00331
3041.34614	0.00345
3039.41758	0.00335
3037.48901	0.00314
3035.56045	0.00303
3033.63188	0.00295
3031.70332	0.00274
3029.77476	0.00234
3027.84619	0.00177
3025.91763	0.00116
3023.98906	0.00080
3022.06050	0.00071
3020.13193	0.00069
3018.20337	0.00054
3016.27480	0.00032
3014.34624	0.00020
3012.41768	0.00031
3010.48911	0.00058
3008.56055	0.00084
3006.63198	0.00091
3004.70342	0.00081
3002.77485	0.00083
3000.84629	0.00108
2998.91772	0.00135
2996.98916	0.00146
2995.06060	0.00140
2993.13203	0.00133
2991.20347	0.00148
2989.27490	0.00199
2987.34634	0.00285
2985.41777	0.00389
2983.48921	0.00493
2981.56064	0.00602
2979.63208	0.00733
2977.70352	0.00881
2975.77495	0.01042
2973.84639	0.01231
2971.91782	0.01441
2969.98926	0.01661
2968.06069	0.01902
2966.13213	0.02169
2964.20356	0.02440
2962.27500	0.02687
2960.34644	0.02913
2958.41787	0.03132
2956.48931	0.03332
2954.56074	0.03502
2952.63218	0.03659
2950.70361	0.03828
2948.77505	0.04056
2946.84648	0.04413
2944.91792	0.04944
2942.98936	0.05641
2941.06079	0.06477
2939.13223	0.07443
2937.20366	0.08557
2935.27510	0.09846
2933.34653	0.11339
2931.41797	0.13055
2929.48940	0.15039
2927.56084	0.17391
2925.63228	0.20247
2923.70371	0.23797
2921.77515	0.28252
2919.84658	0.33584
2917.91802	0.39099
2915.98945	0.43093
2914.06089	0.43734
2912.13232	0.41012
2910.20376	0.36738
2908.27520	0.32592
2906.34663	0.29221
2904.41807	0.26620
2902.48950	0.24621
2900.56094	0.23067
2898.63237	0.21798
2896.70381	0.20672
2894.77524	0.19604
2892.84668	0.18557
2890.91812	0.17524
2888.98955	0.16498
2887.06099	0.15479
2885.13242	0.14475
2883.20386	0.13496
2881.27529	0.12538
2879.34673	0.11623
2877.41816	0.10795
2875.48960	0.10076
2873.56104	0.09476
2871.63247	0.09004
2869.70391	0.08655
2867.77534	0.08454
2865.84678	0.08473
2863.91821	0.08786
2861.98965	0.09458
2860.06108	0.10587
2858.13252	0.12330
2856.20396	0.14951
2854.27539	0.18932
2852.34683	0.24857
2850.41826	0.32396
2848.48970	0.38619
2846.56113	0.39300
2844.63257	0.34554
2842.70400	0.28288
2840.77544	0.22972
2838.84687	0.19018
2836.91831	0.16155
2834.98975	0.14064
2833.06118	0.12502
2831.13262	0.11300
2829.20405	0.10343
2827.27549	0.09553
2825.34692	0.08891
2823.41836	0.08344
2821.48979	0.07887
2819.56123	0.07490
2817.63267	0.07139
2815.70410	0.06821
2813.77554	0.06525
2811.84697	0.06253
2809.91841	0.06003
2807.98984	0.05767
2806.06128	0.05545
2804.13271	0.05348
2802.20415	0.05178
2800.27559	0.05015
2798.34702	0.04853
2796.41846	0.04708
2794.48989	0.04584
2792.56133	0.04469
2790.63276	0.04356
2788.70420	0.04244
2786.77563	0.04132
2784.84707	0.04008
2782.91851	0.03880
2780.98994	0.03764
2779.06138	0.03662
2777.13281	0.03573
2775.20425	0.03487
2773.27568	0.03395
2771.34712	0.03302
2769.41855	0.03225
2767.48999	0.03172
2765.56143	0.03127
2763.63286	0.03075
2761.70430	0.03020
2759.77573	0.02972
2757.84717	0.02933
2755.91860	0.02902
2753.99004	0.02872
2752.06147	0.02835
2750.13291	0.02794
2748.20435	0.02757
2746.27578	0.02728
2744.34722	0.02697
2742.41865	0.02659
2740.49009	0.02620
2738.56152	0.02582
2736.63296	0.02550
2734.70439	0.02532
2732.77583	0.02522
2730.84727	0.02506
2728.91870	0.02480
2726.99014	0.02451
2725.06157	0.02424
2723.13301	0.02394
2721.20444	0.02367
2719.27588	0.02341
2717.34731	0.02305
2715.41875	0.02259
2713.49019	0.02219
2711.56162	0.02185
2709.63306	0.02158
2707.70449	0.02137
2705.77593	0.02112
2703.84736	0.02083
2701.91880	0.02063
2699.99023	0.02057
2698.06167	0.02049
2696.13311	0.02033
2694.20454	0.02012
2692.27598	0.01989
2690.34741	0.01967
2688.41885	0.01949
2686.49028	0.01934
2684.56172	0.01915
2682.63315	0.01892
2680.70459	0.01877
2678.77603	0.01873
2676.84746	0.01870
2674.91890	0.01862
2672.99033	0.01854
2671.06177	0.01848
2669.13320	0.01847
2667.20464	0.01858
2665.27607	0.01876
2663.34751	0.01886
2661.41895	0.01876
2659.49038	0.01856
2657.56182	0.01839
2655.63325	0.01828
2653.70469	0.01816
2651.77612	0.01793
2649.84756	0.01752
2647.91899	0.01705
2645.99043	0.01677
2644.06187	0.01670
2642.13330	0.01666
2640.20474	0.01665
2638.27617	0.01671
2636.34761	0.01672
2634.41904	0.01656
2632.49048	0.01634
2630.56191	0.01614
2628.63335	0.01590
2626.70479	0.01553
2624.77622	0.01508
2622.84766	0.01467
2620.91909	0.01428
2618.99053	0.01383
2617.06196	0.01338
2615.13340	0.01300
2613.20483	0.01271
2611.27627	0.01253
2609.34771	0.01245
2607.41914	0.01235
2605.49058	0.01216
2603.56201	0.01204
2601.63345	0.01208
2599.70488	0.01212
2597.77632	0.01199
2595.84775	0.01173
2593.91919	0.01139
2591.99062	0.01107
2590.06206	0.01090
2588.13350	0.01076
2586.20493	0.01042
2584.27637	0.00998
2582.34780	0.00959
2580.41924	0.00929
2578.49067	0.00917
2576.56211	0.00931
2574.63354	0.00942
2572.70498	0.00933
2570.77642	0.00916
2568.84785	0.00909
2566.91929	0.00914
2564.99072	0.00920
2563.06216	0.00914
2561.13359	0.00886
2559.20503	0.00853
2557.27646	0.00841
2555.34790	0.00846
2553.41934	0.00841
2551.49077	0.00821
2549.56221	0.00800
2547.63364	0.00786
2545.70508	0.00781
2543.77651	0.00780
2541.84795	0.00791
2539.91938	0.00811
2537.99082	0.00813
2536.06226	0.00801
2534.13369	0.00802
2532.20513	0.00808
2530.27656	0.00793
2528.34800	0.00762
2526.41943	0.00741
2524.49087	0.00729
2522.56230	0.00715
2520.63374	0.00695
2518.70518	0.00660
2516.77661	0.00624
2514.84805	0.00610
2512.91948	0.00615
2510.99092	0.00624
2509.06235	0.00638
2507.13379	0.00651
2505.20522	0.00641
2503.27666	0.00614
2501.34810	0.00601
2499.41953	0.00606
2497.49097	0.00605
2495.56240	0.00589
2493.63384	0.00557
2491.70527	0.00522
2489.77671	0.00507
2487.84814	0.00508
2485.91958	0.00507
2483.99102	0.00494
2482.06245	0.00488
2480.13389	0.00498
2478.20532	0.00514
2476.27676	0.00524
2474.34819	0.00524
2472.41963	0.00514
2470.49106	0.00499
2468.56250	0.00486
2466.63394	0.00475
2464.70537	0.00460
2462.77681	0.00432
2460.84824	0.00402
2458.91968	0.00382
2456.99111	0.00372
2455.06255	0.00370
2453.13398	0.00372
2451.20542	0.00369
2449.27686	0.00362
2447.34829	0.00366
2445.41973	0.00390
2443.49116	0.00412
2441.56260	0.00418
2439.63403	0.00405
2437.70547	0.00386
2435.77690	0.00368
2433.84834	0.00356
2431.91978	0.00349
2429.99121	0.00335
2428.06265	0.00313
2426.13408	0.00301
2424.20552	0.00311
2422.27695	0.00334
2420.34839	0.00351
2418.41982	0.00355
2416.49126	0.00351
2414.56270	0.00351
2412.63413	0.00363
2410.70557	0.00379
2408.77700	0.00383
2406.84844	0.00367
2404.91987	0.00346
2402.99131	0.00327
2401.06274	0.00315
2399.13418	0.00390
2397.20562	0.00397
2395.27705	0.00357
2393.34849	0.00314
2391.41992	0.00279
2389.49136	0.00251
2387.56279	0.00221
2385.63423	0.00186
2383.70566	0.00156
2381.77710	0.00141
2379.84854	0.00146
2377.91997	0.00173
2375.99141	0.00207
2374.06284	0.00230
2372.13428	0.00236
2370.20571	0.00219
2368.27715	0.00181
2366.34858	0.00139
2364.42002	0.00101
2362.49146	0.00068
2360.56289	0.00039
2358.63433	0.00044
2356.70576	0.00089
2354.77720	0.00118
2352.84863	0.00051
2350.92007	-0.00070
2348.99150	-0.00130
2347.06294	-0.00015
2345.13437	0.00137
2343.20581	0.00205
2341.27725	0.00197
2339.34868	0.00165
2337.42012	0.00135
2335.49155	0.00118
2333.56299	0.00111
2331.63442	0.00106
2329.70586	0.00096
2327.77729	0.00081
2325.84873	0.00128
2323.92017	0.00235
2321.99160	0.00319
2320.06304	0.00345
2318.13447	0.00340
2316.20591	0.00328
2314.27734	0.00310
2312.34878	0.00291
2310.42021	0.00285
2308.49165	0.00277
2306.56309	0.00262
2304.63452	0.00246
2302.70596	0.00246
2300.77739	0.00252
2298.84883	0.00249
2296.92026	0.00244
2294.99170	0.00246
2293.06313	0.00247
2291.13457	0.00263
2289.20601	0.00310
2287.27744	0.00365
2285.34888	0.00399
2283.42031	0.00403
2281.49175	0.00392
2279.56318	0.00379
2277.63462	0.00357
2275.70605	0.00313
2273.77749	0.00250
2271.84893	0.00194
2269.92036	0.00169
2267.99180	0.00169
2266.06323	0.00168
2264.13467	0.00160
2262.20610	0.00156
2260.27754	0.00156
2258.34897	0.00157
2256.42041	0.00171
2254.49185	0.00187
2252.56328	0.00187
2250.63472	0.00174
2248.70615	0.00202
2246.77759	0.00182
2244.84902	0.00173
2242.92046	0.00152
2240.99189	0.00119
2239.06333	0.00082
2237.13477	0.00064
2235.20620	0.00080
2233.27764	0.00093
2231.34907	0.00083
2229.42051	0.00077
2227.49194	0.00107
2225.56338	0.00161
2223.63481	0.00211
2221.70625	0.00254
2219.77769	0.00284
2217.84912	0.00262
2215.92056	0.00193
2213.99199	0.00137
2212.06343	0.00127
2210.13486	0.00131
2208.20630	0.00102
2206.27773	0.00035
2204.34917	-0.00014
2202.42061	0.00000
2200.49204	0.00058
2198.56348	0.00126
2196.63491	0.00193
2194.70635	0.00242
2192.77778	0.00271
2190.84922	0.00295
2188.92065	0.00329
2186.99209	0.00347
2185.06353	0.00303
2183.13496	0.00205
2181.20640	0.00109
2179.27783	0.00061
2177.34927	0.00052
2175.42070	0.00035
2173.49214	0.00030
2171.56357	0.00066
2169.63501	0.00120
2167.70645	0.00184
2165.77788	0.00278
2163.84932	0.00361
2161.92075	0.00342
2159.99219	0.00219
2158.06362	0.00117
2156.13506	0.00111
2154.20649	0.00134
2152.27793	0.00110
2150.34937	0.00042
2148.42080	-0.00028
2146.49224	-0.00057
2144.56367	-0.00035
2142.63511	-0.00013
2140.70654	-0.00019
2138.77798	-0.00022
2136.84941	-0.00012
2134.92085	0.00008
2132.99229	0.00048
2131.06372	0.00092
2129.13516	0.00111
2127.20659	0.00109
2125.27803	0.00108
2123.34946	0.00124
2121.42090	0.00134
2119.49233	0.00114
2117.56377	0.00089
2115.63521	0.00077
2113.70664	0.00063
2111.77808	0.00058
2109.84951	0.00073
2107.92095	0.00088
2105.99238	0.00098
2104.06382	0.00106
2102.13525	0.00113
2100.20669	0.00120
2098.27812	0.00131
2096.34956	0.00134
2094.42100	0.00107
2092.49243	0.00083
2090.56387	0.00094
2088.63530	0.00105
2086.70674	0.00085
2084.77817	0.00059
2082.84961	0.00043
2080.92104	0.00034
2078.99248	0.00036
2077.06392	0.00051
2075.13535	0.00071
2073.20679	0.00073
2071.27822	0.00069
2069.34966	0.00090
2067.42109	0.00129
2065.49253	0.00151
2063.56396	0.00141
2061.63540	0.00103
2059.70684	0.00056
2057.77827	0.00036
2055.84971	0.00039
2053.92114	0.00036
2051.99258	0.00021
2050.06401	-0.00017
2048.13545	-0.00065
2046.20688	-0.00051
2044.27832	0.00024
2042.34976	0.00099
2040.42119	0.00147
2038.49263	0.00162
2036.56406	0.00145
2034.63550	0.00135
2032.70693	0.00167
2030.77837	0.00216
2028.84980	0.00204
2026.92124	0.00115
2024.99268	0.00048
2023.06411	0.00063
2021.13555	0.00079
2019.20698	0.00016
2017.27842	-0.00085
2015.34985	-0.00134
2013.42129	-0.00095
2011.49272	-0.00001
2009.56416	0.00090
2007.63560	0.00138
2005.70703	0.00136
2003.77847	0.00127
2001.84990	0.00163
1999.92134	0.00232
1997.99277	0.00253
1996.06421	0.00182
1994.13564	0.00085
1992.20708	0.00058
1990.27852	0.00098
1988.34995	0.00125
1986.42139	0.00103
1984.49282	0.00068
1982.56426	0.00072
1980.63569	0.00122
1978.70713	0.00179
1976.77856	0.00222
1974.85000	0.00256
1972.92144	0.00256
1970.99287	0.00227
1969.06431	0.00211
1967.13574	0.00205
1965.20718	0.00183
1963.27861	0.00137
1961.35005	0.00057
1959.42148	-0.00038
1957.49292	-0.00097
1955.56436	-0.00100
1953.63579	-0.00066
1951.70723	-0.00036
1949.77866	-0.00036
1947.85010	-0.00040
1945.92153	-0.00001
1943.99297	0.00079
1942.06440	0.00131
1940.13584	0.00116
1938.20728	0.00077
1936.27871	0.00060
1934.35015	0.00073
1932.42158	0.00095
1930.49302	0.00084
1928.56445	0.00036
1926.63589	-0.00001
1924.70732	-0.00006
1922.77876	0.00002
1920.85020	0.00015
1918.92163	0.00039
1916.99307	0.00066
1915.06450	0.00086
1913.13594	0.00116
1911.20737	0.00159
1909.27881	0.00184
1907.35024	0.00168
1905.42168	0.00145
1903.49312	0.00147
1901.56455	0.00161
1899.63599	0.00165
1897.70742	0.00153
1895.77886	0.00127
1893.85029	0.00102
1891.92173	0.00104
1889.99316	0.00129
1888.06460	0.00145
1886.13604	0.00143
1884.20747	0.00139
1882.27891	0.00137
1880.35034	0.00140
1878.42178	0.00161
1876.49321	0.00191
1874.56465	0.00204
1872.63608	0.00200
1870.70752	0.00200
1868.77896	0.00204
1866.85039	0.00197
1864.92183	0.00179
1862.99326	0.00156
1861.06470	0.00132
1859.13613	0.00114
1857.20757	0.00111
1855.27900	0.00130
1853.35044	0.00165
1851.42187	0.00202
1849.49331	0.00235
1847.56475	0.00267
1845.63618	0.00301
1843.70762	0.00319
1841.77905	0.00304
1839.85049	0.00270
1837.92192	0.00241
1835.99336	0.00227
1834.06479	0.00235
1832.13623	0.00258
1830.20767	0.00282
1828.27910	0.00297
1826.35054	0.00305
1824.42197	0.00317
1822.49341	0.00334
1820.56484	0.00358
1818.63628	0.00382
1816.70771	0.00400
1814.77915	0.00416
1812.85059	0.00443
1810.92202	0.00474
1808.99346	0.00489
1807.06489	0.00483
1805.13633	0.00479
1803.20776	0.00502
1801.27920	0.00551
1799.35063	0.00598
1797.42207	0.00633
1795.49351	0.00676
1793.56494	0.00743
1791.63638	0.00830
1789.70781	0.00916
1787.77925	0.00998
1785.85068	0.01082
1783.92212	0.01155
1781.99355	0.01211
1780.06499	0.01250
1778.13643	0.01284
1776.20786	0.01320
1774.27930	0.01359
1772.35073	0.01395
1770.42217	0.01429
1768.49360	0.01463
1766.56504	0.01496
1764.63647	0.01532
1762.70791	0.01584
1760.77935	0.01652
1758.85078	0.01738
1756.92222	0.01852
1754.99365	0.01993
1753.06509	0.02168
1751.13652	0.02384
1749.20796	0.02611
1747.27939	0.02823
1745.35083	0.03035
1743.42227	0.03254
1741.49370	0.03466
1739.56514	0.03648
1737.63657	0.03780
1735.70801	0.03882
1733.77944	0.03978
1731.85088	0.04048
1729.92231	0.04086
1727.99375	0.04139
1726.06519	0.04246
1724.13662	0.04387
1722.20806	0.04512
1720.27949	0.04618
1718.35093	0.04746
1716.42236	0.04889
1714.49380	0.04989
1712.56523	0.05027
1710.63667	0.05013
1708.70811	0.04959
1706.77954	0.04877
1704.85098	0.04782
1702.92241	0.04708
1700.99385	0.04685
1699.06528	0.04700
1697.13672	0.04694
1695.20815	0.04644
1693.27959	0.04591
1691.35103	0.04579
1689.42246	0.04615
1687.49390	0.04686
1685.56533	0.04796
1683.63677	0.04925
1681.70820	0.05025
1679.77964	0.05104
1677.85107	0.05205
1675.92251	0.05346
1673.99395	0.05503
1672.06538	0.05652
1670.13682	0.05812
1668.20825	0.05971
1666.27969	0.06109
1664.35112	0.06254
1662.42256	0.06420
1660.49399	0.06570
1658.56543	0.06689
1656.63687	0.06803
1654.70830	0.06941
1652.77974	0.07081
1650.85117	0.07168
1648.92261	0.07238
1646.99404	0.07357
1645.06548	0.07506
1643.13691	0.07632
1641.20835	0.07725
1639.27979	0.07794
1637.35122	0.07849
1635.42266	0.07890
1633.49409	0.07901
1631.56553	0.07897
1629.63696	0.07892
1627.70840	0.07887
1625.77983	0.07870
1623.85127	0.07827
1621.92271	0.07745
1619.99414	0.07641
1618.06558	0.07540
1616.13701	0.07450
1614.20845	0.07378
1612.27988	0.07336
1610.35132	0.07326
1608.42275	0.07334
1606.49419	0.07343
1604.56562	0.07354
1602.63706	0.07373
1600.70850	0.07389
1598.77993	0.07398
1596.85137	0.07403
1594.92280	0.07408
1592.99424	0.07408
1591.06567	0.07404
1589.13711	0.07396
1587.20854	0.07383
1585.27998	0.07369
1583.35142	0.07353
1581.42285	0.07338
1579.49429	0.07330
1577.56572	0.07330
1575.63716	0.07320
1573.70859	0.07291
1571.78003	0.07257
1569.85146	0.07228
1567.92290	0.07202
1565.99434	0.07176
1564.06577	0.07154
1562.13721	0.07141
1560.20864	0.07123
1558.28008	0.07064
1556.35151	0.06964
1554.42295	0.06855
1552.49438	0.06739
1550.56582	0.06613
1548.63726	0.06487
1546.70869	0.06379
1544.78013	0.06281
1542.85156	0.06149
1540.92300	0.05926
1538.99443	0.05624
1537.06587	0.05353
1535.13730	0.05134
1533.20874	0.04899
1531.28018	0.04647
1529.35161	0.04425
1527.42305	0.04235
1525.49448	0.04053
1523.56592	0.03880
1521.63735	0.03721
1519.70879	0.03580
1517.78022	0.03451
1515.85166	0.03322
1513.92310	0.03206
1511.99453	0.03129
1510.06597	0.03086
1508.13740	0.03028
1506.20884	0.02897
1504.28027	0.02744
1502.35171	0.02653
1500.42314	0.02621
1498.49458	0.02602
1496.56602	0.02567
1494.63745	0.02523
1492.70889	0.02508
1490.78032	0.02525
1488.85176	0.02538
1486.92319	0.02539
1484.99463	0.02568
1483.06606	0.02663
1481.13750	0.02883
1479.20894	0.03506
1477.28037	0.05227
1475.35181	0.08562
1473.42324	0.12334
1471.49468	0.14066
1469.56611	0.13573
1467.63755	0.13096
1465.70898	0.14121
1463.78042	0.16047
1461.85186	0.16870
1459.92329	0.15644
1457.99473	0.13299
1456.06616	0.11302
1454.13760	0.10176
1452.20903	0.09514
1450.28047	0.08994
1448.35190	0.08579
1446.42334	0.08285
1444.49478	0.08095
1442.56621	0.07971
1440.63765	0.07886
1438.70908	0.07820
1436.78052	0.07738
1434.85195	0.07614
1432.92339	0.07462
1430.99482	0.07296
1429.06626	0.07126
1427.13770	0.06986
1425.20913	0.06901
1423.28057	0.06865
1421.35200	0.06873
1419.42344	0.06917
1417.49487	0.06947
1415.56631	0.06930
1413.63774	0.06895
1411.70918	0.06864
1409.78062	0.06820
1407.85205	0.06751
1405.92349	0.06651
1403.99492	0.06519
1402.06636	0.06377
1400.13779	0.06247
1398.20923	0.06128
1396.28066	0.06006
1394.35210	0.05880
1392.42354	0.05771
1390.49497	0.05707
1388.56641	0.05695
1386.63784	0.05723
1384.70928	0.05799
1382.78071	0.05955
1380.85215	0.06182
1378.92358	0.06394
1376.99502	0.06493
1375.06646	0.06453
1373.13789	0.06340
1371.20933	0.06242
1369.28076	0.06174
1367.35220	0.06104
1365.42363	0.06022
1363.49507	0.05928
1361.56650	0.05819
1359.63794	0.05716
1357.70937	0.05648
1355.78081	0.05606
1353.85225	0.05562
1351.92368	0.05507
1349.99512	0.05436
1348.06655	0.05347
1346.13799	0.05251
1344.20942	0.05169
1342.28086	0.05111
1340.35229	0.05053
1338.42373	0.04956
1336.49517	0.04835
1334.56660	0.04738
1332.63804	0.04684
1330.70947	0.04667
1328.78091	0.04678
1326.85234	0.04711
1324.92378	0.04767
1322.99521	0.04853
1321.06665	0.04958
1319.13809	0.05047
1317.20952	0.05091
1315.28096	0.05091
1313.35239	0.05067
1311.42383	0.05044
1309.49526	0.05039
1307.56670	0.05051
1305.63813	0.05063
1303.70957	0.05074
1301.78101	0.05092
1299.85244	0.05119
1297.92388	0.05150
1295.99531	0.05190
1294.06675	0.05233
1292.13818	0.05276
1290.20962	0.05316
1288.28105	0.05354
1286.35249	0.05390
1284.42393	0.05431
1282.49536	0.05480
1280.56680	0.05532
1278.63823	0.05577
1276.70967	0.05611
1274.78110	0.05635
1272.85254	0.05654
1270.92397	0.05671
1268.99541	0.05687
1267.06685	0.05708
1265.13828	0.05741
1263.20972	0.05775
1261.28115	0.05785
1259.35259	0.05768
1257.42402	0.05743
1255.49546	0.05729
1253.56689	0.05726
1251.63833	0.05719
1249.70977	0.05702
1247.78120	0.05686
1245.85264	0.05673
1243.92407	0.05656
1241.99551	0.05638
1240.06694	0.05619
1238.13838	0.05591
1236.20981	0.05556
1234.28125	0.05521
1232.35269	0.05488
1230.42412	0.05453
1228.49556	0.05410
1226.56699	0.05362
1224.63843	0.05318
1222.70986	0.05282
1220.78130	0.05248
1218.85273	0.05201
1216.92417	0.05144
1214.99561	0.05095
1213.06704	0.05064
1211.13848	0.05042
1209.20991	0.05021
1207.28135	0.05000
1205.35278	0.04986
1203.42422	0.04984
1201.49565	0.04999
1199.56709	0.05031
1197.63853	0.05075
1195.70996	0.05118
1193.78140	0.05159
1191.85283	0.05210
1189.92427	0.05271
1187.99570	0.05327
1186.06714	0.05374
1184.13857	0.05409
1182.21001	0.05437
1180.28145	0.05474
1178.35288	0.05528
1176.42432	0.05572
1174.49575	0.05586
1172.56719	0.05590
1170.63862	0.05604
1168.71006	0.05620
1166.78149	0.05642
1164.85293	0.05672
1162.92437	0.05696
1160.99580	0.05703
1159.06724	0.05706
1157.13867	0.05713
1155.21011	0.05718
1153.28154	0.05717
1151.35298	0.05716
1149.42441	0.05715
1147.49585	0.05717
1145.56729	0.05732
1143.63872	0.05754
1141.71016	0.05770
1139.78159	0.05791
1137.85303	0.05839
1135.92446	0.05915
1133.99590	0.06017
1132.06733	0.06135
1130.13877	0.06238
1128.21021	0.06318
1126.28164	0.06394
1124.35308	0.06484
1122.42451	0.06581
1120.49595	0.06671
1118.56738	0.06758
1116.63882	0.06846
1114.71025	0.06936
1112.78169	0.07033
1110.85312	0.07142
1108.92456	0.07257
1106.99600	0.07364
1105.06743	0.07466
1103.13887	0.07567
1101.21030	0.07659
1099.28174	0.07740
1097.35317	0.07823
1095.42461	0.07910
1093.49604	0.07987
1091.56748	0.08066
1089.63892	0.08174
1087.71035	0.08295
1085.78179	0.08395
1083.85322	0.08483
1081.92466	0.08563
1079.99609	0.08636
1078.06753	0.08722
1076.13896	0.08823
1074.21040	0.08910
1072.28184	0.08975
1070.35327	0.09045
1068.42471	0.09147
1066.49614	0.09274
1064.56758	0.09400
1062.63901	0.09507
1060.71045	0.09581
1058.78188	0.09630
1056.85332	0.09674
1054.92476	0.09721
1052.99619	0.09763
1051.06763	0.09794
1049.13906	0.09822
1047.21050	0.09861
1045.28193	0.09903
1043.35337	0.09933
1041.42480	0.09950
1039.49624	0.09964
1037.56768	0.09975
1035.63911	0.09978
1033.71055	0.09976
1031.78198	0.09954
1029.85342	0.09886
1027.92485	0.09766
1025.99629	0.09623
1024.06772	0.09489
1022.13916	0.09367
1020.21060	0.09240
1018.28203	0.09100
1016.35347	0.08956
1014.42490	0.08826
1012.49634	0.08705
1010.56777	0.08585
1008.63921	0.08476
1006.71064	0.08363
1004.78208	0.08234
1002.85352	0.08106
1000.92495	0.07989
998.99639	0.07872
997.06782	0.07757
995.13926	0.07647
993.21069	0.07523
991.28213	0.07363
989.35356	0.07175
987.42500	0.06983
985.49644	0.06792
983.56787	0.06600
981.63931	0.06413
979.71074	0.06246
977.78218	0.06102
975.85361	0.05983
973.92505	0.05890
971.99648	0.05810
970.06792	0.05738
968.13936	0.05685
966.21079	0.05646
964.28223	0.05583
962.35366	0.05478
960.42510	0.05357
958.49653	0.05262
956.56797	0.05196
954.63940	0.05136
952.71084	0.05079
950.78228	0.05028
948.85371	0.04986
946.92515	0.04966
944.99658	0.04976
943.06802	0.04997
941.13945	0.05004
939.21089	0.04995
937.28232	0.04984
935.35376	0.04976
933.42520	0.04966
931.49663	0.04940
929.56807	0.04889
927.63950	0.04833
925.71094	0.04801
923.78237	0.04800
921.85381	0.04810
919.92524	0.04822
917.99668	0.04868
916.06812	0.04970
914.13955	0.05129
912.21099	0.05345
910.28242	0.05559
908.35386	0.05647
906.42529	0.05548
904.49673	0.05336
902.56816	0.05114
900.63960	0.04930
898.71104	0.04793
896.78247	0.04685
894.85391	0.04583
892.92534	0.04492
890.99678	0.04428
889.06821	0.04389
887.13965	0.04357
885.21108	0.04323
883.28252	0.04279
881.35396	0.04230
879.42539	0.04210
877.49683	0.04233
875.56826	0.04254
873.63970	0.04236
871.71113	0.04195
869.78257	0.04156
867.85400	0.04127
865.92544	0.04108
863.99687	0.04078
862.06831	0.04026
860.13975	0.03973
858.21118	0.03939
856.28262	0.03928
854.35405	0.03919
852.42549	0.03898
850.49692	0.03888
848.56836	0.03899
846.63979	0.03912
844.71123	0.03934
842.78267	0.03981
840.85410	0.04030
838.92554	0.04051
836.99697	0.04046
835.06841	0.04046
833.13984	0.04063
831.21128	0.04089
829.28271	0.04126
827.35415	0.04161
825.42559	0.04184
823.49702	0.04213
821.56846	0.04260
819.63989	0.04294
817.71133	0.04310
815.78276	0.04338
813.85420	0.04377
811.92563	0.04408
809.99707	0.04440
808.06851	0.04484
806.13994	0.04514
804.21138	0.04498
802.28281	0.04471
800.35425	0.04477
798.42568	0.04486
796.49712	0.04460
794.56855	0.04430
792.63999	0.04445
790.71143	0.04502
788.78286	0.04574
786.85430	0.04654
784.92573	0.04732
782.99717	0.04789
781.06860	0.04836
779.14004	0.04880
777.21147	0.04907
775.28291	0.04911
773.35435	0.04881
771.42578	0.04819
769.49722	0.04755
767.56865	0.04712
765.64009	0.04703
763.71152	0.04723
761.78296	0.04746
759.85439	0.04754
757.92583	0.04751
755.99727	0.04764
754.06870	0.04829
752.14014	0.04918
750.21157	0.04975
748.28301	0.05021
746.35444	0.05093
744.42588	0.05190
742.49731	0.05302
740.56875	0.05424
738.64019	0.05602
736.71162	0.06070
734.78306	0.07556
732.85449	0.10680
730.92593	0.13992
728.99736	0.14719
727.06880	0.13203
725.14023	0.12231
723.21167	0.13476
721.28311	0.16908
719.35454	0.20089
717.42598	0.19897
715.49741	0.16711
713.56885	0.13235
711.64028	0.10859
709.71172	0.09466
707.78315	0.08607
705.85459	0.08001
703.92603	0.07543
701.99746	0.07215
700.06890	0.06992
698.14033	0.06818
696.21177	0.06641
694.28320	0.06461
692.35464	0.06328
690.42607	0.06271
688.49751	0.06277
686.56895	0.06299
684.64038	0.06282
682.71182	0.06195
680.78325	0.06072
678.85469	0.05996
676.92612	0.05967
674.99756	0.05898
673.06899	0.05795
671.14043	0.05813
669.21187	0.05950
667.28330	0.05889
665.35474	0.05792
663.42617	0.05736
661.49761	0.05786
659.56904	0.05851
657.64048	0.05915
655.71191	0.05999
653.78335	0.06088
651.85479	0.06162
649.92622	0.06186
647.99766	0.06137
646.06909	0.06059
644.14053	0.06011
642.21196	0.05971
640.28340	0.05882
638.35483	0.05797
636.42627	0.05794
634.49771	0.05830
632.56914	0.05869
630.64058	0.05955
628.71201	0.06064
626.78345	0.06103
624.85488	0.06134
622.92632	0.06290
620.99775	0.06503
619.06919	0.06668
617.14062	0.06802
615.21206	0.06833
613.28350	0.06684
611.35493	0.06513
609.42637	0.06444
607.49780	0.06338
605.56924	0.06082
603.64067	0.05854
601.71211	0.05862
599.78354	0.06016
