3997.91411	-0.00864
3995.98555	-0.00891
3994.05698	-0.00917
3992.12842	-0.00931
3990.19985	-0.00928
3988.27129	-0.00910
3986.34272	-0.00892
3984.41416	-0.00872
3982.48560	-0.00847
3980.55703	-0.00827
3978.62847	-0.00823
3976.69990	-0.00828
3974.77134	-0.00830
3972.84277	-0.00827
3970.91421	-0.00826
3968.98564	-0.00836
3967.05708	-0.00849
3965.12852	-0.00854
3963.19995	-0.00857
3961.27139	-0.00868
3959.34282	-0.00885
3957.41426	-0.00891
3955.48569	-0.00879
3953.55713	-0.00852
3951.62856	-0.00821
3949.70000	-0.00804
3947.77144	-0.00809
3945.84287	-0.00822
3943.91431	-0.00826
3941.98574	-0.00825
3940.05718	-0.00832
3938.12861	-0.00846
3936.20005	-0.00862
3934.27148	-0.00872
3932.34292	-0.00876
3930.41436	-0.00887
3928.48579	-0.00903
3926.55723	-0.00906
3924.62866	-0.00896
3922.70010	-0.00879
3920.77153	-0.00852
3918.84297	-0.00821
3916.91440	-0.00809
3914.98584	-0.00819
3913.05728	-0.00834
3911.12871	-0.00838
3909.20015	-0.00834
3907.27158	-0.00829
3905.34302	-0.00834
3903.41445	-0.00852
3901.48589	-0.00873
3899.55732	-0.00887
3897.62876	-0.00896
3895.70020	-0.00899
3893.77163	-0.00892
3891.84307	-0.00879
3889.91450	-0.00861
3887.98594	-0.00841
3886.05737	-0.00822
3884.12881	-0.00812
3882.20024	-0.00814
3880.27168	-0.00827
3878.34312	-0.00836
3876.41455	-0.00824
3874.48599	-0.00806
3872.55742	-0.00813
3870.62886	-0.00843
3868.70029	-0.00864
3866.77173	-0.00860
3864.84316	-0.00845
3862.91460	-0.00842
3860.98604	-0.00855
3859.05747	-0.00853
3857.12891	-0.00816
3855.20034	-0.00754
3853.27178	-0.00717
3851.34321	-0.00739
3849.41465	-0.00785
3847.48608	-0.00811
3845.55752	-0.00809
3843.62896	-0.00790
3841.70039	-0.00774
3839.77183	-0.00783
3837.84326	-0.00822
3835.91470	-0.00862
3833.98613	-0.00876
3832.05757	-0.00868
3830.12900	-0.00855
3828.20044	-0.00841
3826.27187	-0.00818
3824.34331	-0.00776
3822.41475	-0.00720
3820.48618	-0.00687
3818.55762	-0.00696
3816.62905	-0.00732
3814.70049	-0.00778
3812.77192	-0.00811
3810.84336	-0.00819
3808.91479	-0.00818
3806.98623	-0.00830
3805.05767	-0.00852
3803.12910	-0.00854
3801.20054	-0.00838
3799.27197	-0.00833
3797.34341	-0.00837
3795.41484	-0.00841
3793.48628	-0.00849
3791.55771	-0.00854
3789.62915	-0.00850
3787.70059	-0.00840
3785.77202	-0.00834
3783.84346	-0.00840
3781.91489	-0.00847
3779.98633	-0.00844
3778.05776	-0.00840
3776.12920	-0.00847
3774.20063	-0.00864
3772.27207	-0.00881
3770.34351	-0.00895
3768.41494	-0.00895
3766.48638	-0.00880
3764.55781	-0.00860
3762.62925	-0.00842
3760.70068	-0.00822
3758.77212	-0.00800
3756.84355	-0.00781
3754.91499	-0.00761
3752.98643	-0.00739
3751.05786	-0.00729
3749.12930	-0.00748
3747.20073	-0.00783
3745.27217	-0.00806
3743.34360	-0.00813
3741.41504	-0.00821
3739.48647	-0.00842
3737.55791	-0.00870
3735.62935	-0.00877
3733.70078	-0.00857
3731.77222	-0.00835
3729.84365	-0.00833
3727.91509	-0.00843
3725.98652	-0.00844
3724.05796	-0.00839
3722.12939	-0.00832
3720.20083	-0.00834
3718.27227	-0.00855
3716.34370	-0.00885
3714.41514	-0.00895
3712.48657	-0.00878
3710.55801	-0.00860
3708.62944	-0.00859
3706.70088	-0.00872
3704.77231	-0.00885
3702.84375	-0.00886
3700.91519	-0.00866
3698.98662	-0.00828
3697.05806	-0.00791
3695.12949	-0.00771
3693.20093	-0.00766
3691.27236	-0.00768
3689.34380	-0.00776
3687.41523	-0.00795
3685.48667	-0.00826
3683.55811	-0.00867
3681.62954	-0.00898
3679.70098	-0.00894
3677.77241	-0.00853
3675.84385	-0.00797
3673.91528	-0.00751
3671.98672	-0.00720
3670.05815	-0.00699
3668.12959	-0.00688
3666.20103	-0.00674
3664.27246	-0.00660
3662.34390	-0.00656
3660.41533	-0.00662
3658.48677	-0.00668
3656.55820	-0.00666
3654.62964	-0.00654
3652.70107	-0.00631
3650.77251	-0.00602
3648.84395	-0.00588
3646.91538	-0.00600
3644.98682	-0.00608
3643.05825	-0.00599
3641.12969	-0.00580
3639.20112	-0.00554
3637.27256	-0.00520
3635.34399	-0.00475
3633.41543	-0.00415
3631.48687	-0.00354
3629.55830	-0.00321
3627.62974	-0.00328
3625.70117	-0.00348
3623.77261	-0.00352
3621.84404	-0.00339
3619.91548	-0.00320
3617.98691	-0.00319
3616.05835	-0.00330
3614.12979	-0.00320
3612.20122	-0.00277
3610.27266	-0.00223
3608.34409	-0.00188
3606.41553	-0.00182
3604.48696	-0.00175
3602.55840	-0.00139
3600.62983	-0.00086
3598.70127	-0.00046
3596.77271	-0.00030
3594.84414	-0.00043
3592.91558	-0.00078
3590.98701	-0.00096
3589.05845	-0.00072
3587.12988	-0.00038
3585.20132	-0.00030
3583.27275	-0.00042
3581.34419	-0.00049
3579.41562	-0.00036
3577.48706	0.00006
3575.55850	0.00064
3573.62993	0.00112
3571.70137	0.00144
3569.77280	0.00184
3567.84424	0.00234
3565.91567	0.00273
3563.98711	0.00287
3562.05854	0.00277
3560.12998	0.00246
3558.20142	0.00208
3556.27285	0.00193
3554.34429	0.00213
3552.41572	0.00244
3550.48716	0.00258
3548.55859	0.00266
3546.63003	0.00302
3544.70146	0.00367
3542.77290	0.00428
3540.84434	0.00460
3538.91577	0.00472
3536.98721	0.00489
3535.05864	0.00517
3533.13008	0.00534
3531.20151	0.00529
3529.27295	0.00512
3527.34438	0.00495
3525.41582	0.00486
3523.48726	0.00487
3521.55869	0.00499
3519.63013	0.00533
3517.70156	0.00584
3515.77300	0.00635
3513.84443	0.00681
3511.91587	0.00728
3509.98730	0.00777
3508.05874	0.00830
3506.13018	0.00874
3504.20161	0.00890
3502.27305	0.00885
3500.34448	0.00887
3498.41592	0.00895
3496.48735	0.00887
3494.55879	0.00856
3492.63022	0.00826
3490.70166	0.00832
3488.77310	0.00880
3486.84453	0.00944
3484.91597	0.00991
3482.98740	0.01008
3481.05884	0.01021
3479.13027	0.01070
3477.20171	0.01149
3475.27314	0.01210
3473.34458	0.01230
3471.41602	0.01214
3469.48745	0.01185
3467.55889	0.01174
3465.63032	0.01184
3463.70176	0.01182
3461.77319	0.01164
3459.84463	0.01157
3457.91606	0.01165
3455.98750	0.01188
3454.05894	0.01231
3452.13037	0.01277
3450.20181	0.01313
3448.27324	0.01347
3446.34468	0.01384
3444.41611	0.01411
3442.48755	0.01435
3440.55898	0.01463
3438.63042	0.01459
3436.70186	0.01416
3434.77329	0.01394
3432.84473	0.01419
3430.91616	0.01437
3428.98760	0.01413
3427.05903	0.01393
3425.13047	0.01409
3423.20190	0.01445
3421.27334	0.01493
3419.34478	0.01548
3417.41621	0.01580
3415.48765	0.01582
3413.55908	0.01595
3411.63052	0.01643
3409.70195	0.01688
3407.77339	0.01688
3405.84482	0.01653
3403.91626	0.01604
3401.98770	0.01567
3400.05913	0.01563
3398.13057	0.01585
3396.20200	0.01601
3394.27344	0.01605
3392.34487	0.01611
3390.41631	0.01633
3388.48774	0.01661
3386.55918	0.01686
3384.63062	0.01703
3382.70205	0.01717
3380.77349	0.01725
3378.84492	0.01722
3376.91636	0.01725
3374.98779	0.01734
3373.05923	0.01710
3371.13066	0.01660
3369.20210	0.01633
3367.27354	0.01639
3365.34497	0.01664
3363.41641	0.01692
3361.48784	0.01711
3359.55928	0.01725
3357.63071	0.01745
3355.70215	0.01766
3353.77358	0.01786
3351.84502	0.01807
3349.91646	0.01818
3347.98789	0.01807
3346.05933	0.01787
3344.13076	0.01781
3342.20220	0.01781
3340.27363	0.01769
3338.34507	0.01752
3336.41650	0.01739
3334.48794	0.01729
3332.55937	0.01730
3330.63081	0.01756
3328.70225	0.01785
3326.77368	0.01790
3324.84512	0.01800
3322.91655	0.01847
3320.98799	0.01898
3319.05942	0.01908
3317.13086	0.01893
3315.20229	0.01887
3313.27373	0.01884
3311.34517	0.01878
3309.41660	0.01880
3307.48804	0.01870
3305.55947	0.01833
3303.63091	0.01799
3301.70234	0.01802
3299.77378	0.01831
3297.84521	0.01875
3295.91665	0.01922
3293.98809	0.01952
3292.05952	0.01967
3290.13096	0.01993
3288.20239	0.02026
3286.27383	0.02037
3284.34526	0.02007
3282.41670	0.01950
3280.48813	0.01898
3278.55957	0.01867
3276.63101	0.01845
3274.70244	0.01819
3272.77388	0.01790
3270.84531	0.01773
3268.91675	0.01774
3266.98818	0.01781
3265.05962	0.01776
3263.13105	0.01746
3261.20249	0.01708
3259.27393	0.01685
3257.34536	0.01678
3255.41680	0.01677
3253.48823	0.01667
3251.55967	0.01636
3249.63110	0.01583
3247.70254	0.01532
3245.77397	0.01496
3243.84541	0.01473
3241.91685	0.01453
3239.98828	0.01426
3238.05972	0.01385
3236.13115	0.01345
3234.20259	0.01333
3232.27402	0.01349
3230.34546	0.01365
3228.41689	0.01361
3226.48833	0.01343
3224.55977	0.01312
3222.63120	0.01282
3220.70264	0.01266
3218.77407	0.01245
3216.84551	0.01218
3214.91694	0.01199
3212.98838	0.01183
3211.05981	0.01160
3209.13125	0.01134
3207.20269	0.01109
3205.27412	0.01081
3203.34556	0.01052
3201.41699	0.01043
3199.48843	0.01059
3197.55986	0.01075
3195.63130	0.01060
3193.70273	0.01023
3191.77417	0.00997
3189.84561	0.00989
3187.91704	0.00977
3185.98848	0.00943
3184.05991	0.00898
3182.13135	0.00862
3180.20278	0.00830
3178.27422	0.00798
3176.34565	0.00773
3174.41709	0.00760
3172.48853	0.00750
3170.55996	0.00735
3168.63140	0.00725
3166.70283	0.00736
3164.77427	0.00746
3162.84570	0.00725
3160.91714	0.00688
3158.98857	0.00660
3157.06001	0.00646
3155.13145	0.00641
3153.20288	0.00630
3151.27432	0.00601
3149.34575	0.00564
3147.41719	0.00540
3145.48862	0.00532
3143.56006	0.00524
3141.63149	0.00503
3139.70293	0.00481
3137.77437	0.00470
3135.84580	0.00472
3133.91724	0.00480
3131.98867	0.00487
3130.06011	0.00490
3128.13154	0.00482
3126.20298	0.00461
3124.27441	0.00429
3122.34585	0.00399
3120.41729	0.00377
3118.48872	0.00357
3116.56016	0.00333
3114.63159	0.00295
3112.70303	0.00266
3110.77446	0.00278
3108.84590	0.00312
3106.91733	0.00338
3104.98877	0.00360
3103.06021	0.00390
3101.13164	0.00413
3099.20308	0.00422
3097.27451	0.00419
3095.34595	0.00399
3093.41738	0.00360
3091.48882	0.00327
3089.56025	0.00320
3087.63169	0.00319
3085.70312	0.00298
3083.77456	0.00269
3081.84600	0.00265
3079.91743	0.00276
3077.98887	0.00276
3076.06030	0.00274
3074.13174	0.00281
3072.20317	0.00285
3070.27461	0.00280
3068.34604	0.00280
3066.41748	0.00281
3064.48892	0.00273
3062.56035	0.00254
3060.63179	0.00221
3058.70322	0.00178
3056.77466	0.00155
3054.84609	0.00159
3052.91753	0.00167
3050.98896	0.00152
3049.06040	0.00121
3047.13184	0.00101
3045.20327	0.00103
3043.27471	0.00112
3041.34614	0.00124
3039.41758	0.00130
3037.48901	0.00133
3035.56045	0.00143
3033.63188	0.00148
3031.70332	0.00124
3029.77476	0.00073
3027.84619	0.00023
3025.91763	-0.00012
3023.98906	-0.00038
3022.06050	-0.00050
3020.13193	-0.00047
3018.20337	-0.00045
3016.27480	-0.00047
3014.34624	-0.00030
3012.41768	0.00010
3010.48911	0.00051
3008.56055	0.00073
3006.63198	0.00070
3004.70342	0.00062
3002.77485	0.00070
3000.84629	0.00089
2998.91772	0.00107
2996.98916	0.00121
2995.06060	0.00124
2993.13203	0.00129
2991.20347	0.00160
2989.27490	0.00219
2987.34634	0.00289
2985.41777	0.00357
2983.48921	0.00426
2981.56064	0.00505
2979.63208	0.00607
2977.70352	0.00734
2975.77495	0.00873
2973.84639	0.01023
2971.91782	0.01187
2969.98926	0.01365
2968.06069	0.01560
2966.13213	0.01777
2964.20356	0.02000
2962.27500	0.02201
2960.34644	0.02383
2958.41787	0.02549
2956.48931	0.02687
2954.56074	0.02787
2952.63218	0.02854
2950.70361	0.02903
2948.77505	0.02969
2946.84648	0.03108
2944.91792	0.03366
2942.98936	0.03752
2941.06079	0.04241
2939.13223	0.04810
2937.20366	0.05468
2935.27510	0.06234
2933.34653	0.07120
2931.41797	0.08129
2929.48940	0.09276
2927.56084	0.10603
2925.63228	0.12154
2923.70371	0.13959
2921.77515	0.15999
2919.84658	0.18151
2917.91802	0.20117
2915.98945	0.21393
2914.06089	0.21565
2912.13232	0.20696
2910.20376	0.19246
2908.27520	0.17679
2906.34663	0.16268
2904.41807	0.15094
2902.48950	0.14135
2900.56094	0.13352
2898.63237	0.12700
2896.70381	0.12120
2894.77524	0.11559
2892.84668	0.10994
2890.91812	0.10421
2888.98955	0.09842
2887.06099	0.09264
2885.13242	0.08701
2883.20386	0.08155
2881.27529	0.07629
2879.34673	0.07151
2877.41816	0.06742
2875.48960	0.06395
2873.56104	0.06102
2871.63247	0.05860
2869.70391	0.05671
2867.77534	0.05550
2865.84678	0.05536
2863.91821	0.05690
2861.98965	0.06080
2860.06108	0.06776
2858.13252	0.07879
2856.20396	0.09511
2854.27539	0.11781
2852.34683	0.14665
2850.41826	0.17645
2848.48970	0.19566
2846.56113	0.19493
2844.63257	0.17712
2842.70400	0.15258
2840.77544	0.12909
2838.84687	0.10969
2836.91831	0.09464
2834.98975	0.08309
2833.06118	0.07403
2831.13262	0.06683
2829.20405	0.06114
2827.27549	0.05656
2825.34692	0.05276
2823.41836	0.04959
2821.48979	0.04689
2819.56123	0.04455
2817.63267	0.04245
2815.70410	0.04051
2813.77554	0.03868
2811.84697	0.03702
2809.91841	0.03561
2807.98984	0.03430
2806.06128	0.03289
2804.13271	0.03148
2802.20415	0.03030
2800.27559	0.02934
2798.34702	0.02842
2796.41846	0.02755
2794.48989	0.02678
2792.56133	0.02610
2790.63276	0.02548
2788.70420	0.02492
2786.77563	0.02432
2784.84707	0.02358
2782.91851	0.02280
2780.98994	0.02208
2779.06138	0.02143
2777.13281	0.02090
2775.20425	0.02040
2773.27568	0.01975
2771.34712	0.01908
2769.41855	0.01871
2767.48999	0.01860
2765.56143	0.01840
2763.63286	0.01803
2761.70430	0.01762
2759.77573	0.01736
2757.84717	0.01725
2755.91860	0.01717
2753.99004	0.01696
2752.06147	0.01664
2750.13291	0.01635
2748.20435	0.01619
2746.27578	0.01602
2744.34722	0.01570
2742.41865	0.01538
2740.49009	0.01516
2738.56152	0.01491
2736.63296	0.01466
2734.70439	0.01457
2732.77583	0.01460
2730.84727	0.01463
2728.91870	0.01460
2726.99014	0.01452
2725.06157	0.01436
2723.13301	0.01414
2721.20444	0.01396
2719.27588	0.01378
2717.34731	0.01347
2715.41875	0.01312
2713.49019	0.01289
2711.56162	0.01274
2709.63306	0.01258
2707.70449	0.01245
2705.77593	0.01235
2703.84736	0.01217
2701.91880	0.01202
2699.99023	0.01205
2698.06167	0.01212
2696.13311	0.01210
2694.20454	0.01197
2692.27598	0.01182
2690.34741	0.01173
2688.41885	0.01167
2686.49028	0.01159
2684.56172	0.01143
2682.63315	0.01121
2680.70459	0.01105
2678.77603	0.01100
2676.84746	0.01099
2674.91890	0.01094
2672.99033	0.01087
2671.06177	0.01082
2669.13320	0.01084
2667.20464	0.01095
2665.27607	0.01112
2663.34751	0.01120
2661.41895	0.01114
2659.49038	0.01103
2657.56182	0.01101
2655.63325	0.01101
2653.70469	0.01085
2651.77612	0.01054
2649.84756	0.01014
2647.91899	0.00975
2645.99043	0.00959
2644.06187	0.00965
2642.13330	0.00970
2640.20474	0.00966
2638.27617	0.00965
2636.34761	0.00966
2634.41904	0.00960
2632.49048	0.00955
2630.56191	0.00958
2628.63335	0.00948
2626.70479	0.00912
2624.77622	0.00873
2622.84766	0.00851
2620.91909	0.00842
2618.99053	0.00825
2617.06196	0.00791
2615.13340	0.00751
2613.20483	0.00723
2611.27627	0.00720
2609.34771	0.00727
2607.41914	0.00726
2605.49058	0.00716
2603.56201	0.00711
2601.63345	0.00714
2599.70488	0.00719
2597.77632	0.00720
2595.84775	0.00708
2593.91919	0.00676
2591.99062	0.00643
2590.06206	0.00632
2588.13350	0.00624
2586.20493	0.00601
2584.27637	0.00570
2582.34780	0.00542
2580.41924	0.00523
2578.49067	0.00532
2576.56211	0.00558
2574.63354	0.00564
2572.70498	0.00548
2570.77642	0.00539
2568.84785	0.00543
2566.91929	0.00556
2564.99072	0.00566
2563.06216	0.00555
2561.13359	0.00522
2559.20503	0.00491
2557.27646	0.00481
2555.34790	0.00488
2553.41934	0.00489
2551.49077	0.00477
2549.56221	0.00460
2547.63364	0.00450
2545.70508	0.00447
2543.77651	0.00460
2541.84795	0.00488
2539.91938	0.00507
2537.99082	0.00501
2536.06226	0.00491
2534.13369	0.00498
2532.20513	0.00503
2530.27656	0.00490
2528.34800	0.00463
2526.41943	0.00435
2524.49087	0.00415
2522.56230	0.00407
2520.63374	0.00402
2518.70518	0.00385
2516.77661	0.00363
2514.84805	0.00357
2512.91948	0.00369
2510.99092	0.00380
2509.06235	0.00389
2507.13379	0.00392
2505.20522	0.00381
2503.27666	0.00368
2501.34810	0.00369
2499.41953	0.00375
2497.49097	0.00377
2495.56240	0.00368
2493.63384	0.00341
2491.70527	0.00316
2489.77671	0.00308
2487.84814	0.00299
2485.91958	0.00285
2483.99102	0.00280
2482.06245	0.00290
2480.13389	0.00307
2478.20532	0.00325
2476.27676	0.00334
2474.34819	0.00334
2472.41963	0.00334
2470.49106	0.00330
2468.56250	0.00316
2466.63394	0.00305
2464.70537	0.00294
2462.77681	0.00273
2460.84824	0.00251
2458.91968	0.00234
2456.99111	0.00218
2455.06255	0.00205
2453.13398	0.00201
2451.20542	0.00207
2449.27686	0.00216
2447.34829	0.00229
2445.41973	0.00253
2443.49116	0.00277
2441.56260	0.00286
2439.63403	0.00284
2437.70547	0.00271
2435.77690	0.00252
2433.84834	0.00235
2431.91978	0.00228
2429.99121	0.00218
2428.06265	0.00196
2426.13408	0.00183
2424.20552	0.00196
2422.27695	0.00222
2420.34839	0.00242
2418.41982	0.00242
2416.49126	0.00234
2414.56270	0.00239
2412.63413	0.00258
2410.70557	0.00270
2408.77700	0.00268
2406.84844	0.00262
2404.91987	0.00255
2402.99131	0.00241
2401.06274	0.00230
2399.13418	0.00271
2397.20562	0.00272
2395.27705	0.00245
2393.34849	0.00219
2391.41992	0.00202
2389.49136	0.00192
2387.56279	0.00182
2385.63423	0.00165
2383.70566	0.00146
2381.77710	0.00135
2379.84854	0.00140
2377.91997	0.00158
2375.99141	0.00181
2374.06284	0.00200
2372.13428	0.00208
2370.20571	0.00195
2368.27715	0.00173
2366.34858	0.00160
2364.42002	0.00156
2362.49146	0.00146
2360.56289	0.00123
2358.63433	0.00118
2356.70576	0.00149
2354.77720	0.00173
2352.84863	0.00131
2350.92007	0.00052
2348.99150	0.00011
2347.06294	0.00079
2345.13437	0.00178
2343.20581	0.00229
2341.27725	0.00224
2339.34868	0.00194
2337.42012	0.00166
2335.49155	0.00149
2333.56299	0.00133
2331.63442	0.00118
2329.70586	0.00103
2327.77729	0.00080
2325.84873	0.00085
2323.92017	0.00125
2321.99160	0.00175
2320.06304	0.00210
2318.13447	0.00222
2316.20591	0.00220
2314.27734	0.00210
2312.34878	0.00200
2310.42021	0.00198
2308.49165	0.00190
2306.56309	0.00167
2304.63452	0.00143
2302.70596	0.00140
2300.77739	0.00152
2298.84883	0.00160
2296.92026	0.00166
2294.99170	0.00169
2293.06313	0.00161
2291.13457	0.00160
2289.20601	0.00191
2287.27744	0.00242
2285.34888	0.00275
2283.42031	0.00276
2281.49175	0.00268
2279.56318	0.00264
2277.63462	0.00246
2275.70605	0.00204
2273.77749	0.00151
2271.84893	0.00110
2269.92036	0.00096
2267.99180	0.00101
2266.06323	0.00109
2264.13467	0.00118
2262.20610	0.00126
2260.27754	0.00124
2258.34897	0.00121
2256.42041	0.00137
2254.49185	0.00163
2252.56328	0.00174
2250.63472	0.00165
2248.70615	0.00170
2246.77759	0.00144
2244.84902	0.00124
2242.92046	0.00101
2240.99189	0.00081
2239.06333	0.00065
2237.13477	0.00066
2235.20620	0.00085
2233.27764	0.00097
2231.34907	0.00087
2229.42051	0.00083
2227.49194	0.00123
2225.56338	0.00178
2223.63481	0.00190
2221.70625	0.00181
2219.77769	0.00200
2217.84912	0.00213
2215.92056	0.00172
2213.99199	0.00115
2212.06343	0.00089
2210.13486	0.00079
2208.20630	0.00046
2206.27773	-0.00006
2204.34917	-0.00024
2202.42061	0.00010
2200.49204	0.00061
2198.56348	0.00110
2196.63491	0.00153
2194.70635	0.00179
2192.77778	0.00225
2190.84922	0.00298
2188.92065	0.00331
2186.99209	0.00310
2185.06353	0.00274
2183.13496	0.00223
2181.20640	0.00146
2179.27783	0.00075
2177.34927	0.00058
2175.42070	0.00080
2173.49214	0.00103
2171.56357	0.00130
2169.63501	0.00162
2167.70645	0.00179
2165.77788	0.00211
2163.84932	0.00278
2161.92075	0.00313
2159.99219	0.00314
2158.06362	0.00335
2156.13506	0.00339
2154.20649	0.00306
2152.27793	0.00263
2150.34937	0.00192
2148.42080	0.00093
2146.49224	0.00029
2144.56367	0.00034
2142.63511	0.00053
2140.70654	0.00051
2138.77798	0.00065
2136.84941	0.00121
2134.92085	0.00182
2132.99229	0.00214
2131.06372	0.00211
2129.13516	0.00175
2127.20659	0.00133
2125.27803	0.00127
2123.34946	0.00158
2121.42090	0.00178
2119.49233	0.00163
2117.56377	0.00132
2115.63521	0.00106
2113.70664	0.00082
2111.77808	0.00069
2109.84951	0.00069
2107.92095	0.00068
2105.99238	0.00075
2104.06382	0.00102
2102.13525	0.00130
2100.20669	0.00145
2098.27812	0.00158
2096.34956	0.00172
2094.42100	0.00163
2092.49243	0.00146
2090.56387	0.00149
2088.63530	0.00150
2086.70674	0.00118
2084.77817	0.00076
2082.84961	0.00046
2080.92104	0.00029
2078.99248	0.00035
2077.06392	0.00059
2075.13535	0.00076
2073.20679	0.00080
2071.27822	0.00090
2069.34966	0.00121
2067.42109	0.00164
2065.49253	0.00190
2063.56396	0.00175
2061.63540	0.00115
2059.70684	0.00048
2057.77827	0.00026
2055.84971	0.00055
2053.92114	0.00064
2051.99258	0.00000
2050.06401	-0.00095
2048.13545	-0.00135
2046.20688	-0.00072
2044.27832	0.00056
2042.34976	0.00155
2040.42119	0.00190
2038.49263	0.00209
2036.56406	0.00236
2034.63550	0.00258
2032.70693	0.00279
2030.77837	0.00297
2028.84980	0.00252
2026.92124	0.00125
2024.99268	0.00021
2023.06411	0.00017
2021.13555	0.00060
2019.20698	0.00049
2017.27842	-0.00036
2015.34985	-0.00092
2013.42129	-0.00030
2011.49272	0.00105
2009.56416	0.00213
2007.63560	0.00248
2005.70703	0.00230
2003.77847	0.00214
2001.84990	0.00241
1999.92134	0.00278
1997.99277	0.00275
1996.06421	0.00232
1994.13564	0.00179
1992.20708	0.00146
1990.27852	0.00129
1988.34995	0.00089
1986.42139	0.00051
1984.49282	0.00056
1982.56426	0.00091
1980.63569	0.00143
1978.70713	0.00210
1976.77856	0.00270
1974.85000	0.00299
1972.92144	0.00297
1970.99287	0.00294
1969.06431	0.00306
1967.13574	0.00298
1965.20718	0.00255
1963.27861	0.00201
1961.35005	0.00133
1959.42148	0.00062
1957.49292	0.00023
1955.56436	0.00021
1953.63579	0.00043
1951.70723	0.00060
1949.77866	0.00045
1947.85010	0.00034
1945.92153	0.00076
1943.99297	0.00145
1942.06440	0.00170
1940.13584	0.00146
1938.20728	0.00121
1936.27871	0.00108
1934.35015	0.00098
1932.42158	0.00103
1930.49302	0.00104
1928.56445	0.00080
1926.63589	0.00053
1924.70732	0.00045
1922.77876	0.00059
1920.85020	0.00089
1918.92163	0.00113
1916.99307	0.00114
1915.06450	0.00110
1913.13594	0.00124
1911.20737	0.00156
1909.27881	0.00178
1907.35024	0.00170
1905.42168	0.00145
1903.49312	0.00136
1901.56455	0.00148
1899.63599	0.00160
1897.70742	0.00146
1895.77886	0.00106
1893.85029	0.00071
1891.92173	0.00073
1889.99316	0.00104
1888.06460	0.00131
1886.13604	0.00136
1884.20747	0.00132
1882.27891	0.00135
1880.35034	0.00150
1878.42178	0.00181
1876.49321	0.00215
1874.56465	0.00227
1872.63608	0.00218
1870.70752	0.00208
1868.77896	0.00200
1866.85039	0.00185
1864.92183	0.00165
1862.99326	0.00139
1861.06470	0.00114
1859.13613	0.00106
1857.20757	0.00121
1855.27900	0.00150
1853.35044	0.00181
1851.42187	0.00206
1849.49331	0.00229
1847.56475	0.00251
1845.63618	0.00273
1843.70762	0.00285
1841.77905	0.00276
1839.85049	0.00254
1837.92192	0.00231
1835.99336	0.00213
1834.06479	0.00208
1832.13623	0.00215
1830.20767	0.00223
1828.27910	0.00227
1826.35054	0.00235
1824.42197	0.00248
1822.49341	0.00265
1820.56484	0.00285
1818.63628	0.00303
1816.70771	0.00313
1814.77915	0.00323
1812.85059	0.00342
1810.92202	0.00366
1808.99346	0.00375
1807.06489	0.00361
1805.13633	0.00343
1803.20776	0.00345
1801.27920	0.00367
1799.35063	0.00385
1797.42207	0.00389
1795.49351	0.00393
1793.56494	0.00405
1791.63638	0.00420
1789.70781	0.00430
1787.77925	0.00443
1785.85068	0.00467
1783.92212	0.00491
1781.99355	0.00504
1780.06499	0.00508
1778.13643	0.00514
1776.20786	0.00532
1774.27930	0.00558
1772.35073	0.00571
1770.42217	0.00568
1768.49360	0.00566
1766.56504	0.00570
1764.63647	0.00583
1762.70791	0.00610
1760.77935	0.00650
1758.85078	0.00706
1756.92222	0.00781
1754.99365	0.00868
1753.06509	0.00964
1751.13652	0.01066
1749.20796	0.01164
1747.27939	0.01247
1745.35083	0.01326
1743.42227	0.01405
1741.49370	0.01478
1739.56514	0.01532
1737.63657	0.01572
1735.70801	0.01623
1733.77944	0.01686
1731.85088	0.01724
1729.92231	0.01733
1727.99375	0.01741
1726.06519	0.01771
1724.13662	0.01820
1722.20806	0.01867
1720.27949	0.01903
1718.35093	0.01915
1716.42236	0.01889
1714.49380	0.01842
1712.56523	0.01812
1710.63667	0.01802
1708.70811	0.01804
1706.77954	0.01816
1704.85098	0.01839
1702.92241	0.01883
1700.99385	0.01965
1699.06528	0.02068
1697.13672	0.02151
1695.20815	0.02212
1693.27959	0.02267
1691.35103	0.02335
1689.42246	0.02427
1687.49390	0.02537
1685.56533	0.02666
1683.63677	0.02789
1681.70820	0.02865
1679.77964	0.02923
1677.85107	0.03007
1675.92251	0.03118
1673.99395	0.03223
1672.06538	0.03314
1670.13682	0.03422
1668.20825	0.03539
1666.27969	0.03640
1664.35112	0.03738
1662.42256	0.03844
1660.49399	0.03931
1658.56543	0.03988
1656.63687	0.04037
1654.70830	0.04099
1652.77974	0.04151
1650.85117	0.04151
1648.92261	0.04126
1646.99404	0.04109
1645.06548	0.04091
1643.13691	0.04069
1641.20835	0.04051
1639.27979	0.04044
1637.35122	0.04047
1635.42266	0.04045
1633.49409	0.04017
1631.56553	0.03972
1629.63696	0.03918
1627.70840	0.03849
1625.77983	0.03761
1623.85127	0.03655
1621.92271	0.03527
1619.99414	0.03391
1618.06558	0.03254
1616.13701	0.03114
1614.20845	0.02982
1612.27988	0.02879
1610.35132	0.02811
1608.42275	0.02761
1606.49419	0.02714
1604.56562	0.02672
1602.63706	0.02640
1600.70850	0.02614
1598.77993	0.02594
1596.85137	0.02575
1594.92280	0.02552
1592.99424	0.02525
1591.06567	0.02503
1589.13711	0.02488
1587.20854	0.02476
1585.27998	0.02461
1583.35142	0.02449
1581.42285	0.02444
1579.49429	0.02452
1577.56572	0.02480
1575.63716	0.02511
1573.70859	0.02523
1571.78003	0.02533
1569.85146	0.02562
1567.92290	0.02606
1565.99434	0.02650
1564.06577	0.02697
1562.13721	0.02754
1560.20864	0.02824
1558.28008	0.02880
1556.35151	0.02898
1554.42295	0.02896
1552.49438	0.02889
1550.56582	0.02877
1548.63726	0.02868
1546.70869	0.02868
1544.78013	0.02879
1542.85156	0.02896
1540.92300	0.02899
1538.99443	0.02863
1537.06587	0.02806
1535.13730	0.02761
1533.20874	0.02722
1531.28018	0.02674
1529.35161	0.02620
1527.42305	0.02568
1525.49448	0.02516
1523.56592	0.02468
1521.63735	0.02423
1519.70879	0.02371
1517.78022	0.02303
1515.85166	0.02219
1513.92310	0.02138
1511.99453	0.02079
1510.06597	0.02047
1508.13740	0.02018
1506.20884	0.01945
1504.28027	0.01843
1502.35171	0.01771
1500.42314	0.01739
1498.49458	0.01717
1496.56602	0.01677
1494.63745	0.01626
1492.70889	0.01592
1490.78032	0.01581
1488.85176	0.01575
1486.92319	0.01569
1484.99463	0.01580
1483.06606	0.01632
1481.13750	0.01765
1479.20894	0.02119
1477.28037	0.03041
1475.35181	0.04866
1473.42324	0.07229
1471.49468	0.08930
1469.56611	0.09406
1467.63755	0.09345
1465.70898	0.09365
1463.78042	0.09373
1461.85186	0.09014
1459.92329	0.08261
1457.99473	0.07388
1456.06616	0.06661
1454.13760	0.06135
1452.20903	0.05712
1450.28047	0.05341
1448.35190	0.05040
1446.42334	0.04813
1444.49478	0.04637
1442.56621	0.04487
1440.63765	0.04355
1438.70908	0.04240
1436.78052	0.04121
1434.85195	0.03984
1432.92339	0.03833
1430.99482	0.03668
1429.06626	0.03493
1427.13770	0.03337
1425.20913	0.03223
1423.28057	0.03146
1421.35200	0.03101
1419.42344	0.03074
1417.49487	0.03040
1415.56631	0.02995
1413.63774	0.02955
1411.70918	0.02933
1409.78062	0.02922
1407.85205	0.02908
1405.92349	0.02879
1403.99492	0.02838
1402.06636	0.02801
1400.13779	0.02781
1398.20923	0.02771
1396.28066	0.02757
1394.35210	0.02734
1392.42354	0.02721
1390.49497	0.02743
1388.56641	0.02812
1386.63784	0.02916
1384.70928	0.03046
1382.78071	0.03214
1380.85215	0.03419
1378.92358	0.03607
1376.99502	0.03699
1375.06646	0.03654
1373.13789	0.03529
1371.20933	0.03416
1369.28076	0.03344
1367.35220	0.03286
1365.42363	0.03212
1363.49507	0.03103
1361.56650	0.02972
1359.63794	0.02861
1357.70937	0.02801
1355.78081	0.02779
1353.85225	0.02765
1351.92368	0.02747
1349.99512	0.02727
1348.06655	0.02706
1346.13799	0.02688
1344.20942	0.02680
1342.28086	0.02681
1340.35229	0.02672
1338.42373	0.02638
1336.49517	0.02589
1334.56660	0.02540
1332.63804	0.02501
1330.70947	0.02474
1328.78091	0.02455
1326.85234	0.02448
1324.92378	0.02462
1322.99521	0.02496
1321.06665	0.02541
1319.13809	0.02590
1317.20952	0.02635
1315.28096	0.02672
1313.35239	0.02699
1311.42383	0.02720
1309.49526	0.02741
1307.56670	0.02761
1305.63813	0.02766
1303.70957	0.02756
1301.78101	0.02745
1299.85244	0.02736
1297.92388	0.02724
1295.99531	0.02713
1294.06675	0.02705
1292.13818	0.02700
1290.20962	0.02701
1288.28105	0.02707
1286.35249	0.02710
1284.42393	0.02709
1282.49536	0.02717
1280.56680	0.02735
1278.63823	0.02756
1276.70967	0.02773
1274.78110	0.02786
1272.85254	0.02805
1270.92397	0.02833
1268.99541	0.02869
1267.06685	0.02911
1265.13828	0.02956
1263.20972	0.02997
1261.28115	0.03022
1259.35259	0.03028
1257.42402	0.03029
1255.49546	0.03033
1253.56689	0.03039
1251.63833	0.03041
1249.70977	0.03036
1247.78120	0.03035
1245.85264	0.03041
1243.92407	0.03043
1241.99551	0.03038
1240.06694	0.03025
1238.13838	0.03004
1236.20981	0.02977
1234.28125	0.02949
1232.35269	0.02923
1230.42412	0.02896
1228.49556	0.02871
1226.56699	0.02851
1224.63843	0.02835
1222.70986	0.02824
1220.78130	0.02816
1218.85273	0.02802
1216.92417	0.02781
1214.99561	0.02763
1213.06704	0.02761
1211.13848	0.02771
1209.20991	0.02780
1207.28135	0.02773
1205.35278	0.02753
1203.42422	0.02734
1201.49565	0.02729
1199.56709	0.02733
1197.63853	0.02741
1195.70996	0.02745
1193.78140	0.02748
1191.85283	0.02765
1189.92427	0.02795
1187.99570	0.02827
1186.06714	0.02855
1184.13857	0.02881
1182.21001	0.02910
1180.28145	0.02942
1178.35288	0.02983
1176.42432	0.03024
1174.49575	0.03051
1172.56719	0.03070
1170.63862	0.03087
1168.71006	0.03105
1166.78149	0.03141
1164.85293	0.03203
1162.92437	0.03266
1160.99580	0.03306
1159.06724	0.03327
1157.13867	0.03350
1155.21011	0.03379
1153.28154	0.03407
1151.35298	0.03424
1149.42441	0.03428
1147.49585	0.03429
1145.56729	0.03445
1143.63872	0.03474
1141.71016	0.03499
1139.78159	0.03520
1137.85303	0.03549
1135.92446	0.03589
1133.99590	0.03651
1132.06733	0.03740
1130.13877	0.03831
1128.21021	0.03898
1126.28164	0.03958
1124.35308	0.04028
1122.42451	0.04105
1120.49595	0.04175
1118.56738	0.04238
1116.63882	0.04296
1114.71025	0.04352
1112.78169	0.04405
1110.85312	0.04463
1108.92456	0.04522
1106.99600	0.04571
1105.06743	0.04615
1103.13887	0.04668
1101.21030	0.04735
1099.28174	0.04813
1097.35317	0.04893
1095.42461	0.04954
1093.49604	0.04988
1091.56748	0.05020
1089.63892	0.05079
1087.71035	0.05149
1085.78179	0.05195
1083.85322	0.05228
1081.92466	0.05266
1079.99609	0.05305
1078.06753	0.05350
1076.13896	0.05410
1074.21040	0.05464
1072.28184	0.05487
1070.35327	0.05494
1068.42471	0.05526
1066.49614	0.05595
1064.56758	0.05674
1062.63901	0.05742
1060.71045	0.05784
1058.78188	0.05802
1056.85332	0.05812
1054.92476	0.05823
1052.99619	0.05827
1051.06763	0.05814
1049.13906	0.05796
1047.21050	0.05790
1045.28193	0.05796
1043.35337	0.05811
1041.42480	0.05830
1039.49624	0.05842
1037.56768	0.05850
1035.63911	0.05864
1033.71055	0.05872
1031.78198	0.05845
1029.85342	0.05777
1027.92485	0.05680
1025.99629	0.05582
1024.06772	0.05499
1022.13916	0.05426
1020.21060	0.05342
1018.28203	0.05239
1016.35347	0.05123
1014.42490	0.05011
1012.49634	0.04901
1010.56777	0.04796
1008.63921	0.04705
1006.71064	0.04620
1004.78208	0.04538
1002.85352	0.04464
1000.92495	0.04391
998.99639	0.04306
997.06782	0.04204
995.13926	0.04091
993.21069	0.03983
991.28213	0.03884
989.35356	0.03795
987.42500	0.03719
985.49644	0.03652
983.56787	0.03576
981.63931	0.03489
979.71074	0.03408
977.78218	0.03344
975.85361	0.03296
973.92505	0.03259
971.99648	0.03221
970.06792	0.03179
968.13936	0.03147
966.21079	0.03129
964.28223	0.03099
962.35366	0.03041
960.42510	0.02974
958.49653	0.02924
956.56797	0.02885
954.63940	0.02843
952.71084	0.02804
950.78228	0.02770
948.85371	0.02741
946.92515	0.02732
944.99658	0.02747
943.06802	0.02765
941.13945	0.02768
939.21089	0.02760
937.28232	0.02752
935.35376	0.02741
933.42520	0.02726
931.49663	0.02711
929.56807	0.02688
927.63950	0.02661
925.71094	0.02642
923.78237	0.02635
921.85381	0.02633
919.92524	0.02632
917.99668	0.02638
916.06812	0.02648
914.13955	0.02648
912.21099	0.02647
910.28242	0.02652
908.35386	0.02654
906.42529	0.02648
904.49673	0.02644
902.56816	0.02649
900.63960	0.02657
898.71104	0.02660
896.78247	0.02641
894.85391	0.02597
892.92534	0.02550
890.99678	0.02525
889.06821	0.02521
887.13965	0.02514
885.21108	0.02484
883.28252	0.02446
881.35396	0.02420
879.42539	0.02421
877.49683	0.02449
875.56826	0.02468
873.63970	0.02453
871.71113	0.02423
869.78257	0.02395
867.85400	0.02367
865.92544	0.02345
863.99687	0.02329
862.06831	0.02300
860.13975	0.02255
858.21118	0.02222
856.28262	0.02224
854.35405	0.02246
852.42549	0.02258
850.49692	0.02260
848.56836	0.02264
846.63979	0.02277
844.71123	0.02315
842.78267	0.02379
840.85410	0.02436
838.92554	0.02458
836.99697	0.02455
835.06841	0.02439
833.13984	0.02418
831.21128	0.02412
829.28271	0.02429
827.35415	0.02458
825.42559	0.02486
823.49702	0.02522
821.56846	0.02571
819.63989	0.02613
817.71133	0.02648
815.78276	0.02696
813.85420	0.02754
811.92563	0.02809
809.99707	0.02864
808.06851	0.02929
806.13994	0.02984
804.21138	0.02990
802.28281	0.02970
800.35425	0.02970
798.42568	0.02968
796.49712	0.02943
794.56855	0.02910
792.63999	0.02892
790.71143	0.02900
788.78286	0.02933
786.85430	0.02980
784.92573	0.03023
782.99717	0.03054
781.06860	0.03081
779.14004	0.03114
777.21147	0.03158
775.28291	0.03199
773.35435	0.03199
771.42578	0.03154
769.49722	0.03109
767.56865	0.03107
765.64009	0.03145
763.71152	0.03181
761.78296	0.03189
759.85439	0.03176
757.92583	0.03167
755.99727	0.03188
754.06870	0.03258
752.14014	0.03342
750.21157	0.03392
748.28301	0.03440
746.35444	0.03518
744.42588	0.03597
742.49731	0.03648
740.56875	0.03684
738.64019	0.03732
736.71162	0.03857
734.78306	0.04299
732.85449	0.05328
730.92593	0.06586
728.99736	0.07224
727.06880	0.07235
725.14023	0.07455
723.21167	0.08470
721.28311	0.10271
719.35454	0.12032
717.42598	0.12535
715.49741	0.11408
713.56885	0.09472
711.64028	0.07745
709.71172	0.06606
707.78315	0.05915
705.85459	0.05462
703.92603	0.05124
701.99746	0.04847
700.06890	0.04638
698.14033	0.04508
696.21177	0.04400
694.28320	0.04247
692.35464	0.04085
690.42607	0.04006
688.49751	0.04025
686.56895	0.04071
684.64038	0.04082
682.71182	0.04041
680.78325	0.03961
678.85469	0.03884
676.92612	0.03822
674.99756	0.03721
673.06899	0.03583
671.14043	0.03512
669.21187	0.03534
667.28330	0.03521
665.35474	0.03547
663.42617	0.03566
661.49761	0.03588
659.56904	0.03597
657.64048	0.03624
655.71191	0.03673
653.78335	0.03726
651.85479	0.03779
649.92622	0.03796
647.99766	0.03758
646.06909	0.03729
644.14053	0.03749
642.21196	0.03736
640.28340	0.03632
638.35483	0.03523
636.42627	0.03491
634.49771	0.03505
632.56914	0.03556
630.64058	0.03677
628.71201	0.03814
626.78345	0.03869
624.85488	0.03900
622.92632	0.04075
620.99775	0.04306
619.06919	0.04405
617.14062	0.04462
615.21206	0.04497
613.28350	0.04358
611.35493	0.04226
609.42637	0.04260
607.49780	0.04188
605.56924	0.03914
603.64067	0.03748
601.71211	0.03830
599.78354	0.03992
