3997.91411	-0.01676
3995.98555	-0.01686
3994.05698	-0.01696
3992.12842	-0.01706
3990.19985	-0.01710
3988.27129	-0.01702
3986.34272	-0.01687
3984.41416	-0.01668
3982.48560	-0.01646
3980.55703	-0.01627
3978.62847	-0.01613
3976.69990	-0.01603
3974.77134	-0.01602
3972.84277	-0.01608
3970.91421	-0.01617
3968.98564	-0.01628
3967.05708	-0.01640
3965.12852	-0.01650
3963.19995	-0.01653
3961.27139	-0.01656
3959.34282	-0.01667
3957.41426	-0.01681
3955.48569	-0.01683
3953.55713	-0.01662
3951.62856	-0.01629
3949.70000	-0.01608
3947.77144	-0.01608
3945.84287	-0.01612
3943.91431	-0.01604
3941.98574	-0.01594
3940.05718	-0.01598
3938.12861	-0.01618
3936.20005	-0.01639
3934.27148	-0.01644
3932.34292	-0.01637
3930.41436	-0.01638
3928.48579	-0.01648
3926.55723	-0.01655
3924.62866	-0.01653
3922.70010	-0.01637
3920.77153	-0.01607
3918.84297	-0.01575
3916.91440	-0.01566
3914.98584	-0.01582
3913.05728	-0.01598
3911.12871	-0.01600
3909.20015	-0.01593
3907.27158	-0.01588
3905.34302	-0.01591
3903.41445	-0.01601
3901.48589	-0.01609
3899.55732	-0.01611
3897.62876	-0.01614
3895.70020	-0.01622
3893.77163	-0.01626
3891.84307	-0.01616
3889.91450	-0.01599
3887.98594	-0.01587
3886.05737	-0.01581
3884.12881	-0.01574
3882.20024	-0.01573
3880.27168	-0.01589
3878.34312	-0.01613
3876.41455	-0.01618
3874.48599	-0.01601
3872.55742	-0.01588
3870.62886	-0.01598
3868.70029	-0.01618
3866.77173	-0.01627
3864.84316	-0.01625
3862.91460	-0.01628
3860.98604	-0.01637
3859.05747	-0.01634
3857.12891	-0.01603
3855.20034	-0.01546
3853.27178	-0.01500
3851.34321	-0.01510
3849.41465	-0.01552
3847.48608	-0.01579
3845.55752	-0.01575
3843.62896	-0.01559
3841.70039	-0.01557
3839.77183	-0.01582
3837.84326	-0.01620
3835.91470	-0.01647
3833.98613	-0.01650
3832.05757	-0.01638
3830.12900	-0.01621
3828.20044	-0.01604
3826.27187	-0.01584
3824.34331	-0.01552
3822.41475	-0.01509
3820.48618	-0.01480
3818.55762	-0.01488
3816.62905	-0.01521
3814.70049	-0.01556
3812.77192	-0.01579
3810.84336	-0.01590
3808.91479	-0.01601
3806.98623	-0.01619
3805.05767	-0.01639
3803.12910	-0.01648
3801.20054	-0.01646
3799.27197	-0.01644
3797.34341	-0.01636
3795.41484	-0.01621
3793.48628	-0.01612
3791.55771	-0.01607
3789.62915	-0.01598
3787.70059	-0.01584
3785.77202	-0.01579
3783.84346	-0.01585
3781.91489	-0.01592
3779.98633	-0.01596
3778.05776	-0.01604
3776.12920	-0.01623
3774.20063	-0.01642
3772.27207	-0.01654
3770.34351	-0.01655
3768.41494	-0.01640
3766.48638	-0.01612
3764.55781	-0.01586
3762.62925	-0.01577
3760.70068	-0.01579
3758.77212	-0.01577
3756.84355	-0.01567
3754.91499	-0.01549
3752.98643	-0.01529
3751.05786	-0.01528
3749.12930	-0.01546
3747.20073	-0.01565
3745.27217	-0.01571
3743.34360	-0.01568
3741.41504	-0.01574
3739.48647	-0.01601
3737.55791	-0.01634
3735.62935	-0.01653
3733.70078	-0.01666
3731.77222	-0.01678
3729.84365	-0.01683
3727.91509	-0.01667
3725.98652	-0.01647
3724.05796	-0.01632
3722.12939	-0.01622
3720.20083	-0.01613
3718.27227	-0.01611
3716.34370	-0.01624
3714.41514	-0.01625
3712.48657	-0.01604
3710.55801	-0.01599
3708.62944	-0.01609
3706.70088	-0.01611
3704.77231	-0.01595
3702.84375	-0.01567
3700.91519	-0.01528
3698.98662	-0.01471
3697.05806	-0.01418
3695.12949	-0.01399
3693.20093	-0.01404
3691.27236	-0.01408
3689.34380	-0.01397
3687.41523	-0.01384
3685.48667	-0.01380
3683.55811	-0.01391
3681.62954	-0.01407
3679.70098	-0.01402
3677.77241	-0.01363
3675.84385	-0.01315
3673.91528	-0.01290
3671.98672	-0.01282
3670.05815	-0.01267
3668.12959	-0.01246
3666.20103	-0.01233
3664.27246	-0.01233
3662.34390	-0.01245
3660.41533	-0.01256
3658.48677	-0.01252
3656.55820	-0.01237
3654.62964	-0.01228
3652.70107	-0.01222
3650.77251	-0.01202
3648.84395	-0.01176
3646.91538	-0.01161
3644.98682	-0.01154
3643.05825	-0.01158
3641.12969	-0.01168
3639.20112	-0.01169
3637.27256	-0.01152
3635.34399	-0.01125
3633.41543	-0.01085
3631.48687	-0.01029
3629.55830	-0.00978
3627.62974	-0.00953
3625.70117	-0.00950
3623.77261	-0.00951
3621.84404	-0.00935
3619.91548	-0.00908
3617.98691	-0.00887
3616.05835	-0.00877
3614.12979	-0.00870
3612.20122	-0.00849
3610.27266	-0.00811
3608.34409	-0.00781
3606.41553	-0.00775
3604.48696	-0.00770
3602.55840	-0.00740
3600.62983	-0.00706
3598.70127	-0.00696
3596.77271	-0.00700
3594.84414	-0.00711
3592.91558	-0.00728
3590.98701	-0.00728
3589.05845	-0.00684
3587.12988	-0.00634
3585.20132	-0.00627
3583.27275	-0.00649
3581.34419	-0.00662
3579.41562	-0.00643
3577.48706	-0.00585
3575.55850	-0.00516
3573.62993	-0.00469
3571.70137	-0.00437
3569.77280	-0.00383
3567.84424	-0.00311
3565.91567	-0.00268
3563.98711	-0.00281
3562.05854	-0.00322
3560.12998	-0.00357
3558.20142	-0.00378
3556.27285	-0.00375
3554.34429	-0.00349
3552.41572	-0.00327
3550.48716	-0.00329
3548.55859	-0.00325
3546.63003	-0.00283
3544.70146	-0.00217
3542.77290	-0.00159
3540.84434	-0.00129
3538.91577	-0.00118
3536.98721	-0.00105
3535.05864	-0.00082
3533.13008	-0.00059
3531.20151	-0.00052
3529.27295	-0.00062
3527.34438	-0.00069
3525.41582	-0.00066
3523.48726	-0.00064
3521.55869	-0.00069
3519.63013	-0.00059
3517.70156	-0.00022
3515.77300	0.00024
3513.84443	0.00071
3511.91587	0.00119
3509.98730	0.00169
3508.05874	0.00224
3506.13018	0.00278
3504.20161	0.00316
3502.27305	0.00324
3500.34448	0.00314
3498.41592	0.00302
3496.48735	0.00292
3494.55879	0.00276
3492.63022	0.00266
3490.70166	0.00278
3488.77310	0.00303
3486.84453	0.00329
3484.91597	0.00360
3482.98740	0.00393
3481.05884	0.00420
3479.13027	0.00461
3477.20171	0.00527
3475.27314	0.00575
3473.34458	0.00576
3471.41602	0.00551
3469.48745	0.00530
3467.55889	0.00536
3465.63032	0.00565
3463.70176	0.00578
3461.77319	0.00553
3459.84463	0.00531
3457.91606	0.00547
3455.98750	0.00593
3454.05894	0.00651
3452.13037	0.00697
3450.20181	0.00725
3448.27324	0.00755
3446.34468	0.00800
3444.41611	0.00839
3442.48755	0.00856
3440.55898	0.00861
3438.63042	0.00849
3436.70186	0.00827
3434.77329	0.00815
3432.84473	0.00817
3430.91616	0.00814
3428.98760	0.00796
3427.05903	0.00776
3425.13047	0.00777
3423.20190	0.00810
3421.27334	0.00872
3419.34478	0.00934
3417.41621	0.00961
3415.48765	0.00953
3413.55908	0.00950
3411.63052	0.00983
3409.70195	0.01020
3407.77339	0.01018
3405.84482	0.00998
3403.91626	0.00976
3401.98770	0.00942
3400.05913	0.00920
3398.13057	0.00937
3396.20200	0.00950
3394.27344	0.00934
3392.34487	0.00929
3390.41631	0.00963
3388.48774	0.01009
3386.55918	0.01042
3384.63062	0.01059
3382.70205	0.01056
3380.77349	0.01042
3378.84492	0.01030
3376.91636	0.01023
3374.98779	0.01008
3373.05923	0.00981
3371.13066	0.00962
3369.20210	0.00962
3367.27354	0.00968
3365.34497	0.00974
3363.41641	0.00990
3361.48784	0.01016
3359.55928	0.01029
3357.63071	0.01024
3355.70215	0.01027
3353.77358	0.01052
3351.84502	0.01087
3349.91646	0.01102
3347.98789	0.01077
3346.05933	0.01042
3344.13076	0.01036
3342.20220	0.01046
3340.27363	0.01028
3338.34507	0.00987
3336.41650	0.00958
3334.48794	0.00939
3332.55937	0.00931
3330.63081	0.00955
3328.70225	0.00987
3326.77368	0.00998
3324.84512	0.01007
3322.91655	0.01031
3320.98799	0.01055
3319.05942	0.01066
3317.13086	0.01071
3315.20229	0.01060
3313.27373	0.01030
3311.34517	0.01007
3309.41660	0.01014
3307.48804	0.01013
3305.55947	0.00973
3303.63091	0.00933
3301.70234	0.00930
3299.77378	0.00962
3297.84521	0.01007
3295.91665	0.01041
3293.98809	0.01055
3292.05952	0.01064
3290.13096	0.01087
3288.20239	0.01115
3286.27383	0.01120
3284.34526	0.01093
3282.41670	0.01049
3280.48813	0.01007
3278.55957	0.00978
3276.63101	0.00962
3274.70244	0.00945
3272.77388	0.00926
3270.84531	0.00917
3268.91675	0.00914
3266.98818	0.00903
3265.05962	0.00881
3263.13105	0.00857
3261.20249	0.00840
3259.27393	0.00832
3257.34536	0.00824
3255.41680	0.00816
3253.48823	0.00815
3251.55967	0.00797
3249.63110	0.00747
3247.70254	0.00699
3245.77397	0.00679
3243.84541	0.00666
3241.91685	0.00643
3239.98828	0.00615
3238.05972	0.00590
3236.13115	0.00572
3234.20259	0.00569
3232.27402	0.00588
3230.34546	0.00606
3228.41689	0.00600
3226.48833	0.00582
3224.55977	0.00568
3222.63120	0.00557
3220.70264	0.00543
3218.77407	0.00510
3216.84551	0.00467
3214.91694	0.00441
3212.98838	0.00434
3211.05981	0.00421
3209.13125	0.00399
3207.20269	0.00383
3205.27412	0.00379
3203.34556	0.00377
3201.41699	0.00379
3199.48843	0.00383
3197.55986	0.00381
3195.63130	0.00365
3193.70273	0.00336
3191.77417	0.00317
3189.84561	0.00309
3187.91704	0.00291
3185.98848	0.00250
3184.05991	0.00198
3182.13135	0.00156
3180.20278	0.00121
3178.27422	0.00089
3176.34565	0.00070
3174.41709	0.00064
3172.48853	0.00057
3170.55996	0.00047
3168.63140	0.00050
3166.70283	0.00080
3164.77427	0.00116
3162.84570	0.00116
3160.91714	0.00068
3158.98857	0.00008
3157.06001	-0.00027
3155.13145	-0.00032
3153.20288	-0.00034
3151.27432	-0.00057
3149.34575	-0.00099
3147.41719	-0.00133
3145.48862	-0.00134
3143.56006	-0.00123
3141.63149	-0.00137
3139.70293	-0.00165
3137.77437	-0.00182
3135.84580	-0.00195
3133.91724	-0.00209
3131.98867	-0.00202
3130.06011	-0.00187
3128.13154	-0.00188
3126.20298	-0.00207
3124.27441	-0.00231
3122.34585	-0.00257
3120.41729	-0.00280
3118.48872	-0.00290
3116.56016	-0.00299
3114.63159	-0.00335
3112.70303	-0.00373
3110.77446	-0.00371
3108.84590	-0.00353
3106.91733	-0.00340
3104.98877	-0.00318
3103.06021	-0.00286
3101.13164	-0.00260
3099.20308	-0.00241
3097.27451	-0.00230
3095.34595	-0.00237
3093.41738	-0.00271
3091.48882	-0.00315
3089.56025	-0.00344
3087.63169	-0.00357
3085.70312	-0.00367
3083.77456	-0.00376
3081.84600	-0.00377
3079.91743	-0.00373
3077.98887	-0.00367
3076.06030	-0.00354
3074.13174	-0.00342
3072.20317	-0.00348
3070.27461	-0.00364
3068.34604	-0.00369
3066.41748	-0.00367
3064.48892	-0.00369
3062.56035	-0.00379
3060.63179	-0.00399
3058.70322	-0.00426
3056.77466	-0.00445
3054.84609	-0.00457
3052.91753	-0.00479
3050.98896	-0.00517
3049.06040	-0.00553
3047.13184	-0.00570
3045.20327	-0.00561
3043.27471	-0.00539
3041.34614	-0.00518
3039.41758	-0.00513
3037.48901	-0.00518
3035.56045	-0.00520
3033.63188	-0.00524
3031.70332	-0.00551
3029.77476	-0.00588
3027.84619	-0.00624
3025.91763	-0.00658
3023.98906	-0.00691
3022.06050	-0.00711
3020.13193	-0.00717
3018.20337	-0.00721
3016.27480	-0.00731
3014.34624	-0.00732
3012.41768	-0.00710
3010.48911	-0.00677
3008.56055	-0.00653
3006.63198	-0.00650
3004.70342	-0.00658
3002.77485	-0.00657
3000.84629	-0.00644
2998.91772	-0.00633
2996.98916	-0.00627
2995.06060	-0.00634
2993.13203	-0.00642
2991.20347	-0.00638
2989.27490	-0.00610
2987.34634	-0.00552
2985.41777	-0.00481
2983.48921	-0.00417
2981.56064	-0.00349
2979.63208	-0.00255
2977.70352	-0.00138
2975.77495	-0.00009
2973.84639	0.00130
2971.91782	0.00278
2969.98926	0.00438
2968.06069	0.00619
2966.13213	0.00823
2964.20356	0.01027
2962.27500	0.01209
2960.34644	0.01375
2958.41787	0.01547
2956.48931	0.01727
2954.56074	0.01891
2952.63218	0.02035
2950.70361	0.02187
2948.77505	0.02402
2946.84648	0.02740
2944.91792	0.03233
2942.98936	0.03874
2941.06079	0.04640
2939.13223	0.05521
2937.20366	0.06539
2935.27510	0.07728
2933.34653	0.09111
2931.41797	0.10696
2929.48940	0.12529
2927.56084	0.14730
2925.63228	0.17428
2923.70371	0.20727
2921.77515	0.24713
2919.84658	0.29278
2917.91802	0.33805
2915.98945	0.37022
2914.06089	0.37662
2912.13232	0.35691
2910.20376	0.32345
2908.27520	0.28894
2906.34663	0.25952
2904.41807	0.23630
2902.48950	0.21826
2900.56094	0.20399
2898.63237	0.19228
2896.70381	0.18202
2894.77524	0.17228
2892.84668	0.16265
2890.91812	0.15305
2888.98955	0.14348
2887.06099	0.13400
2885.13242	0.12475
2883.20386	0.11572
2881.27529	0.10682
2879.34673	0.09826
2877.41816	0.09045
2875.48960	0.08360
2873.56104	0.07777
2871.63247	0.07315
2869.70391	0.06989
2867.77534	0.06812
2865.84678	0.06839
2863.91821	0.07156
2861.98965	0.07831
2860.06108	0.08956
2858.13252	0.10726
2856.20396	0.13452
2854.27539	0.17541
2852.34683	0.23245
2850.41826	0.29720
2848.48970	0.34145
2846.56113	0.33712
2844.63257	0.29304
2842.70400	0.23957
2840.77544	0.19423
2838.84687	0.16008
2836.91831	0.13523
2834.98975	0.11709
2833.06118	0.10343
2831.13262	0.09283
2829.20405	0.08445
2827.27549	0.07761
2825.34692	0.07192
2823.41836	0.06722
2821.48979	0.06332
2819.56123	0.05991
2817.63267	0.05679
2815.70410	0.05398
2813.77554	0.05148
2811.84697	0.04924
2809.91841	0.04720
2807.98984	0.04525
2806.06128	0.04332
2804.13271	0.04152
2802.20415	0.03999
2800.27559	0.03873
2798.34702	0.03760
2796.41846	0.03647
2794.48989	0.03532
2792.56133	0.03421
2790.63276	0.03325
2788.70420	0.03240
2786.77563	0.03150
2784.84707	0.03048
2782.91851	0.02945
2780.98994	0.02850
2779.06138	0.02762
2777.13281	0.02682
2775.20425	0.02606
2773.27568	0.02526
2771.34712	0.02446
2769.41855	0.02384
2767.48999	0.02342
2765.56143	0.02301
2763.63286	0.02255
2761.70430	0.02216
2759.77573	0.02185
2757.84717	0.02152
2755.91860	0.02120
2753.99004	0.02088
2752.06147	0.02051
2750.13291	0.02008
2748.20435	0.01969
2746.27578	0.01940
2744.34722	0.01917
2742.41865	0.01893
2740.49009	0.01865
2738.56152	0.01833
2736.63296	0.01801
2734.70439	0.01781
2732.77583	0.01776
2730.84727	0.01774
2728.91870	0.01762
2726.99014	0.01742
2725.06157	0.01718
2723.13301	0.01695
2721.20444	0.01672
2719.27588	0.01639
2717.34731	0.01592
2715.41875	0.01548
2713.49019	0.01519
2711.56162	0.01501
2709.63306	0.01481
2707.70449	0.01461
2705.77593	0.01446
2703.84736	0.01429
2701.91880	0.01418
2699.99023	0.01418
2698.06167	0.01415
2696.13311	0.01401
2694.20454	0.01382
2692.27598	0.01366
2690.34741	0.01354
2688.41885	0.01346
2686.49028	0.01340
2684.56172	0.01327
2682.63315	0.01305
2680.70459	0.01289
2678.77603	0.01282
2676.84746	0.01275
2674.91890	0.01267
2672.99033	0.01260
2671.06177	0.01259
2669.13320	0.01264
2667.20464	0.01281
2665.27607	0.01303
2663.34751	0.01314
2661.41895	0.01309
2659.49038	0.01295
2657.56182	0.01282
2655.63325	0.01276
2653.70469	0.01270
2651.77612	0.01248
2649.84756	0.01204
2647.91899	0.01157
2645.99043	0.01137
2644.06187	0.01142
2642.13330	0.01147
2640.20474	0.01145
2638.27617	0.01148
2636.34761	0.01151
2634.41904	0.01147
2632.49048	0.01136
2630.56191	0.01121
2628.63335	0.01098
2626.70479	0.01062
2624.77622	0.01023
2622.84766	0.00993
2620.91909	0.00966
2618.99053	0.00929
2617.06196	0.00879
2615.13340	0.00832
2613.20483	0.00804
2611.27627	0.00799
2609.34771	0.00804
2607.41914	0.00802
2605.49058	0.00788
2603.56201	0.00775
2601.63345	0.00772
2599.70488	0.00768
2597.77632	0.00760
2595.84775	0.00747
2593.91919	0.00718
2591.99062	0.00679
2590.06206	0.00658
2588.13350	0.00645
2586.20493	0.00613
2584.27637	0.00578
2582.34780	0.00555
2580.41924	0.00542
2578.49067	0.00544
2576.56211	0.00555
2574.63354	0.00553
2572.70498	0.00543
2570.77642	0.00539
2568.84785	0.00541
2566.91929	0.00546
2564.99072	0.00545
2563.06216	0.00526
2561.13359	0.00493
2559.20503	0.00467
2557.27646	0.00468
2555.34790	0.00476
2553.41934	0.00467
2551.49077	0.00442
2549.56221	0.00418
2547.63364	0.00408
2545.70508	0.00402
2543.77651	0.00396
2541.84795	0.00404
2539.91938	0.00423
2537.99082	0.00432
2536.06226	0.00432
2534.13369	0.00437
2532.20513	0.00443
2530.27656	0.00436
2528.34800	0.00407
2526.41943	0.00373
2524.49087	0.00352
2522.56230	0.00334
2520.63374	0.00309
2518.70518	0.00280
2516.77661	0.00258
2514.84805	0.00254
2512.91948	0.00260
2510.99092	0.00264
2509.06235	0.00269
2507.13379	0.00274
2505.20522	0.00270
2503.27666	0.00265
2501.34810	0.00271
2499.41953	0.00274
2497.49097	0.00263
2495.56240	0.00240
2493.63384	0.00207
2491.70527	0.00178
2489.77671	0.00172
2487.84814	0.00180
2485.91958	0.00179
2483.99102	0.00165
2482.06245	0.00160
2480.13389	0.00174
2478.20532	0.00189
2476.27676	0.00196
2474.34819	0.00191
2472.41963	0.00181
2470.49106	0.00170
2468.56250	0.00164
2466.63394	0.00163
2464.70537	0.00151
2462.77681	0.00125
2460.84824	0.00095
2458.91968	0.00073
2456.99111	0.00063
2455.06255	0.00063
2453.13398	0.00065
2451.20542	0.00063
2449.27686	0.00058
2447.34829	0.00063
2445.41973	0.00081
2443.49116	0.00100
2441.56260	0.00108
2439.63403	0.00101
2437.70547	0.00085
2435.77690	0.00070
2433.84834	0.00055
2431.91978	0.00042
2429.99121	0.00027
2428.06265	0.00006
2426.13408	-0.00008
2424.20552	0.00003
2422.27695	0.00031
2420.34839	0.00056
2418.41982	0.00069
2416.49126	0.00070
2414.56270	0.00071
2412.63413	0.00083
2410.70557	0.00092
2408.77700	0.00079
2406.84844	0.00054
2404.91987	0.00040
2402.99131	0.00036
2401.06274	0.00037
2399.13418	0.00214
2397.20562	0.00231
2395.27705	0.00144
2393.34849	0.00052
2391.41992	-0.00026
2389.49136	-0.00098
2387.56279	-0.00177
2385.63423	-0.00273
2383.70566	-0.00371
2381.77710	-0.00443
2379.84854	-0.00463
2377.91997	-0.00416
2375.99141	-0.00329
2374.06284	-0.00252
2372.13428	-0.00230
2370.20571	-0.00280
2368.27715	-0.00287
2366.34858	-0.00283
2364.42002	-0.00376
2362.49146	-0.00379
2360.56289	-0.00487
2358.63433	-0.00641
2356.70576	-0.00406
2354.77720	-0.00634
2352.84863	-0.00931
2350.92007	-0.01045
2348.99150	-0.01093
2347.06294	-0.00783
2345.13437	-0.00384
2343.20581	-0.00418
2341.27725	-0.00850
2339.34868	-0.01004
2337.42012	-0.00801
2335.49155	-0.00420
2333.56299	-0.00163
2331.63442	-0.00116
2329.70586	-0.00196
2327.77729	-0.00348
2325.84873	-0.00358
2323.92017	-0.00210
2321.99160	-0.00067
2320.06304	0.00013
2318.13447	0.00014
2316.20591	-0.00026
2314.27734	-0.00073
2312.34878	-0.00130
2310.42021	-0.00186
2308.49165	-0.00227
2306.56309	-0.00268
2304.63452	-0.00291
2302.70596	-0.00281
2300.77739	-0.00253
2298.84883	-0.00221
2296.92026	-0.00185
2294.99170	-0.00152
2293.06313	-0.00137
2291.13457	-0.00113
2289.20601	-0.00061
2287.27744	0.00012
2285.34888	0.00079
2283.42031	0.00121
2281.49175	0.00148
2279.56318	0.00151
2277.63462	0.00118
2275.70605	0.00064
2273.77749	-0.00000
2271.84893	-0.00057
2269.92036	-0.00080
2267.99180	-0.00074
2266.06323	-0.00083
2264.13467	-0.00117
2262.20610	-0.00147
2260.27754	-0.00160
2258.34897	-0.00156
2256.42041	-0.00135
2254.49185	-0.00124
2252.56328	-0.00143
2250.63472	-0.00151
2248.70615	-0.00042
2246.77759	-0.00074
2244.84902	-0.00114
2242.92046	-0.00135
2240.99189	-0.00131
2239.06333	-0.00136
2237.13477	-0.00157
2235.20620	-0.00169
2233.27764	-0.00176
2231.34907	-0.00180
2229.42051	-0.00161
2227.49194	-0.00114
2225.56338	-0.00075
2223.63481	-0.00063
2221.70625	-0.00054
2219.77769	-0.00032
2217.84912	-0.00039
2215.92056	-0.00102
2213.99199	-0.00157
2212.06343	-0.00161
2210.13486	-0.00155
2208.20630	-0.00188
2206.27773	-0.00251
2204.34917	-0.00291
2202.42061	-0.00271
2200.49204	-0.00205
2198.56348	-0.00133
2196.63491	-0.00095
2194.70635	-0.00079
2192.77778	-0.00050
2190.84922	-0.00005
2188.92065	0.00041
2186.99209	0.00063
2185.06353	0.00016
2183.13496	-0.00083
2181.20640	-0.00162
2179.27783	-0.00185
2177.34927	-0.00170
2175.42070	-0.00157
2173.49214	-0.00155
2171.56357	-0.00150
2169.63501	-0.00136
2167.70645	-0.00104
2165.77788	-0.00054
2163.84932	-0.00004
2161.92075	0.00014
2159.99219	-0.00039
2158.06362	-0.00127
2156.13506	-0.00162
2154.20649	-0.00150
2152.27793	-0.00156
2150.34937	-0.00212
2148.42080	-0.00282
2146.49224	-0.00304
2144.56367	-0.00279
2142.63511	-0.00250
2140.70654	-0.00237
2138.77798	-0.00220
2136.84941	-0.00202
2134.92085	-0.00195
2132.99229	-0.00178
2131.06372	-0.00145
2129.13516	-0.00129
2127.20659	-0.00129
2125.27803	-0.00125
2123.34946	-0.00118
2121.42090	-0.00119
2119.49233	-0.00139
2117.56377	-0.00168
2115.63521	-0.00190
2113.70664	-0.00198
2111.77808	-0.00180
2109.84951	-0.00149
2107.92095	-0.00138
2105.99238	-0.00150
2104.06382	-0.00158
2102.13525	-0.00149
2100.20669	-0.00130
2098.27812	-0.00107
2096.34956	-0.00098
2094.42100	-0.00127
2092.49243	-0.00161
2090.56387	-0.00161
2088.63530	-0.00148
2086.70674	-0.00155
2084.77817	-0.00176
2082.84961	-0.00199
2080.92104	-0.00221
2078.99248	-0.00234
2077.06392	-0.00229
2075.13535	-0.00213
2073.20679	-0.00200
2071.27822	-0.00186
2069.34966	-0.00152
2067.42109	-0.00105
2065.49253	-0.00085
2063.56396	-0.00121
2061.63540	-0.00189
2059.70684	-0.00228
2057.77827	-0.00210
2055.84971	-0.00173
2053.92114	-0.00167
2051.99258	-0.00216
2050.06401	-0.00310
2048.13545	-0.00389
2046.20688	-0.00369
2044.27832	-0.00265
2042.34976	-0.00168
2040.42119	-0.00102
2038.49263	-0.00051
2036.56406	-0.00008
2034.63550	0.00029
2032.70693	0.00059
2030.77837	0.00067
2028.84980	0.00027
2026.92124	-0.00055
2024.99268	-0.00113
2023.06411	-0.00108
2021.13555	-0.00094
2019.20698	-0.00143
2017.27842	-0.00240
2015.34985	-0.00285
2013.42129	-0.00237
2011.49272	-0.00158
2009.56416	-0.00086
2007.63560	-0.00030
2005.70703	-0.00020
2003.77847	-0.00032
2001.84990	-0.00005
1999.92134	0.00040
1997.99277	0.00036
1996.06421	-0.00021
1994.13564	-0.00087
1992.20708	-0.00125
1990.27852	-0.00127
1988.34995	-0.00130
1986.42139	-0.00155
1984.49282	-0.00184
1982.56426	-0.00188
1980.63569	-0.00152
1978.70713	-0.00081
1976.77856	0.00003
1974.85000	0.00062
1972.92144	0.00075
1970.99287	0.00065
1969.06431	0.00049
1967.13574	0.00017
1965.20718	-0.00033
1963.27861	-0.00094
1961.35005	-0.00158
1959.42148	-0.00211
1957.49292	-0.00254
1955.56436	-0.00277
1953.63579	-0.00263
1951.70723	-0.00241
1949.77866	-0.00247
1947.85010	-0.00247
1945.92153	-0.00196
1943.99297	-0.00119
1942.06440	-0.00083
1940.13584	-0.00103
1938.20728	-0.00132
1936.27871	-0.00147
1934.35015	-0.00144
1932.42158	-0.00128
1930.49302	-0.00136
1928.56445	-0.00183
1926.63589	-0.00231
1924.70732	-0.00242
1922.77876	-0.00221
1920.85020	-0.00190
1918.92163	-0.00162
1916.99307	-0.00144
1915.06450	-0.00130
1913.13594	-0.00102
1911.20737	-0.00063
1909.27881	-0.00038
1907.35024	-0.00050
1905.42168	-0.00078
1903.49312	-0.00084
1901.56455	-0.00066
1899.63599	-0.00052
1897.70742	-0.00064
1895.77886	-0.00095
1893.85029	-0.00120
1891.92173	-0.00123
1889.99316	-0.00105
1888.06460	-0.00085
1886.13604	-0.00077
1884.20747	-0.00071
1882.27891	-0.00068
1880.35034	-0.00073
1878.42178	-0.00067
1876.49321	-0.00041
1874.56465	-0.00027
1872.63608	-0.00036
1870.70752	-0.00044
1868.77896	-0.00040
1866.85039	-0.00041
1864.92183	-0.00059
1862.99326	-0.00091
1861.06470	-0.00124
1859.13613	-0.00142
1857.20757	-0.00132
1855.27900	-0.00100
1853.35044	-0.00063
1851.42187	-0.00039
1849.49331	-0.00022
1847.56475	0.00000
1845.63618	0.00032
1843.70762	0.00063
1841.77905	0.00067
1839.85049	0.00040
1837.92192	0.00006
1835.99336	-0.00010
1834.06479	-0.00007
1832.13623	0.00001
1830.20767	0.00007
1828.27910	0.00017
1826.35054	0.00033
1824.42197	0.00054
1822.49341	0.00077
1820.56484	0.00103
1818.63628	0.00126
1816.70771	0.00143
1814.77915	0.00158
1812.85059	0.00182
1810.92202	0.00213
1808.99346	0.00230
1807.06489	0.00225
1805.13633	0.00223
1803.20776	0.00251
1801.27920	0.00295
1799.35063	0.00329
1797.42207	0.00355
1795.49351	0.00391
1793.56494	0.00451
1791.63638	0.00526
1789.70781	0.00599
1787.77925	0.00669
1785.85068	0.00743
1783.92212	0.00809
1781.99355	0.00854
1780.06499	0.00884
1778.13643	0.00909
1776.20786	0.00933
1774.27930	0.00958
1772.35073	0.00984
1770.42217	0.01016
1768.49360	0.01054
1766.56504	0.01082
1764.63647	0.01103
1762.70791	0.01137
1760.77935	0.01197
1758.85078	0.01278
1756.92222	0.01373
1754.99365	0.01482
1753.06509	0.01617
1751.13652	0.01780
1749.20796	0.01945
1747.27939	0.02095
1745.35083	0.02250
1743.42227	0.02411
1741.49370	0.02559
1739.56514	0.02678
1737.63657	0.02762
1735.70801	0.02831
1733.77944	0.02901
1731.85088	0.02947
1729.92231	0.02962
1727.99375	0.02988
1726.06519	0.03059
1724.13662	0.03172
1722.20806	0.03296
1720.27949	0.03426
1718.35093	0.03594
1716.42236	0.03793
1714.49380	0.03962
1712.56523	0.04064
1710.63667	0.04093
1708.70811	0.04054
1706.77954	0.03966
1704.85098	0.03853
1702.92241	0.03746
1700.99385	0.03662
1699.06528	0.03605
1697.13672	0.03549
1695.20815	0.03466
1693.27959	0.03377
1691.35103	0.03317
1689.42246	0.03294
1687.49390	0.03301
1685.56533	0.03340
1683.63677	0.03396
1681.70820	0.03432
1679.77964	0.03449
1677.85107	0.03474
1675.92251	0.03520
1673.99395	0.03570
1672.06538	0.03618
1670.13682	0.03677
1668.20825	0.03747
1666.27969	0.03817
1664.35112	0.03898
1662.42256	0.03986
1660.49399	0.04056
1658.56543	0.04101
1656.63687	0.04141
1654.70830	0.04188
1652.77974	0.04232
1650.85117	0.04249
1648.92261	0.04252
1646.99404	0.04264
1645.06548	0.04272
1643.13691	0.04257
1641.20835	0.04217
1639.27979	0.04157
1637.35122	0.04089
1635.42266	0.04026
1633.49409	0.03981
1631.56553	0.03950
1629.63696	0.03919
1627.70840	0.03881
1625.77983	0.03835
1623.85127	0.03785
1621.92271	0.03719
1619.99414	0.03634
1618.06558	0.03544
1616.13701	0.03462
1614.20845	0.03391
1612.27988	0.03340
1610.35132	0.03312
1608.42275	0.03294
1606.49419	0.03271
1604.56562	0.03245
1602.63706	0.03222
1600.70850	0.03206
1598.77993	0.03197
1596.85137	0.03191
1594.92280	0.03182
1592.99424	0.03166
1591.06567	0.03149
1589.13711	0.03133
1587.20854	0.03115
1585.27998	0.03094
1583.35142	0.03073
1581.42285	0.03053
1579.49429	0.03035
1577.56572	0.03028
1575.63716	0.03029
1573.70859	0.03020
1571.78003	0.03001
1569.85146	0.02990
1567.92290	0.02994
1565.99434	0.03004
1564.06577	0.03008
1562.13721	0.03009
1560.20864	0.03011
1558.28008	0.03012
1556.35151	0.03007
1554.42295	0.02992
1552.49438	0.02961
1550.56582	0.02917
1548.63726	0.02871
1546.70869	0.02839
1544.78013	0.02822
1542.85156	0.02798
1540.92300	0.02741
1538.99443	0.02651
1537.06587	0.02571
1535.13730	0.02519
1533.20874	0.02470
1531.28018	0.02401
1529.35161	0.02328
1527.42305	0.02259
1525.49448	0.02187
1523.56592	0.02112
1521.63735	0.02044
1519.70879	0.01987
1517.78022	0.01931
1515.85166	0.01871
1513.92310	0.01819
1511.99453	0.01791
1510.06597	0.01780
1508.13740	0.01752
1506.20884	0.01673
1504.28027	0.01577
1502.35171	0.01520
1500.42314	0.01499
1498.49458	0.01487
1496.56602	0.01460
1494.63745	0.01427
1492.70889	0.01415
1490.78032	0.01425
1488.85176	0.01431
1486.92319	0.01431
1484.99463	0.01455
1483.06606	0.01531
1481.13750	0.01724
1479.20894	0.02317
1477.28037	0.03998
1475.35181	0.07336
1473.42324	0.11313
1471.49468	0.13377
1469.56611	0.12893
1467.63755	0.11884
1465.70898	0.11879
1463.78042	0.12546
1461.85186	0.12522
1459.92329	0.11264
1457.99473	0.09420
1456.06616	0.07913
1454.13760	0.07035
1452.20903	0.06482
1450.28047	0.06029
1448.35190	0.05662
1446.42334	0.05404
1444.49478	0.05237
1442.56621	0.05119
1440.63765	0.05021
1438.70908	0.04929
1436.78052	0.04828
1434.85195	0.04705
1432.92339	0.04569
1430.99482	0.04421
1429.06626	0.04258
1427.13770	0.04108
1425.20913	0.03999
1423.28057	0.03936
1421.35200	0.03910
1419.42344	0.03911
1417.49487	0.03910
1415.56631	0.03888
1413.63774	0.03863
1411.70918	0.03852
1409.78062	0.03841
1407.85205	0.03814
1405.92349	0.03762
1403.99492	0.03686
1402.06636	0.03609
1400.13779	0.03550
1398.20923	0.03502
1396.28066	0.03448
1394.35210	0.03382
1392.42354	0.03325
1390.49497	0.03300
1388.56641	0.03310
1386.63784	0.03345
1384.70928	0.03411
1382.78071	0.03535
1380.85215	0.03713
1378.92358	0.03885
1376.99502	0.03978
1375.06646	0.03965
1373.13789	0.03888
1371.20933	0.03815
1369.28076	0.03766
1367.35220	0.03718
1365.42363	0.03658
1363.49507	0.03587
1361.56650	0.03504
1359.63794	0.03427
1357.70937	0.03385
1355.78081	0.03373
1353.85225	0.03365
1351.92368	0.03347
1349.99512	0.03320
1348.06655	0.03286
1346.13799	0.03252
1344.20942	0.03232
1342.28086	0.03232
1340.35229	0.03228
1338.42373	0.03187
1336.49517	0.03123
1334.56660	0.03072
1332.63804	0.03058
1330.70947	0.03077
1328.78091	0.03103
1326.85234	0.03111
1324.92378	0.03120
1322.99521	0.03163
1321.06665	0.03232
1319.13809	0.03291
1317.20952	0.03326
1315.28096	0.03351
1313.35239	0.03371
1311.42383	0.03386
1309.49526	0.03403
1307.56670	0.03426
1305.63813	0.03440
1303.70957	0.03443
1301.78101	0.03452
1299.85244	0.03466
1297.92388	0.03477
1295.99531	0.03486
1294.06675	0.03494
1292.13818	0.03502
1290.20962	0.03514
1288.28105	0.03530
1286.35249	0.03540
1284.42393	0.03545
1282.49536	0.03555
1280.56680	0.03574
1278.63823	0.03594
1276.70967	0.03607
1274.78110	0.03615
1272.85254	0.03624
1270.92397	0.03639
1268.99541	0.03660
1267.06685	0.03688
1265.13828	0.03722
1263.20972	0.03752
1261.28115	0.03772
1259.35259	0.03783
1257.42402	0.03794
1255.49546	0.03812
1253.56689	0.03833
1251.63833	0.03846
1249.70977	0.03844
1247.78120	0.03841
1245.85264	0.03843
1243.92407	0.03844
1241.99551	0.03842
1240.06694	0.03833
1238.13838	0.03813
1236.20981	0.03791
1234.28125	0.03778
1232.35269	0.03774
1230.42412	0.03771
1228.49556	0.03771
1226.56699	0.03778
1224.63843	0.03789
1222.70986	0.03805
1220.78130	0.03818
1218.85273	0.03820
1216.92417	0.03818
1214.99561	0.03821
1213.06704	0.03834
1211.13848	0.03861
1209.20991	0.03891
1207.28135	0.03911
1205.35278	0.03926
1203.42422	0.03953
1201.49565	0.03997
1199.56709	0.04052
1197.63853	0.04111
1195.70996	0.04165
1193.78140	0.04220
1191.85283	0.04287
1189.92427	0.04360
1187.99570	0.04430
1186.06714	0.04489
1184.13857	0.04537
1182.21001	0.04580
1180.28145	0.04628
1178.35288	0.04683
1176.42432	0.04730
1174.49575	0.04754
1172.56719	0.04767
1170.63862	0.04779
1168.71006	0.04785
1166.78149	0.04801
1164.85293	0.04834
1162.92437	0.04859
1160.99580	0.04859
1159.06724	0.04844
1157.13867	0.04832
1155.21011	0.04829
1153.28154	0.04832
1151.35298	0.04830
1149.42441	0.04819
1147.49585	0.04807
1145.56729	0.04810
1143.63872	0.04830
1141.71016	0.04845
1139.78159	0.04851
1137.85303	0.04874
1135.92446	0.04920
1133.99590	0.04982
1132.06733	0.05056
1130.13877	0.05132
1128.21021	0.05195
1126.28164	0.05256
1124.35308	0.05329
1122.42451	0.05405
1120.49595	0.05477
1118.56738	0.05544
1116.63882	0.05613
1114.71025	0.05686
1112.78169	0.05761
1110.85312	0.05841
1108.92456	0.05923
1106.99600	0.05997
1105.06743	0.06075
1103.13887	0.06170
1101.21030	0.06274
1099.28174	0.06371
1097.35317	0.06461
1095.42461	0.06543
1093.49604	0.06598
1091.56748	0.06642
1089.63892	0.06708
1087.71035	0.06781
1085.78179	0.06820
1083.85322	0.06839
1081.92466	0.06862
1079.99609	0.06886
1078.06753	0.06914
1076.13896	0.06954
1074.21040	0.06991
1072.28184	0.07011
1070.35327	0.07022
1068.42471	0.07057
1066.49614	0.07130
1064.56758	0.07219
1062.63901	0.07292
1060.71045	0.07332
1058.78188	0.07347
1056.85332	0.07365
1054.92476	0.07395
1052.99619	0.07423
1051.06763	0.07438
1049.13906	0.07448
1047.21050	0.07466
1045.28193	0.07492
1043.35337	0.07523
1041.42480	0.07557
1039.49624	0.07584
1037.56768	0.07600
1035.63911	0.07614
1033.71055	0.07614
1031.78198	0.07577
1029.85342	0.07517
1027.92485	0.07444
1025.99629	0.07365
1024.06772	0.07296
1022.13916	0.07240
1020.21060	0.07186
1018.28203	0.07122
1016.35347	0.07048
1014.42490	0.06976
1012.49634	0.06912
1010.56777	0.06850
1008.63921	0.06786
1006.71064	0.06714
1004.78208	0.06638
1002.85352	0.06576
1000.92495	0.06530
998.99639	0.06483
997.06782	0.06433
995.13926	0.06388
993.21069	0.06339
991.28213	0.06260
989.35356	0.06143
987.42500	0.06014
985.49644	0.05890
983.56787	0.05756
981.63931	0.05612
979.71074	0.05484
977.78218	0.05386
975.85361	0.05309
973.92505	0.05241
971.99648	0.05175
970.06792	0.05114
968.13936	0.05070
966.21079	0.05039
964.28223	0.04989
962.35366	0.04902
960.42510	0.04801
958.49653	0.04721
956.56797	0.04657
954.63940	0.04596
952.71084	0.04543
950.78228	0.04493
948.85371	0.04433
946.92515	0.04388
944.99658	0.04377
943.06802	0.04373
941.13945	0.04346
939.21089	0.04305
937.28232	0.04273
935.35376	0.04243
933.42520	0.04209
931.49663	0.04172
929.56807	0.04126
927.63950	0.04076
925.71094	0.04046
923.78237	0.04044
921.85381	0.04044
919.92524	0.04043
917.99668	0.04068
916.06812	0.04136
914.13955	0.04259
912.21099	0.04446
910.28242	0.04643
908.35386	0.04730
906.42529	0.04645
904.49673	0.04442
902.56816	0.04224
900.63960	0.04049
898.71104	0.03916
896.78247	0.03805
894.85391	0.03700
892.92534	0.03599
890.99678	0.03526
889.06821	0.03485
887.13965	0.03445
885.21108	0.03390
883.28252	0.03335
881.35396	0.03288
879.42539	0.03266
877.49683	0.03285
875.56826	0.03309
873.63970	0.03292
871.71113	0.03249
869.78257	0.03214
867.85400	0.03185
865.92544	0.03152
863.99687	0.03111
862.06831	0.03060
860.13975	0.03011
858.21118	0.02978
856.28262	0.02966
854.35405	0.02959
852.42549	0.02945
850.49692	0.02940
848.56836	0.02944
846.63979	0.02942
844.71123	0.02959
842.78267	0.03007
840.85410	0.03042
838.92554	0.03040
836.99697	0.03021
835.06841	0.02998
833.13984	0.02981
831.21128	0.02985
829.28271	0.02996
827.35415	0.02983
825.42559	0.02955
823.49702	0.02952
821.56846	0.02989
819.63989	0.03032
817.71133	0.03059
815.78276	0.03093
813.85420	0.03139
811.92563	0.03189
809.99707	0.03251
808.06851	0.03326
806.13994	0.03376
804.21138	0.03374
802.28281	0.03357
800.35425	0.03369
798.42568	0.03377
796.49712	0.03345
794.56855	0.03306
792.63999	0.03294
790.71143	0.03312
788.78286	0.03350
786.85430	0.03400
784.92573	0.03452
782.99717	0.03499
781.06860	0.03551
779.14004	0.03605
777.21147	0.03636
775.28291	0.03630
773.35435	0.03593
771.42578	0.03535
769.49722	0.03471
767.56865	0.03434
765.64009	0.03434
763.71152	0.03450
761.78296	0.03460
759.85439	0.03455
757.92583	0.03443
755.99727	0.03455
754.06870	0.03513
752.14014	0.03586
750.21157	0.03627
748.28301	0.03666
746.35444	0.03745
744.42588	0.03819
742.49731	0.03858
740.56875	0.03905
738.64019	0.04025
736.71162	0.04393
734.78306	0.05532
732.85449	0.07864
730.92593	0.10336
728.99736	0.11026
727.06880	0.10145
725.14023	0.09639
723.21167	0.10714
721.28311	0.13527
719.35454	0.16549
717.42598	0.17450
715.49741	0.15590
713.56885	0.12468
711.64028	0.09774
709.71172	0.08050
707.78315	0.07011
705.85459	0.06319
703.92603	0.05824
701.99746	0.05459
700.06890	0.05197
698.14033	0.05023
696.21177	0.04874
694.28320	0.04687
692.35464	0.04514
690.42607	0.04445
688.49751	0.04459
686.56895	0.04456
684.64038	0.04394
682.71182	0.04284
680.78325	0.04182
678.85469	0.04151
676.92612	0.04123
674.99756	0.03989
673.06899	0.03846
671.14043	0.04070
669.21187	0.04610
667.28330	0.04432
665.35474	0.04194
663.42617	0.03973
661.49761	0.03955
659.56904	0.04035
657.64048	0.04174
655.71191	0.04328
653.78335	0.04426
651.85479	0.04486
649.92622	0.04522
647.99766	0.04483
646.06909	0.04397
644.14053	0.04358
642.21196	0.04333
640.28340	0.04254
638.35483	0.04187
636.42627	0.04200
634.49771	0.04257
632.56914	0.04329
630.64058	0.04432
628.71201	0.04521
626.78345	0.04526
624.85488	0.04519
622.92632	0.04646
620.99775	0.04857
619.06919	0.05007
617.14062	0.05131
615.21206	0.05136
613.28350	0.04921
611.35493	0.04783
609.42637	0.04856
607.49780	0.04816
605.56924	0.04518
603.64067	0.04283
601.71211	0.04376
599.78354	0.04660
