3997.91411	0.01053
3995.98555	0.01058
3994.05698	0.01054
3992.12842	0.01053
3990.19985	0.01062
3988.27129	0.01070
3986.34272	0.01061
3984.41416	0.01049
3982.48560	0.01044
3980.55703	0.01044
3978.62847	0.01041
3976.69990	0.01034
3974.77134	0.01035
3972.84277	0.01045
3970.91421	0.01051
3968.98564	0.01049
3967.05708	0.01049
3965.12852	0.01055
3963.19995	0.01061
3961.27139	0.01056
3959.34282	0.01046
3957.41426	0.01046
3955.48569	0.01057
3953.55713	0.01062
3951.62856	0.01053
3949.70000	0.01045
3947.77144	0.01046
3945.84287	0.01049
3943.91431	0.01041
3941.98574	0.01033
3940.05718	0.01036
3938.12861	0.01040
3936.20005	0.01037
3934.27148	0.01037
3932.34292	0.01041
3930.41436	0.01042
3928.48579	0.01042
3926.55723	0.01047
3924.62866	0.01055
3922.70010	0.01058
3920.77153	0.01055
3918.84297	0.01050
3916.91440	0.01044
3914.98584	0.01039
3913.05728	0.01035
3911.12871	0.01030
3909.20015	0.01018
3907.27158	0.01001
3905.34302	0.00992
3903.41445	0.00997
3901.48589	0.01010
3899.55732	0.01024
3897.62876	0.01033
3895.70020	0.01031
3893.77163	0.01023
3891.84307	0.01019
3889.91450	0.01021
3887.98594	0.01021
3886.05737	0.01023
3884.12881	0.01030
3882.20024	0.01033
3880.27168	0.01031
3878.34312	0.01026
3876.41455	0.01014
3874.48599	0.01001
3872.55742	0.00996
3870.62886	0.01002
3868.70029	0.01005
3866.77173	0.00997
3864.84316	0.00988
3862.91460	0.00985
3860.98604	0.00982
3859.05747	0.00976
3857.12891	0.00969
3855.20034	0.00963
3853.27178	0.00966
3851.34321	0.00977
3849.41465	0.00980
3847.48608	0.00971
3845.55752	0.00964
3843.62896	0.00964
3841.70039	0.00957
3839.77183	0.00937
3837.84326	0.00923
3835.91470	0.00934
3833.98613	0.00957
3832.05757	0.00975
3830.12900	0.00981
3828.20044	0.00977
3826.27187	0.00967
3824.34331	0.00954
3822.41475	0.00943
3820.48618	0.00945
3818.55762	0.00957
3816.62905	0.00972
3814.70049	0.00986
3812.77192	0.00989
3810.84336	0.00980
3808.91479	0.00967
3806.98623	0.00959
3805.05767	0.00954
3803.12910	0.00949
3801.20054	0.00950
3799.27197	0.00956
3797.34341	0.00962
3795.41484	0.00966
3793.48628	0.00961
3791.55771	0.00948
3789.62915	0.00935
3787.70059	0.00926
3785.77202	0.00929
3783.84346	0.00939
3781.91489	0.00941
3779.98633	0.00933
3778.05776	0.00930
3776.12920	0.00932
3774.20063	0.00924
3772.27207	0.00904
3770.34351	0.00887
3768.41494	0.00885
3766.48638	0.00892
3764.55781	0.00901
3762.62925	0.00906
3760.70068	0.00909
3758.77212	0.00914
3756.84355	0.00916
3754.91499	0.00902
3752.98643	0.00871
3751.05786	0.00841
3749.12930	0.00828
3747.20073	0.00832
3745.27217	0.00854
3743.34360	0.00885
3741.41504	0.00893
3739.48647	0.00874
3737.55791	0.00852
3735.62935	0.00840
3733.70078	0.00832
3731.77222	0.00824
3729.84365	0.00821
3727.91509	0.00818
3725.98652	0.00814
3724.05796	0.00810
3722.12939	0.00816
3720.20083	0.00831
3718.27227	0.00843
3716.34370	0.00846
3714.41514	0.00841
3712.48657	0.00831
3710.55801	0.00820
3708.62944	0.00820
3706.70088	0.00828
3704.77231	0.00834
3702.84375	0.00833
3700.91519	0.00830
3698.98662	0.00826
3697.05806	0.00817
3695.12949	0.00812
3693.20093	0.00817
3691.27236	0.00822
3689.34380	0.00827
3687.41523	0.00841
3685.48667	0.00859
3683.55811	0.00864
3681.62954	0.00854
3679.70098	0.00839
3677.77241	0.00838
3675.84385	0.00858
3673.91528	0.00880
3671.98672	0.00886
3670.05815	0.00887
3668.12959	0.00892
3666.20103	0.00897
3664.27246	0.00901
3662.34390	0.00909
3660.41533	0.00916
3658.48677	0.00919
3656.55820	0.00920
3654.62964	0.00917
3652.70107	0.00918
3650.77251	0.00933
3648.84395	0.00955
3646.91538	0.00959
3644.98682	0.00948
3643.05825	0.00941
3641.12969	0.00951
3639.20112	0.00971
3637.27256	0.00978
3635.34399	0.00970
3633.41543	0.00967
3631.48687	0.00972
3629.55830	0.00976
3627.62974	0.00977
3625.70117	0.00982
3623.77261	0.00990
3621.84404	0.01003
3619.91548	0.01031
3617.98691	0.01071
3616.05835	0.01103
3614.12979	0.01109
3612.20122	0.01097
3610.27266	0.01097
3608.34409	0.01124
3606.41553	0.01160
3604.48696	0.01175
3602.55840	0.01170
3600.62983	0.01155
3598.70127	0.01137
3596.77271	0.01128
3594.84414	0.01136
3592.91558	0.01159
3590.98701	0.01176
3589.05845	0.01174
3587.12988	0.01163
3585.20132	0.01160
3583.27275	0.01166
3581.34419	0.01167
3579.41562	0.01161
3577.48706	0.01170
3575.55850	0.01202
3573.62993	0.01235
3571.70137	0.01254
3569.77280	0.01264
3567.84424	0.01275
3565.91567	0.01285
3563.98711	0.01293
3562.05854	0.01302
3560.12998	0.01311
3558.20142	0.01327
3556.27285	0.01346
3554.34429	0.01361
3552.41572	0.01368
3550.48716	0.01373
3548.55859	0.01383
3546.63003	0.01388
3544.70146	0.01389
3542.77290	0.01403
3540.84434	0.01430
3538.91577	0.01455
3536.98721	0.01484
3535.05864	0.01517
3533.13008	0.01532
3531.20151	0.01525
3529.27295	0.01514
3527.34438	0.01513
3525.41582	0.01521
3523.48726	0.01540
3521.55869	0.01570
3519.63013	0.01591
3517.70156	0.01585
3515.77300	0.01566
3513.84443	0.01568
3511.91587	0.01593
3509.98730	0.01614
3508.05874	0.01618
3506.13018	0.01619
3504.20161	0.01630
3502.27305	0.01642
3500.34448	0.01641
3498.41592	0.01634
3496.48735	0.01639
3494.55879	0.01665
3492.63022	0.01701
3490.70166	0.01735
3488.77310	0.01760
3486.84453	0.01781
3484.91597	0.01800
3482.98740	0.01809
3481.05884	0.01797
3479.13027	0.01774
3477.20171	0.01753
3475.27314	0.01746
3473.34458	0.01754
3471.41602	0.01775
3469.48745	0.01798
3467.55889	0.01817
3465.63032	0.01838
3463.70176	0.01872
3461.77319	0.01908
3459.84463	0.01934
3457.91606	0.01946
3455.98750	0.01947
3454.05894	0.01947
3452.13037	0.01953
3450.20181	0.01961
3448.27324	0.01966
3446.34468	0.01962
3444.41611	0.01952
3442.48755	0.01943
3440.55898	0.01945
3438.63042	0.01952
3436.70186	0.01954
3434.77329	0.01956
3432.84473	0.01962
3430.91616	0.01956
3428.98760	0.01946
3427.05903	0.01954
3425.13047	0.01980
3423.20190	0.02002
3421.27334	0.02009
3419.34478	0.02008
3417.41621	0.02003
3415.48765	0.01980
3413.55908	0.01940
3411.63052	0.01924
3409.70195	0.01963
3407.77339	0.02015
3405.84482	0.02032
3403.91626	0.02017
3401.98770	0.01993
3400.05913	0.01967
3398.13057	0.01943
3396.20200	0.01929
3394.27344	0.01917
3392.34487	0.01904
3390.41631	0.01906
3388.48774	0.01932
3386.55918	0.01960
3384.63062	0.01979
3382.70205	0.01994
3380.77349	0.02005
3378.84492	0.02013
3376.91636	0.02015
3374.98779	0.02011
3373.05923	0.02015
3371.13066	0.02026
3369.20210	0.02031
3367.27354	0.02029
3365.34497	0.02024
3363.41641	0.02025
3361.48784	0.02034
3359.55928	0.02044
3357.63071	0.02050
3355.70215	0.02050
3353.77358	0.02047
3351.84502	0.02039
3349.91646	0.02032
3347.98789	0.02033
3346.05933	0.02036
3344.13076	0.02034
3342.20220	0.02038
3340.27363	0.02045
3338.34507	0.02034
3336.41650	0.02015
3334.48794	0.02017
3332.55937	0.02041
3330.63081	0.02064
3328.70225	0.02069
3326.77368	0.02057
3324.84512	0.02053
3322.91655	0.02071
3320.98799	0.02083
3319.05942	0.02077
3317.13086	0.02065
3315.20229	0.02054
3313.27373	0.02046
3311.34517	0.02044
3309.41660	0.02039
3307.48804	0.02033
3305.55947	0.02035
3303.63091	0.02052
3301.70234	0.02071
3299.77378	0.02071
3297.84521	0.02053
3295.91665	0.02038
3293.98809	0.02032
3292.05952	0.02029
3290.13096	0.02032
3288.20239	0.02037
3286.27383	0.02040
3284.34526	0.02042
3282.41670	0.02037
3280.48813	0.02022
3278.55957	0.01998
3276.63101	0.01978
3274.70244	0.01976
3272.77388	0.01983
3270.84531	0.01985
3268.91675	0.01976
3266.98818	0.01954
3265.05962	0.01938
3263.13105	0.01948
3261.20249	0.01958
3259.27393	0.01940
3257.34536	0.01913
3255.41680	0.01901
3253.48823	0.01911
3251.55967	0.01919
3249.63110	0.01908
3247.70254	0.01890
3245.77397	0.01873
3243.84541	0.01859
3241.91685	0.01847
3239.98828	0.01837
3238.05972	0.01827
3236.13115	0.01819
3234.20259	0.01814
3232.27402	0.01808
3230.34546	0.01803
3228.41689	0.01812
3226.48833	0.01825
3224.55977	0.01826
3222.63120	0.01814
3220.70264	0.01792
3218.77407	0.01767
3216.84551	0.01755
3214.91694	0.01755
3212.98838	0.01745
3211.05981	0.01722
3209.13125	0.01707
3207.20269	0.01705
3205.27412	0.01700
3203.34556	0.01683
3201.41699	0.01670
3199.48843	0.01675
3197.55986	0.01689
3195.63130	0.01685
3193.70273	0.01666
3191.77417	0.01652
3189.84561	0.01642
3187.91704	0.01624
3185.98848	0.01603
3184.05991	0.01596
3182.13135	0.01602
3180.20278	0.01601
3178.27422	0.01585
3176.34565	0.01569
3174.41709	0.01563
3172.48853	0.01560
3170.55996	0.01555
3168.63140	0.01552
3166.70283	0.01548
3164.77427	0.01541
3162.84570	0.01531
3160.91714	0.01515
3158.98857	0.01502
3157.06001	0.01500
3155.13145	0.01493
3153.20288	0.01470
3151.27432	0.01448
3149.34575	0.01443
3147.41719	0.01443
3145.48862	0.01429
3143.56006	0.01411
3141.63149	0.01405
3139.70293	0.01406
3137.77437	0.01399
3135.84580	0.01383
3133.91724	0.01370
3131.98867	0.01359
3130.06011	0.01343
3128.13154	0.01326
3126.20298	0.01321
3124.27441	0.01324
3122.34585	0.01322
3120.41729	0.01318
3118.48872	0.01321
3116.56016	0.01323
3114.63159	0.01321
3112.70303	0.01316
3110.77446	0.01310
3108.84590	0.01313
3106.91733	0.01325
3104.98877	0.01334
3103.06021	0.01339
3101.13164	0.01339
3099.20308	0.01338
3097.27451	0.01333
3095.34595	0.01324
3093.41738	0.01323
3091.48882	0.01343
3089.56025	0.01363
3087.63169	0.01358
3085.70312	0.01348
3083.77456	0.01349
3081.84600	0.01359
3079.91743	0.01363
3077.98887	0.01354
3076.06030	0.01338
3074.13174	0.01325
3072.20317	0.01313
3070.27461	0.01306
3068.34604	0.01302
3066.41748	0.01297
3064.48892	0.01294
3062.56035	0.01298
3060.63179	0.01304
3058.70322	0.01302
3056.77466	0.01294
3054.84609	0.01278
3052.91753	0.01259
3050.98896	0.01251
3049.06040	0.01257
3047.13184	0.01258
3045.20327	0.01250
3043.27471	0.01241
3041.34614	0.01236
3039.41758	0.01235
3037.48901	0.01240
3035.56045	0.01251
3033.63188	0.01257
3031.70332	0.01250
3029.77476	0.01247
3027.84619	0.01258
3025.91763	0.01269
3023.98906	0.01267
3022.06050	0.01260
3020.13193	0.01249
3018.20337	0.01225
3016.27480	0.01191
3014.34624	0.01163
3012.41768	0.01160
3010.48911	0.01176
3008.56055	0.01190
3006.63198	0.01194
3004.70342	0.01199
3002.77485	0.01209
3000.84629	0.01216
2998.91772	0.01222
2996.98916	0.01239
2995.06060	0.01261
2993.13203	0.01299
2991.20347	0.01361
2989.27490	0.01432
2987.34634	0.01492
2985.41777	0.01545
2983.48921	0.01614
2981.56064	0.01714
2979.63208	0.01842
2977.70352	0.01984
2975.77495	0.02140
2973.84639	0.02320
2971.91782	0.02532
2969.98926	0.02765
2968.06069	0.03009
2966.13213	0.03274
2964.20356	0.03552
2962.27500	0.03827
2960.34644	0.04090
2958.41787	0.04338
2956.48931	0.04561
2954.56074	0.04764
2952.63218	0.04971
2950.70361	0.05215
2948.77505	0.05537
2946.84648	0.05997
2944.91792	0.06652
2942.98936	0.07520
2941.06079	0.08573
2939.13223	0.09809
2937.20366	0.11263
2935.27510	0.12972
2933.34653	0.14958
2931.41797	0.17257
2929.48940	0.19961
2927.56084	0.23203
2925.63228	0.27154
2923.70371	0.32020
2921.77515	0.37940
2919.84658	0.44685
2917.91802	0.51217
2915.98945	0.55522
2914.06089	0.55787
2912.13232	0.52330
2910.20376	0.47209
2908.27520	0.42188
2906.34663	0.38008
2904.41807	0.34752
2902.48950	0.32223
2900.56094	0.30184
2898.63237	0.28457
2896.70381	0.26914
2894.77524	0.25456
2892.84668	0.24028
2890.91812	0.22613
2888.98955	0.21218
2887.06099	0.19867
2885.13242	0.18583
2883.20386	0.17358
2881.27529	0.16180
2879.34673	0.15056
2877.41816	0.14022
2875.48960	0.13134
2873.56104	0.12441
2871.63247	0.11942
2869.70391	0.11619
2867.77534	0.11496
2865.84678	0.11650
2863.91821	0.12194
2861.98965	0.13267
2860.06108	0.15047
2858.13252	0.17812
2856.20396	0.22007
2854.27539	0.28229
2852.34683	0.36772
2850.41826	0.46152
2848.48970	0.51636
2846.56113	0.49233
2844.63257	0.41691
2842.70400	0.33772
2840.77544	0.27416
2838.84687	0.22723
2836.91831	0.19344
2834.98975	0.16900
2833.06118	0.15078
2831.13262	0.13677
2829.20405	0.12581
2827.27549	0.11709
2825.34692	0.10989
2823.41836	0.10377
2821.48979	0.09857
2819.56123	0.09412
2817.63267	0.09019
2815.70410	0.08668
2813.77554	0.08357
2811.84697	0.08077
2809.91841	0.07818
2807.98984	0.07574
2806.06128	0.07354
2804.13271	0.07166
2802.20415	0.06996
2800.27559	0.06827
2798.34702	0.06661
2796.41846	0.06513
2794.48989	0.06372
2792.56133	0.06231
2790.63276	0.06100
2788.70420	0.05981
2786.77563	0.05864
2784.84707	0.05748
2782.91851	0.05636
2780.98994	0.05529
2779.06138	0.05427
2777.13281	0.05332
2775.20425	0.05241
2773.27568	0.05153
2771.34712	0.05071
2769.41855	0.04990
2767.48999	0.04904
2765.56143	0.04827
2763.63286	0.04771
2761.70430	0.04729
2759.77573	0.04689
2757.84717	0.04645
2755.91860	0.04597
2753.99004	0.04549
2752.06147	0.04506
2750.13291	0.04466
2748.20435	0.04429
2746.27578	0.04399
2744.34722	0.04373
2742.41865	0.04349
2740.49009	0.04326
2738.56152	0.04299
2736.63296	0.04270
2734.70439	0.04244
2732.77583	0.04219
2730.84727	0.04193
2728.91870	0.04161
2726.99014	0.04126
2725.06157	0.04096
2723.13301	0.04068
2721.20444	0.04033
2719.27588	0.03995
2717.34731	0.03960
2715.41875	0.03928
2713.49019	0.03899
2711.56162	0.03878
2709.63306	0.03859
2707.70449	0.03834
2705.77593	0.03805
2703.84736	0.03780
2701.91880	0.03757
2699.99023	0.03734
2698.06167	0.03716
2696.13311	0.03700
2694.20454	0.03679
2692.27598	0.03655
2690.34741	0.03635
2688.41885	0.03628
2686.49028	0.03629
2684.56172	0.03622
2682.63315	0.03606
2680.70459	0.03596
2678.77603	0.03596
2676.84746	0.03601
2674.91890	0.03597
2672.99033	0.03589
2671.06177	0.03593
2669.13320	0.03604
2667.20464	0.03614
2665.27607	0.03620
2663.34751	0.03630
2661.41895	0.03638
2659.49038	0.03634
2657.56182	0.03623
2655.63325	0.03615
2653.70469	0.03605
2651.77612	0.03590
2649.84756	0.03575
2647.91899	0.03565
2645.99043	0.03553
2644.06187	0.03534
2642.13330	0.03516
2640.20474	0.03509
2638.27617	0.03505
2636.34761	0.03491
2634.41904	0.03464
2632.49048	0.03436
2630.56191	0.03408
2628.63335	0.03380
2626.70479	0.03350
2624.77622	0.03320
2622.84766	0.03288
2620.91909	0.03248
2618.99053	0.03208
2617.06196	0.03176
2615.13340	0.03150
2613.20483	0.03128
2611.27627	0.03106
2609.34771	0.03074
2607.41914	0.03037
2605.49058	0.03005
2603.56201	0.02975
2601.63345	0.02946
2599.70488	0.02921
2597.77632	0.02898
2595.84775	0.02881
2593.91919	0.02870
2591.99062	0.02854
2590.06206	0.02828
2588.13350	0.02799
2586.20493	0.02777
2584.27637	0.02761
2582.34780	0.02740
2580.41924	0.02713
2578.49067	0.02695
2576.56211	0.02685
2574.63354	0.02670
2572.70498	0.02644
2570.77642	0.02619
2568.84785	0.02603
2566.91929	0.02593
2564.99072	0.02581
2563.06216	0.02566
2561.13359	0.02554
2559.20503	0.02546
2557.27646	0.02538
2555.34790	0.02522
2553.41934	0.02507
2551.49077	0.02498
2549.56221	0.02480
2547.63364	0.02454
2545.70508	0.02432
2543.77651	0.02412
2541.84795	0.02396
2539.91938	0.02386
2537.99082	0.02382
2536.06226	0.02376
2534.13369	0.02360
2532.20513	0.02341
2530.27656	0.02332
2528.34800	0.02327
2526.41943	0.02321
2524.49087	0.02315
2522.56230	0.02310
2520.63374	0.02300
2518.70518	0.02277
2516.77661	0.02251
2514.84805	0.02238
2512.91948	0.02235
2510.99092	0.02227
2509.06235	0.02214
2507.13379	0.02206
2505.20522	0.02195
2503.27666	0.02178
2501.34810	0.02166
2499.41953	0.02161
2497.49097	0.02154
2495.56240	0.02140
2493.63384	0.02120
2491.70527	0.02101
2489.77671	0.02094
2487.84814	0.02101
2485.91958	0.02108
2483.99102	0.02106
2482.06245	0.02096
2480.13389	0.02087
2478.20532	0.02089
2476.27676	0.02095
2474.34819	0.02096
2472.41963	0.02089
2470.49106	0.02076
2468.56250	0.02054
2466.63394	0.02033
2464.70537	0.02024
2462.77681	0.02023
2460.84824	0.02027
2458.91968	0.02030
2456.99111	0.02025
2455.06255	0.02010
2453.13398	0.01999
2451.20542	0.01998
2449.27686	0.01994
2447.34829	0.01981
2445.41973	0.01969
2443.49116	0.01953
2441.56260	0.01930
2439.63403	0.01915
2437.70547	0.01918
2435.77690	0.01928
2433.84834	0.01932
2431.91978	0.01929
2429.99121	0.01924
2428.06265	0.01914
2426.13408	0.01903
2424.20552	0.01896
2422.27695	0.01896
2420.34839	0.01904
2418.41982	0.01914
2416.49126	0.01913
2414.56270	0.01906
2412.63413	0.01903
2410.70557	0.01897
2408.77700	0.01884
2406.84844	0.01868
2404.91987	0.01854
2402.99131	0.01841
2401.06274	0.01831
2399.13418	0.01933
2397.20562	0.01939
2395.27705	0.01894
2393.34849	0.01852
2391.41992	0.01803
2389.49136	0.01736
2387.56279	0.01665
2385.63423	0.01601
2383.70566	0.01543
2381.77710	0.01495
2379.84854	0.01471
2377.91997	0.01483
2375.99141	0.01521
2374.06284	0.01559
2372.13428	0.01586
2370.20571	0.01601
2368.27715	0.01604
2366.34858	0.01589
2364.42002	0.01558
2362.49146	0.01542
2360.56289	0.01537
2358.63433	0.01539
2356.70576	0.01541
2354.77720	0.01495
2352.84863	0.01342
2350.92007	0.01150
2348.99150	0.01065
2347.06294	0.01223
2345.13437	0.01436
2343.20581	0.01549
2341.27725	0.01578
2339.34868	0.01572
2337.42012	0.01549
2335.49155	0.01544
2333.56299	0.01540
2331.63442	0.01499
2329.70586	0.01446
2327.77729	0.01446
2325.84873	0.01559
2323.92017	0.01708
2321.99160	0.01786
2320.06304	0.01794
2318.13447	0.01768
2316.20591	0.01734
2314.27734	0.01711
2312.34878	0.01699
2310.42021	0.01700
2308.49165	0.01710
2306.56309	0.01729
2304.63452	0.01744
2302.70596	0.01753
2300.77739	0.01759
2298.84883	0.01765
2296.92026	0.01779
2294.99170	0.01804
2293.06313	0.01829
2291.13457	0.01851
2289.20601	0.01878
2287.27744	0.01920
2285.34888	0.01962
2283.42031	0.01979
2281.49175	0.01966
2279.56318	0.01942
2277.63462	0.01919
2275.70605	0.01899
2273.77749	0.01874
2271.84893	0.01846
2269.92036	0.01814
2267.99180	0.01775
2266.06323	0.01732
2264.13467	0.01686
2262.20610	0.01653
2260.27754	0.01653
2258.34897	0.01662
2256.42041	0.01639
2254.49185	0.01584
2252.56328	0.01524
2250.63472	0.01516
2248.70615	0.01624
2246.77759	0.01638
2244.84902	0.01629
2242.92046	0.01617
2240.99189	0.01610
2239.06333	0.01612
2237.13477	0.01618
2235.20620	0.01611
2233.27764	0.01587
2231.34907	0.01558
2229.42051	0.01548
2227.49194	0.01573
2225.56338	0.01604
2223.63481	0.01612
2221.70625	0.01604
2219.77769	0.01593
2217.84912	0.01579
2215.92056	0.01564
2213.99199	0.01543
2212.06343	0.01516
2210.13486	0.01497
2208.20630	0.01491
2206.27773	0.01483
2204.34917	0.01483
2202.42061	0.01509
2200.49204	0.01530
2198.56348	0.01529
2196.63491	0.01529
2194.70635	0.01534
2192.77778	0.01543
2190.84922	0.01559
2188.92065	0.01574
2186.99209	0.01584
2185.06353	0.01569
2183.13496	0.01497
2181.20640	0.01413
2179.27783	0.01380
2177.34927	0.01369
2175.42070	0.01340
2173.49214	0.01338
2171.56357	0.01401
2169.63501	0.01503
2167.70645	0.01592
2165.77788	0.01612
2163.84932	0.01581
2161.92075	0.01519
2159.99219	0.01295
2158.06362	0.00958
2156.13506	0.00828
2154.20649	0.00933
2152.27793	0.01067
2150.34937	0.01130
2148.42080	0.01129
2146.49224	0.01128
2144.56367	0.01159
2142.63511	0.01189
2140.70654	0.01187
2138.77798	0.01150
2136.84941	0.01089
2134.92085	0.01040
2132.99229	0.01042
2131.06372	0.01085
2129.13516	0.01143
2127.20659	0.01211
2125.27803	0.01271
2123.34946	0.01307
2121.42090	0.01326
2119.49233	0.01344
2117.56377	0.01376
2115.63521	0.01420
2113.70664	0.01452
2111.77808	0.01453
2109.84951	0.01432
2107.92095	0.01416
2105.99238	0.01409
2104.06382	0.01411
2102.13525	0.01421
2100.20669	0.01422
2098.27812	0.01395
2096.34956	0.01337
2094.42100	0.01284
2092.49243	0.01287
2090.56387	0.01337
2088.63530	0.01377
2086.70674	0.01382
2084.77817	0.01388
2082.84961	0.01414
2080.92104	0.01445
2078.99248	0.01457
2077.06392	0.01441
2075.13535	0.01417
2073.20679	0.01413
2071.27822	0.01420
2069.34966	0.01416
2067.42109	0.01410
2065.49253	0.01410
2063.56396	0.01400
2061.63540	0.01390
2059.70684	0.01403
2057.77827	0.01429
2055.84971	0.01440
2053.92114	0.01475
2051.99258	0.01564
2050.06401	0.01602
2048.13545	0.01520
2046.20688	0.01427
2044.27832	0.01403
2042.34976	0.01422
2040.42119	0.01435
2038.49263	0.01429
2036.56406	0.01411
2034.63550	0.01377
2032.70693	0.01329
2030.77837	0.01285
2028.84980	0.01251
2026.92124	0.01249
2024.99268	0.01280
2023.06411	0.01309
2021.13555	0.01321
2019.20698	0.01331
2017.27842	0.01348
2015.34985	0.01363
2013.42129	0.01356
2011.49272	0.01333
2009.56416	0.01292
2007.63560	0.01225
2005.70703	0.01178
2003.77847	0.01173
2001.84990	0.01184
1999.92134	0.01198
1997.99277	0.01217
1996.06421	0.01233
1994.13564	0.01244
1992.20708	0.01272
1990.27852	0.01320
1988.34995	0.01342
1986.42139	0.01324
1984.49282	0.01321
1982.56426	0.01375
1980.63569	0.01435
1978.70713	0.01394
1976.77856	0.01259
1974.85000	0.01155
1972.92144	0.01122
1970.99287	0.01126
1969.06431	0.01140
1967.13574	0.01142
1965.20718	0.01139
1963.27861	0.01140
1961.35005	0.01109
1959.42148	0.01051
1957.49292	0.01026
1955.56436	0.01056
1953.63579	0.01109
1951.70723	0.01139
1949.77866	0.01145
1947.85010	0.01154
1945.92153	0.01162
1943.99297	0.01161
1942.06440	0.01172
1940.13584	0.01201
1938.20728	0.01210
1936.27871	0.01197
1934.35015	0.01195
1932.42158	0.01201
1930.49302	0.01196
1928.56445	0.01197
1926.63589	0.01220
1924.70732	0.01248
1922.77876	0.01260
1920.85020	0.01265
1918.92163	0.01271
1916.99307	0.01279
1915.06450	0.01288
1913.13594	0.01295
1911.20737	0.01302
1909.27881	0.01311
1907.35024	0.01317
1905.42168	0.01318
1903.49312	0.01326
1901.56455	0.01343
1899.63599	0.01355
1897.70742	0.01359
1895.77886	0.01358
1893.85029	0.01359
1891.92173	0.01359
1889.99316	0.01353
1888.06460	0.01344
1886.13604	0.01336
1884.20747	0.01332
1882.27891	0.01334
1880.35034	0.01331
1878.42178	0.01325
1876.49321	0.01321
1874.56465	0.01316
1872.63608	0.01300
1870.70752	0.01281
1868.77896	0.01282
1866.85039	0.01301
1864.92183	0.01315
1862.99326	0.01317
1861.06470	0.01321
1859.13613	0.01330
1857.20757	0.01337
1855.27900	0.01338
1853.35044	0.01333
1851.42187	0.01325
1849.49331	0.01318
1847.56475	0.01311
1845.63618	0.01308
1843.70762	0.01315
1841.77905	0.01329
1839.85049	0.01335
1837.92192	0.01335
1835.99336	0.01340
1834.06479	0.01347
1832.13623	0.01348
1830.20767	0.01350
1828.27910	0.01361
1826.35054	0.01383
1824.42197	0.01410
1822.49341	0.01431
1820.56484	0.01434
1818.63628	0.01424
1816.70771	0.01426
1814.77915	0.01448
1812.85059	0.01480
1810.92202	0.01517
1808.99346	0.01555
1807.06489	0.01589
1805.13633	0.01621
1803.20776	0.01659
1801.27920	0.01709
1799.35063	0.01768
1797.42207	0.01831
1795.49351	0.01892
1793.56494	0.01963
1791.63638	0.02054
1789.70781	0.02147
1787.77925	0.02227
1785.85068	0.02297
1783.92212	0.02356
1781.99355	0.02400
1780.06499	0.02437
1778.13643	0.02476
1776.20786	0.02519
1774.27930	0.02569
1772.35073	0.02630
1770.42217	0.02696
1768.49360	0.02762
1766.56504	0.02822
1764.63647	0.02876
1762.70791	0.02934
1760.77935	0.03006
1758.85078	0.03092
1756.92222	0.03192
1754.99365	0.03301
1753.06509	0.03424
1751.13652	0.03580
1749.20796	0.03773
1747.27939	0.03984
1745.35083	0.04200
1743.42227	0.04420
1741.49370	0.04642
1739.56514	0.04838
1737.63657	0.04959
1735.70801	0.04997
1733.77944	0.04989
1731.85088	0.04982
1729.92231	0.05006
1727.99375	0.05065
1726.06519	0.05158
1724.13662	0.05282
1722.20806	0.05411
1720.27949	0.05536
1718.35093	0.05694
1716.42236	0.05903
1714.49380	0.06097
1712.56523	0.06206
1710.63667	0.06203
1708.70811	0.06100
1706.77954	0.05920
1704.85098	0.05701
1702.92241	0.05478
1700.99385	0.05248
1699.06528	0.05020
1697.13672	0.04815
1695.20815	0.04624
1693.27959	0.04451
1691.35103	0.04305
1689.42246	0.04184
1687.49390	0.04089
1685.56533	0.04021
1683.63677	0.03984
1681.70820	0.03977
1679.77964	0.03978
1677.85107	0.03977
1675.92251	0.03979
1673.99395	0.03983
1672.06538	0.03987
1670.13682	0.03997
1668.20825	0.04018
1666.27969	0.04042
1664.35112	0.04063
1662.42256	0.04090
1660.49399	0.04125
1658.56543	0.04153
1656.63687	0.04158
1654.70830	0.04130
1652.77974	0.04082
1650.85117	0.04039
1648.92261	0.04001
1646.99404	0.03979
1645.06548	0.03995
1643.13691	0.04048
1641.20835	0.04108
1639.27979	0.04148
1637.35122	0.04163
1635.42266	0.04170
1633.49409	0.04182
1631.56553	0.04188
1629.63696	0.04189
1627.70840	0.04191
1625.77983	0.04187
1623.85127	0.04171
1621.92271	0.04151
1619.99414	0.04132
1618.06558	0.04110
1616.13701	0.04081
1614.20845	0.04052
1612.27988	0.04025
1610.35132	0.04000
1608.42275	0.03979
1606.49419	0.03963
1604.56562	0.03950
1602.63706	0.03941
1600.70850	0.03934
1598.77993	0.03923
1596.85137	0.03906
1594.92280	0.03889
1592.99424	0.03880
1591.06567	0.03882
1589.13711	0.03889
1587.20854	0.03895
1585.27998	0.03899
1583.35142	0.03899
1581.42285	0.03891
1579.49429	0.03872
1577.56572	0.03846
1575.63716	0.03819
1573.70859	0.03792
1571.78003	0.03757
1569.85146	0.03714
1567.92290	0.03675
1565.99434	0.03649
1564.06577	0.03627
1562.13721	0.03595
1560.20864	0.03551
1558.28008	0.03513
1556.35151	0.03499
1554.42295	0.03492
1552.49438	0.03476
1550.56582	0.03453
1548.63726	0.03425
1546.70869	0.03394
1544.78013	0.03350
1542.85156	0.03284
1540.92300	0.03203
1538.99443	0.03130
1537.06587	0.03073
1535.13730	0.03014
1533.20874	0.02946
1531.28018	0.02884
1529.35161	0.02830
1527.42305	0.02773
1525.49448	0.02717
1523.56592	0.02668
1521.63735	0.02627
1519.70879	0.02594
1517.78022	0.02565
1515.85166	0.02540
1513.92310	0.02518
1511.99453	0.02494
1510.06597	0.02463
1508.13740	0.02424
1506.20884	0.02390
1504.28027	0.02374
1502.35171	0.02369
1500.42314	0.02367
1498.49458	0.02369
1496.56602	0.02383
1494.63745	0.02405
1492.70889	0.02422
1490.78032	0.02436
1488.85176	0.02462
1486.92319	0.02516
1484.99463	0.02609
1483.06606	0.02763
1481.13750	0.03072
1479.20894	0.03897
1477.28037	0.06095
1475.35181	0.10416
1473.42324	0.15798
1471.49468	0.19152
1469.56611	0.19215
1467.63755	0.17974
1465.70898	0.17140
1463.78042	0.16655
1461.85186	0.15694
1459.92329	0.14011
1457.99473	0.12103
1456.06616	0.10598
1454.13760	0.09633
1452.20903	0.08930
1450.28047	0.08323
1448.35190	0.07829
1446.42334	0.07477
1444.49478	0.07247
1442.56621	0.07086
1440.63765	0.06950
1438.70908	0.06811
1436.78052	0.06645
1434.85195	0.06455
1432.92339	0.06254
1430.99482	0.06043
1429.06626	0.05831
1427.13770	0.05643
1425.20913	0.05493
1423.28057	0.05385
1421.35200	0.05324
1419.42344	0.05302
1417.49487	0.05303
1415.56631	0.05310
1413.63774	0.05306
1411.70918	0.05281
1409.78062	0.05235
1407.85205	0.05168
1405.92349	0.05079
1403.99492	0.04973
1402.06636	0.04864
1400.13779	0.04761
1398.20923	0.04669
1396.28066	0.04591
1394.35210	0.04532
1392.42354	0.04495
1390.49497	0.04484
1388.56641	0.04505
1386.63784	0.04573
1384.70928	0.04710
1382.78071	0.04927
1380.85215	0.05203
1378.92358	0.05452
1376.99502	0.05582
1375.06646	0.05581
1373.13789	0.05526
1371.20933	0.05482
1369.28076	0.05451
1367.35220	0.05409
1365.42363	0.05336
1363.49507	0.05228
1361.56650	0.05110
1359.63794	0.05019
1357.70937	0.04963
1355.78081	0.04934
1353.85225	0.04916
1351.92368	0.04890
1349.99512	0.04844
1348.06655	0.04778
1346.13799	0.04705
1344.20942	0.04633
1342.28086	0.04566
1340.35229	0.04500
1338.42373	0.04433
1336.49517	0.04376
1334.56660	0.04342
1332.63804	0.04333
1330.70947	0.04340
1328.78091	0.04361
1326.85234	0.04395
1324.92378	0.04434
1322.99521	0.04477
1321.06665	0.04517
1319.13809	0.04544
1317.20952	0.04551
1315.28096	0.04546
1313.35239	0.04542
1311.42383	0.04551
1309.49526	0.04573
1307.56670	0.04600
1305.63813	0.04624
1303.70957	0.04646
1301.78101	0.04673
1299.85244	0.04702
1297.92388	0.04723
1295.99531	0.04736
1294.06675	0.04745
1292.13818	0.04747
1290.20962	0.04740
1288.28105	0.04734
1286.35249	0.04736
1284.42393	0.04746
1282.49536	0.04764
1280.56680	0.04792
1278.63823	0.04828
1276.70967	0.04864
1274.78110	0.04890
1272.85254	0.04913
1270.92397	0.04940
1268.99541	0.04975
1267.06685	0.05012
1265.13828	0.05049
1263.20972	0.05081
1261.28115	0.05096
1259.35259	0.05090
1257.42402	0.05066
1255.49546	0.05032
1253.56689	0.05001
1251.63833	0.04981
1249.70977	0.04968
1247.78120	0.04964
1245.85264	0.04980
1243.92407	0.05010
1241.99551	0.05043
1240.06694	0.05079
1238.13838	0.05125
1236.20981	0.05180
1234.28125	0.05235
1232.35269	0.05278
1230.42412	0.05302
1228.49556	0.05306
1226.56699	0.05292
1224.63843	0.05264
1222.70986	0.05244
1220.78130	0.05262
1218.85273	0.05312
1216.92417	0.05342
1214.99561	0.05325
1213.06704	0.05292
1211.13848	0.05281
1209.20991	0.05298
1207.28135	0.05328
1205.35278	0.05357
1203.42422	0.05377
1201.49565	0.05383
1199.56709	0.05388
1197.63853	0.05398
1195.70996	0.05409
1193.78140	0.05412
1191.85283	0.05410
1189.92427	0.05414
1187.99570	0.05427
1186.06714	0.05449
1184.13857	0.05478
1182.21001	0.05514
1180.28145	0.05557
1178.35288	0.05603
1176.42432	0.05646
1174.49575	0.05685
1172.56719	0.05720
1170.63862	0.05750
1168.71006	0.05772
1166.78149	0.05782
1164.85293	0.05785
1162.92437	0.05781
1160.99580	0.05767
1159.06724	0.05744
1157.13867	0.05716
1155.21011	0.05683
1153.28154	0.05649
1151.35298	0.05618
1149.42441	0.05596
1147.49585	0.05576
1145.56729	0.05552
1143.63872	0.05528
1141.71016	0.05512
1139.78159	0.05505
1137.85303	0.05512
1135.92446	0.05538
1133.99590	0.05575
1132.06733	0.05615
1130.13877	0.05659
1128.21021	0.05703
1126.28164	0.05733
1124.35308	0.05759
1122.42451	0.05798
1120.49595	0.05852
1118.56738	0.05907
1116.63882	0.05943
1114.71025	0.05958
1112.78169	0.05973
1110.85312	0.05999
1108.92456	0.06033
1106.99600	0.06076
1105.06743	0.06130
1103.13887	0.06183
1101.21030	0.06230
1099.28174	0.06276
1097.35317	0.06318
1095.42461	0.06355
1093.49604	0.06392
1091.56748	0.06416
1089.63892	0.06415
1087.71035	0.06393
1085.78179	0.06361
1083.85322	0.06332
1081.92466	0.06309
1079.99609	0.06282
1078.06753	0.06252
1076.13896	0.06230
1074.21040	0.06212
1072.28184	0.06190
1070.35327	0.06168
1068.42471	0.06150
1066.49614	0.06133
1064.56758	0.06115
1062.63901	0.06095
1060.71045	0.06079
1058.78188	0.06072
1056.85332	0.06059
1054.92476	0.06040
1052.99619	0.06037
1051.06763	0.06049
1049.13906	0.06050
1047.21050	0.06028
1045.28193	0.05996
1043.35337	0.05964
1041.42480	0.05926
1039.49624	0.05877
1037.56768	0.05827
1035.63911	0.05781
1033.71055	0.05746
1031.78198	0.05710
1029.85342	0.05664
1027.92485	0.05610
1025.99629	0.05555
1024.06772	0.05501
1022.13916	0.05451
1020.21060	0.05401
1018.28203	0.05346
1016.35347	0.05286
1014.42490	0.05227
1012.49634	0.05171
1010.56777	0.05109
1008.63921	0.05035
1006.71064	0.04963
1004.78208	0.04901
1002.85352	0.04844
1000.92495	0.04797
998.99639	0.04773
997.06782	0.04766
995.13926	0.04758
993.21069	0.04746
991.28213	0.04723
989.35356	0.04676
987.42500	0.04604
985.49644	0.04526
983.56787	0.04465
981.63931	0.04423
979.71074	0.04389
977.78218	0.04357
975.85361	0.04329
973.92505	0.04312
971.99648	0.04306
970.06792	0.04303
968.13936	0.04302
966.21079	0.04304
964.28223	0.04301
962.35366	0.04279
960.42510	0.04242
958.49653	0.04209
956.56797	0.04193
954.63940	0.04190
952.71084	0.04191
950.78228	0.04190
948.85371	0.04192
946.92515	0.04197
944.99658	0.04195
943.06802	0.04189
941.13945	0.04188
939.21089	0.04192
937.28232	0.04196
935.35376	0.04200
933.42520	0.04198
931.49663	0.04181
929.56807	0.04150
927.63950	0.04121
925.71094	0.04101
923.78237	0.04091
921.85381	0.04093
919.92524	0.04105
917.99668	0.04137
916.06812	0.04219
914.13955	0.04363
912.21099	0.04544
910.28242	0.04716
908.35386	0.04798
906.42529	0.04730
904.49673	0.04538
902.56816	0.04322
900.63960	0.04150
898.71104	0.04029
896.78247	0.03949
894.85391	0.03892
892.92534	0.03841
890.99678	0.03794
889.06821	0.03758
887.13965	0.03727
885.21108	0.03689
883.28252	0.03640
881.35396	0.03592
879.42539	0.03563
877.49683	0.03542
875.56826	0.03515
873.63970	0.03485
871.71113	0.03462
869.78257	0.03444
867.85400	0.03425
865.92544	0.03396
863.99687	0.03362
862.06831	0.03337
860.13975	0.03312
858.21118	0.03281
856.28262	0.03258
854.35405	0.03245
852.42549	0.03228
850.49692	0.03204
848.56836	0.03193
846.63979	0.03194
844.71123	0.03179
842.78267	0.03149
840.85410	0.03130
838.92554	0.03129
836.99697	0.03130
835.06841	0.03132
833.13984	0.03140
831.21128	0.03157
829.28271	0.03184
827.35415	0.03199
825.42559	0.03201
823.49702	0.03219
821.56846	0.03256
819.63989	0.03286
817.71133	0.03306
815.78276	0.03325
813.85420	0.03346
811.92563	0.03360
809.99707	0.03369
808.06851	0.03390
806.13994	0.03421
804.21138	0.03449
802.28281	0.03466
800.35425	0.03463
798.42568	0.03450
796.49712	0.03445
794.56855	0.03443
792.63999	0.03436
790.71143	0.03429
788.78286	0.03423
786.85430	0.03431
784.92573	0.03460
782.99717	0.03491
781.06860	0.03515
779.14004	0.03539
777.21147	0.03558
775.28291	0.03555
773.35435	0.03538
771.42578	0.03538
769.49722	0.03555
767.56865	0.03571
765.64009	0.03570
763.71152	0.03556
761.78296	0.03541
759.85439	0.03532
757.92583	0.03538
755.99727	0.03557
754.06870	0.03582
752.14014	0.03620
750.21157	0.03676
748.28301	0.03745
746.35444	0.03815
744.42588	0.03885
742.49731	0.03972
740.56875	0.04104
738.64019	0.04351
736.71162	0.04885
734.78306	0.06073
732.85449	0.08032
730.92593	0.09817
728.99736	0.10344
727.06880	0.10197
725.14023	0.10699
723.21167	0.12519
721.28311	0.15773
719.35454	0.19471
717.42598	0.21434
715.49741	0.20034
713.56885	0.16200
711.64028	0.12327
709.71172	0.09686
707.78315	0.08104
705.85459	0.07106
703.92603	0.06413
701.99746	0.05885
700.06890	0.05475
698.14033	0.05174
696.21177	0.04935
694.28320	0.04709
692.35464	0.04505
690.42607	0.04347
688.49751	0.04219
686.56895	0.04103
684.64038	0.04008
682.71182	0.03935
680.78325	0.03870
678.85469	0.03813
676.92612	0.03763
674.99756	0.03703
673.06899	0.03662
671.14043	0.03782
669.21187	0.04057
667.28330	0.04060
665.35474	0.03868
663.42617	0.03669
661.49761	0.03632
659.56904	0.03643
657.64048	0.03641
655.71191	0.03627
653.78335	0.03584
651.85479	0.03530
649.92622	0.03518
647.99766	0.03559
646.06909	0.03609
644.14053	0.03643
642.21196	0.03665
640.28340	0.03685
638.35483	0.03736
636.42627	0.03842
634.49771	0.03961
632.56914	0.04028
630.64058	0.04036
628.71201	0.04006
626.78345	0.03966
624.85488	0.03925
622.92632	0.03906
620.99775	0.03899
619.06919	0.03898
617.14062	0.03915
615.21206	0.03915
613.28350	0.03898
611.35493	0.03893
609.42637	0.03883
607.49780	0.03818
605.56924	0.03691
603.64067	0.03630
601.71211	0.03727
599.78354	0.03859
