3997.91411	0.01008
3995.98555	0.01003
3994.05698	0.01005
3992.12842	0.01014
3990.19985	0.01024
3988.27129	0.01028
3986.34272	0.01024
3984.41416	0.01021
3982.48560	0.01021
3980.55703	0.01017
3978.62847	0.01012
3976.69990	0.01012
3974.77134	0.01016
3972.84277	0.01019
3970.91421	0.01019
3968.98564	0.01014
3967.05708	0.01009
3965.12852	0.01000
3963.19995	0.00993
3961.27139	0.00994
3959.34282	0.00998
3957.41426	0.00998
3955.48569	0.00995
3953.55713	0.00991
3951.62856	0.00994
3949.70000	0.01005
3947.77144	0.01013
3945.84287	0.01011
3943.91431	0.01007
3941.98574	0.01010
3940.05718	0.01016
3938.12861	0.01013
3936.20005	0.01006
3934.27148	0.01004
3932.34292	0.01005
3930.41436	0.01004
3928.48579	0.01002
3926.55723	0.01003
3924.62866	0.01005
3922.70010	0.01001
3920.77153	0.00993
3918.84297	0.00983
3916.91440	0.00979
3914.98584	0.00985
3913.05728	0.00996
3911.12871	0.00999
3909.20015	0.00993
3907.27158	0.00987
3905.34302	0.00991
3903.41445	0.01003
3901.48589	0.01017
3899.55732	0.01025
3897.62876	0.01019
3895.70020	0.01006
3893.77163	0.01001
3891.84307	0.01003
3889.91450	0.00996
3887.98594	0.00975
3886.05737	0.00960
3884.12881	0.00963
3882.20024	0.00978
3880.27168	0.00992
3878.34312	0.00994
3876.41455	0.00984
3874.48599	0.00976
3872.55742	0.00977
3870.62886	0.00979
3868.70029	0.00976
3866.77173	0.00965
3864.84316	0.00956
3862.91460	0.00961
3860.98604	0.00971
3859.05747	0.00971
3857.12891	0.00954
3855.20034	0.00939
3853.27178	0.00948
3851.34321	0.00964
3849.41465	0.00966
3847.48608	0.00962
3845.55752	0.00964
3843.62896	0.00971
3841.70039	0.00973
3839.77183	0.00959
3837.84326	0.00942
3835.91470	0.00940
3833.98613	0.00944
3832.05757	0.00943
3830.12900	0.00943
3828.20044	0.00949
3826.27187	0.00958
3824.34331	0.00961
3822.41475	0.00948
3820.48618	0.00925
3818.55762	0.00911
3816.62905	0.00921
3814.70049	0.00947
3812.77192	0.00961
3810.84336	0.00957
3808.91479	0.00944
3806.98623	0.00930
3805.05767	0.00920
3803.12910	0.00920
3801.20054	0.00930
3799.27197	0.00934
3797.34341	0.00929
3795.41484	0.00927
3793.48628	0.00931
3791.55771	0.00935
3789.62915	0.00938
3787.70059	0.00945
3785.77202	0.00958
3783.84346	0.00965
3781.91489	0.00953
3779.98633	0.00933
3778.05776	0.00926
3776.12920	0.00929
3774.20063	0.00927
3772.27207	0.00917
3770.34351	0.00907
3768.41494	0.00900
3766.48638	0.00900
3764.55781	0.00907
3762.62925	0.00905
3760.70068	0.00892
3758.77212	0.00886
3756.84355	0.00890
3754.91499	0.00883
3752.98643	0.00864
3751.05786	0.00862
3749.12930	0.00878
3747.20073	0.00890
3745.27217	0.00898
3743.34360	0.00916
3741.41504	0.00934
3739.48647	0.00942
3737.55791	0.00945
3735.62935	0.00944
3733.70078	0.00930
3731.77222	0.00917
3729.84365	0.00928
3727.91509	0.00949
3725.98652	0.00962
3724.05796	0.00962
3722.12939	0.00954
3720.20083	0.00949
3718.27227	0.00943
3716.34370	0.00925
3714.41514	0.00902
3712.48657	0.00897
3710.55801	0.00916
3708.62944	0.00940
3706.70088	0.00956
3704.77231	0.00963
3702.84375	0.00969
3700.91519	0.00978
3698.98662	0.00985
3697.05806	0.00986
3695.12949	0.00982
3693.20093	0.00973
3691.27236	0.00964
3689.34380	0.00956
3687.41523	0.00950
3685.48667	0.00945
3683.55811	0.00939
3681.62954	0.00930
3679.70098	0.00922
3677.77241	0.00917
3675.84385	0.00920
3673.91528	0.00931
3671.98672	0.00944
3670.05815	0.00960
3668.12959	0.00975
3666.20103	0.00978
3664.27246	0.00971
3662.34390	0.00970
3660.41533	0.00976
3658.48677	0.00982
3656.55820	0.00988
3654.62964	0.00986
3652.70107	0.00975
3650.77251	0.00981
3648.84395	0.01013
3646.91538	0.01045
3644.98682	0.01057
3643.05825	0.01062
3641.12969	0.01066
3639.20112	0.01062
3637.27256	0.01058
3635.34399	0.01062
3633.41543	0.01067
3631.48687	0.01069
3629.55830	0.01076
3627.62974	0.01094
3625.70117	0.01108
3623.77261	0.01109
3621.84404	0.01100
3619.91548	0.01100
3617.98691	0.01113
3616.05835	0.01116
3614.12979	0.01105
3612.20122	0.01097
3610.27266	0.01109
3608.34409	0.01136
3606.41553	0.01155
3604.48696	0.01165
3602.55840	0.01183
3600.62983	0.01194
3598.70127	0.01181
3596.77271	0.01152
3594.84414	0.01125
3592.91558	0.01098
3590.98701	0.01084
3589.05845	0.01099
3587.12988	0.01122
3585.20132	0.01116
3583.27275	0.01086
3581.34419	0.01063
3579.41562	0.01055
3577.48706	0.01055
3575.55850	0.01063
3573.62993	0.01076
3571.70137	0.01077
3569.77280	0.01072
3567.84424	0.01083
3565.91567	0.01101
3563.98711	0.01110
3562.05854	0.01120
3560.12998	0.01141
3558.20142	0.01154
3556.27285	0.01142
3554.34429	0.01114
3552.41572	0.01101
3550.48716	0.01120
3548.55859	0.01151
3546.63003	0.01171
3544.70146	0.01170
3542.77290	0.01149
3540.84434	0.01134
3538.91577	0.01142
3536.98721	0.01160
3535.05864	0.01176
3533.13008	0.01190
3531.20151	0.01202
3529.27295	0.01201
3527.34438	0.01184
3525.41582	0.01168
3523.48726	0.01164
3521.55869	0.01170
3519.63013	0.01176
3517.70156	0.01179
3515.77300	0.01181
3513.84443	0.01191
3511.91587	0.01204
3509.98730	0.01214
3508.05874	0.01218
3506.13018	0.01219
3504.20161	0.01226
3502.27305	0.01229
3500.34448	0.01227
3498.41592	0.01232
3496.48735	0.01233
3494.55879	0.01210
3492.63022	0.01187
3490.70166	0.01185
3488.77310	0.01186
3486.84453	0.01184
3484.91597	0.01192
3482.98740	0.01205
3481.05884	0.01210
3479.13027	0.01216
3477.20171	0.01236
3475.27314	0.01260
3473.34458	0.01260
3471.41602	0.01241
3469.48745	0.01227
3467.55889	0.01221
3465.63032	0.01224
3463.70176	0.01233
3461.77319	0.01243
3459.84463	0.01247
3457.91606	0.01243
3455.98750	0.01237
3454.05894	0.01242
3452.13037	0.01249
3450.20181	0.01247
3448.27324	0.01246
3446.34468	0.01255
3444.41611	0.01257
3442.48755	0.01251
3440.55898	0.01256
3438.63042	0.01260
3436.70186	0.01251
3434.77329	0.01242
3432.84473	0.01249
3430.91616	0.01261
3428.98760	0.01258
3427.05903	0.01257
3425.13047	0.01279
3423.20190	0.01300
3421.27334	0.01294
3419.34478	0.01276
3417.41621	0.01267
3415.48765	0.01273
3413.55908	0.01285
3411.63052	0.01295
3409.70195	0.01307
3407.77339	0.01316
3405.84482	0.01315
3403.91626	0.01306
3401.98770	0.01295
3400.05913	0.01296
3398.13057	0.01317
3396.20200	0.01343
3394.27344	0.01351
3392.34487	0.01345
3390.41631	0.01336
3388.48774	0.01325
3386.55918	0.01313
3384.63062	0.01305
3382.70205	0.01296
3380.77349	0.01294
3378.84492	0.01301
3376.91636	0.01306
3374.98779	0.01305
3373.05923	0.01308
3371.13066	0.01301
3369.20210	0.01282
3367.27354	0.01278
3365.34497	0.01292
3363.41641	0.01298
3361.48784	0.01286
3359.55928	0.01281
3357.63071	0.01294
3355.70215	0.01300
3353.77358	0.01295
3351.84502	0.01290
3349.91646	0.01291
3347.98789	0.01301
3346.05933	0.01314
3344.13076	0.01324
3342.20220	0.01329
3340.27363	0.01315
3338.34507	0.01286
3336.41650	0.01265
3334.48794	0.01257
3332.55937	0.01261
3330.63081	0.01276
3328.70225	0.01288
3326.77368	0.01293
3324.84512	0.01302
3322.91655	0.01312
3320.98799	0.01309
3319.05942	0.01296
3317.13086	0.01278
3315.20229	0.01259
3313.27373	0.01246
3311.34517	0.01242
3309.41660	0.01255
3307.48804	0.01283
3305.55947	0.01303
3303.63091	0.01301
3301.70234	0.01286
3299.77378	0.01272
3297.84521	0.01273
3295.91665	0.01272
3293.98809	0.01258
3292.05952	0.01246
3290.13096	0.01256
3288.20239	0.01279
3286.27383	0.01298
3284.34526	0.01302
3282.41670	0.01294
3280.48813	0.01284
3278.55957	0.01270
3276.63101	0.01253
3274.70244	0.01241
3272.77388	0.01236
3270.84531	0.01233
3268.91675	0.01233
3266.98818	0.01236
3265.05962	0.01232
3263.13105	0.01214
3261.20249	0.01196
3259.27393	0.01200
3257.34536	0.01223
3255.41680	0.01243
3253.48823	0.01246
3251.55967	0.01230
3249.63110	0.01207
3247.70254	0.01196
3245.77397	0.01201
3243.84541	0.01205
3241.91685	0.01203
3239.98828	0.01204
3238.05972	0.01207
3236.13115	0.01208
3234.20259	0.01202
3232.27402	0.01191
3230.34546	0.01184
3228.41689	0.01182
3226.48833	0.01175
3224.55977	0.01169
3222.63120	0.01163
3220.70264	0.01154
3218.77407	0.01153
3216.84551	0.01160
3214.91694	0.01166
3212.98838	0.01168
3211.05981	0.01162
3209.13125	0.01154
3207.20269	0.01154
3205.27412	0.01156
3203.34556	0.01154
3201.41699	0.01145
3199.48843	0.01132
3197.55986	0.01127
3195.63130	0.01132
3193.70273	0.01131
3191.77417	0.01119
3189.84561	0.01111
3187.91704	0.01116
3185.98848	0.01134
3184.05991	0.01147
3182.13135	0.01135
3180.20278	0.01111
3178.27422	0.01096
3176.34565	0.01088
3174.41709	0.01084
3172.48853	0.01090
3170.55996	0.01098
3168.63140	0.01092
3166.70283	0.01074
3164.77427	0.01063
3162.84570	0.01062
3160.91714	0.01060
3158.98857	0.01053
3157.06001	0.01047
3155.13145	0.01037
3153.20288	0.01024
3151.27432	0.01017
3149.34575	0.01018
3147.41719	0.01015
3145.48862	0.01011
3143.56006	0.01008
3141.63149	0.00999
3139.70293	0.00978
3137.77437	0.00963
3135.84580	0.00964
3133.91724	0.00974
3131.98867	0.00984
3130.06011	0.00987
3128.13154	0.00979
3126.20298	0.00961
3124.27441	0.00942
3122.34585	0.00933
3120.41729	0.00929
3118.48872	0.00922
3116.56016	0.00913
3114.63159	0.00906
3112.70303	0.00909
3110.77446	0.00911
3108.84590	0.00907
3106.91733	0.00906
3104.98877	0.00923
3103.06021	0.00951
3101.13164	0.00962
3099.20308	0.00949
3097.27451	0.00936
3095.34595	0.00941
3093.41738	0.00953
3091.48882	0.00955
3089.56025	0.00947
3087.63169	0.00938
3085.70312	0.00930
3083.77456	0.00923
3081.84600	0.00918
3079.91743	0.00914
3077.98887	0.00916
3076.06030	0.00924
3074.13174	0.00926
3072.20317	0.00913
3070.27461	0.00895
3068.34604	0.00878
3066.41748	0.00866
3064.48892	0.00868
3062.56035	0.00885
3060.63179	0.00902
3058.70322	0.00912
3056.77466	0.00911
3054.84609	0.00898
3052.91753	0.00882
3050.98896	0.00872
3049.06040	0.00873
3047.13184	0.00880
3045.20327	0.00885
3043.27471	0.00883
3041.34614	0.00876
3039.41758	0.00862
3037.48901	0.00847
3035.56045	0.00839
3033.63188	0.00845
3031.70332	0.00853
3029.77476	0.00853
3027.84619	0.00846
3025.91763	0.00834
3023.98906	0.00817
3022.06050	0.00802
3020.13193	0.00799
3018.20337	0.00806
3016.27480	0.00812
3014.34624	0.00812
3012.41768	0.00814
3010.48911	0.00817
3008.56055	0.00813
3006.63198	0.00806
3004.70342	0.00808
3002.77485	0.00825
3000.84629	0.00851
2998.91772	0.00874
2996.98916	0.00881
2995.06060	0.00882
2993.13203	0.00894
2991.20347	0.00919
2989.27490	0.00948
2987.34634	0.00980
2985.41777	0.01015
2983.48921	0.01057
2981.56064	0.01107
2979.63208	0.01168
2977.70352	0.01242
2975.77495	0.01323
2973.84639	0.01401
2971.91782	0.01484
2969.98926	0.01608
2968.06069	0.01771
2966.13213	0.01931
2964.20356	0.02080
2962.27500	0.02235
2960.34644	0.02381
2958.41787	0.02493
2956.48931	0.02582
2954.56074	0.02674
2952.63218	0.02786
2950.70361	0.02935
2948.77505	0.03141
2946.84648	0.03419
2944.91792	0.03792
2942.98936	0.04287
2941.06079	0.04905
2939.13223	0.05627
2937.20366	0.06441
2935.27510	0.07362
2933.34653	0.08413
2931.41797	0.09624
2929.48940	0.11033
2927.56084	0.12670
2925.63228	0.14552
2923.70371	0.16683
2921.77515	0.19009
2919.84658	0.21340
2917.91802	0.23297
2915.98945	0.24384
2914.06089	0.24319
2912.13232	0.23284
2910.20376	0.21750
2908.27520	0.20145
2906.34663	0.18707
2904.41807	0.17506
2902.48950	0.16522
2900.56094	0.15705
2898.63237	0.14994
2896.70381	0.14341
2894.77524	0.13708
2892.84668	0.13071
2890.91812	0.12427
2888.98955	0.11780
2887.06099	0.11133
2885.13242	0.10500
2883.20386	0.09892
2881.27529	0.09295
2879.34673	0.08701
2877.41816	0.08147
2875.48960	0.07669
2873.56104	0.07275
2871.63247	0.06969
2869.70391	0.06760
2867.77534	0.06673
2865.84678	0.06759
2863.91821	0.07084
2861.98965	0.07714
2860.06108	0.08727
2858.13252	0.10250
2856.20396	0.12428
2854.27539	0.15322
2852.34683	0.18679
2850.41826	0.21706
2848.48970	0.23239
2846.56113	0.22665
2844.63257	0.20511
2842.70400	0.17780
2840.77544	0.15173
2838.84687	0.12992
2836.91831	0.11285
2834.98975	0.09978
2833.06118	0.08980
2831.13262	0.08222
2829.20405	0.07628
2827.27549	0.07134
2825.34692	0.06710
2823.41836	0.06352
2821.48979	0.06054
2819.56123	0.05798
2817.63267	0.05572
2815.70410	0.05374
2813.77554	0.05198
2811.84697	0.05034
2809.91841	0.04878
2807.98984	0.04732
2806.06128	0.04601
2804.13271	0.04486
2802.20415	0.04375
2800.27559	0.04267
2798.34702	0.04165
2796.41846	0.04065
2794.48989	0.03973
2792.56133	0.03893
2790.63276	0.03819
2788.70420	0.03749
2786.77563	0.03677
2784.84707	0.03601
2782.91851	0.03529
2780.98994	0.03463
2779.06138	0.03396
2777.13281	0.03337
2775.20425	0.03291
2773.27568	0.03245
2771.34712	0.03200
2769.41855	0.03166
2767.48999	0.03136
2765.56143	0.03099
2763.63286	0.03061
2761.70430	0.03027
2759.77573	0.02995
2757.84717	0.02959
2755.91860	0.02921
2753.99004	0.02889
2752.06147	0.02867
2750.13291	0.02851
2748.20435	0.02830
2746.27578	0.02807
2744.34722	0.02793
2742.41865	0.02785
2740.49009	0.02771
2738.56152	0.02746
2736.63296	0.02725
2734.70439	0.02710
2732.77583	0.02690
2730.84727	0.02667
2728.91870	0.02649
2726.99014	0.02628
2725.06157	0.02604
2723.13301	0.02584
2721.20444	0.02572
2719.27588	0.02562
2717.34731	0.02554
2715.41875	0.02542
2713.49019	0.02517
2711.56162	0.02490
2709.63306	0.02468
2707.70449	0.02447
2705.77593	0.02428
2703.84736	0.02412
2701.91880	0.02398
2699.99023	0.02389
2698.06167	0.02383
2696.13311	0.02375
2694.20454	0.02365
2692.27598	0.02355
2690.34741	0.02349
2688.41885	0.02346
2686.49028	0.02340
2684.56172	0.02333
2682.63315	0.02336
2680.70459	0.02343
2678.77603	0.02343
2676.84746	0.02335
2674.91890	0.02331
2672.99033	0.02336
2671.06177	0.02347
2669.13320	0.02351
2667.20464	0.02343
2665.27607	0.02337
2663.34751	0.02342
2661.41895	0.02350
2659.49038	0.02353
2657.56182	0.02351
2655.63325	0.02344
2653.70469	0.02330
2651.77612	0.02313
2649.84756	0.02302
2647.91899	0.02303
2645.99043	0.02305
2644.06187	0.02295
2642.13330	0.02276
2640.20474	0.02267
2638.27617	0.02266
2636.34761	0.02261
2634.41904	0.02249
2632.49048	0.02234
2630.56191	0.02219
2628.63335	0.02202
2626.70479	0.02177
2624.77622	0.02150
2622.84766	0.02134
2620.91909	0.02121
2618.99053	0.02104
2617.06196	0.02088
2615.13340	0.02071
2613.20483	0.02042
2611.27627	0.02011
2609.34771	0.01997
2607.41914	0.02000
2605.49058	0.01993
2603.56201	0.01967
2601.63345	0.01948
2599.70488	0.01944
2597.77632	0.01945
2595.84775	0.01940
2593.91919	0.01920
2591.99062	0.01893
2590.06206	0.01874
2588.13350	0.01862
2586.20493	0.01849
2584.27637	0.01834
2582.34780	0.01819
2580.41924	0.01798
2578.49067	0.01772
2576.56211	0.01750
2574.63354	0.01743
2572.70498	0.01748
2570.77642	0.01752
2568.84785	0.01757
2566.91929	0.01757
2564.99072	0.01744
2563.06216	0.01721
2561.13359	0.01705
2559.20503	0.01699
2557.27646	0.01686
2555.34790	0.01672
2553.41934	0.01671
2551.49077	0.01670
2549.56221	0.01653
2547.63364	0.01644
2545.70508	0.01648
2543.77651	0.01643
2541.84795	0.01624
2539.91938	0.01601
2537.99082	0.01591
2536.06226	0.01596
2534.13369	0.01601
2532.20513	0.01597
2530.27656	0.01584
2528.34800	0.01570
2526.41943	0.01563
2524.49087	0.01561
2522.56230	0.01556
2520.63374	0.01549
2518.70518	0.01549
2516.77661	0.01550
2514.84805	0.01538
2512.91948	0.01521
2510.99092	0.01514
2509.06235	0.01516
2507.13379	0.01519
2505.20522	0.01514
2503.27666	0.01500
2501.34810	0.01490
2499.41953	0.01490
2497.49097	0.01488
2495.56240	0.01482
2493.63384	0.01479
2491.70527	0.01471
2489.77671	0.01458
2487.84814	0.01452
2485.91958	0.01457
2483.99102	0.01465
2482.06245	0.01470
2480.13389	0.01463
2478.20532	0.01451
2476.27676	0.01443
2474.34819	0.01441
2472.41963	0.01436
2470.49106	0.01430
2468.56250	0.01426
2466.63394	0.01420
2464.70537	0.01417
2462.77681	0.01421
2460.84824	0.01426
2458.91968	0.01431
2456.99111	0.01431
2455.06255	0.01427
2453.13398	0.01423
2451.20542	0.01421
2449.27686	0.01411
2447.34829	0.01390
2445.41973	0.01367
2443.49116	0.01351
2441.56260	0.01348
2439.63403	0.01356
2437.70547	0.01371
2435.77690	0.01380
2433.84834	0.01383
2431.91978	0.01386
2429.99121	0.01386
2428.06265	0.01378
2426.13408	0.01368
2424.20552	0.01358
2422.27695	0.01348
2420.34839	0.01341
2418.41982	0.01341
2416.49126	0.01353
2414.56270	0.01366
2412.63413	0.01366
2410.70557	0.01357
2408.77700	0.01343
2406.84844	0.01330
2404.91987	0.01329
2402.99131	0.01337
2401.06274	0.01336
2399.13418	0.01260
2397.20562	0.01251
2395.27705	0.01281
2393.34849	0.01319
2391.41992	0.01362
2389.49136	0.01406
2387.56279	0.01447
2385.63423	0.01489
2383.70566	0.01543
2381.77710	0.01617
2379.84854	0.01704
2377.91997	0.01791
2375.99141	0.01864
2374.06284	0.01927
2372.13428	0.01996
2370.20571	0.02035
2368.27715	0.02085
2366.34858	0.02147
2364.42002	0.02252
2362.49146	0.02333
2360.56289	0.02372
2358.63433	0.02404
2356.70576	0.02382
2354.77720	0.02425
2352.84863	0.02465
2350.92007	0.02435
2348.99150	0.02371
2347.06294	0.02313
2345.13437	0.02255
2343.20581	0.02288
2341.27725	0.02433
2339.34868	0.02467
2337.42012	0.02372
2335.49155	0.02214
2333.56299	0.02088
2331.63442	0.02061
2329.70586	0.02080
2327.77729	0.02174
2325.84873	0.02205
2323.92017	0.02158
2321.99160	0.02051
2320.06304	0.01948
2318.13447	0.01859
2316.20591	0.01817
2314.27734	0.01800
2312.34878	0.01792
2310.42021	0.01798
2308.49165	0.01789
2306.56309	0.01769
2304.63452	0.01733
2302.70596	0.01688
2300.77739	0.01646
2298.84883	0.01612
2296.92026	0.01590
2294.99170	0.01580
2293.06313	0.01568
2291.13457	0.01549
2289.20601	0.01529
2287.27744	0.01503
2285.34888	0.01462
2283.42031	0.01416
2281.49175	0.01377
2279.56318	0.01349
2277.63462	0.01333
2275.70605	0.01335
2273.77749	0.01343
2271.84893	0.01343
2269.92036	0.01339
2267.99180	0.01325
2266.06323	0.01295
2264.13467	0.01270
2262.20610	0.01271
2260.27754	0.01280
2258.34897	0.01275
2256.42041	0.01267
2254.49185	0.01276
2252.56328	0.01295
2250.63472	0.01297
2248.70615	0.01242
2246.77759	0.01236
2244.84902	0.01231
2242.92046	0.01220
2240.99189	0.01218
2239.06333	0.01244
2237.13477	0.01270
2235.20620	0.01246
2233.27764	0.01194
2231.34907	0.01183
2229.42051	0.01201
2227.49194	0.01188
2225.56338	0.01153
2223.63481	0.01144
2221.70625	0.01165
2219.77769	0.01189
2217.84912	0.01189
2215.92056	0.01172
2213.99199	0.01158
2212.06343	0.01155
2210.13486	0.01170
2208.20630	0.01190
2206.27773	0.01178
2204.34917	0.01139
2202.42061	0.01126
2200.49204	0.01142
2198.56348	0.01155
2196.63491	0.01152
2194.70635	0.01132
2192.77778	0.01122
2190.84922	0.01142
2188.92065	0.01163
2186.99209	0.01160
2185.06353	0.01150
2183.13496	0.01155
2181.20640	0.01158
2179.27783	0.01130
2177.34927	0.01082
2175.42070	0.01061
2173.49214	0.01080
2171.56357	0.01100
2169.63501	0.01126
2167.70645	0.01170
2165.77788	0.01227
2163.84932	0.01306
2161.92075	0.01328
2159.99219	0.01162
2158.06362	0.00927
2156.13506	0.00845
2154.20649	0.00871
2152.27793	0.00883
2150.34937	0.00881
2148.42080	0.00897
2146.49224	0.00927
2144.56367	0.00970
2142.63511	0.01007
2140.70654	0.01010
2138.77798	0.00979
2136.84941	0.00934
2134.92085	0.00882
2132.99229	0.00857
2131.06372	0.00883
2129.13516	0.00928
2127.20659	0.00965
2125.27803	0.00991
2123.34946	0.01001
2121.42090	0.01009
2119.49233	0.01038
2117.56377	0.01074
2115.63521	0.01094
2113.70664	0.01089
2111.77808	0.01078
2109.84951	0.01084
2107.92095	0.01089
2105.99238	0.01077
2104.06382	0.01072
2102.13525	0.01093
2100.20669	0.01122
2098.27812	0.01129
2096.34956	0.01099
2094.42100	0.01063
2092.49243	0.01061
2090.56387	0.01089
2088.63530	0.01108
2086.70674	0.01103
2084.77817	0.01099
2082.84961	0.01115
2080.92104	0.01139
2078.99248	0.01152
2077.06392	0.01142
2075.13535	0.01120
2073.20679	0.01101
2071.27822	0.01087
2069.34966	0.01078
2067.42109	0.01081
2065.49253	0.01096
2063.56396	0.01118
2061.63540	0.01140
2059.70684	0.01139
2057.77827	0.01127
2055.84971	0.01143
2053.92114	0.01191
2051.99258	0.01251
2050.06401	0.01260
2048.13545	0.01182
2046.20688	0.01092
2044.27832	0.01056
2042.34976	0.01076
2040.42119	0.01121
2038.49263	0.01135
2036.56406	0.01110
2034.63550	0.01087
2032.70693	0.01097
2030.77837	0.01106
2028.84980	0.01062
2026.92124	0.01005
2024.99268	0.00994
2023.06411	0.01006
2021.13555	0.01007
2019.20698	0.00999
2017.27842	0.00994
2015.34985	0.01004
2013.42129	0.01028
2011.49272	0.01042
2009.56416	0.01004
2007.63560	0.00923
2005.70703	0.00891
2003.77847	0.00958
2001.84990	0.01052
1999.92134	0.01097
1997.99277	0.01108
1996.06421	0.01122
1994.13564	0.01131
1992.20708	0.01118
1990.27852	0.01092
1988.34995	0.01090
1986.42139	0.01119
1984.49282	0.01162
1982.56426	0.01206
1980.63569	0.01225
1978.70713	0.01191
1976.77856	0.01120
1974.85000	0.01052
1972.92144	0.01000
1970.99287	0.00971
1969.06431	0.00974
1967.13574	0.00991
1965.20718	0.00994
1963.27861	0.00962
1961.35005	0.00921
1959.42148	0.00915
1957.49292	0.00927
1955.56436	0.00921
1953.63579	0.00917
1951.70723	0.00946
1949.77866	0.00986
1947.85010	0.01000
1945.92153	0.00990
1943.99297	0.00981
1942.06440	0.00978
1940.13584	0.00973
1938.20728	0.00974
1936.27871	0.00986
1934.35015	0.01005
1932.42158	0.01021
1930.49302	0.01022
1928.56445	0.01010
1926.63589	0.00998
1924.70732	0.01002
1922.77876	0.01026
1920.85020	0.01045
1918.92163	0.01040
1916.99307	0.01028
1915.06450	0.01031
1913.13594	0.01042
1911.20737	0.01052
1909.27881	0.01059
1907.35024	0.01066
1905.42168	0.01076
1903.49312	0.01086
1901.56455	0.01095
1899.63599	0.01103
1897.70742	0.01108
1895.77886	0.01107
1893.85029	0.01096
1891.92173	0.01080
1889.99316	0.01077
1888.06460	0.01085
1886.13604	0.01085
1884.20747	0.01075
1882.27891	0.01066
1880.35034	0.01059
1878.42178	0.01054
1876.49321	0.01056
1874.56465	0.01067
1872.63608	0.01076
1870.70752	0.01073
1868.77896	0.01064
1866.85039	0.01061
1864.92183	0.01061
1862.99326	0.01060
1861.06470	0.01060
1859.13613	0.01061
1857.20757	0.01057
1855.27900	0.01049
1853.35044	0.01047
1851.42187	0.01051
1849.49331	0.01050
1847.56475	0.01044
1845.63618	0.01050
1843.70762	0.01070
1841.77905	0.01080
1839.85049	0.01075
1837.92192	0.01067
1835.99336	0.01063
1834.06479	0.01064
1832.13623	0.01067
1830.20767	0.01076
1828.27910	0.01088
1826.35054	0.01096
1824.42197	0.01098
1822.49341	0.01095
1820.56484	0.01086
1818.63628	0.01076
1816.70771	0.01071
1814.77915	0.01079
1812.85059	0.01096
1810.92202	0.01115
1808.99346	0.01128
1807.06489	0.01138
1805.13633	0.01145
1803.20776	0.01147
1801.27920	0.01145
1799.35063	0.01148
1797.42207	0.01156
1795.49351	0.01162
1793.56494	0.01170
1791.63638	0.01183
1789.70781	0.01198
1787.77925	0.01212
1785.85068	0.01228
1783.92212	0.01238
1781.99355	0.01237
1780.06499	0.01227
1778.13643	0.01217
1776.20786	0.01207
1774.27930	0.01196
1772.35073	0.01189
1770.42217	0.01188
1768.49360	0.01184
1766.56504	0.01169
1764.63647	0.01145
1762.70791	0.01121
1760.77935	0.01098
1758.85078	0.01077
1756.92222	0.01057
1754.99365	0.01039
1753.06509	0.01024
1751.13652	0.01017
1749.20796	0.01021
1747.27939	0.01031
1745.35083	0.01047
1743.42227	0.01067
1741.49370	0.01086
1739.56514	0.01108
1737.63657	0.01134
1735.70801	0.01179
1733.77944	0.01251
1731.85088	0.01324
1729.92231	0.01376
1727.99375	0.01437
1726.06519	0.01537
1724.13662	0.01672
1722.20806	0.01805
1720.27949	0.01907
1718.35093	0.01997
1716.42236	0.02092
1714.49380	0.02171
1712.56523	0.02209
1710.63667	0.02210
1708.70811	0.02182
1706.77954	0.02138
1704.85098	0.02088
1702.92241	0.02038
1700.99385	0.01988
1699.06528	0.01944
1697.13672	0.01911
1695.20815	0.01889
1693.27959	0.01873
1691.35103	0.01856
1689.42246	0.01833
1687.49390	0.01805
1685.56533	0.01788
1683.63677	0.01806
1681.70820	0.01837
1679.77964	0.01846
1677.85107	0.01842
1675.92251	0.01843
1673.99395	0.01848
1672.06538	0.01854
1670.13682	0.01870
1668.20825	0.01894
1666.27969	0.01912
1664.35112	0.01922
1662.42256	0.01931
1660.49399	0.01937
1658.56543	0.01930
1656.63687	0.01909
1654.70830	0.01895
1652.77974	0.01911
1650.85117	0.01934
1648.92261	0.01933
1646.99404	0.01928
1645.06548	0.01941
1643.13691	0.01956
1641.20835	0.01956
1639.27979	0.01938
1637.35122	0.01921
1635.42266	0.01929
1633.49409	0.01960
1631.56553	0.01982
1629.63696	0.01985
1627.70840	0.01975
1625.77983	0.01964
1623.85127	0.01961
1621.92271	0.01959
1619.99414	0.01947
1618.06558	0.01934
1616.13701	0.01937
1614.20845	0.01948
1612.27988	0.01951
1610.35132	0.01949
1608.42275	0.01952
1606.49419	0.01964
1604.56562	0.01979
1602.63706	0.01986
1600.70850	0.01989
1598.77993	0.01996
1596.85137	0.02006
1594.92280	0.02009
1592.99424	0.02002
1591.06567	0.01995
1589.13711	0.01994
1587.20854	0.01995
1585.27998	0.01992
1583.35142	0.01985
1581.42285	0.01977
1579.49429	0.01966
1577.56572	0.01954
1575.63716	0.01950
1573.70859	0.01949
1571.78003	0.01941
1569.85146	0.01933
1567.92290	0.01932
1565.99434	0.01930
1564.06577	0.01914
1562.13721	0.01882
1560.20864	0.01852
1558.28008	0.01854
1556.35151	0.01876
1554.42295	0.01891
1552.49438	0.01894
1550.56582	0.01892
1548.63726	0.01887
1546.70869	0.01873
1544.78013	0.01852
1542.85156	0.01822
1540.92300	0.01792
1538.99443	0.01775
1537.06587	0.01765
1535.13730	0.01749
1533.20874	0.01725
1531.28018	0.01699
1529.35161	0.01675
1527.42305	0.01653
1525.49448	0.01627
1523.56592	0.01599
1521.63735	0.01581
1519.70879	0.01574
1517.78022	0.01565
1515.85166	0.01554
1513.92310	0.01549
1511.99453	0.01549
1510.06597	0.01543
1508.13740	0.01531
1506.20884	0.01526
1504.28027	0.01528
1502.35171	0.01524
1500.42314	0.01512
1498.49458	0.01502
1496.56602	0.01504
1494.63745	0.01514
1492.70889	0.01525
1490.78032	0.01534
1488.85176	0.01545
1486.92319	0.01572
1484.99463	0.01626
1483.06606	0.01720
1481.13750	0.01905
1479.20894	0.02366
1477.28037	0.03507
1475.35181	0.05678
1473.42324	0.08509
1471.49468	0.10736
1469.56611	0.11543
1467.63755	0.11358
1465.70898	0.10738
1463.78042	0.09868
1461.85186	0.08875
1459.92329	0.07894
1457.99473	0.07012
1456.06616	0.06309
1454.13760	0.05784
1452.20903	0.05347
1450.28047	0.04962
1448.35190	0.04657
1446.42334	0.04442
1444.49478	0.04296
1442.56621	0.04187
1440.63765	0.04089
1438.70908	0.03993
1436.78052	0.03891
1434.85195	0.03776
1432.92339	0.03649
1430.99482	0.03506
1429.06626	0.03356
1427.13770	0.03215
1425.20913	0.03094
1423.28057	0.02995
1421.35200	0.02924
1419.42344	0.02880
1417.49487	0.02857
1415.56631	0.02842
1413.63774	0.02830
1411.70918	0.02811
1409.78062	0.02774
1407.85205	0.02721
1405.92349	0.02660
1403.99492	0.02599
1402.06636	0.02540
1400.13779	0.02480
1398.20923	0.02419
1396.28066	0.02365
1394.35210	0.02321
1392.42354	0.02283
1390.49497	0.02247
1388.56641	0.02219
1386.63784	0.02209
1384.70928	0.02238
1382.78071	0.02325
1380.85215	0.02459
1378.92358	0.02582
1376.99502	0.02630
1375.06646	0.02602
1373.13789	0.02554
1371.20933	0.02526
1369.28076	0.02509
1367.35220	0.02475
1365.42363	0.02427
1363.49507	0.02384
1361.56650	0.02350
1359.63794	0.02320
1357.70937	0.02300
1355.78081	0.02292
1353.85225	0.02290
1351.92368	0.02287
1349.99512	0.02284
1348.06655	0.02281
1346.13799	0.02273
1344.20942	0.02263
1342.28086	0.02253
1340.35229	0.02239
1338.42373	0.02217
1336.49517	0.02188
1334.56660	0.02163
1332.63804	0.02146
1330.70947	0.02136
1328.78091	0.02134
1326.85234	0.02142
1324.92378	0.02159
1322.99521	0.02180
1321.06665	0.02198
1319.13809	0.02218
1317.20952	0.02240
1315.28096	0.02264
1313.35239	0.02289
1311.42383	0.02315
1309.49526	0.02339
1307.56670	0.02356
1305.63813	0.02366
1303.70957	0.02371
1301.78101	0.02373
1299.85244	0.02374
1297.92388	0.02374
1295.99531	0.02368
1294.06675	0.02350
1292.13818	0.02329
1290.20962	0.02312
1288.28105	0.02301
1286.35249	0.02291
1284.42393	0.02281
1282.49536	0.02274
1280.56680	0.02267
1278.63823	0.02257
1276.70967	0.02250
1274.78110	0.02247
1272.85254	0.02242
1270.92397	0.02237
1268.99541	0.02236
1267.06685	0.02240
1265.13828	0.02240
1263.20972	0.02234
1261.28115	0.02232
1259.35259	0.02237
1257.42402	0.02239
1255.49546	0.02232
1253.56689	0.02224
1251.63833	0.02220
1249.70977	0.02220
1247.78120	0.02218
1245.85264	0.02214
1243.92407	0.02204
1241.99551	0.02188
1240.06694	0.02162
1238.13838	0.02122
1236.20981	0.02076
1234.28125	0.02034
1232.35269	0.02000
1230.42412	0.01980
1228.49556	0.01980
1226.56699	0.02000
1224.63843	0.02037
1222.70986	0.02065
1220.78130	0.02053
1218.85273	0.02015
1216.92417	0.02009
1214.99561	0.02055
1213.06704	0.02111
1211.13848	0.02151
1209.20991	0.02181
1207.28135	0.02207
1205.35278	0.02235
1203.42422	0.02274
1201.49565	0.02331
1199.56709	0.02398
1197.63853	0.02463
1195.70996	0.02527
1193.78140	0.02595
1191.85283	0.02666
1189.92427	0.02732
1187.99570	0.02791
1186.06714	0.02849
1184.13857	0.02905
1182.21001	0.02954
1180.28145	0.02999
1178.35288	0.03049
1176.42432	0.03104
1174.49575	0.03158
1172.56719	0.03206
1170.63862	0.03244
1168.71006	0.03271
1166.78149	0.03297
1164.85293	0.03325
1162.92437	0.03353
1160.99580	0.03381
1159.06724	0.03410
1157.13867	0.03434
1155.21011	0.03454
1153.28154	0.03473
1151.35298	0.03487
1149.42441	0.03496
1147.49585	0.03509
1145.56729	0.03528
1143.63872	0.03548
1141.71016	0.03570
1139.78159	0.03591
1137.85303	0.03615
1135.92446	0.03652
1133.99590	0.03690
1132.06733	0.03720
1130.13877	0.03751
1128.21021	0.03784
1126.28164	0.03818
1124.35308	0.03852
1122.42451	0.03887
1120.49595	0.03924
1118.56738	0.03958
1116.63882	0.03989
1114.71025	0.04028
1112.78169	0.04074
1110.85312	0.04112
1108.92456	0.04133
1106.99600	0.04143
1105.06743	0.04155
1103.13887	0.04177
1101.21030	0.04203
1099.28174	0.04223
1097.35317	0.04239
1095.42461	0.04254
1093.49604	0.04263
1091.56748	0.04266
1089.63892	0.04271
1087.71035	0.04283
1085.78179	0.04299
1083.85322	0.04318
1081.92466	0.04339
1079.99609	0.04351
1078.06753	0.04351
1076.13896	0.04351
1074.21040	0.04355
1072.28184	0.04357
1070.35327	0.04362
1068.42471	0.04366
1066.49614	0.04370
1064.56758	0.04367
1062.63901	0.04353
1060.71045	0.04338
1058.78188	0.04334
1056.85332	0.04334
1054.92476	0.04335
1052.99619	0.04337
1051.06763	0.04335
1049.13906	0.04328
1047.21050	0.04323
1045.28193	0.04323
1043.35337	0.04324
1041.42480	0.04317
1039.49624	0.04298
1037.56768	0.04272
1035.63911	0.04237
1033.71055	0.04191
1031.78198	0.04140
1029.85342	0.04086
1027.92485	0.04028
1025.99629	0.03965
1024.06772	0.03907
1022.13916	0.03862
1020.21060	0.03832
1018.28203	0.03802
1016.35347	0.03757
1014.42490	0.03710
1012.49634	0.03667
1010.56777	0.03628
1008.63921	0.03594
1006.71064	0.03556
1004.78208	0.03510
1002.85352	0.03460
1000.92495	0.03416
998.99639	0.03381
997.06782	0.03341
995.13926	0.03285
993.21069	0.03226
991.28213	0.03179
989.35356	0.03138
987.42500	0.03087
985.49644	0.03029
983.56787	0.02973
981.63931	0.02922
979.71074	0.02869
977.78218	0.02811
975.85361	0.02758
973.92505	0.02718
971.99648	0.02683
970.06792	0.02650
968.13936	0.02628
966.21079	0.02611
964.28223	0.02586
962.35366	0.02553
960.42510	0.02526
958.49653	0.02508
956.56797	0.02491
954.63940	0.02476
952.71084	0.02462
950.78228	0.02448
948.85371	0.02436
946.92515	0.02432
944.99658	0.02434
943.06802	0.02433
941.13945	0.02424
939.21089	0.02408
937.28232	0.02390
935.35376	0.02376
933.42520	0.02365
931.49663	0.02351
929.56807	0.02339
927.63950	0.02329
925.71094	0.02317
923.78237	0.02303
921.85381	0.02294
919.92524	0.02294
917.99668	0.02303
916.06812	0.02316
914.13955	0.02324
912.21099	0.02323
910.28242	0.02318
908.35386	0.02302
906.42529	0.02278
904.49673	0.02258
902.56816	0.02238
900.63960	0.02222
898.71104	0.02217
896.78247	0.02213
894.85391	0.02194
892.92534	0.02173
890.99678	0.02166
889.06821	0.02162
887.13965	0.02145
885.21108	0.02122
883.28252	0.02102
881.35396	0.02088
879.42539	0.02080
877.49683	0.02070
875.56826	0.02054
873.63970	0.02038
871.71113	0.02030
869.78257	0.02020
867.85400	0.01999
865.92544	0.01978
863.99687	0.01968
862.06831	0.01969
860.13975	0.01977
858.21118	0.01988
856.28262	0.01991
854.35405	0.01982
852.42549	0.01968
850.49692	0.01956
848.56836	0.01945
846.63979	0.01931
844.71123	0.01920
842.78267	0.01922
840.85410	0.01937
838.92554	0.01954
836.99697	0.01965
835.06841	0.01977
833.13984	0.01987
831.21128	0.01992
829.28271	0.01996
827.35415	0.02002
825.42559	0.02019
823.49702	0.02050
821.56846	0.02072
819.63989	0.02068
817.71133	0.02062
815.78276	0.02071
813.85420	0.02084
811.92563	0.02093
809.99707	0.02108
808.06851	0.02129
806.13994	0.02153
804.21138	0.02171
802.28281	0.02181
800.35425	0.02189
798.42568	0.02199
796.49712	0.02215
794.56855	0.02233
792.63999	0.02229
790.71143	0.02210
788.78286	0.02211
786.85430	0.02244
784.92573	0.02281
782.99717	0.02291
781.06860	0.02279
779.14004	0.02272
777.21147	0.02284
775.28291	0.02303
773.35435	0.02320
771.42578	0.02329
769.49722	0.02336
767.56865	0.02348
765.64009	0.02354
763.71152	0.02347
761.78296	0.02346
759.85439	0.02354
757.92583	0.02369
755.99727	0.02392
754.06870	0.02411
752.14014	0.02420
750.21157	0.02435
748.28301	0.02469
746.35444	0.02522
744.42588	0.02571
742.49731	0.02608
740.56875	0.02674
738.64019	0.02809
736.71162	0.03057
734.78306	0.03536
732.85449	0.04308
730.92593	0.05152
728.99736	0.05820
727.06880	0.06456
725.14023	0.07384
723.21167	0.08792
721.28311	0.10593
719.35454	0.12363
717.42598	0.13176
715.49741	0.12302
713.56885	0.10175
711.64028	0.07983
709.71172	0.06428
707.78315	0.05463
705.85459	0.04842
703.92603	0.04417
701.99746	0.04121
700.06890	0.03914
698.14033	0.03757
696.21177	0.03618
694.28320	0.03503
692.35464	0.03432
690.42607	0.03391
688.49751	0.03343
686.56895	0.03298
684.64038	0.03280
682.71182	0.03282
680.78325	0.03264
678.85469	0.03215
676.92612	0.03177
674.99756	0.03187
673.06899	0.03232
671.14043	0.03191
669.21187	0.03020
667.28330	0.03166
665.35474	0.03107
663.42617	0.03161
661.49761	0.03227
659.56904	0.03277
657.64048	0.03326
655.71191	0.03361
653.78335	0.03380
651.85479	0.03398
649.92622	0.03422
647.99766	0.03463
646.06909	0.03513
644.14053	0.03547
642.21196	0.03562
640.28340	0.03552
638.35483	0.03544
636.42627	0.03585
634.49771	0.03670
632.56914	0.03752
630.64058	0.03785
628.71201	0.03778
626.78345	0.03778
624.85488	0.03819
622.92632	0.03860
620.99775	0.03862
619.06919	0.03850
617.14062	0.03850
615.21206	0.03878
613.28350	0.03920
611.35493	0.03900
609.42637	0.03801
607.49780	0.03761
605.56924	0.03887
603.64067	0.04022
601.71211	0.03978
599.78354	0.03805
