3997.91411	0.01423
3995.98555	0.01424
3994.05698	0.01429
3992.12842	0.01439
3990.19985	0.01444
3988.27129	0.01446
3986.34272	0.01448
3984.41416	0.01440
3982.48560	0.01424
3980.55703	0.01424
3978.62847	0.01438
3976.69990	0.01443
3974.77134	0.01433
3972.84277	0.01423
3970.91421	0.01417
3968.98564	0.01410
3967.05708	0.01406
3965.12852	0.01405
3963.19995	0.01403
3961.27139	0.01402
3959.34282	0.01401
3957.41426	0.01403
3955.48569	0.01408
3953.55713	0.01409
3951.62856	0.01410
3949.70000	0.01416
3947.77144	0.01419
3945.84287	0.01420
3943.91431	0.01419
3941.98574	0.01410
3940.05718	0.01397
3938.12861	0.01387
3936.20005	0.01386
3934.27148	0.01394
3932.34292	0.01396
3930.41436	0.01384
3928.48579	0.01371
3926.55723	0.01369
3924.62866	0.01377
3922.70010	0.01382
3920.77153	0.01386
3918.84297	0.01397
3916.91440	0.01398
3914.98584	0.01380
3913.05728	0.01362
3911.12871	0.01356
3909.20015	0.01352
3907.27158	0.01351
3905.34302	0.01363
3903.41445	0.01382
3901.48589	0.01386
3899.55732	0.01373
3897.62876	0.01358
3895.70020	0.01355
3893.77163	0.01364
3891.84307	0.01367
3889.91450	0.01354
3887.98594	0.01341
3886.05737	0.01346
3884.12881	0.01349
3882.20024	0.01341
3880.27168	0.01336
3878.34312	0.01326
3876.41455	0.01317
3874.48599	0.01322
3872.55742	0.01324
3870.62886	0.01315
3868.70029	0.01309
3866.77173	0.01313
3864.84316	0.01320
3862.91460	0.01313
3860.98604	0.01294
3859.05747	0.01277
3857.12891	0.01270
3855.20034	0.01285
3853.27178	0.01312
3851.34321	0.01315
3849.41465	0.01295
3847.48608	0.01272
3845.55752	0.01258
3843.62896	0.01252
3841.70039	0.01247
3839.77183	0.01250
3837.84326	0.01264
3835.91470	0.01267
3833.98613	0.01257
3832.05757	0.01247
3830.12900	0.01237
3828.20044	0.01224
3826.27187	0.01214
3824.34331	0.01212
3822.41475	0.01225
3820.48618	0.01239
3818.55762	0.01225
3816.62905	0.01204
3814.70049	0.01200
3812.77192	0.01203
3810.84336	0.01210
3808.91479	0.01218
3806.98623	0.01215
3805.05767	0.01195
3803.12910	0.01184
3801.20054	0.01192
3799.27197	0.01194
3797.34341	0.01191
3795.41484	0.01192
3793.48628	0.01188
3791.55771	0.01188
3789.62915	0.01191
3787.70059	0.01182
3785.77202	0.01165
3783.84346	0.01155
3781.91489	0.01147
3779.98633	0.01144
3778.05776	0.01152
3776.12920	0.01150
3774.20063	0.01136
3772.27207	0.01134
3770.34351	0.01147
3768.41494	0.01154
3766.48638	0.01151
3764.55781	0.01144
3762.62925	0.01134
3760.70068	0.01130
3758.77212	0.01129
3756.84355	0.01122
3754.91499	0.01118
3752.98643	0.01127
3751.05786	0.01134
3749.12930	0.01123
3747.20073	0.01121
3745.27217	0.01134
3743.34360	0.01132
3741.41504	0.01112
3739.48647	0.01103
3737.55791	0.01107
3735.62935	0.01108
3733.70078	0.01080
3731.77222	0.01032
3729.84365	0.01009
3727.91509	0.01025
3725.98652	0.01053
3724.05796	0.01064
3722.12939	0.01061
3720.20083	0.01056
3718.27227	0.01053
3716.34370	0.01040
3714.41514	0.01020
3712.48657	0.01004
3710.55801	0.01001
3708.62944	0.01008
3706.70088	0.01014
3704.77231	0.01020
3702.84375	0.01026
3700.91519	0.01021
3698.98662	0.01005
3697.05806	0.01001
3695.12949	0.01016
3693.20093	0.01036
3691.27236	0.01044
3689.34380	0.01040
3687.41523	0.01044
3685.48667	0.01045
3683.55811	0.01037
3681.62954	0.01036
3679.70098	0.01055
3677.77241	0.01092
3675.84385	0.01123
3673.91528	0.01124
3671.98672	0.01125
3670.05815	0.01145
3668.12959	0.01165
3666.20103	0.01170
3664.27246	0.01168
3662.34390	0.01175
3660.41533	0.01204
3658.48677	0.01238
3656.55820	0.01258
3654.62964	0.01266
3652.70107	0.01284
3650.77251	0.01333
3648.84395	0.01405
3646.91538	0.01442
3644.98682	0.01428
3643.05825	0.01405
3641.12969	0.01400
3639.20112	0.01416
3637.27256	0.01447
3635.34399	0.01484
3633.41543	0.01521
3631.48687	0.01556
3629.55830	0.01589
3627.62974	0.01615
3625.70117	0.01626
3623.77261	0.01633
3621.84404	0.01664
3619.91548	0.01727
3617.98691	0.01787
3616.05835	0.01826
3614.12979	0.01868
3612.20122	0.01922
3610.27266	0.01972
3608.34409	0.02004
3606.41553	0.02024
3604.48696	0.02047
3602.55840	0.02078
3600.62983	0.02116
3598.70127	0.02166
3596.77271	0.02222
3594.84414	0.02263
3592.91558	0.02287
3590.98701	0.02322
3589.05845	0.02393
3587.12988	0.02467
3585.20132	0.02495
3583.27275	0.02510
3581.34419	0.02547
3579.41562	0.02585
3577.48706	0.02611
3575.55850	0.02651
3573.62993	0.02714
3571.70137	0.02775
3569.77280	0.02830
3567.84424	0.02903
3565.91567	0.02976
3563.98711	0.03025
3562.05854	0.03070
3560.12998	0.03112
3558.20142	0.03147
3556.27285	0.03194
3554.34429	0.03238
3552.41572	0.03268
3550.48716	0.03317
3548.55859	0.03396
3546.63003	0.03487
3544.70146	0.03562
3542.77290	0.03605
3540.84434	0.03628
3538.91577	0.03645
3536.98721	0.03677
3535.05864	0.03735
3533.13008	0.03801
3531.20151	0.03865
3529.27295	0.03936
3527.34438	0.04011
3525.41582	0.04077
3523.48726	0.04135
3521.55869	0.04181
3519.63013	0.04211
3517.70156	0.04243
3515.77300	0.04295
3513.84443	0.04363
3511.91587	0.04437
3509.98730	0.04498
3508.05874	0.04546
3506.13018	0.04606
3504.20161	0.04673
3502.27305	0.04721
3500.34448	0.04767
3498.41592	0.04827
3496.48735	0.04887
3494.55879	0.04937
3492.63022	0.04981
3490.70166	0.05028
3488.77310	0.05084
3486.84453	0.05150
3484.91597	0.05219
3482.98740	0.05274
3481.05884	0.05314
3479.13027	0.05361
3477.20171	0.05420
3475.27314	0.05483
3473.34458	0.05542
3471.41602	0.05579
3469.48745	0.05602
3467.55889	0.05649
3465.63032	0.05721
3463.70176	0.05786
3461.77319	0.05844
3459.84463	0.05911
3457.91606	0.05972
3455.98750	0.06015
3454.05894	0.06052
3452.13037	0.06104
3450.20181	0.06171
3448.27324	0.06243
3446.34468	0.06315
3444.41611	0.06377
3442.48755	0.06420
3440.55898	0.06458
3438.63042	0.06509
3436.70186	0.06578
3434.77329	0.06658
3432.84473	0.06726
3430.91616	0.06783
3428.98760	0.06842
3427.05903	0.06906
3425.13047	0.06969
3423.20190	0.07036
3421.27334	0.07108
3419.34478	0.07167
3417.41621	0.07203
3415.48765	0.07251
3413.55908	0.07323
3411.63052	0.07380
3409.70195	0.07419
3407.77339	0.07468
3405.84482	0.07526
3403.91626	0.07583
3401.98770	0.07639
3400.05913	0.07691
3398.13057	0.07751
3396.20200	0.07835
3394.27344	0.07920
3392.34487	0.07990
3390.41631	0.08059
3388.48774	0.08136
3386.55918	0.08215
3384.63062	0.08281
3382.70205	0.08337
3380.77349	0.08407
3378.84492	0.08496
3376.91636	0.08586
3374.98779	0.08651
3373.05923	0.08698
3371.13066	0.08767
3369.20210	0.08877
3367.27354	0.08995
3365.34497	0.09111
3363.41641	0.09220
3361.48784	0.09305
3359.55928	0.09384
3357.63071	0.09491
3355.70215	0.09613
3353.77358	0.09715
3351.84502	0.09794
3349.91646	0.09880
3347.98789	0.09979
3346.05933	0.10078
3344.13076	0.10184
3342.20220	0.10296
3340.27363	0.10392
3338.34507	0.10490
3336.41650	0.10615
3334.48794	0.10747
3332.55937	0.10868
3330.63081	0.10981
3328.70225	0.11093
3326.77368	0.11202
3324.84512	0.11314
3322.91655	0.11435
3320.98799	0.11556
3319.05942	0.11682
3317.13086	0.11825
3315.20229	0.11969
3313.27373	0.12105
3311.34517	0.12252
3309.41660	0.12392
3307.48804	0.12490
3305.55947	0.12575
3303.63091	0.12706
3301.70234	0.12876
3299.77378	0.13036
3297.84521	0.13170
3295.91665	0.13281
3293.98809	0.13367
3292.05952	0.13454
3290.13096	0.13553
3288.20239	0.13647
3286.27383	0.13724
3284.34526	0.13789
3282.41670	0.13847
3280.48813	0.13899
3278.55957	0.13926
3276.63101	0.13928
3274.70244	0.13921
3272.77388	0.13903
3270.84531	0.13856
3268.91675	0.13800
3266.98818	0.13759
3265.05962	0.13713
3263.13105	0.13644
3261.20249	0.13552
3259.27393	0.13434
3257.34536	0.13310
3255.41680	0.13197
3253.48823	0.13082
3251.55967	0.12966
3249.63110	0.12851
3247.70254	0.12719
3245.77397	0.12588
3243.84541	0.12481
3241.91685	0.12387
3239.98828	0.12295
3238.05972	0.12203
3236.13115	0.12108
3234.20259	0.12014
3232.27402	0.11933
3230.34546	0.11866
3228.41689	0.11806
3226.48833	0.11760
3224.55977	0.11723
3222.63120	0.11676
3220.70264	0.11628
3218.77407	0.11597
3216.84551	0.11574
3214.91694	0.11537
3212.98838	0.11483
3211.05981	0.11420
3209.13125	0.11364
3207.20269	0.11319
3205.27412	0.11275
3203.34556	0.11232
3201.41699	0.11200
3199.48843	0.11187
3197.55986	0.11175
3195.63130	0.11141
3193.70273	0.11083
3191.77417	0.11009
3189.84561	0.10936
3187.91704	0.10885
3185.98848	0.10845
3184.05991	0.10803
3182.13135	0.10754
3180.20278	0.10684
3178.27422	0.10602
3176.34565	0.10541
3174.41709	0.10504
3172.48853	0.10468
3170.55996	0.10428
3168.63140	0.10385
3166.70283	0.10334
3164.77427	0.10280
3162.84570	0.10225
3160.91714	0.10167
3158.98857	0.10105
3157.06001	0.10036
3155.13145	0.09968
3153.20288	0.09914
3151.27432	0.09876
3149.34575	0.09835
3147.41719	0.09786
3145.48862	0.09740
3143.56006	0.09701
3141.63149	0.09665
3139.70293	0.09637
3137.77437	0.09622
3135.84580	0.09600
3133.91724	0.09555
3131.98867	0.09503
3130.06011	0.09466
3128.13154	0.09434
3126.20298	0.09408
3124.27441	0.09389
3122.34585	0.09362
3120.41729	0.09330
3118.48872	0.09323
3116.56016	0.09332
3114.63159	0.09328
3112.70303	0.09321
3110.77446	0.09332
3108.84590	0.09357
3106.91733	0.09387
3104.98877	0.09415
3103.06021	0.09422
3101.13164	0.09413
3099.20308	0.09416
3097.27451	0.09443
3095.34595	0.09491
3093.41738	0.09537
3091.48882	0.09568
3089.56025	0.09596
3087.63169	0.09625
3085.70312	0.09644
3083.77456	0.09645
3081.84600	0.09646
3079.91743	0.09670
3077.98887	0.09709
3076.06030	0.09743
3074.13174	0.09769
3072.20317	0.09789
3070.27461	0.09797
3068.34604	0.09794
3066.41748	0.09799
3064.48892	0.09814
3062.56035	0.09822
3060.63179	0.09813
3058.70322	0.09791
3056.77466	0.09761
3054.84609	0.09726
3052.91753	0.09691
3050.98896	0.09664
3049.06040	0.09642
3047.13184	0.09600
3045.20327	0.09531
3043.27471	0.09465
3041.34614	0.09434
3039.41758	0.09426
3037.48901	0.09407
3035.56045	0.09373
3033.63188	0.09335
3031.70332	0.09294
3029.77476	0.09255
3027.84619	0.09216
3025.91763	0.09171
3023.98906	0.09136
3022.06050	0.09107
3020.13193	0.09064
3018.20337	0.09024
3016.27480	0.09005
3014.34624	0.08993
3012.41768	0.08990
3010.48911	0.09006
3008.56055	0.09024
3006.63198	0.09020
3004.70342	0.08986
3002.77485	0.08935
3000.84629	0.08888
2998.91772	0.08855
2996.98916	0.08839
2995.06060	0.08839
2993.13203	0.08858
2991.20347	0.08907
2989.27490	0.08986
2987.34634	0.09096
2985.41777	0.09235
2983.48921	0.09395
2981.56064	0.09565
2979.63208	0.09750
2977.70352	0.09967
2975.77495	0.10226
2973.84639	0.10517
2971.91782	0.10830
2969.98926	0.11178
2968.06069	0.11575
2966.13213	0.12003
2964.20356	0.12412
2962.27500	0.12775
2960.34644	0.13096
2958.41787	0.13358
2956.48931	0.13527
2954.56074	0.13570
2952.63218	0.13495
2950.70361	0.13387
2948.77505	0.13368
2946.84648	0.13510
2944.91792	0.13827
2942.98936	0.14314
2941.06079	0.14944
2939.13223	0.15689
2937.20366	0.16540
2935.27510	0.17477
2933.34653	0.18468
2931.41797	0.19502
2929.48940	0.20587
2927.56084	0.21720
2925.63228	0.22879
2923.70371	0.24029
2921.77515	0.25076
2919.84658	0.25804
2917.91802	0.25927
2915.98945	0.25224
2914.06089	0.23794
2912.13232	0.22095
2910.20376	0.20560
2908.27520	0.19349
2906.34663	0.18423
2904.41807	0.17688
2902.48950	0.17080
2900.56094	0.16557
2898.63237	0.16085
2896.70381	0.15647
2894.77524	0.15238
2892.84668	0.14859
2890.91812	0.14506
2888.98955	0.14164
2887.06099	0.13833
2885.13242	0.13536
2883.20386	0.13300
2881.27529	0.13135
2879.34673	0.13062
2877.41816	0.13105
2875.48960	0.13234
2873.56104	0.13374
2871.63247	0.13452
2869.70391	0.13451
2867.77534	0.13433
2865.84678	0.13515
2863.91821	0.13804
2861.98965	0.14337
2860.06108	0.15104
2858.13252	0.16081
2856.20396	0.17251
2854.27539	0.18582
2852.34683	0.19866
2850.41826	0.20535
2848.48970	0.19975
2846.56113	0.18295
2844.63257	0.16288
2842.70400	0.14585
2840.77544	0.13315
2838.84687	0.12391
2836.91831	0.11728
2834.98975	0.11250
2833.06118	0.10889
2831.13262	0.10609
2829.20405	0.10374
2827.27549	0.10153
2825.34692	0.09953
2823.41836	0.09774
2821.48979	0.09610
2819.56123	0.09464
2817.63267	0.09333
2815.70410	0.09212
2813.77554	0.09098
2811.84697	0.08985
2809.91841	0.08882
2807.98984	0.08794
2806.06128	0.08707
2804.13271	0.08619
2802.20415	0.08536
2800.27559	0.08455
2798.34702	0.08379
2796.41846	0.08313
2794.48989	0.08249
2792.56133	0.08180
2790.63276	0.08118
2788.70420	0.08066
2786.77563	0.08014
2784.84707	0.07958
2782.91851	0.07903
2780.98994	0.07855
2779.06138	0.07808
2777.13281	0.07751
2775.20425	0.07687
2773.27568	0.07626
2771.34712	0.07573
2769.41855	0.07526
2767.48999	0.07476
2765.56143	0.07429
2763.63286	0.07391
2761.70430	0.07357
2759.77573	0.07322
2757.84717	0.07291
2755.91860	0.07261
2753.99004	0.07229
2752.06147	0.07194
2750.13291	0.07152
2748.20435	0.07110
2746.27578	0.07074
2744.34722	0.07043
2742.41865	0.07017
2740.49009	0.06992
2738.56152	0.06962
2736.63296	0.06932
2734.70439	0.06906
2732.77583	0.06885
2730.84727	0.06867
2728.91870	0.06848
2726.99014	0.06819
2725.06157	0.06777
2723.13301	0.06732
2721.20444	0.06696
2719.27588	0.06671
2717.34731	0.06650
2715.41875	0.06627
2713.49019	0.06600
2711.56162	0.06569
2709.63306	0.06541
2707.70449	0.06519
2705.77593	0.06503
2703.84736	0.06489
2701.91880	0.06472
2699.99023	0.06456
2698.06167	0.06443
2696.13311	0.06433
2694.20454	0.06426
2692.27598	0.06417
2690.34741	0.06403
2688.41885	0.06389
2686.49028	0.06381
2684.56172	0.06379
2682.63315	0.06375
2680.70459	0.06364
2678.77603	0.06351
2676.84746	0.06342
2674.91890	0.06332
2672.99033	0.06318
2671.06177	0.06301
2669.13320	0.06283
2667.20464	0.06272
2665.27607	0.06279
2663.34751	0.06295
2661.41895	0.06301
2659.49038	0.06297
2657.56182	0.06291
2655.63325	0.06282
2653.70469	0.06271
2651.77612	0.06259
2649.84756	0.06247
2647.91899	0.06236
2645.99043	0.06219
2644.06187	0.06193
2642.13330	0.06165
2640.20474	0.06140
2638.27617	0.06118
2636.34761	0.06096
2634.41904	0.06075
2632.49048	0.06053
2630.56191	0.06026
2628.63335	0.05998
2626.70479	0.05971
2624.77622	0.05945
2622.84766	0.05914
2620.91909	0.05880
2618.99053	0.05855
2617.06196	0.05839
2615.13340	0.05819
2613.20483	0.05795
2611.27627	0.05767
2609.34771	0.05739
2607.41914	0.05718
2605.49058	0.05704
2603.56201	0.05686
2601.63345	0.05651
2599.70488	0.05605
2597.77632	0.05566
2595.84775	0.05546
2593.91919	0.05535
2591.99062	0.05519
2590.06206	0.05492
2588.13350	0.05465
2586.20493	0.05439
2584.27637	0.05412
2582.34780	0.05391
2580.41924	0.05369
2578.49067	0.05342
2576.56211	0.05319
2574.63354	0.05298
2572.70498	0.05277
2570.77642	0.05261
2568.84785	0.05250
2566.91929	0.05240
2564.99072	0.05226
2563.06216	0.05204
2561.13359	0.05173
2559.20503	0.05138
2557.27646	0.05112
2555.34790	0.05104
2553.41934	0.05093
2551.49077	0.05060
2549.56221	0.05021
2547.63364	0.04999
2545.70508	0.04987
2543.77651	0.04969
2541.84795	0.04946
2539.91938	0.04928
2537.99082	0.04917
2536.06226	0.04903
2534.13369	0.04879
2532.20513	0.04855
2530.27656	0.04838
2528.34800	0.04823
2526.41943	0.04803
2524.49087	0.04774
2522.56230	0.04749
2520.63374	0.04734
2518.70518	0.04723
2516.77661	0.04704
2514.84805	0.04667
2512.91948	0.04626
2510.99092	0.04602
2509.06235	0.04592
2507.13379	0.04579
2505.20522	0.04560
2503.27666	0.04537
2501.34810	0.04515
2499.41953	0.04498
2497.49097	0.04485
2495.56240	0.04471
2493.63384	0.04448
2491.70527	0.04416
2489.77671	0.04380
2487.84814	0.04348
2485.91958	0.04334
2483.99102	0.04330
2482.06245	0.04314
2480.13389	0.04286
2478.20532	0.04260
2476.27676	0.04233
2474.34819	0.04213
2472.41963	0.04203
2470.49106	0.04185
2468.56250	0.04159
2466.63394	0.04139
2464.70537	0.04125
2462.77681	0.04112
2460.84824	0.04102
2458.91968	0.04092
2456.99111	0.04074
2455.06255	0.04056
2453.13398	0.04042
2451.20542	0.04026
2449.27686	0.03999
2447.34829	0.03964
2445.41973	0.03933
2443.49116	0.03915
2441.56260	0.03899
2439.63403	0.03876
2437.70547	0.03848
2435.77690	0.03825
2433.84834	0.03817
2431.91978	0.03807
2429.99121	0.03783
2428.06265	0.03764
2426.13408	0.03758
2424.20552	0.03741
2422.27695	0.03702
2420.34839	0.03666
2418.41982	0.03646
2416.49126	0.03631
2414.56270	0.03614
2412.63413	0.03605
2410.70557	0.03598
2408.77700	0.03580
2406.84844	0.03551
2404.91987	0.03528
2402.99131	0.03521
2401.06274	0.03518
2399.13418	0.03502
2397.20562	0.03482
2395.27705	0.03465
2393.34849	0.03442
2391.41992	0.03412
2389.49136	0.03388
2387.56279	0.03371
2385.63423	0.03345
2383.70566	0.03305
2381.77710	0.03245
2379.84854	0.03161
2377.91997	0.03062
2375.99141	0.02961
2374.06284	0.02860
2372.13428	0.02751
2370.20571	0.02645
2368.27715	0.02554
2366.34858	0.02474
2364.42002	0.02410
2362.49146	0.02374
2360.56289	0.02375
2358.63433	0.02401
2356.70576	0.02443
2354.77720	0.02513
2352.84863	0.02622
2350.92007	0.02737
2348.99150	0.02782
2347.06294	0.02726
2345.13437	0.02631
2343.20581	0.02578
2341.27725	0.02568
2339.34868	0.02570
2337.42012	0.02574
2335.49155	0.02584
2333.56299	0.02596
2331.63442	0.02612
2329.70586	0.02664
2327.77729	0.02801
2325.84873	0.02987
2323.92017	0.03090
2321.99160	0.03076
2320.06304	0.03039
2318.13447	0.03023
2316.20591	0.03008
2314.27734	0.02996
2312.34878	0.03002
2310.42021	0.03017
2308.49165	0.03027
2306.56309	0.03032
2304.63452	0.03042
2302.70596	0.03055
2300.77739	0.03061
2298.84883	0.03057
2296.92026	0.03058
2294.99170	0.03075
2293.06313	0.03112
2291.13457	0.03150
2289.20601	0.03169
2287.27744	0.03174
2285.34888	0.03169
2283.42031	0.03144
2281.49175	0.03103
2279.56318	0.03060
2277.63462	0.03014
2275.70605	0.02972
2273.77749	0.02941
2271.84893	0.02916
2269.92036	0.02897
2267.99180	0.02873
2266.06323	0.02838
2264.13467	0.02816
2262.20610	0.02817
2260.27754	0.02822
2258.34897	0.02812
2256.42041	0.02772
2254.49185	0.02726
2252.56328	0.02717
2250.63472	0.02722
2248.70615	0.02710
2246.77759	0.02687
2244.84902	0.02664
2242.92046	0.02652
2240.99189	0.02654
2239.06333	0.02676
2237.13477	0.02703
2235.20620	0.02699
2233.27764	0.02681
2231.34907	0.02676
2229.42051	0.02666
2227.49194	0.02640
2225.56338	0.02608
2223.63481	0.02581
2221.70625	0.02571
2219.77769	0.02581
2217.84912	0.02599
2215.92056	0.02611
2213.99199	0.02602
2212.06343	0.02586
2210.13486	0.02582
2208.20630	0.02577
2206.27773	0.02555
2204.34917	0.02544
2202.42061	0.02577
2200.49204	0.02619
2198.56348	0.02604
2196.63491	0.02548
2194.70635	0.02525
2192.77778	0.02523
2190.84922	0.02515
2188.92065	0.02539
2186.99209	0.02577
2185.06353	0.02550
2183.13496	0.02460
2181.20640	0.02402
2179.27783	0.02424
2177.34927	0.02450
2175.42070	0.02428
2173.49214	0.02407
2171.56357	0.02436
2169.63501	0.02509
2167.70645	0.02563
2165.77788	0.02577
2163.84932	0.02615
2161.92075	0.02592
2159.99219	0.02286
2158.06362	0.01858
2156.13506	0.01713
2154.20649	0.01848
2152.27793	0.02009
2150.34937	0.02046
2148.42080	0.02000
2146.49224	0.01975
2144.56367	0.01984
2142.63511	0.01996
2140.70654	0.02017
2138.77798	0.02035
2136.84941	0.02003
2134.92085	0.01925
2132.99229	0.01889
2131.06372	0.01934
2129.13516	0.02008
2127.20659	0.02070
2125.27803	0.02119
2123.34946	0.02171
2121.42090	0.02238
2119.49233	0.02288
2117.56377	0.02313
2115.63521	0.02336
2113.70664	0.02348
2111.77808	0.02338
2109.84951	0.02333
2107.92095	0.02348
2105.99238	0.02362
2104.06382	0.02365
2102.13525	0.02363
2100.20669	0.02353
2098.27812	0.02318
2096.34956	0.02259
2094.42100	0.02228
2092.49243	0.02251
2090.56387	0.02288
2088.63530	0.02305
2086.70674	0.02314
2084.77817	0.02336
2082.84961	0.02361
2080.92104	0.02361
2078.99248	0.02344
2077.06392	0.02341
2075.13535	0.02340
2073.20679	0.02320
2071.27822	0.02292
2069.34966	0.02273
2067.42109	0.02260
2065.49253	0.02253
2063.56396	0.02249
2061.63540	0.02244
2059.70684	0.02256
2057.77827	0.02278
2055.84971	0.02272
2053.92114	0.02305
2051.99258	0.02418
2050.06401	0.02460
2048.13545	0.02371
2046.20688	0.02285
2044.27832	0.02245
2042.34976	0.02216
2040.42119	0.02202
2038.49263	0.02195
2036.56406	0.02191
2034.63550	0.02170
2032.70693	0.02138
2030.77837	0.02129
2028.84980	0.02119
2026.92124	0.02098
2024.99268	0.02072
2023.06411	0.02013
2021.13555	0.01946
2019.20698	0.01939
2017.27842	0.01983
2015.34985	0.01996
2013.42129	0.01964
2011.49272	0.01957
2009.56416	0.01962
2007.63560	0.01888
2005.70703	0.01787
2003.77847	0.01776
2001.84990	0.01811
1999.92134	0.01838
1997.99277	0.01885
1996.06421	0.01935
1994.13564	0.01966
1992.20708	0.01995
1990.27852	0.02012
1988.34995	0.02029
1986.42139	0.02067
1984.49282	0.02121
1982.56426	0.02204
1980.63569	0.02263
1978.70713	0.02162
1976.77856	0.01934
1974.85000	0.01753
1972.92144	0.01678
1970.99287	0.01693
1969.06431	0.01740
1967.13574	0.01743
1965.20718	0.01711
1963.27861	0.01677
1961.35005	0.01630
1959.42148	0.01580
1957.49292	0.01559
1955.56436	0.01594
1953.63579	0.01668
1951.70723	0.01728
1949.77866	0.01754
1947.85010	0.01751
1945.92153	0.01731
1943.99297	0.01723
1942.06440	0.01738
1940.13584	0.01746
1938.20728	0.01723
1936.27871	0.01683
1934.35015	0.01665
1932.42158	0.01668
1930.49302	0.01668
1928.56445	0.01673
1926.63589	0.01686
1924.70732	0.01681
1922.77876	0.01664
1920.85020	0.01667
1918.92163	0.01689
1916.99307	0.01700
1915.06450	0.01695
1913.13594	0.01691
1911.20737	0.01697
1909.27881	0.01703
1907.35024	0.01692
1905.42168	0.01668
1903.49312	0.01654
1901.56455	0.01654
1899.63599	0.01656
1897.70742	0.01664
1895.77886	0.01679
1893.85029	0.01683
1891.92173	0.01677
1889.99316	0.01666
1888.06460	0.01648
1886.13604	0.01632
1884.20747	0.01628
1882.27891	0.01628
1880.35034	0.01623
1878.42178	0.01617
1876.49321	0.01615
1874.56465	0.01615
1872.63608	0.01615
1870.70752	0.01616
1868.77896	0.01615
1866.85039	0.01609
1864.92183	0.01597
1862.99326	0.01584
1861.06470	0.01567
1859.13613	0.01548
1857.20757	0.01541
1855.27900	0.01539
1853.35044	0.01525
1851.42187	0.01511
1849.49331	0.01521
1847.56475	0.01546
1845.63618	0.01558
1843.70762	0.01550
1841.77905	0.01532
1839.85049	0.01520
1837.92192	0.01519
1835.99336	0.01523
1834.06479	0.01526
1832.13623	0.01532
1830.20767	0.01537
1828.27910	0.01544
1826.35054	0.01555
1824.42197	0.01561
1822.49341	0.01556
1820.56484	0.01543
1818.63628	0.01523
1816.70771	0.01515
1814.77915	0.01536
1812.85059	0.01566
1810.92202	0.01593
1808.99346	0.01617
1807.06489	0.01626
1805.13633	0.01630
1803.20776	0.01648
1801.27920	0.01674
1799.35063	0.01688
1797.42207	0.01690
1795.49351	0.01694
1793.56494	0.01709
1791.63638	0.01727
1789.70781	0.01730
1787.77925	0.01736
1785.85068	0.01762
1783.92212	0.01791
1781.99355	0.01812
1780.06499	0.01826
1778.13643	0.01837
1776.20786	0.01853
1774.27930	0.01884
1772.35073	0.01930
1770.42217	0.01981
1768.49360	0.02035
1766.56504	0.02094
1764.63647	0.02169
1762.70791	0.02272
1760.77935	0.02405
1758.85078	0.02560
1756.92222	0.02751
1754.99365	0.02980
1753.06509	0.03250
1751.13652	0.03595
1749.20796	0.03983
1747.27939	0.04369
1745.35083	0.04765
1743.42227	0.05165
1741.49370	0.05534
1739.56514	0.05821
1737.63657	0.05987
1735.70801	0.06047
1733.77944	0.06029
1731.85088	0.05969
1729.92231	0.05938
1727.99375	0.05980
1726.06519	0.06111
1724.13662	0.06356
1722.20806	0.06703
1720.27949	0.07158
1718.35093	0.07827
1716.42236	0.08714
1714.49380	0.09576
1712.56523	0.10314
1710.63667	0.10917
1708.70811	0.11334
1706.77954	0.11560
1704.85098	0.11648
1702.92241	0.11711
1700.99385	0.11884
1699.06528	0.12186
1697.13672	0.12555
1695.20815	0.13030
1693.27959	0.13519
1691.35103	0.13996
1689.42246	0.14554
1687.49390	0.15128
1685.56533	0.15786
1683.63677	0.16638
1681.70820	0.17376
1679.77964	0.17976
1677.85107	0.18610
1675.92251	0.19379
1673.99395	0.20235
1672.06538	0.21049
1670.13682	0.21995
1668.20825	0.23117
1666.27969	0.24168
1664.35112	0.25301
1662.42256	0.26752
1660.49399	0.28307
1658.56543	0.29746
1656.63687	0.31055
1654.70830	0.32448
1652.77974	0.34194
1650.85117	0.35373
1648.92261	0.35851
1646.99404	0.36145
1645.06548	0.36249
1643.13691	0.36135
1641.20835	0.35933
1639.27979	0.35701
1637.35122	0.35440
1635.42266	0.35111
1633.49409	0.34740
1631.56553	0.34348
1629.63696	0.33865
1627.70840	0.33261
1625.77983	0.32540
1623.85127	0.31654
1621.92271	0.30656
1619.99414	0.29719
1618.06558	0.28739
1616.13701	0.27575
1614.20845	0.26480
1612.27988	0.25515
1610.35132	0.24555
1608.42275	0.23619
1606.49419	0.22777
1604.56562	0.22047
1602.63706	0.21407
1600.70850	0.20849
1598.77993	0.20372
1596.85137	0.19971
1594.92280	0.19624
1592.99424	0.19321
1591.06567	0.19064
1589.13711	0.18870
1587.20854	0.18748
1585.27998	0.18696
1583.35142	0.18720
1581.42285	0.18805
1579.49429	0.18923
1577.56572	0.19087
1575.63716	0.19315
1573.70859	0.19518
1571.78003	0.19713
1569.85146	0.20033
1567.92290	0.20461
1565.99434	0.20934
1564.06577	0.21485
1562.13721	0.22094
1560.20864	0.23000
1558.28008	0.24453
1556.35151	0.25716
1554.42295	0.26755
1552.49438	0.27831
1550.56582	0.28871
1548.63726	0.29806
1546.70869	0.30574
1544.78013	0.31209
1542.85156	0.31718
1540.92300	0.32098
1538.99443	0.32290
1537.06587	0.32232
1535.13730	0.32028
1533.20874	0.31724
1531.28018	0.31374
1529.35161	0.31030
1527.42305	0.30679
1525.49448	0.30319
1523.56592	0.30000
1521.63735	0.29764
1519.70879	0.29610
1517.78022	0.29445
1515.85166	0.29135
1513.92310	0.28622
1511.99453	0.27942
1510.06597	0.27194
1508.13740	0.26323
1506.20884	0.25190
1504.28027	0.24170
1502.35171	0.23390
1500.42314	0.22644
1498.49458	0.21842
1496.56602	0.20951
1494.63745	0.20077
1492.70889	0.19311
1490.78032	0.18557
1488.85176	0.17781
1486.92319	0.17107
1484.99463	0.16585
1483.06606	0.16200
1481.13750	0.15951
1479.20894	0.15875
1477.28037	0.16057
1475.35181	0.16587
1473.42324	0.17462
1471.49468	0.18407
1469.56611	0.19137
1467.63755	0.19726
1465.70898	0.20245
1463.78042	0.20577
1461.85186	0.20652
1459.92329	0.20620
1457.99473	0.20694
1456.06616	0.20855
1454.13760	0.20852
1452.20903	0.20706
1450.28047	0.20534
1448.35190	0.20390
1446.42334	0.20284
1444.49478	0.20205
1442.56621	0.20132
1440.63765	0.20058
1438.70908	0.19964
1436.78052	0.19800
1434.85195	0.19547
1432.92339	0.19271
1430.99482	0.18996
1429.06626	0.18750
1427.13770	0.18587
1425.20913	0.18540
1423.28057	0.18605
1421.35200	0.18769
1419.42344	0.19053
1417.49487	0.19393
1415.56631	0.19681
1413.63774	0.19953
1411.70918	0.20221
1409.78062	0.20444
1407.85205	0.20597
1405.92349	0.20691
1403.99492	0.20733
1402.06636	0.20736
1400.13779	0.20726
1398.20923	0.20697
1396.28066	0.20635
1394.35210	0.20535
1392.42354	0.20407
1390.49497	0.20276
1388.56641	0.20156
1386.63784	0.20027
1384.70928	0.19858
1382.78071	0.19644
1380.85215	0.19406
1378.92358	0.19152
1376.99502	0.18854
1375.06646	0.18493
1373.13789	0.18115
1371.20933	0.17814
1369.28076	0.17599
1367.35220	0.17400
1365.42363	0.17171
1363.49507	0.16920
1361.56650	0.16686
1359.63794	0.16511
1357.70937	0.16402
1355.78081	0.16350
1353.85225	0.16340
1351.92368	0.16353
1349.99512	0.16377
1348.06655	0.16400
1346.13799	0.16413
1344.20942	0.16418
1342.28086	0.16422
1340.35229	0.16420
1338.42373	0.16404
1336.49517	0.16387
1334.56660	0.16384
1332.63804	0.16392
1330.70947	0.16400
1328.78091	0.16406
1326.85234	0.16420
1324.92378	0.16469
1322.99521	0.16580
1321.06665	0.16750
1319.13809	0.16953
1317.20952	0.17172
1315.28096	0.17401
1313.35239	0.17623
1311.42383	0.17802
1309.49526	0.17922
1307.56670	0.18004
1305.63813	0.18081
1303.70957	0.18170
1301.78101	0.18279
1299.85244	0.18394
1297.92388	0.18493
1295.99531	0.18581
1294.06675	0.18670
1292.13818	0.18752
1290.20962	0.18812
1288.28105	0.18838
1286.35249	0.18831
1284.42393	0.18810
1282.49536	0.18796
1280.56680	0.18795
1278.63823	0.18801
1276.70967	0.18816
1274.78110	0.18854
1272.85254	0.18922
1270.92397	0.18989
1268.99541	0.19030
1267.06685	0.19060
1265.13828	0.19110
1263.20972	0.19194
1261.28115	0.19313
1259.35259	0.19453
1257.42402	0.19593
1255.49546	0.19736
1253.56689	0.19897
1251.63833	0.20066
1249.70977	0.20204
1247.78120	0.20288
1245.85264	0.20330
1243.92407	0.20355
1241.99551	0.20376
1240.06694	0.20395
1238.13838	0.20407
1236.20981	0.20399
1234.28125	0.20366
1232.35269	0.20311
1230.42412	0.20228
1228.49556	0.20088
1226.56699	0.19870
1224.63843	0.19593
1222.70986	0.19296
1220.78130	0.18999
1218.85273	0.18712
1216.92417	0.18450
1214.99561	0.18235
1213.06704	0.18077
1211.13848	0.17958
1209.20991	0.17844
1207.28135	0.17699
1205.35278	0.17514
1203.42422	0.17313
1201.49565	0.17120
1199.56709	0.16946
1197.63853	0.16797
1195.70996	0.16674
1193.78140	0.16586
1191.85283	0.16541
1189.92427	0.16525
1187.99570	0.16505
1186.06714	0.16463
1184.13857	0.16422
1182.21001	0.16429
1180.28145	0.16504
1178.35288	0.16636
1176.42432	0.16803
1174.49575	0.16971
1172.56719	0.17086
1170.63862	0.17113
1168.71006	0.17055
1166.78149	0.16947
1164.85293	0.16823
1162.92437	0.16702
1160.99580	0.16583
1159.06724	0.16457
1157.13867	0.16318
1155.21011	0.16160
1153.28154	0.15979
1151.35298	0.15774
1149.42441	0.15549
1147.49585	0.15315
1145.56729	0.15090
1143.63872	0.14883
1141.71016	0.14701
1139.78159	0.14558
1137.85303	0.14466
1135.92446	0.14434
1133.99590	0.14466
1132.06733	0.14541
1130.13877	0.14629
1128.21021	0.14731
1126.28164	0.14857
1124.35308	0.14986
1122.42451	0.15099
1120.49595	0.15204
1118.56738	0.15307
1116.63882	0.15398
1114.71025	0.15463
1112.78169	0.15495
1110.85312	0.15497
1108.92456	0.15478
1106.99600	0.15448
1105.06743	0.15420
1103.13887	0.15412
1101.21030	0.15423
1099.28174	0.15440
1097.35317	0.15463
1095.42461	0.15504
1093.49604	0.15569
1091.56748	0.15656
1089.63892	0.15754
1087.71035	0.15857
1085.78179	0.15970
1083.85322	0.16091
1081.92466	0.16198
1079.99609	0.16270
1078.06753	0.16297
1076.13896	0.16279
1074.21040	0.16231
1072.28184	0.16172
1070.35327	0.16112
1068.42471	0.16054
1066.49614	0.16012
1064.56758	0.15992
1062.63901	0.15976
1060.71045	0.15954
1058.78188	0.15947
1056.85332	0.15970
1054.92476	0.16003
1052.99619	0.16015
1051.06763	0.15994
1049.13906	0.15951
1047.21050	0.15895
1045.28193	0.15816
1043.35337	0.15718
1041.42480	0.15605
1039.49624	0.15467
1037.56768	0.15318
1035.63911	0.15195
1033.71055	0.15104
1031.78198	0.15020
1029.85342	0.14916
1027.92485	0.14774
1025.99629	0.14595
1024.06772	0.14388
1022.13916	0.14153
1020.21060	0.13895
1018.28203	0.13636
1016.35347	0.13398
1014.42490	0.13182
1012.49634	0.12971
1010.56777	0.12752
1008.63921	0.12527
1006.71064	0.12316
1004.78208	0.12133
1002.85352	0.11971
1000.92495	0.11827
998.99639	0.11712
997.06782	0.11630
995.13926	0.11563
993.21069	0.11499
991.28213	0.11439
989.35356	0.11384
987.42500	0.11334
985.49644	0.11289
983.56787	0.11248
981.63931	0.11204
979.71074	0.11162
977.78218	0.11128
975.85361	0.11102
973.92505	0.11081
971.99648	0.11063
970.06792	0.11045
968.13936	0.11036
966.21079	0.11032
964.28223	0.11016
962.35366	0.10993
960.42510	0.10977
958.49653	0.10975
956.56797	0.10981
954.63940	0.10991
952.71084	0.11004
950.78228	0.11018
948.85371	0.11033
946.92515	0.11067
944.99658	0.11125
943.06802	0.11190
941.13945	0.11244
939.21089	0.11297
937.28232	0.11360
935.35376	0.11418
933.42520	0.11459
931.49663	0.11479
929.56807	0.11478
927.63950	0.11468
925.71094	0.11450
923.78237	0.11413
921.85381	0.11361
919.92524	0.11315
917.99668	0.11274
916.06812	0.11227
914.13955	0.11178
912.21099	0.11140
910.28242	0.11125
908.35386	0.11120
906.42529	0.11113
904.49673	0.11097
902.56816	0.11083
900.63960	0.11091
898.71104	0.11124
896.78247	0.11165
894.85391	0.11200
892.92534	0.11220
890.99678	0.11216
889.06821	0.11182
887.13965	0.11124
885.21108	0.11047
883.28252	0.10965
881.35396	0.10900
879.42539	0.10863
877.49683	0.10840
875.56826	0.10811
873.63970	0.10776
871.71113	0.10742
869.78257	0.10720
867.85400	0.10714
865.92544	0.10715
863.99687	0.10723
862.06831	0.10739
860.13975	0.10769
858.21118	0.10834
856.28262	0.10933
854.35405	0.11047
852.42549	0.11156
850.49692	0.11236
848.56836	0.11283
846.63979	0.11321
844.71123	0.11359
842.78267	0.11399
840.85410	0.11462
838.92554	0.11556
836.99697	0.11667
835.06841	0.11782
833.13984	0.11892
831.21128	0.11990
829.28271	0.12068
827.35415	0.12118
825.42559	0.12139
823.49702	0.12144
821.56846	0.12152
819.63989	0.12175
817.71133	0.12217
815.78276	0.12272
813.85420	0.12333
811.92563	0.12412
809.99707	0.12508
808.06851	0.12595
806.13994	0.12661
804.21138	0.12713
802.28281	0.12765
800.35425	0.12819
798.42568	0.12874
796.49712	0.12941
794.56855	0.13020
792.63999	0.13097
790.71143	0.13170
788.78286	0.13254
786.85430	0.13366
784.92573	0.13496
782.99717	0.13633
781.06860	0.13761
779.14004	0.13854
777.21147	0.13918
775.28291	0.13988
773.35435	0.14073
771.42578	0.14183
769.49722	0.14321
767.56865	0.14453
765.64009	0.14569
763.71152	0.14677
761.78296	0.14777
759.85439	0.14888
757.92583	0.15031
755.99727	0.15214
754.06870	0.15422
752.14014	0.15642
750.21157	0.15863
748.28301	0.16081
746.35444	0.16288
744.42588	0.16484
742.49731	0.16663
740.56875	0.16835
738.64019	0.17002
736.71162	0.17157
734.78306	0.17356
732.85449	0.17682
730.92593	0.18108
728.99736	0.18510
727.06880	0.18859
725.14023	0.19271
723.21167	0.19808
721.28311	0.20331
719.35454	0.20577
717.42598	0.20468
715.49741	0.20225
713.56885	0.20081
711.64028	0.20084
709.71172	0.20193
707.78315	0.20394
705.85459	0.20669
703.92603	0.20963
701.99746	0.21249
700.06890	0.21493
698.14033	0.21636
696.21177	0.21695
694.28320	0.21727
692.35464	0.21738
690.42607	0.21746
688.49751	0.21791
686.56895	0.21865
684.64038	0.21975
682.71182	0.22120
680.78325	0.22272
678.85469	0.22445
676.92612	0.22651
674.99756	0.22859
673.06899	0.23041
671.14043	0.23149
669.21187	0.23230
667.28330	0.23462
665.35474	0.23770
663.42617	0.23965
661.49761	0.24048
659.56904	0.24074
657.64048	0.24102
655.71191	0.24175
653.78335	0.24294
651.85479	0.24405
649.92622	0.24469
647.99766	0.24534
646.06909	0.24637
644.14053	0.24738
642.21196	0.24839
640.28340	0.24991
638.35483	0.25176
636.42627	0.25355
634.49771	0.25599
632.56914	0.25901
630.64058	0.26116
628.71201	0.26215
626.78345	0.26289
624.85488	0.26375
622.92632	0.26458
620.99775	0.26512
619.06919	0.26568
617.14062	0.26693
615.21206	0.26890
613.28350	0.27089
611.35493	0.27140
609.42637	0.27053
607.49780	0.27093
605.56924	0.27329
603.64067	0.27499
601.71211	0.27523
599.78354	0.27560
