3997.91411	-0.01771
3995.98555	-0.01772
3994.05698	-0.01764
3992.12842	-0.01749
3990.19985	-0.01739
3988.27129	-0.01747
3986.34272	-0.01755
3984.41416	-0.01748
3982.48560	-0.01739
3980.55703	-0.01737
3978.62847	-0.01732
3976.69990	-0.01724
3974.77134	-0.01724
3972.84277	-0.01732
3970.91421	-0.01743
3968.98564	-0.01751
3967.05708	-0.01752
3965.12852	-0.01739
3963.19995	-0.01718
3961.27139	-0.01707
3959.34282	-0.01707
3957.41426	-0.01713
3955.48569	-0.01718
3953.55713	-0.01703
3951.62856	-0.01661
3949.70000	-0.01622
3947.77144	-0.01627
3945.84287	-0.01634
3943.91431	-0.01612
3941.98574	-0.01621
3940.05718	-0.01671
3938.12861	-0.01707
3936.20005	-0.01693
3934.27148	-0.01622
3932.34292	-0.01554
3930.41436	-0.01559
3928.48579	-0.01584
3926.55723	-0.01561
3924.62866	-0.01538
3922.70010	-0.01566
3920.77153	-0.01580
3918.84297	-0.01551
3916.91440	-0.01558
3914.98584	-0.01623
3913.05728	-0.01676
3911.12871	-0.01685
3909.20015	-0.01649
3907.27158	-0.01551
3905.34302	-0.01408
3903.41445	-0.01305
3901.48589	-0.01310
3899.55732	-0.01405
3897.62876	-0.01532
3895.70020	-0.01596
3893.77163	-0.01561
3891.84307	-0.01523
3889.91450	-0.01569
3887.98594	-0.01590
3886.05737	-0.01535
3884.12881	-0.01475
3882.20024	-0.01429
3880.27168	-0.01448
3878.34312	-0.01549
3876.41455	-0.01582
3874.48599	-0.01512
3872.55742	-0.01410
3870.62886	-0.01344
3868.70029	-0.01380
3866.77173	-0.01414
3864.84316	-0.01382
3862.91460	-0.01413
3860.98604	-0.01516
3859.05747	-0.01545
3857.12891	-0.01449
3855.20034	-0.01259
3853.27178	-0.01171
3851.34321	-0.01358
3849.41465	-0.01536
3847.48608	-0.01598
3845.55752	-0.01559
3843.62896	-0.01454
3841.70039	-0.01320
3839.77183	-0.01193
3837.84326	-0.01173
3835.91470	-0.01272
3833.98613	-0.01379
3832.05757	-0.01469
3830.12900	-0.01519
3828.20044	-0.01511
3826.27187	-0.01488
3824.34331	-0.01449
3822.41475	-0.01326
3820.48618	-0.01237
3818.55762	-0.01294
3816.62905	-0.01383
3814.70049	-0.01507
3812.77192	-0.01617
3810.84336	-0.01639
3808.91479	-0.01573
3806.98623	-0.01486
3805.05767	-0.01424
3803.12910	-0.01326
3801.20054	-0.01273
3799.27197	-0.01369
3797.34341	-0.01481
3795.41484	-0.01581
3793.48628	-0.01665
3791.55771	-0.01701
3789.62915	-0.01706
3787.70059	-0.01687
3785.77202	-0.01643
3783.84346	-0.01616
3781.91489	-0.01603
3779.98633	-0.01578
3778.05776	-0.01604
3776.12920	-0.01673
3774.20063	-0.01696
3772.27207	-0.01639
3770.34351	-0.01559
3768.41494	-0.01539
3766.48638	-0.01554
3764.55781	-0.01575
3762.62925	-0.01588
3760.70068	-0.01542
3758.77212	-0.01483
3756.84355	-0.01472
3754.91499	-0.01424
3752.98643	-0.01254
3751.05786	-0.01079
3749.12930	-0.01133
3747.20073	-0.01228
3745.27217	-0.01241
3743.34360	-0.01283
3741.41504	-0.01354
3739.48647	-0.01360
3737.55791	-0.01263
3735.62935	-0.01140
3733.70078	-0.01212
3731.77222	-0.01435
3729.84365	-0.01587
3727.91509	-0.01597
3725.98652	-0.01532
3724.05796	-0.01507
3722.12939	-0.01534
3720.20083	-0.01569
3718.27227	-0.01608
3716.34370	-0.01621
3714.41514	-0.01543
3712.48657	-0.01378
3710.55801	-0.01337
3708.62944	-0.01500
3706.70088	-0.01644
3704.77231	-0.01662
3702.84375	-0.01602
3700.91519	-0.01601
3698.98662	-0.01665
3697.05806	-0.01687
3695.12949	-0.01644
3693.20093	-0.01528
3691.27236	-0.01335
3689.34380	-0.01237
3687.41523	-0.01394
3685.48667	-0.01576
3683.55811	-0.01634
3681.62954	-0.01576
3679.70098	-0.01446
3677.77241	-0.01268
3675.84385	-0.01121
3673.91528	-0.01152
3671.98672	-0.01183
3670.05815	-0.01177
3668.12959	-0.01306
3666.20103	-0.01450
3664.27246	-0.01495
3662.34390	-0.01492
3660.41533	-0.01477
3658.48677	-0.01420
3656.55820	-0.01342
3654.62964	-0.01295
3652.70107	-0.01189
3650.77251	-0.00931
3648.84395	-0.00752
3646.91538	-0.00938
3644.98682	-0.01160
3643.05825	-0.01251
3641.12969	-0.01260
3639.20112	-0.01254
3637.27256	-0.01242
3635.34399	-0.01213
3633.41543	-0.01150
3631.48687	-0.01016
3629.55830	-0.00837
3627.62974	-0.00838
3625.70117	-0.00964
3623.77261	-0.00992
3621.84404	-0.00889
3619.91548	-0.00726
3617.98691	-0.00665
3616.05835	-0.00678
3614.12979	-0.00668
3612.20122	-0.00670
3610.27266	-0.00663
3608.34409	-0.00645
3606.41553	-0.00698
3604.48696	-0.00770
3602.55840	-0.00764
3600.62983	-0.00703
3598.70127	-0.00639
3596.77271	-0.00582
3594.84414	-0.00561
3592.91558	-0.00582
3590.98701	-0.00561
3589.05845	-0.00453
3587.12988	-0.00391
3585.20132	-0.00480
3583.27275	-0.00573
3581.34419	-0.00593
3579.41562	-0.00563
3577.48706	-0.00512
3575.55850	-0.00460
3573.62993	-0.00426
3571.70137	-0.00385
3569.77280	-0.00273
3567.84424	-0.00110
3565.91567	-0.00068
3563.98711	-0.00152
3562.05854	-0.00204
3560.12998	-0.00202
3558.20142	-0.00203
3556.27285	-0.00204
3554.34429	-0.00161
3552.41572	-0.00107
3550.48716	-0.00067
3548.55859	0.00010
3546.63003	0.00103
3544.70146	0.00132
3542.77290	0.00100
3540.84434	0.00066
3538.91577	0.00069
3536.98721	0.00101
3535.05864	0.00143
3533.13008	0.00196
3531.20151	0.00253
3529.27295	0.00300
3527.34438	0.00336
3525.41582	0.00373
3523.48726	0.00394
3521.55869	0.00376
3519.63013	0.00351
3517.70156	0.00350
3515.77300	0.00349
3513.84443	0.00353
3511.91587	0.00407
3509.98730	0.00491
3508.05874	0.00542
3506.13018	0.00561
3504.20161	0.00571
3502.27305	0.00568
3500.34448	0.00565
3498.41592	0.00593
3496.48735	0.00635
3494.55879	0.00663
3492.63022	0.00697
3490.70166	0.00743
3488.77310	0.00768
3486.84453	0.00760
3484.91597	0.00756
3482.98740	0.00779
3481.05884	0.00799
3479.13027	0.00791
3477.20171	0.00788
3475.27314	0.00812
3473.34458	0.00830
3471.41602	0.00844
3469.48745	0.00888
3467.55889	0.00942
3465.63032	0.00971
3463.70176	0.00985
3461.77319	0.01008
3459.84463	0.01044
3457.91606	0.01061
3455.98750	0.01046
3454.05894	0.01043
3452.13037	0.01073
3450.20181	0.01113
3448.27324	0.01142
3446.34468	0.01157
3444.41611	0.01185
3442.48755	0.01214
3440.55898	0.01214
3438.63042	0.01193
3436.70186	0.01186
3434.77329	0.01218
3432.84473	0.01269
3430.91616	0.01301
3428.98760	0.01308
3427.05903	0.01310
3425.13047	0.01329
3423.20190	0.01362
3421.27334	0.01372
3419.34478	0.01357
3417.41621	0.01347
3415.48765	0.01353
3413.55908	0.01360
3411.63052	0.01352
3409.70195	0.01333
3407.77339	0.01325
3405.84482	0.01339
3403.91626	0.01357
3401.98770	0.01372
3400.05913	0.01400
3398.13057	0.01429
3396.20200	0.01426
3394.27344	0.01412
3392.34487	0.01412
3390.41631	0.01425
3388.48774	0.01440
3386.55918	0.01443
3384.63062	0.01425
3382.70205	0.01400
3380.77349	0.01410
3378.84492	0.01458
3376.91636	0.01492
3374.98779	0.01487
3373.05923	0.01462
3371.13066	0.01445
3369.20210	0.01457
3367.27354	0.01475
3365.34497	0.01473
3363.41641	0.01467
3361.48784	0.01471
3359.55928	0.01483
3357.63071	0.01495
3355.70215	0.01492
3353.77358	0.01476
3351.84502	0.01472
3349.91646	0.01486
3347.98789	0.01487
3346.05933	0.01463
3344.13076	0.01434
3342.20220	0.01422
3340.27363	0.01430
3338.34507	0.01450
3336.41650	0.01461
3334.48794	0.01440
3332.55937	0.01400
3330.63081	0.01381
3328.70225	0.01392
3326.77368	0.01413
3324.84512	0.01411
3322.91655	0.01387
3320.98799	0.01365
3319.05942	0.01361
3317.13086	0.01380
3315.20229	0.01411
3313.27373	0.01429
3311.34517	0.01425
3309.41660	0.01422
3307.48804	0.01424
3305.55947	0.01419
3303.63091	0.01408
3301.70234	0.01406
3299.77378	0.01409
3297.84521	0.01393
3295.91665	0.01370
3293.98809	0.01374
3292.05952	0.01391
3290.13096	0.01395
3288.20239	0.01386
3286.27383	0.01372
3284.34526	0.01356
3282.41670	0.01349
3280.48813	0.01349
3278.55957	0.01345
3276.63101	0.01344
3274.70244	0.01355
3272.77388	0.01350
3270.84531	0.01320
3268.91675	0.01295
3266.98818	0.01283
3265.05962	0.01275
3263.13105	0.01274
3261.20249	0.01263
3259.27393	0.01232
3257.34536	0.01197
3255.41680	0.01164
3253.48823	0.01134
3251.55967	0.01113
3249.63110	0.01097
3247.70254	0.01077
3245.77397	0.01053
3243.84541	0.01023
3241.91685	0.00997
3239.98828	0.00977
3238.05972	0.00961
3236.13115	0.00952
3234.20259	0.00940
3232.27402	0.00924
3230.34546	0.00929
3228.41689	0.00948
3226.48833	0.00948
3224.55977	0.00920
3222.63120	0.00883
3220.70264	0.00846
3218.77407	0.00814
3216.84551	0.00793
3214.91694	0.00775
3212.98838	0.00755
3211.05981	0.00758
3209.13125	0.00774
3207.20269	0.00761
3205.27412	0.00726
3203.34556	0.00705
3201.41699	0.00695
3199.48843	0.00684
3197.55986	0.00661
3195.63130	0.00619
3193.70273	0.00589
3191.77417	0.00580
3189.84561	0.00559
3187.91704	0.00530
3185.98848	0.00524
3184.05991	0.00523
3182.13135	0.00507
3180.20278	0.00483
3178.27422	0.00447
3176.34565	0.00404
3174.41709	0.00376
3172.48853	0.00357
3170.55996	0.00327
3168.63140	0.00291
3166.70283	0.00264
3164.77427	0.00243
3162.84570	0.00219
3160.91714	0.00201
3158.98857	0.00197
3157.06001	0.00188
3155.13145	0.00158
3153.20288	0.00117
3151.27432	0.00086
3149.34575	0.00067
3147.41719	0.00051
3145.48862	0.00039
3143.56006	0.00035
3141.63149	0.00028
3139.70293	0.00005
3137.77437	-0.00025
3135.84580	-0.00043
3133.91724	-0.00040
3131.98867	-0.00038
3130.06011	-0.00050
3128.13154	-0.00070
3126.20298	-0.00095
3124.27441	-0.00119
3122.34585	-0.00138
3120.41729	-0.00152
3118.48872	-0.00157
3116.56016	-0.00162
3114.63159	-0.00178
3112.70303	-0.00196
3110.77446	-0.00218
3108.84590	-0.00252
3106.91733	-0.00279
3104.98877	-0.00277
3103.06021	-0.00264
3101.13164	-0.00269
3099.20308	-0.00277
3097.27451	-0.00268
3095.34595	-0.00265
3093.41738	-0.00280
3091.48882	-0.00297
3089.56025	-0.00304
3087.63169	-0.00311
3085.70312	-0.00327
3083.77456	-0.00344
3081.84600	-0.00366
3079.91743	-0.00389
3077.98887	-0.00395
3076.06030	-0.00390
3074.13174	-0.00394
3072.20317	-0.00412
3070.27461	-0.00429
3068.34604	-0.00438
3066.41748	-0.00440
3064.48892	-0.00458
3062.56035	-0.00496
3060.63179	-0.00520
3058.70322	-0.00523
3056.77466	-0.00525
3054.84609	-0.00530
3052.91753	-0.00536
3050.98896	-0.00545
3049.06040	-0.00574
3047.13184	-0.00624
3045.20327	-0.00667
3043.27471	-0.00685
3041.34614	-0.00689
3039.41758	-0.00684
3037.48901	-0.00685
3035.56045	-0.00701
3033.63188	-0.00711
3031.70332	-0.00703
3029.77476	-0.00707
3027.84619	-0.00727
3025.91763	-0.00735
3023.98906	-0.00740
3022.06050	-0.00763
3020.13193	-0.00787
3018.20337	-0.00804
3016.27480	-0.00816
3014.34624	-0.00819
3012.41768	-0.00819
3010.48911	-0.00824
3008.56055	-0.00820
3006.63198	-0.00810
3004.70342	-0.00807
3002.77485	-0.00812
3000.84629	-0.00812
2998.91772	-0.00792
2996.98916	-0.00747
2995.06060	-0.00700
2993.13203	-0.00660
2991.20347	-0.00604
2989.27490	-0.00531
2987.34634	-0.00464
2985.41777	-0.00392
2983.48921	-0.00290
2981.56064	-0.00162
2979.63208	-0.00016
2977.70352	0.00152
2975.77495	0.00352
2973.84639	0.00589
2971.91782	0.00867
2969.98926	0.01188
2968.06069	0.01558
2966.13213	0.01955
2964.20356	0.02321
2962.27500	0.02616
2960.34644	0.02856
2958.41787	0.03072
2956.48931	0.03277
2954.56074	0.03487
2952.63218	0.03705
2950.70361	0.03922
2948.77505	0.04167
2946.84648	0.04508
2944.91792	0.04995
2942.98936	0.05658
2941.06079	0.06522
2939.13223	0.07600
2937.20366	0.08895
2935.27510	0.10423
2933.34653	0.12216
2931.41797	0.14320
2929.48940	0.16810
2927.56084	0.19779
2925.63228	0.23365
2923.70371	0.27734
2921.77515	0.32896
2919.84658	0.38482
2917.91802	0.43474
2915.98945	0.46258
2914.06089	0.45742
2912.13232	0.42543
2910.20376	0.38295
2908.27520	0.34251
2906.34663	0.30917
2904.41807	0.28307
2902.48950	0.26230
2900.56094	0.24520
2898.63237	0.23075
2896.70381	0.21796
2894.77524	0.20595
2892.84668	0.19422
2890.91812	0.18261
2888.98955	0.17118
2887.06099	0.16019
2885.13242	0.14980
2883.20386	0.13998
2881.27529	0.13068
2879.34673	0.12177
2877.41816	0.11325
2875.48960	0.10554
2873.56104	0.09935
2871.63247	0.09495
2869.70391	0.09220
2867.77534	0.09112
2865.84678	0.09210
2863.91821	0.09593
2861.98965	0.10402
2860.06108	0.11838
2858.13252	0.14150
2856.20396	0.17726
2854.27539	0.23065
2852.34683	0.30228
2850.41826	0.37521
2848.48970	0.41000
2846.56113	0.38400
2844.63257	0.32405
2842.70400	0.26419
2840.77544	0.21654
2838.84687	0.18076
2836.91831	0.15396
2834.98975	0.13354
2833.06118	0.11765
2831.13262	0.10517
2829.20405	0.09522
2827.27549	0.08717
2825.34692	0.08062
2823.41836	0.07516
2821.48979	0.07044
2819.56123	0.06637
2817.63267	0.06294
2815.70410	0.05995
2813.77554	0.05721
2811.84697	0.05469
2809.91841	0.05250
2807.98984	0.05060
2806.06128	0.04883
2804.13271	0.04713
2802.20415	0.04546
2800.27559	0.04379
2798.34702	0.04221
2796.41846	0.04084
2794.48989	0.03961
2792.56133	0.03835
2790.63276	0.03705
2788.70420	0.03584
2786.77563	0.03481
2784.84707	0.03383
2782.91851	0.03279
2780.98994	0.03173
2779.06138	0.03075
2777.13281	0.02990
2775.20425	0.02915
2773.27568	0.02834
2771.34712	0.02757
2769.41855	0.02699
2767.48999	0.02644
2765.56143	0.02579
2763.63286	0.02518
2761.70430	0.02461
2759.77573	0.02401
2757.84717	0.02350
2755.91860	0.02311
2753.99004	0.02274
2752.06147	0.02233
2750.13291	0.02199
2748.20435	0.02175
2746.27578	0.02159
2744.34722	0.02142
2742.41865	0.02121
2740.49009	0.02096
2738.56152	0.02072
2736.63296	0.02050
2734.70439	0.02031
2732.77583	0.02009
2730.84727	0.01977
2728.91870	0.01947
2726.99014	0.01924
2725.06157	0.01902
2723.13301	0.01879
2721.20444	0.01855
2719.27588	0.01819
2717.34731	0.01776
2715.41875	0.01741
2713.49019	0.01723
2711.56162	0.01709
2709.63306	0.01685
2707.70449	0.01651
2705.77593	0.01617
2703.84736	0.01590
2701.91880	0.01578
2699.99023	0.01570
2698.06167	0.01547
2696.13311	0.01514
2694.20454	0.01492
2692.27598	0.01482
2690.34741	0.01472
2688.41885	0.01453
2686.49028	0.01430
2684.56172	0.01411
2682.63315	0.01403
2680.70459	0.01401
2678.77603	0.01400
2676.84746	0.01397
2674.91890	0.01394
2672.99033	0.01393
2671.06177	0.01396
2669.13320	0.01410
2667.20464	0.01429
2665.27607	0.01440
2663.34751	0.01447
2661.41895	0.01453
2659.49038	0.01457
2657.56182	0.01458
2655.63325	0.01452
2653.70469	0.01439
2651.77612	0.01424
2649.84756	0.01407
2647.91899	0.01390
2645.99043	0.01376
2644.06187	0.01366
2642.13330	0.01354
2640.20474	0.01339
2638.27617	0.01324
2636.34761	0.01313
2634.41904	0.01307
2632.49048	0.01292
2630.56191	0.01260
2628.63335	0.01220
2626.70479	0.01184
2624.77622	0.01155
2622.84766	0.01135
2620.91909	0.01115
2618.99053	0.01089
2617.06196	0.01060
2615.13340	0.01030
2613.20483	0.00998
2611.27627	0.00971
2609.34771	0.00944
2607.41914	0.00907
2605.49058	0.00871
2603.56201	0.00855
2601.63345	0.00848
2599.70488	0.00839
2597.77632	0.00825
2595.84775	0.00805
2593.91919	0.00776
2591.99062	0.00740
2590.06206	0.00712
2588.13350	0.00698
2586.20493	0.00684
2584.27637	0.00663
2582.34780	0.00637
2580.41924	0.00614
2578.49067	0.00603
2576.56211	0.00605
2574.63354	0.00600
2572.70498	0.00572
2570.77642	0.00536
2568.84785	0.00507
2566.91929	0.00487
2564.99072	0.00469
2563.06216	0.00451
2561.13359	0.00444
2559.20503	0.00448
2557.27646	0.00451
2555.34790	0.00445
2553.41934	0.00423
2551.49077	0.00395
2549.56221	0.00383
2547.63364	0.00387
2545.70508	0.00378
2543.77651	0.00355
2541.84795	0.00330
2539.91938	0.00316
2537.99082	0.00310
2536.06226	0.00305
2534.13369	0.00298
2532.20513	0.00291
2530.27656	0.00278
2528.34800	0.00256
2526.41943	0.00240
2524.49087	0.00226
2522.56230	0.00212
2520.63374	0.00207
2518.70518	0.00212
2516.77661	0.00210
2514.84805	0.00201
2512.91948	0.00188
2510.99092	0.00172
2509.06235	0.00160
2507.13379	0.00151
2505.20522	0.00155
2503.27666	0.00167
2501.34810	0.00170
2499.41953	0.00157
2497.49097	0.00136
2495.56240	0.00116
2493.63384	0.00101
2491.70527	0.00094
2489.77671	0.00093
2487.84814	0.00089
2485.91958	0.00085
2483.99102	0.00093
2482.06245	0.00101
2480.13389	0.00093
2478.20532	0.00077
2476.27676	0.00062
2474.34819	0.00056
2472.41963	0.00053
2470.49106	0.00039
2468.56250	0.00025
2466.63394	0.00021
2464.70537	0.00019
2462.77681	0.00011
2460.84824	0.00005
2458.91968	0.00013
2456.99111	0.00021
2455.06255	0.00013
2453.13398	-0.00000
2451.20542	-0.00005
2449.27686	-0.00006
2447.34829	-0.00011
2445.41973	-0.00027
2443.49116	-0.00047
2441.56260	-0.00059
2439.63403	-0.00067
2437.70547	-0.00075
2435.77690	-0.00076
2433.84834	-0.00074
2431.91978	-0.00073
2429.99121	-0.00074
2428.06265	-0.00075
2426.13408	-0.00073
2424.20552	-0.00073
2422.27695	-0.00078
2420.34839	-0.00088
2418.41982	-0.00102
2416.49126	-0.00108
2414.56270	-0.00098
2412.63413	-0.00093
2410.70557	-0.00103
2408.77700	-0.00122
2406.84844	-0.00145
2404.91987	-0.00159
2402.99131	-0.00154
2401.06274	-0.00149
2399.13418	-0.00150
2397.20562	-0.00150
2395.27705	-0.00152
2393.34849	-0.00155
2391.41992	-0.00155
2389.49136	-0.00153
2387.56279	-0.00158
2385.63423	-0.00182
2383.70566	-0.00238
2381.77710	-0.00328
2379.84854	-0.00444
2377.91997	-0.00586
2375.99141	-0.00756
2374.06284	-0.00930
2372.13428	-0.01094
2370.20571	-0.01254
2368.27715	-0.01413
2366.34858	-0.01558
2364.42002	-0.01658
2362.49146	-0.01692
2360.56289	-0.01671
2358.63433	-0.01599
2356.70576	-0.01477
2354.77720	-0.01313
2352.84863	-0.01095
2350.92007	-0.00865
2348.99150	-0.00755
2347.06294	-0.00830
2345.13437	-0.00991
2343.20581	-0.01081
2341.27725	-0.01083
2339.34868	-0.01058
2337.42012	-0.01033
2335.49155	-0.01006
2333.56299	-0.00978
2331.63442	-0.00949
2329.70586	-0.00879
2327.77729	-0.00717
2325.84873	-0.00513
2323.92017	-0.00395
2321.99160	-0.00398
2320.06304	-0.00415
2318.13447	-0.00386
2316.20591	-0.00350
2314.27734	-0.00328
2312.34878	-0.00302
2310.42021	-0.00262
2308.49165	-0.00210
2306.56309	-0.00155
2304.63452	-0.00118
2302.70596	-0.00106
2300.77739	-0.00094
2298.84883	-0.00067
2296.92026	-0.00035
2294.99170	-0.00007
2293.06313	0.00026
2291.13457	0.00058
2289.20601	0.00084
2287.27744	0.00114
2285.34888	0.00131
2283.42031	0.00117
2281.49175	0.00090
2279.56318	0.00059
2277.63462	0.00013
2275.70605	-0.00037
2273.77749	-0.00067
2271.84893	-0.00073
2269.92036	-0.00082
2267.99180	-0.00116
2266.06323	-0.00165
2264.13467	-0.00205
2262.20610	-0.00208
2260.27754	-0.00161
2258.34897	-0.00114
2256.42041	-0.00132
2254.49185	-0.00190
2252.56328	-0.00217
2250.63472	-0.00209
2248.70615	-0.00198
2246.77759	-0.00194
2244.84902	-0.00195
2242.92046	-0.00189
2240.99189	-0.00173
2239.06333	-0.00185
2237.13477	-0.00232
2235.20620	-0.00268
2233.27764	-0.00277
2231.34907	-0.00280
2229.42051	-0.00285
2227.49194	-0.00296
2225.56338	-0.00300
2223.63481	-0.00279
2221.70625	-0.00251
2219.77769	-0.00247
2217.84912	-0.00267
2215.92056	-0.00284
2213.99199	-0.00289
2212.06343	-0.00303
2210.13486	-0.00332
2208.20630	-0.00360
2206.27773	-0.00349
2204.34917	-0.00300
2202.42061	-0.00254
2200.49204	-0.00224
2198.56348	-0.00197
2196.63491	-0.00198
2194.70635	-0.00245
2192.77778	-0.00269
2190.84922	-0.00232
2188.92065	-0.00194
2186.99209	-0.00193
2185.06353	-0.00219
2183.13496	-0.00285
2181.20640	-0.00341
2179.27783	-0.00321
2177.34927	-0.00310
2175.42070	-0.00372
2173.49214	-0.00413
2171.56357	-0.00369
2169.63501	-0.00276
2167.70645	-0.00191
2165.77788	-0.00137
2163.84932	-0.00076
2161.92075	-0.00104
2159.99219	-0.00444
2158.06362	-0.00896
2156.13506	-0.01048
2154.20649	-0.00963
2152.27793	-0.00865
2150.34937	-0.00817
2148.42080	-0.00795
2146.49224	-0.00780
2144.56367	-0.00763
2142.63511	-0.00729
2140.70654	-0.00684
2138.77798	-0.00670
2136.84941	-0.00719
2134.92085	-0.00810
2132.99229	-0.00870
2131.06372	-0.00858
2129.13516	-0.00788
2127.20659	-0.00689
2125.27803	-0.00582
2123.34946	-0.00490
2121.42090	-0.00443
2119.49233	-0.00435
2117.56377	-0.00420
2115.63521	-0.00377
2113.70664	-0.00345
2111.77808	-0.00345
2109.84951	-0.00356
2107.92095	-0.00368
2105.99238	-0.00381
2104.06382	-0.00378
2102.13525	-0.00361
2100.20669	-0.00351
2098.27812	-0.00373
2096.34956	-0.00439
2094.42100	-0.00495
2092.49243	-0.00482
2090.56387	-0.00425
2088.63530	-0.00371
2086.70674	-0.00343
2084.77817	-0.00340
2082.84961	-0.00332
2080.92104	-0.00307
2078.99248	-0.00285
2077.06392	-0.00284
2075.13535	-0.00290
2073.20679	-0.00291
2071.27822	-0.00302
2069.34966	-0.00320
2067.42109	-0.00314
2065.49253	-0.00300
2063.56396	-0.00314
2061.63540	-0.00337
2059.70684	-0.00342
2057.77827	-0.00331
2055.84971	-0.00315
2053.92114	-0.00252
2051.99258	-0.00129
2050.06401	-0.00090
2048.13545	-0.00197
2046.20688	-0.00289
2044.27832	-0.00277
2042.34976	-0.00237
2040.42119	-0.00234
2038.49263	-0.00245
2036.56406	-0.00251
2034.63550	-0.00302
2032.70693	-0.00429
2030.77837	-0.00561
2028.84980	-0.00598
2026.92124	-0.00538
2024.99268	-0.00454
2023.06411	-0.00409
2021.13555	-0.00428
2019.20698	-0.00477
2017.27842	-0.00488
2015.34985	-0.00442
2013.42129	-0.00404
2011.49272	-0.00402
2009.56416	-0.00412
2007.63560	-0.00477
2005.70703	-0.00596
2003.77847	-0.00661
2001.84990	-0.00655
1999.92134	-0.00602
1997.99277	-0.00523
1996.06421	-0.00456
1994.13564	-0.00400
1992.20708	-0.00361
1990.27852	-0.00363
1988.34995	-0.00374
1986.42139	-0.00354
1984.49282	-0.00307
1982.56426	-0.00250
1980.63569	-0.00242
1978.70713	-0.00374
1976.77856	-0.00539
1974.85000	-0.00574
1972.92144	-0.00579
1970.99287	-0.00628
1969.06431	-0.00631
1967.13574	-0.00602
1965.20718	-0.00618
1963.27861	-0.00646
1961.35005	-0.00686
1959.42148	-0.00753
1957.49292	-0.00766
1955.56436	-0.00711
1953.63579	-0.00662
1951.70723	-0.00636
1949.77866	-0.00608
1947.85010	-0.00582
1945.92153	-0.00567
1943.99297	-0.00551
1942.06440	-0.00548
1940.13584	-0.00568
1938.20728	-0.00575
1936.27871	-0.00562
1934.35015	-0.00558
1932.42158	-0.00559
1930.49302	-0.00543
1928.56445	-0.00526
1926.63589	-0.00511
1924.70732	-0.00463
1922.77876	-0.00407
1920.85020	-0.00386
1918.92163	-0.00380
1916.99307	-0.00393
1915.06450	-0.00431
1913.13594	-0.00440
1911.20737	-0.00403
1909.27881	-0.00366
1907.35024	-0.00368
1905.42168	-0.00381
1903.49312	-0.00376
1901.56455	-0.00354
1899.63599	-0.00325
1897.70742	-0.00298
1895.77886	-0.00283
1893.85029	-0.00294
1891.92173	-0.00295
1889.99316	-0.00290
1888.06460	-0.00324
1886.13604	-0.00362
1884.20747	-0.00362
1882.27891	-0.00350
1880.35034	-0.00346
1878.42178	-0.00352
1876.49321	-0.00361
1874.56465	-0.00364
1872.63608	-0.00336
1870.70752	-0.00242
1868.77896	-0.00153
1866.85039	-0.00184
1864.92183	-0.00269
1862.99326	-0.00315
1861.06470	-0.00330
1859.13613	-0.00339
1857.20757	-0.00347
1855.27900	-0.00350
1853.35044	-0.00350
1851.42187	-0.00339
1849.49331	-0.00305
1847.56475	-0.00243
1845.63618	-0.00161
1843.70762	-0.00141
1841.77905	-0.00222
1839.85049	-0.00286
1837.92192	-0.00281
1835.99336	-0.00260
1834.06479	-0.00237
1832.13623	-0.00160
1830.20767	-0.00062
1828.27910	-0.00044
1826.35054	-0.00068
1824.42197	-0.00096
1822.49341	-0.00149
1820.56484	-0.00196
1818.63628	-0.00216
1816.70771	-0.00214
1814.77915	-0.00176
1812.85059	-0.00095
1810.92202	-0.00022
1808.99346	-0.00009
1807.06489	-0.00020
1805.13633	0.00008
1803.20776	0.00094
1801.27920	0.00183
1799.35063	0.00221
1797.42207	0.00250
1795.49351	0.00331
1793.56494	0.00469
1791.63638	0.00571
1789.70781	0.00553
1787.77925	0.00535
1785.85068	0.00589
1783.92212	0.00671
1781.99355	0.00749
1780.06499	0.00807
1778.13643	0.00843
1776.20786	0.00910
1774.27930	0.01043
1772.35073	0.01163
1770.42217	0.01158
1768.49360	0.01093
1766.56504	0.01047
1764.63647	0.01062
1762.70791	0.01148
1760.77935	0.01222
1758.85078	0.01257
1756.92222	0.01304
1754.99365	0.01371
1753.06509	0.01514
1751.13652	0.01764
1749.20796	0.01999
1747.27939	0.02135
1745.35083	0.02261
1743.42227	0.02432
1741.49370	0.02631
1739.56514	0.02803
1737.63657	0.02928
1735.70801	0.03097
1733.77944	0.03284
1731.85088	0.03283
1729.92231	0.03210
1727.99375	0.03214
1726.06519	0.03354
1724.13662	0.03621
1722.20806	0.03914
1720.27949	0.04216
1718.35093	0.04605
1716.42236	0.04879
1714.49380	0.04817
1712.56523	0.04670
1710.63667	0.04573
1708.70811	0.04534
1706.77954	0.04510
1704.85098	0.04416
1702.92241	0.04306
1700.99385	0.04254
1699.06528	0.04196
1697.13672	0.04035
1695.20815	0.03738
1693.27959	0.03485
1691.35103	0.03399
1689.42246	0.03414
1687.49390	0.03481
1685.56533	0.03639
1683.63677	0.03766
1681.70820	0.03667
1679.77964	0.03555
1677.85107	0.03544
1675.92251	0.03637
1673.99395	0.03755
1672.06538	0.03870
1670.13682	0.03993
1668.20825	0.03992
1666.27969	0.03939
1664.35112	0.03993
1662.42256	0.04094
1660.49399	0.04110
1658.56543	0.04123
1656.63687	0.04251
1654.70830	0.04514
1652.77974	0.04679
1650.85117	0.04583
1648.92261	0.04589
1646.99404	0.04618
1645.06548	0.04441
1643.13691	0.04264
1641.20835	0.04219
1639.27979	0.04281
1637.35122	0.04405
1635.42266	0.04390
1633.49409	0.04159
1631.56553	0.03998
1629.63696	0.03946
1627.70840	0.03920
1625.77983	0.03888
1623.85127	0.03836
1621.92271	0.03698
1619.99414	0.03564
1618.06558	0.03505
1616.13701	0.03380
1614.20845	0.03167
1612.27988	0.03025
1610.35132	0.02964
1608.42275	0.02910
1606.49419	0.02829
1604.56562	0.02753
1602.63706	0.02697
1600.70850	0.02641
1598.77993	0.02598
1596.85137	0.02579
1594.92280	0.02555
1592.99424	0.02510
1591.06567	0.02468
1589.13711	0.02440
1587.20854	0.02416
1585.27998	0.02395
1583.35142	0.02379
1581.42285	0.02383
1579.49429	0.02449
1577.56572	0.02585
1575.63716	0.02635
1573.70859	0.02553
1571.78003	0.02547
1569.85146	0.02619
1567.92290	0.02626
1565.99434	0.02600
1564.06577	0.02622
1562.13721	0.02732
1560.20864	0.03014
1558.28008	0.03235
1556.35151	0.03053
1554.42295	0.02874
1552.49438	0.02784
1550.56582	0.02746
1548.63726	0.02714
1546.70869	0.02740
1544.78013	0.02892
1542.85156	0.03122
1540.92300	0.03235
1538.99443	0.02936
1537.06587	0.02636
1535.13730	0.02553
1533.20874	0.02497
1531.28018	0.02361
1529.35161	0.02295
1527.42305	0.02327
1525.49448	0.02367
1523.56592	0.02415
1521.63735	0.02432
1519.70879	0.02335
1517.78022	0.02219
1515.85166	0.02063
1513.92310	0.01903
1511.99453	0.01874
1510.06597	0.02010
1508.13740	0.02218
1506.20884	0.02054
1504.28027	0.01663
1502.35171	0.01492
1500.42314	0.01478
1498.49458	0.01523
1496.56602	0.01484
1494.63745	0.01380
1492.70889	0.01390
1490.78032	0.01544
1488.85176	0.01631
1486.92319	0.01526
1484.99463	0.01442
1483.06606	0.01526
1481.13750	0.01840
1479.20894	0.02579
1477.28037	0.04453
1475.35181	0.08351
1473.42324	0.13801
1471.49468	0.16830
1469.56611	0.16201
1467.63755	0.15032
1465.70898	0.14518
1463.78042	0.14380
1461.85186	0.13821
1459.92329	0.12737
1457.99473	0.11260
1456.06616	0.09753
1454.13760	0.08792
1452.20903	0.08120
1450.28047	0.07551
1448.35190	0.07038
1446.42334	0.06565
1444.49478	0.06203
1442.56621	0.05966
1440.63765	0.05828
1438.70908	0.05774
1436.78052	0.05682
1434.85195	0.05435
1432.92339	0.05169
1430.99482	0.04933
1429.06626	0.04685
1427.13770	0.04482
1425.20913	0.04379
1423.28057	0.04332
1421.35200	0.04342
1419.42344	0.04404
1417.49487	0.04369
1415.56631	0.04246
1413.63774	0.04175
1411.70918	0.04153
1409.78062	0.04121
1407.85205	0.04082
1405.92349	0.04042
1403.99492	0.03953
1402.06636	0.03853
1400.13779	0.03813
1398.20923	0.03804
1396.28066	0.03764
1394.35210	0.03665
1392.42354	0.03551
1390.49497	0.03528
1388.56641	0.03620
1386.63784	0.03760
1384.70928	0.03929
1382.78071	0.04232
1380.85215	0.04716
1378.92358	0.05276
1376.99502	0.05702
1375.06646	0.05766
1373.13789	0.05443
1371.20933	0.05050
1369.28076	0.04779
1367.35220	0.04596
1365.42363	0.04496
1363.49507	0.04458
1361.56650	0.04375
1359.63794	0.04239
1357.70937	0.04130
1355.78081	0.04054
1353.85225	0.03985
1351.92368	0.03918
1349.99512	0.03851
1348.06655	0.03770
1346.13799	0.03682
1344.20942	0.03624
1342.28086	0.03626
1340.35229	0.03654
1338.42373	0.03603
1336.49517	0.03477
1334.56660	0.03370
1332.63804	0.03316
1330.70947	0.03300
1328.78091	0.03308
1326.85234	0.03328
1324.92378	0.03358
1322.99521	0.03404
1321.06665	0.03466
1319.13809	0.03519
1317.20952	0.03536
1315.28096	0.03535
1313.35239	0.03538
1311.42383	0.03540
1309.49526	0.03548
1307.56670	0.03571
1305.63813	0.03598
1303.70957	0.03622
1301.78101	0.03636
1299.85244	0.03645
1297.92388	0.03656
1295.99531	0.03666
1294.06675	0.03669
1292.13818	0.03664
1290.20962	0.03660
1288.28105	0.03658
1286.35249	0.03656
1284.42393	0.03660
1282.49536	0.03674
1280.56680	0.03690
1278.63823	0.03706
1276.70967	0.03730
1274.78110	0.03762
1272.85254	0.03802
1270.92397	0.03841
1268.99541	0.03870
1267.06685	0.03898
1265.13828	0.03931
1263.20972	0.03968
1261.28115	0.04012
1259.35259	0.04055
1257.42402	0.04087
1255.49546	0.04105
1253.56689	0.04112
1251.63833	0.04114
1249.70977	0.04123
1247.78120	0.04142
1245.85264	0.04159
1243.92407	0.04168
1241.99551	0.04174
1240.06694	0.04177
1238.13838	0.04170
1236.20981	0.04152
1234.28125	0.04136
1232.35269	0.04130
1230.42412	0.04126
1228.49556	0.04115
1226.56699	0.04102
1224.63843	0.04095
1222.70986	0.04093
1220.78130	0.04096
1218.85273	0.04100
1216.92417	0.04096
1214.99561	0.04087
1213.06704	0.04080
1211.13848	0.04068
1209.20991	0.04056
1207.28135	0.04056
1205.35278	0.04064
1203.42422	0.04071
1201.49565	0.04084
1199.56709	0.04107
1197.63853	0.04130
1195.70996	0.04149
1193.78140	0.04174
1191.85283	0.04213
1189.92427	0.04258
1187.99570	0.04298
1186.06714	0.04337
1184.13857	0.04391
1182.21001	0.04470
1180.28145	0.04564
1178.35288	0.04657
1176.42432	0.04746
1174.49575	0.04835
1172.56719	0.04930
1170.63862	0.05030
1168.71006	0.05120
1166.78149	0.05174
1164.85293	0.05191
1162.92437	0.05187
1160.99580	0.05178
1159.06724	0.05170
1157.13867	0.05159
1155.21011	0.05141
1153.28154	0.05108
1151.35298	0.05062
1149.42441	0.05018
1147.49585	0.04990
1145.56729	0.04974
1143.63872	0.04965
1141.71016	0.04965
1139.78159	0.04979
1137.85303	0.05005
1135.92446	0.05034
1133.99590	0.05067
1132.06733	0.05113
1130.13877	0.05178
1128.21021	0.05248
1126.28164	0.05306
1124.35308	0.05358
1122.42451	0.05414
1120.49595	0.05479
1118.56738	0.05550
1116.63882	0.05630
1114.71025	0.05711
1112.78169	0.05784
1110.85312	0.05858
1108.92456	0.05941
1106.99600	0.06033
1105.06743	0.06122
1103.13887	0.06197
1101.21030	0.06262
1099.28174	0.06324
1097.35317	0.06386
1095.42461	0.06448
1093.49604	0.06524
1091.56748	0.06616
1089.63892	0.06711
1087.71035	0.06802
1085.78179	0.06894
1083.85322	0.06982
1081.92466	0.07052
1079.99609	0.07104
1078.06753	0.07149
1076.13896	0.07190
1074.21040	0.07220
1072.28184	0.07234
1070.35327	0.07245
1068.42471	0.07271
1066.49614	0.07311
1064.56758	0.07354
1062.63901	0.07388
1060.71045	0.07417
1058.78188	0.07449
1056.85332	0.07476
1054.92476	0.07496
1052.99619	0.07518
1051.06763	0.07549
1049.13906	0.07578
1047.21050	0.07605
1045.28193	0.07635
1043.35337	0.07657
1041.42480	0.07658
1039.49624	0.07645
1037.56768	0.07631
1035.63911	0.07616
1033.71055	0.07593
1031.78198	0.07557
1029.85342	0.07512
1027.92485	0.07466
1025.99629	0.07410
1024.06772	0.07342
1022.13916	0.07269
1020.21060	0.07190
1018.28203	0.07097
1016.35347	0.06989
1014.42490	0.06877
1012.49634	0.06769
1010.56777	0.06667
1008.63921	0.06568
1006.71064	0.06470
1004.78208	0.06385
1002.85352	0.06324
1000.92495	0.06288
998.99639	0.06255
997.06782	0.06192
995.13926	0.06088
993.21069	0.05955
991.28213	0.05812
989.35356	0.05673
987.42500	0.05538
985.49644	0.05406
983.56787	0.05282
981.63931	0.05176
979.71074	0.05097
977.78218	0.05048
975.85361	0.05022
973.92505	0.04991
971.99648	0.04916
970.06792	0.04792
968.13936	0.04660
966.21079	0.04547
964.28223	0.04446
962.35366	0.04351
960.42510	0.04269
958.49653	0.04199
956.56797	0.04132
954.63940	0.04072
952.71084	0.04033
950.78228	0.04012
948.85371	0.03983
946.92515	0.03940
944.99658	0.03908
943.06802	0.03901
941.13945	0.03899
939.21089	0.03889
937.28232	0.03867
935.35376	0.03840
933.42520	0.03812
931.49663	0.03787
929.56807	0.03768
927.63950	0.03754
925.71094	0.03732
923.78237	0.03710
921.85381	0.03708
919.92524	0.03735
917.99668	0.03783
916.06812	0.03855
914.13955	0.03964
912.21099	0.04102
910.28242	0.04225
908.35386	0.04268
906.42529	0.04202
904.49673	0.04058
902.56816	0.03903
900.63960	0.03783
898.71104	0.03694
896.78247	0.03610
894.85391	0.03523
892.92534	0.03445
890.99678	0.03371
889.06821	0.03304
887.13965	0.03251
885.21108	0.03205
883.28252	0.03160
881.35396	0.03121
879.42539	0.03086
877.49683	0.03046
875.56826	0.03008
873.63970	0.02985
871.71113	0.02970
869.78257	0.02948
867.85400	0.02918
865.92544	0.02892
863.99687	0.02879
862.06831	0.02878
860.13975	0.02879
858.21118	0.02874
856.28262	0.02861
854.35405	0.02852
852.42549	0.02862
850.49692	0.02888
848.56836	0.02922
846.63979	0.02968
844.71123	0.03032
842.78267	0.03089
840.85410	0.03100
838.92554	0.03068
836.99697	0.03037
835.06841	0.03029
833.13984	0.03027
831.21128	0.03022
829.28271	0.03029
827.35415	0.03047
825.42559	0.03063
823.49702	0.03082
821.56846	0.03108
819.63989	0.03137
817.71133	0.03161
815.78276	0.03180
813.85420	0.03211
811.92563	0.03265
809.99707	0.03320
808.06851	0.03362
806.13994	0.03389
804.21138	0.03402
802.28281	0.03421
800.35425	0.03458
798.42568	0.03494
796.49712	0.03513
794.56855	0.03504
792.63999	0.03463
790.71143	0.03420
788.78286	0.03413
786.85430	0.03451
784.92573	0.03513
782.99717	0.03573
781.06860	0.03607
779.14004	0.03605
777.21147	0.03580
775.28291	0.03567
773.35435	0.03579
771.42578	0.03608
769.49722	0.03639
767.56865	0.03653
765.64009	0.03649
763.71152	0.03646
761.78296	0.03644
759.85439	0.03640
757.92583	0.03651
755.99727	0.03680
754.06870	0.03701
752.14014	0.03709
750.21157	0.03739
748.28301	0.03799
746.35444	0.03871
744.42588	0.03941
742.49731	0.04018
740.56875	0.04148
738.64019	0.04392
736.71162	0.04903
734.78306	0.06028
732.85449	0.07774
730.92593	0.09176
728.99736	0.09466
727.06880	0.09358
725.14023	0.09902
723.21167	0.11574
721.28311	0.14509
719.35454	0.18028
717.42598	0.20161
715.49741	0.19123
713.56885	0.15660
711.64028	0.12124
709.71172	0.09735
707.78315	0.08309
705.85459	0.07392
703.92603	0.06749
701.99746	0.06290
700.06890	0.05948
698.14033	0.05674
696.21177	0.05463
694.28320	0.05301
692.35464	0.05155
690.42607	0.05024
688.49751	0.04929
686.56895	0.04856
684.64038	0.04781
682.71182	0.04704
680.78325	0.04633
678.85469	0.04573
676.92612	0.04536
674.99756	0.04511
673.06899	0.04470
671.14043	0.04338
669.21187	0.04126
667.28330	0.04106
665.35474	0.04283
663.42617	0.04382
661.49761	0.04406
659.56904	0.04406
657.64048	0.04393
655.71191	0.04389
653.78335	0.04383
651.85479	0.04362
649.92622	0.04358
647.99766	0.04398
646.06909	0.04451
644.14053	0.04491
642.21196	0.04554
640.28340	0.04649
638.35483	0.04739
636.42627	0.04810
634.49771	0.04865
632.56914	0.04921
630.64058	0.04966
628.71201	0.04943
626.78345	0.04910
624.85488	0.04944
622.92632	0.04932
620.99775	0.04771
619.06919	0.04583
617.14062	0.04514
615.21206	0.04554
613.28350	0.04655
611.35493	0.04810
609.42637	0.04945
607.49780	0.04935
605.56924	0.04821
603.64067	0.04786
601.71211	0.04861
599.78354	0.04920
