3997.91411	0.02244
3995.98555	0.02245
3994.05698	0.02239
3992.12842	0.02241
3990.19985	0.02253
3988.27129	0.02256
3986.34272	0.02253
3984.41416	0.02256
3982.48560	0.02253
3980.55703	0.02246
3978.62847	0.02250
3976.69990	0.02263
3974.77134	0.02272
3972.84277	0.02267
3970.91421	0.02257
3968.98564	0.02246
3967.05708	0.02236
3965.12852	0.02239
3963.19995	0.02248
3961.27139	0.02246
3959.34282	0.02248
3957.41426	0.02263
3955.48569	0.02272
3953.55713	0.02270
3951.62856	0.02279
3949.70000	0.02295
3947.77144	0.02290
3945.84287	0.02271
3943.91431	0.02273
3941.98574	0.02284
3940.05718	0.02268
3938.12861	0.02237
3936.20005	0.02229
3934.27148	0.02261
3932.34292	0.02304
3930.41436	0.02305
3928.48579	0.02273
3926.55723	0.02254
3924.62866	0.02266
3922.70010	0.02279
3920.77153	0.02275
3918.84297	0.02273
3916.91440	0.02276
3914.98584	0.02267
3913.05728	0.02242
3911.12871	0.02223
3909.20015	0.02226
3907.27158	0.02249
3905.34302	0.02299
3903.41445	0.02358
3901.48589	0.02376
3899.55732	0.02349
3897.62876	0.02308
3895.70020	0.02285
3893.77163	0.02288
3891.84307	0.02295
3889.91450	0.02283
3887.98594	0.02285
3886.05737	0.02312
3884.12881	0.02322
3882.20024	0.02315
3880.27168	0.02305
3878.34312	0.02282
3876.41455	0.02272
3874.48599	0.02284
3872.55742	0.02297
3870.62886	0.02310
3868.70029	0.02307
3866.77173	0.02289
3864.84316	0.02289
3862.91460	0.02278
3860.98604	0.02242
3859.05747	0.02220
3857.12891	0.02229
3855.20034	0.02284
3853.27178	0.02369
3851.34321	0.02343
3849.41465	0.02262
3847.48608	0.02217
3845.55752	0.02222
3843.62896	0.02256
3841.70039	0.02291
3839.77183	0.02316
3837.84326	0.02318
3835.91470	0.02281
3833.98613	0.02238
3832.05757	0.02213
3830.12900	0.02208
3828.20044	0.02214
3826.27187	0.02221
3824.34331	0.02224
3822.41475	0.02256
3820.48618	0.02297
3818.55762	0.02284
3816.62905	0.02257
3814.70049	0.02227
3812.77192	0.02189
3810.84336	0.02167
3808.91479	0.02180
3806.98623	0.02210
3805.05767	0.02217
3803.12910	0.02222
3801.20054	0.02232
3799.27197	0.02212
3797.34341	0.02186
3795.41484	0.02157
3793.48628	0.02124
3791.55771	0.02108
3789.62915	0.02116
3787.70059	0.02142
3785.77202	0.02162
3783.84346	0.02150
3781.91489	0.02132
3779.98633	0.02142
3778.05776	0.02156
3776.12920	0.02149
3774.20063	0.02142
3772.27207	0.02155
3770.34351	0.02178
3768.41494	0.02182
3766.48638	0.02170
3764.55781	0.02153
3762.62925	0.02135
3760.70068	0.02137
3758.77212	0.02154
3756.84355	0.02160
3754.91499	0.02176
3752.98643	0.02242
3751.05786	0.02332
3749.12930	0.02340
3747.20073	0.02306
3745.27217	0.02293
3743.34360	0.02274
3741.41504	0.02242
3739.48647	0.02230
3737.55791	0.02258
3735.62935	0.02304
3733.70078	0.02287
3731.77222	0.02230
3729.84365	0.02202
3727.91509	0.02205
3725.98652	0.02223
3724.05796	0.02245
3722.12939	0.02250
3720.20083	0.02228
3718.27227	0.02195
3716.34370	0.02168
3714.41514	0.02165
3712.48657	0.02205
3710.55801	0.02254
3708.62944	0.02251
3706.70088	0.02223
3704.77231	0.02217
3702.84375	0.02243
3700.91519	0.02255
3698.98662	0.02237
3697.05806	0.02227
3695.12949	0.02229
3693.20093	0.02240
3691.27236	0.02277
3689.34380	0.02308
3687.41523	0.02280
3685.48667	0.02243
3683.55811	0.02231
3681.62954	0.02238
3679.70098	0.02264
3677.77241	0.02325
3675.84385	0.02398
3673.91528	0.02399
3671.98672	0.02384
3670.05815	0.02408
3668.12959	0.02400
3666.20103	0.02357
3664.27246	0.02334
3662.34390	0.02341
3660.41533	0.02367
3658.48677	0.02405
3656.55820	0.02450
3654.62964	0.02479
3652.70107	0.02515
3650.77251	0.02611
3648.84395	0.02726
3646.91538	0.02737
3644.98682	0.02699
3643.05825	0.02673
3641.12969	0.02669
3639.20112	0.02687
3637.27256	0.02726
3635.34399	0.02780
3633.41543	0.02840
3631.48687	0.02904
3629.55830	0.02994
3627.62974	0.03048
3625.70117	0.03032
3623.77261	0.03023
3621.84404	0.03039
3619.91548	0.03088
3617.98691	0.03149
3616.05835	0.03169
3614.12979	0.03162
3612.20122	0.03170
3610.27266	0.03214
3608.34409	0.03264
3606.41553	0.03288
3604.48696	0.03306
3602.55840	0.03336
3600.62983	0.03382
3598.70127	0.03432
3596.77271	0.03467
3594.84414	0.03476
3592.91558	0.03466
3590.98701	0.03471
3589.05845	0.03511
3587.12988	0.03548
3585.20132	0.03546
3583.27275	0.03547
3581.34419	0.03569
3579.41562	0.03605
3577.48706	0.03643
3575.55850	0.03671
3573.62993	0.03693
3571.70137	0.03720
3569.77280	0.03774
3567.84424	0.03872
3565.91567	0.03942
3563.98711	0.03947
3562.05854	0.03957
3560.12998	0.03985
3558.20142	0.04004
3556.27285	0.04025
3554.34429	0.04070
3552.41572	0.04128
3550.48716	0.04157
3548.55859	0.04183
3546.63003	0.04252
3544.70146	0.04317
3542.77290	0.04323
3540.84434	0.04312
3538.91577	0.04330
3536.98721	0.04371
3535.05864	0.04416
3533.13008	0.04466
3531.20151	0.04520
3529.27295	0.04574
3527.34438	0.04623
3525.41582	0.04653
3523.48726	0.04649
3521.55869	0.04636
3519.63013	0.04650
3517.70156	0.04684
3515.77300	0.04711
3513.84443	0.04747
3511.91587	0.04801
3509.98730	0.04846
3508.05874	0.04860
3506.13018	0.04861
3504.20161	0.04867
3502.27305	0.04876
3500.34448	0.04892
3498.41592	0.04926
3496.48735	0.04972
3494.55879	0.05008
3492.63022	0.05029
3490.70166	0.05045
3488.77310	0.05063
3486.84453	0.05088
3484.91597	0.05110
3482.98740	0.05121
3481.05884	0.05135
3479.13027	0.05155
3477.20171	0.05194
3475.27314	0.05250
3473.34458	0.05289
3471.41602	0.05315
3469.48745	0.05344
3467.55889	0.05366
3465.63032	0.05392
3463.70176	0.05434
3461.77319	0.05467
3459.84463	0.05468
3457.91606	0.05462
3455.98750	0.05479
3454.05894	0.05511
3452.13037	0.05540
3450.20181	0.05566
3448.27324	0.05588
3446.34468	0.05602
3444.41611	0.05610
3442.48755	0.05622
3440.55898	0.05647
3438.63042	0.05667
3436.70186	0.05666
3434.77329	0.05685
3432.84473	0.05737
3430.91616	0.05778
3428.98760	0.05787
3427.05903	0.05781
3425.13047	0.05767
3423.20190	0.05762
3421.27334	0.05792
3419.34478	0.05834
3417.41621	0.05857
3415.48765	0.05881
3413.55908	0.05911
3411.63052	0.05925
3409.70195	0.05925
3407.77339	0.05926
3405.84482	0.05942
3403.91626	0.05967
3401.98770	0.05973
3400.05913	0.05964
3398.13057	0.05974
3396.20200	0.05992
3394.27344	0.05990
3392.34487	0.05978
3390.41631	0.05974
3388.48774	0.05986
3386.55918	0.06005
3384.63062	0.06021
3382.70205	0.06030
3380.77349	0.06025
3378.84492	0.06017
3376.91636	0.06023
3374.98779	0.06038
3373.05923	0.06046
3371.13066	0.06054
3369.20210	0.06072
3367.27354	0.06075
3365.34497	0.06055
3363.41641	0.06045
3361.48784	0.06059
3359.55928	0.06081
3357.63071	0.06088
3355.70215	0.06071
3353.77358	0.06043
3351.84502	0.06030
3349.91646	0.06039
3347.98789	0.06050
3346.05933	0.06046
3344.13076	0.06045
3342.20220	0.06052
3340.27363	0.06047
3338.34507	0.06035
3336.41650	0.06040
3334.48794	0.06049
3332.55937	0.06039
3330.63081	0.06021
3328.70225	0.06018
3326.77368	0.06032
3324.84512	0.06048
3322.91655	0.06049
3320.98799	0.06036
3319.05942	0.06033
3317.13086	0.06039
3315.20229	0.06028
3313.27373	0.06003
3311.34517	0.05985
3309.41660	0.05982
3307.48804	0.05993
3305.55947	0.06006
3303.63091	0.06010
3301.70234	0.06005
3299.77378	0.05999
3297.84521	0.05995
3295.91665	0.05993
3293.98809	0.05988
3292.05952	0.05987
3290.13096	0.05984
3288.20239	0.05966
3286.27383	0.05949
3284.34526	0.05951
3282.41670	0.05955
3280.48813	0.05948
3278.55957	0.05932
3276.63101	0.05900
3274.70244	0.05852
3272.77388	0.05815
3270.84531	0.05806
3268.91675	0.05811
3266.98818	0.05813
3265.05962	0.05806
3263.13105	0.05777
3261.20249	0.05734
3259.27393	0.05706
3257.34536	0.05698
3255.41680	0.05688
3253.48823	0.05662
3251.55967	0.05618
3249.63110	0.05567
3247.70254	0.05521
3245.77397	0.05494
3243.84541	0.05474
3241.91685	0.05455
3239.98828	0.05451
3238.05972	0.05445
3236.13115	0.05405
3234.20259	0.05354
3232.27402	0.05343
3230.34546	0.05364
3228.41689	0.05367
3226.48833	0.05346
3224.55977	0.05326
3222.63120	0.05307
3220.70264	0.05273
3218.77407	0.05232
3216.84551	0.05200
3214.91694	0.05181
3212.98838	0.05165
3211.05981	0.05146
3209.13125	0.05114
3207.20269	0.05077
3205.27412	0.05045
3203.34556	0.05014
3201.41699	0.04984
3199.48843	0.04957
3197.55986	0.04932
3195.63130	0.04905
3193.70273	0.04872
3191.77417	0.04847
3189.84561	0.04836
3187.91704	0.04818
3185.98848	0.04776
3184.05991	0.04730
3182.13135	0.04706
3180.20278	0.04688
3178.27422	0.04655
3176.34565	0.04607
3174.41709	0.04554
3172.48853	0.04512
3170.55996	0.04489
3168.63140	0.04467
3166.70283	0.04441
3164.77427	0.04426
3162.84570	0.04412
3160.91714	0.04378
3158.98857	0.04335
3157.06001	0.04304
3155.13145	0.04288
3153.20288	0.04277
3151.27432	0.04255
3149.34575	0.04219
3147.41719	0.04189
3145.48862	0.04158
3143.56006	0.04113
3141.63149	0.04071
3139.70293	0.04034
3137.77437	0.03994
3135.84580	0.03965
3133.91724	0.03957
3131.98867	0.03939
3130.06011	0.03896
3128.13154	0.03851
3126.20298	0.03815
3124.27441	0.03781
3122.34585	0.03760
3120.41729	0.03752
3118.48872	0.03737
3116.56016	0.03711
3114.63159	0.03691
3112.70303	0.03679
3110.77446	0.03666
3108.84590	0.03643
3106.91733	0.03606
3104.98877	0.03566
3103.06021	0.03548
3101.13164	0.03551
3099.20308	0.03553
3097.27451	0.03538
3095.34595	0.03515
3093.41738	0.03501
3091.48882	0.03493
3089.56025	0.03467
3087.63169	0.03426
3085.70312	0.03398
3083.77456	0.03377
3081.84600	0.03351
3079.91743	0.03327
3077.98887	0.03308
3076.06030	0.03290
3074.13174	0.03276
3072.20317	0.03253
3070.27461	0.03216
3068.34604	0.03183
3066.41748	0.03164
3064.48892	0.03145
3062.56035	0.03121
3060.63179	0.03098
3058.70322	0.03069
3056.77466	0.03022
3054.84609	0.02975
3052.91753	0.02947
3050.98896	0.02931
3049.06040	0.02915
3047.13184	0.02895
3045.20327	0.02874
3043.27471	0.02852
3041.34614	0.02822
3039.41758	0.02785
3037.48901	0.02743
3035.56045	0.02696
3033.63188	0.02655
3031.70332	0.02628
3029.77476	0.02600
3027.84619	0.02568
3025.91763	0.02538
3023.98906	0.02506
3022.06050	0.02473
3020.13193	0.02446
3018.20337	0.02424
3016.27480	0.02406
3014.34624	0.02396
3012.41768	0.02379
3010.48911	0.02346
3008.56055	0.02320
3006.63198	0.02316
3004.70342	0.02322
3002.77485	0.02327
3000.84629	0.02330
2998.91772	0.02334
2996.98916	0.02342
2995.06060	0.02347
2993.13203	0.02357
2991.20347	0.02386
2989.27490	0.02427
2987.34634	0.02469
2985.41777	0.02512
2983.48921	0.02559
2981.56064	0.02617
2979.63208	0.02695
2977.70352	0.02789
2975.77495	0.02879
2973.84639	0.02947
2971.91782	0.03008
2969.98926	0.03129
2968.06069	0.03336
2966.13213	0.03557
2964.20356	0.03737
2962.27500	0.03897
2960.34644	0.04047
2958.41787	0.04183
2956.48931	0.04318
2954.56074	0.04479
2952.63218	0.04700
2950.70361	0.05015
2948.77505	0.05434
2946.84648	0.05958
2944.91792	0.06607
2942.98936	0.07398
2941.06079	0.08331
2939.13223	0.09418
2937.20366	0.10674
2935.27510	0.12112
2933.34653	0.13770
2931.41797	0.15702
2929.48940	0.17971
2927.56084	0.20683
2925.63228	0.24001
2923.70371	0.28071
2921.77515	0.32901
2919.84658	0.38190
2917.91802	0.43031
2915.98945	0.45933
2914.06089	0.45861
2912.13232	0.43318
2910.20376	0.39740
2908.27520	0.36223
2906.34663	0.33203
2904.41807	0.30764
2902.48950	0.28842
2900.56094	0.27296
2898.63237	0.25971
2896.70381	0.24762
2894.77524	0.23607
2892.84668	0.22476
2890.91812	0.21361
2888.98955	0.20245
2887.06099	0.19126
2885.13242	0.18025
2883.20386	0.16947
2881.27529	0.15880
2879.34673	0.14820
2877.41816	0.13810
2875.48960	0.12912
2873.56104	0.12184
2871.63247	0.11660
2869.70391	0.11331
2867.77534	0.11185
2865.84678	0.11274
2863.91821	0.11702
2861.98965	0.12581
2860.06108	0.14048
2858.13252	0.16350
2856.20396	0.19860
2854.27539	0.24988
2852.34683	0.31776
2850.41826	0.38893
2848.48970	0.42975
2846.56113	0.41475
2844.63257	0.36216
2842.70400	0.30385
2840.77544	0.25462
2838.84687	0.21688
2836.91831	0.18895
2834.98975	0.16833
2833.06118	0.15291
2831.13262	0.14109
2829.20405	0.13161
2827.27549	0.12375
2825.34692	0.11719
2823.41836	0.11167
2821.48979	0.10703
2819.56123	0.10307
2817.63267	0.09958
2815.70410	0.09640
2813.77554	0.09350
2811.84697	0.09090
2809.91841	0.08862
2807.98984	0.08649
2806.06128	0.08439
2804.13271	0.08244
2802.20415	0.08075
2800.27559	0.07917
2798.34702	0.07764
2796.41846	0.07623
2794.48989	0.07493
2792.56133	0.07372
2790.63276	0.07249
2788.70420	0.07120
2786.77563	0.06995
2784.84707	0.06877
2782.91851	0.06760
2780.98994	0.06650
2779.06138	0.06555
2777.13281	0.06468
2775.20425	0.06382
2773.27568	0.06295
2771.34712	0.06210
2769.41855	0.06135
2767.48999	0.06074
2765.56143	0.06014
2763.63286	0.05948
2761.70430	0.05887
2759.77573	0.05835
2757.84717	0.05783
2755.91860	0.05725
2753.99004	0.05670
2752.06147	0.05627
2750.13291	0.05596
2748.20435	0.05570
2746.27578	0.05538
2744.34722	0.05503
2742.41865	0.05471
2740.49009	0.05435
2738.56152	0.05402
2736.63296	0.05382
2734.70439	0.05362
2732.77583	0.05327
2730.84727	0.05286
2728.91870	0.05244
2726.99014	0.05201
2725.06157	0.05160
2723.13301	0.05127
2721.20444	0.05101
2719.27588	0.05077
2717.34731	0.05055
2715.41875	0.05037
2713.49019	0.05015
2711.56162	0.04978
2709.63306	0.04937
2707.70449	0.04907
2705.77593	0.04885
2703.84736	0.04856
2701.91880	0.04824
2699.99023	0.04797
2698.06167	0.04776
2696.13311	0.04755
2694.20454	0.04735
2692.27598	0.04714
2690.34741	0.04695
2688.41885	0.04680
2686.49028	0.04670
2684.56172	0.04667
2682.63315	0.04665
2680.70459	0.04657
2678.77603	0.04645
2676.84746	0.04637
2674.91890	0.04636
2672.99033	0.04636
2671.06177	0.04638
2669.13320	0.04641
2667.20464	0.04647
2665.27607	0.04660
2663.34751	0.04677
2661.41895	0.04687
2659.49038	0.04688
2657.56182	0.04685
2655.63325	0.04677
2653.70469	0.04662
2651.77612	0.04646
2649.84756	0.04631
2647.91899	0.04610
2645.99043	0.04584
2644.06187	0.04566
2642.13330	0.04554
2640.20474	0.04548
2638.27617	0.04550
2636.34761	0.04554
2634.41904	0.04542
2632.49048	0.04508
2630.56191	0.04458
2628.63335	0.04412
2626.70479	0.04379
2624.77622	0.04350
2622.84766	0.04317
2620.91909	0.04285
2618.99053	0.04259
2617.06196	0.04233
2615.13340	0.04199
2613.20483	0.04167
2611.27627	0.04137
2609.34771	0.04104
2607.41914	0.04074
2605.49058	0.04049
2603.56201	0.04023
2601.63345	0.03998
2599.70488	0.03975
2597.77632	0.03946
2595.84775	0.03916
2593.91919	0.03884
2591.99062	0.03856
2590.06206	0.03843
2588.13350	0.03839
2586.20493	0.03822
2584.27637	0.03785
2582.34780	0.03745
2580.41924	0.03719
2578.49067	0.03702
2576.56211	0.03688
2574.63354	0.03675
2572.70498	0.03650
2570.77642	0.03621
2568.84785	0.03599
2566.91929	0.03580
2564.99072	0.03554
2563.06216	0.03535
2561.13359	0.03527
2559.20503	0.03517
2557.27646	0.03498
2555.34790	0.03486
2553.41934	0.03486
2551.49077	0.03483
2549.56221	0.03467
2547.63364	0.03450
2545.70508	0.03429
2543.77651	0.03400
2541.84795	0.03376
2539.91938	0.03363
2537.99082	0.03352
2536.06226	0.03342
2534.13369	0.03329
2532.20513	0.03308
2530.27656	0.03291
2528.34800	0.03295
2526.41943	0.03307
2524.49087	0.03301
2522.56230	0.03279
2520.63374	0.03263
2518.70518	0.03257
2516.77661	0.03251
2514.84805	0.03238
2512.91948	0.03225
2510.99092	0.03205
2509.06235	0.03177
2507.13379	0.03157
2505.20522	0.03158
2503.27666	0.03157
2501.34810	0.03137
2499.41953	0.03113
2497.49097	0.03096
2495.56240	0.03091
2493.63384	0.03095
2491.70527	0.03094
2489.77671	0.03087
2487.84814	0.03079
2485.91958	0.03075
2483.99102	0.03076
2482.06245	0.03079
2480.13389	0.03071
2478.20532	0.03056
2476.27676	0.03052
2474.34819	0.03056
2472.41963	0.03049
2470.49106	0.03029
2468.56250	0.03009
2466.63394	0.03002
2464.70537	0.02996
2462.77681	0.02985
2460.84824	0.02982
2458.91968	0.02985
2456.99111	0.02980
2455.06255	0.02967
2453.13398	0.02955
2451.20542	0.02948
2449.27686	0.02947
2447.34829	0.02951
2445.41973	0.02946
2443.49116	0.02930
2441.56260	0.02913
2439.63403	0.02896
2437.70547	0.02877
2435.77690	0.02866
2433.84834	0.02857
2431.91978	0.02836
2429.99121	0.02818
2428.06265	0.02818
2426.13408	0.02821
2424.20552	0.02826
2422.27695	0.02833
2420.34839	0.02836
2418.41982	0.02831
2416.49126	0.02823
2414.56270	0.02815
2412.63413	0.02810
2410.70557	0.02808
2408.77700	0.02797
2406.84844	0.02769
2404.91987	0.02745
2402.99131	0.02740
2401.06274	0.02739
2399.13418	0.02735
2397.20562	0.02737
2395.27705	0.02742
2393.34849	0.02739
2391.41992	0.02738
2389.49136	0.02744
2387.56279	0.02756
2385.63423	0.02786
2383.70566	0.02854
2381.77710	0.02978
2379.84854	0.03159
2377.91997	0.03370
2375.99141	0.03578
2374.06284	0.03766
2372.13428	0.03950
2370.20571	0.04142
2368.27715	0.04338
2366.34858	0.04517
2364.42002	0.04669
2362.49146	0.04794
2360.56289	0.04867
2358.63433	0.04858
2356.70576	0.04768
2354.77720	0.04612
2352.84863	0.04379
2350.92007	0.04124
2348.99150	0.04013
2347.06294	0.04130
2345.13437	0.04356
2343.20581	0.04489
2341.27725	0.04501
2339.34868	0.04464
2337.42012	0.04419
2335.49155	0.04392
2333.56299	0.04390
2331.63442	0.04389
2329.70586	0.04381
2327.77729	0.04436
2325.84873	0.04563
2323.92017	0.04618
2321.99160	0.04505
2320.06304	0.04305
2318.13447	0.04112
2316.20591	0.03957
2314.27734	0.03839
2312.34878	0.03736
2310.42021	0.03632
2308.49165	0.03528
2306.56309	0.03437
2304.63452	0.03362
2302.70596	0.03295
2300.77739	0.03242
2298.84883	0.03209
2296.92026	0.03186
2294.99170	0.03173
2293.06313	0.03168
2291.13457	0.03160
2289.20601	0.03150
2287.27744	0.03140
2285.34888	0.03120
2283.42031	0.03082
2281.49175	0.03028
2279.56318	0.02974
2277.63462	0.02947
2275.70605	0.02936
2273.77749	0.02920
2271.84893	0.02897
2269.92036	0.02868
2267.99180	0.02830
2266.06323	0.02785
2264.13467	0.02738
2262.20610	0.02714
2260.27754	0.02727
2258.34897	0.02739
2256.42041	0.02713
2254.49185	0.02668
2252.56328	0.02653
2250.63472	0.02663
2248.70615	0.02676
2246.77759	0.02694
2244.84902	0.02710
2242.92046	0.02699
2240.99189	0.02667
2239.06333	0.02639
2237.13477	0.02627
2235.20620	0.02624
2233.27764	0.02610
2231.34907	0.02582
2229.42051	0.02563
2227.49194	0.02573
2225.56338	0.02599
2223.63481	0.02599
2221.70625	0.02554
2219.77769	0.02501
2217.84912	0.02473
2215.92056	0.02471
2213.99199	0.02499
2212.06343	0.02532
2210.13486	0.02524
2208.20630	0.02492
2206.27773	0.02489
2204.34917	0.02501
2202.42061	0.02490
2200.49204	0.02475
2198.56348	0.02487
2196.63491	0.02499
2194.70635	0.02506
2192.77778	0.02536
2190.84922	0.02574
2188.92065	0.02583
2186.99209	0.02561
2185.06353	0.02510
2183.13496	0.02423
2181.20640	0.02364
2179.27783	0.02399
2177.34927	0.02427
2175.42070	0.02367
2173.49214	0.02336
2171.56357	0.02408
2169.63501	0.02514
2167.70645	0.02596
2165.77788	0.02661
2163.84932	0.02730
2161.92075	0.02651
2159.99219	0.02154
2158.06362	0.01537
2156.13506	0.01369
2154.20649	0.01545
2152.27793	0.01751
2150.34937	0.01897
2148.42080	0.01959
2146.49224	0.01951
2144.56367	0.01934
2142.63511	0.01935
2140.70654	0.01945
2138.77798	0.01935
2136.84941	0.01873
2134.92085	0.01778
2132.99229	0.01740
2131.06372	0.01805
2129.13516	0.01914
2127.20659	0.01998
2125.27803	0.02059
2123.34946	0.02111
2121.42090	0.02155
2119.49233	0.02209
2117.56377	0.02290
2115.63521	0.02365
2113.70664	0.02392
2111.77808	0.02370
2109.84951	0.02346
2107.92095	0.02342
2105.99238	0.02341
2104.06382	0.02340
2102.13525	0.02345
2100.20669	0.02340
2098.27812	0.02319
2096.34956	0.02277
2094.42100	0.02242
2092.49243	0.02252
2090.56387	0.02300
2088.63530	0.02353
2086.70674	0.02386
2084.77817	0.02400
2082.84961	0.02411
2080.92104	0.02419
2078.99248	0.02410
2077.06392	0.02394
2075.13535	0.02392
2073.20679	0.02406
2071.27822	0.02404
2069.34966	0.02374
2067.42109	0.02347
2065.49253	0.02347
2063.56396	0.02354
2061.63540	0.02361
2059.70684	0.02394
2057.77827	0.02443
2055.84971	0.02457
2053.92114	0.02500
2051.99258	0.02634
2050.06401	0.02677
2048.13545	0.02529
2046.20688	0.02381
2044.27832	0.02335
2042.34976	0.02354
2040.42119	0.02417
2038.49263	0.02469
2036.56406	0.02442
2034.63550	0.02340
2032.70693	0.02239
2030.77837	0.02162
2028.84980	0.02089
2026.92124	0.02043
2024.99268	0.02044
2023.06411	0.02096
2021.13555	0.02176
2019.20698	0.02241
2017.27842	0.02262
2015.34985	0.02233
2013.42129	0.02178
2011.49272	0.02142
2009.56416	0.02107
2007.63560	0.02007
2005.70703	0.01910
2003.77847	0.01929
2001.84990	0.02020
1999.92134	0.02094
1997.99277	0.02137
1996.06421	0.02158
1994.13564	0.02174
1992.20708	0.02192
1990.27852	0.02208
1988.34995	0.02228
1986.42139	0.02254
1984.49282	0.02339
1982.56426	0.02516
1980.63569	0.02621
1978.70713	0.02451
1976.77856	0.02131
1974.85000	0.01925
1972.92144	0.01862
1970.99287	0.01860
1969.06431	0.01887
1967.13574	0.01916
1965.20718	0.01920
1963.27861	0.01890
1961.35005	0.01835
1959.42148	0.01793
1957.49292	0.01815
1955.56436	0.01889
1953.63579	0.01935
1951.70723	0.01925
1949.77866	0.01909
1947.85010	0.01932
1945.92153	0.01981
1943.99297	0.02021
1942.06440	0.02032
1940.13584	0.02023
1938.20728	0.02010
1936.27871	0.02006
1934.35015	0.02016
1932.42158	0.02029
1930.49302	0.02030
1928.56445	0.02025
1926.63589	0.02030
1924.70732	0.02058
1922.77876	0.02105
1920.85020	0.02147
1918.92163	0.02171
1916.99307	0.02169
1915.06450	0.02144
1913.13594	0.02123
1911.20737	0.02122
1909.27881	0.02129
1907.35024	0.02139
1905.42168	0.02156
1903.49312	0.02175
1901.56455	0.02197
1899.63599	0.02217
1897.70742	0.02235
1895.77886	0.02254
1893.85029	0.02255
1891.92173	0.02240
1889.99316	0.02231
1888.06460	0.02227
1886.13604	0.02208
1884.20747	0.02185
1882.27891	0.02175
1880.35034	0.02173
1878.42178	0.02171
1876.49321	0.02178
1874.56465	0.02184
1872.63608	0.02188
1870.70752	0.02216
1868.77896	0.02252
1866.85039	0.02249
1864.92183	0.02218
1862.99326	0.02188
1861.06470	0.02166
1859.13613	0.02165
1857.20757	0.02178
1855.27900	0.02181
1853.35044	0.02175
1851.42187	0.02180
1849.49331	0.02199
1847.56475	0.02221
1845.63618	0.02241
1843.70762	0.02240
1841.77905	0.02218
1839.85049	0.02207
1837.92192	0.02212
1835.99336	0.02212
1834.06479	0.02215
1832.13623	0.02243
1830.20767	0.02291
1828.27910	0.02312
1826.35054	0.02313
1824.42197	0.02319
1822.49341	0.02312
1820.56484	0.02281
1818.63628	0.02237
1816.70771	0.02209
1814.77915	0.02230
1812.85059	0.02288
1810.92202	0.02337
1808.99346	0.02348
1807.06489	0.02345
1805.13633	0.02356
1803.20776	0.02383
1801.27920	0.02407
1799.35063	0.02417
1797.42207	0.02432
1795.49351	0.02465
1793.56494	0.02514
1791.63638	0.02547
1789.70781	0.02533
1787.77925	0.02512
1785.85068	0.02514
1783.92212	0.02533
1781.99355	0.02551
1780.06499	0.02551
1778.13643	0.02527
1776.20786	0.02506
1774.27930	0.02516
1772.35073	0.02529
1770.42217	0.02487
1768.49360	0.02405
1766.56504	0.02320
1764.63647	0.02254
1762.70791	0.02203
1760.77935	0.02141
1758.85078	0.02082
1756.92222	0.02030
1754.99365	0.01978
1753.06509	0.01956
1751.13652	0.01988
1749.20796	0.02035
1747.27939	0.02048
1745.35083	0.02064
1743.42227	0.02119
1741.49370	0.02205
1739.56514	0.02296
1737.63657	0.02382
1735.70801	0.02531
1733.77944	0.02787
1731.85088	0.02955
1729.92231	0.03014
1727.99375	0.03110
1726.06519	0.03301
1724.13662	0.03584
1722.20806	0.03874
1720.27949	0.04135
1718.35093	0.04457
1716.42236	0.04815
1714.49380	0.05012
1712.56523	0.05102
1710.63667	0.05162
1708.70811	0.05205
1706.77954	0.05226
1704.85098	0.05211
1702.92241	0.05180
1700.99385	0.05175
1699.06528	0.05202
1697.13672	0.05195
1695.20815	0.05112
1693.27959	0.05016
1691.35103	0.04975
1689.42246	0.04987
1687.49390	0.05028
1685.56533	0.05119
1683.63677	0.05249
1681.70820	0.05293
1679.77964	0.05307
1677.85107	0.05349
1675.92251	0.05429
1673.99395	0.05523
1672.06538	0.05609
1670.13682	0.05710
1668.20825	0.05794
1666.27969	0.05844
1664.35112	0.05914
1662.42256	0.06004
1660.49399	0.06058
1658.56543	0.06091
1656.63687	0.06149
1654.70830	0.06259
1652.77974	0.06352
1650.85117	0.06320
1648.92261	0.06312
1646.99404	0.06338
1645.06548	0.06307
1643.13691	0.06248
1641.20835	0.06216
1639.27979	0.06218
1637.35122	0.06240
1635.42266	0.06210
1633.49409	0.06114
1631.56553	0.06044
1629.63696	0.06000
1627.70840	0.05942
1625.77983	0.05858
1623.85127	0.05743
1621.92271	0.05594
1619.99414	0.05471
1618.06558	0.05381
1616.13701	0.05266
1614.20845	0.05137
1612.27988	0.05040
1610.35132	0.04965
1608.42275	0.04895
1606.49419	0.04824
1604.56562	0.04762
1602.63706	0.04708
1600.70850	0.04654
1598.77993	0.04605
1596.85137	0.04569
1594.92280	0.04539
1592.99424	0.04502
1591.06567	0.04462
1589.13711	0.04420
1587.20854	0.04380
1585.27998	0.04348
1583.35142	0.04322
1581.42285	0.04299
1579.49429	0.04292
1577.56572	0.04313
1575.63716	0.04321
1573.70859	0.04293
1571.78003	0.04292
1569.85146	0.04321
1567.92290	0.04325
1565.99434	0.04320
1564.06577	0.04338
1562.13721	0.04382
1560.20864	0.04486
1558.28008	0.04596
1556.35151	0.04565
1554.42295	0.04520
1552.49438	0.04500
1550.56582	0.04486
1548.63726	0.04469
1546.70869	0.04466
1544.78013	0.04497
1542.85156	0.04542
1540.92300	0.04542
1538.99443	0.04421
1537.06587	0.04308
1535.13730	0.04261
1533.20874	0.04218
1531.28018	0.04153
1529.35161	0.04112
1527.42305	0.04096
1525.49448	0.04079
1523.56592	0.04064
1521.63735	0.04045
1519.70879	0.03990
1517.78022	0.03926
1515.85166	0.03844
1513.92310	0.03757
1511.99453	0.03715
1510.06597	0.03730
1508.13740	0.03765
1506.20884	0.03660
1504.28027	0.03502
1502.35171	0.03429
1500.42314	0.03410
1498.49458	0.03412
1496.56602	0.03376
1494.63745	0.03312
1492.70889	0.03288
1490.78032	0.03319
1488.85176	0.03338
1486.92319	0.03302
1484.99463	0.03286
1483.06606	0.03365
1481.13750	0.03619
1479.20894	0.04272
1477.28037	0.06025
1475.35181	0.09725
1473.42324	0.14778
1471.49468	0.17310
1469.56611	0.16551
1467.63755	0.15495
1465.70898	0.15329
1463.78042	0.15925
1461.85186	0.15927
1459.92329	0.14772
1457.99473	0.12695
1456.06616	0.10718
1454.13760	0.09720
1452.20903	0.09080
1450.28047	0.08534
1448.35190	0.08091
1446.42334	0.07755
1444.49478	0.07521
1442.56621	0.07354
1440.63765	0.07229
1438.70908	0.07127
1436.78052	0.06983
1434.85195	0.06785
1432.92339	0.06606
1430.99482	0.06421
1429.06626	0.06200
1427.13770	0.05997
1425.20913	0.05850
1423.28057	0.05745
1421.35200	0.05683
1419.42344	0.05665
1417.49487	0.05644
1415.56631	0.05600
1413.63774	0.05576
1411.70918	0.05573
1409.78062	0.05550
1407.85205	0.05503
1405.92349	0.05436
1403.99492	0.05330
1402.06636	0.05219
1400.13779	0.05143
1398.20923	0.05087
1396.28066	0.05021
1394.35210	0.04930
1392.42354	0.04835
1390.49497	0.04772
1388.56641	0.04735
1386.63784	0.04687
1384.70928	0.04644
1382.78071	0.04667
1380.85215	0.04771
1378.92358	0.04894
1376.99502	0.04967
1375.06646	0.04974
1373.13789	0.04943
1371.20933	0.04917
1369.28076	0.04890
1367.35220	0.04821
1365.42363	0.04752
1363.49507	0.04746
1361.56650	0.04759
1359.63794	0.04740
1357.70937	0.04721
1355.78081	0.04719
1353.85225	0.04728
1351.92368	0.04743
1349.99512	0.04762
1348.06655	0.04783
1346.13799	0.04803
1344.20942	0.04830
1342.28086	0.04875
1340.35229	0.04921
1338.42373	0.04921
1336.49517	0.04874
1334.56660	0.04824
1332.63804	0.04800
1330.70947	0.04799
1328.78091	0.04807
1326.85234	0.04820
1324.92378	0.04842
1322.99521	0.04876
1321.06665	0.04925
1319.13809	0.04977
1317.20952	0.05016
1315.28096	0.05049
1313.35239	0.05087
1311.42383	0.05121
1309.49526	0.05157
1307.56670	0.05195
1305.63813	0.05222
1303.70957	0.05240
1301.78101	0.05261
1299.85244	0.05278
1297.92388	0.05287
1295.99531	0.05287
1294.06675	0.05285
1292.13818	0.05282
1290.20962	0.05279
1288.28105	0.05273
1286.35249	0.05268
1284.42393	0.05270
1282.49536	0.05286
1280.56680	0.05312
1278.63823	0.05341
1276.70967	0.05369
1274.78110	0.05397
1272.85254	0.05431
1270.92397	0.05474
1268.99541	0.05526
1267.06685	0.05583
1265.13828	0.05634
1263.20972	0.05675
1261.28115	0.05703
1259.35259	0.05713
1257.42402	0.05703
1255.49546	0.05682
1253.56689	0.05656
1251.63833	0.05633
1249.70977	0.05614
1247.78120	0.05597
1245.85264	0.05572
1243.92407	0.05522
1241.99551	0.05434
1240.06694	0.05313
1238.13838	0.05173
1236.20981	0.05022
1234.28125	0.04868
1232.35269	0.04731
1230.42412	0.04638
1228.49556	0.04606
1226.56699	0.04630
1224.63843	0.04685
1222.70986	0.04717
1220.78130	0.04631
1218.85273	0.04437
1216.92417	0.04319
1214.99561	0.04375
1213.06704	0.04486
1211.13848	0.04533
1209.20991	0.04521
1207.28135	0.04490
1205.35278	0.04465
1203.42422	0.04466
1201.49565	0.04500
1199.56709	0.04558
1197.63853	0.04638
1195.70996	0.04726
1193.78140	0.04803
1191.85283	0.04866
1189.92427	0.04922
1187.99570	0.04979
1186.06714	0.05042
1184.13857	0.05115
1182.21001	0.05196
1180.28145	0.05287
1178.35288	0.05387
1176.42432	0.05480
1174.49575	0.05556
1172.56719	0.05632
1170.63862	0.05721
1168.71006	0.05821
1166.78149	0.05923
1164.85293	0.06016
1162.92437	0.06097
1160.99580	0.06179
1159.06724	0.06257
1157.13867	0.06313
1155.21011	0.06342
1153.28154	0.06354
1151.35298	0.06362
1149.42441	0.06374
1147.49585	0.06375
1145.56729	0.06359
1143.63872	0.06344
1141.71016	0.06340
1139.78159	0.06345
1137.85303	0.06361
1135.92446	0.06390
1133.99590	0.06437
1132.06733	0.06495
1130.13877	0.06556
1128.21021	0.06617
1126.28164	0.06681
1124.35308	0.06752
1122.42451	0.06827
1120.49595	0.06902
1118.56738	0.06982
1116.63882	0.07066
1114.71025	0.07159
1112.78169	0.07260
1110.85312	0.07366
1108.92456	0.07476
1106.99600	0.07586
1105.06743	0.07684
1103.13887	0.07772
1101.21030	0.07862
1099.28174	0.07953
1097.35317	0.08030
1095.42461	0.08101
1093.49604	0.08192
1091.56748	0.08312
1089.63892	0.08460
1087.71035	0.08617
1085.78179	0.08767
1083.85322	0.08913
1081.92466	0.09044
1079.99609	0.09140
1078.06753	0.09202
1076.13896	0.09239
1074.21040	0.09251
1072.28184	0.09254
1070.35327	0.09264
1068.42471	0.09277
1066.49614	0.09294
1064.56758	0.09321
1062.63901	0.09351
1060.71045	0.09381
1058.78188	0.09415
1056.85332	0.09452
1054.92476	0.09501
1052.99619	0.09573
1051.06763	0.09648
1049.13906	0.09706
1047.21050	0.09750
1045.28193	0.09794
1043.35337	0.09840
1041.42480	0.09895
1039.49624	0.09950
1037.56768	0.09987
1035.63911	0.10011
1033.71055	0.10040
1031.78198	0.10064
1029.85342	0.10072
1027.92485	0.10064
1025.99629	0.10042
1024.06772	0.10006
1022.13916	0.09948
1020.21060	0.09858
1018.28203	0.09739
1016.35347	0.09596
1014.42490	0.09426
1012.49634	0.09234
1010.56777	0.09029
1008.63921	0.08829
1006.71064	0.08643
1004.78208	0.08471
1002.85352	0.08312
1000.92495	0.08172
998.99639	0.08044
997.06782	0.07925
995.13926	0.07808
993.21069	0.07669
991.28213	0.07496
989.35356	0.07296
987.42500	0.07075
985.49644	0.06845
983.56787	0.06625
981.63931	0.06419
979.71074	0.06220
977.78218	0.06038
975.85361	0.05886
973.92505	0.05752
971.99648	0.05634
970.06792	0.05537
968.13936	0.05445
966.21079	0.05346
964.28223	0.05252
962.35366	0.05161
960.42510	0.05065
958.49653	0.04978
956.56797	0.04915
954.63940	0.04870
952.71084	0.04831
950.78228	0.04794
948.85371	0.04758
946.92515	0.04726
944.99658	0.04702
943.06802	0.04683
941.13945	0.04669
939.21089	0.04658
937.28232	0.04639
935.35376	0.04610
933.42520	0.04576
931.49663	0.04538
929.56807	0.04500
927.63950	0.04474
925.71094	0.04461
923.78237	0.04453
921.85381	0.04447
919.92524	0.04451
917.99668	0.04467
916.06812	0.04505
914.13955	0.04576
912.21099	0.04677
910.28242	0.04775
908.35386	0.04807
906.42529	0.04734
904.49673	0.04594
902.56816	0.04454
900.63960	0.04345
898.71104	0.04257
896.78247	0.04186
894.85391	0.04142
892.92534	0.04109
890.99678	0.04062
889.06821	0.04005
887.13965	0.03958
885.21108	0.03921
883.28252	0.03881
881.35396	0.03836
879.42539	0.03796
877.49683	0.03763
875.56826	0.03743
873.63970	0.03743
871.71113	0.03749
869.78257	0.03738
867.85400	0.03723
865.92544	0.03721
863.99687	0.03715
862.06831	0.03703
860.13975	0.03715
858.21118	0.03740
856.28262	0.03748
854.35405	0.03750
852.42549	0.03761
850.49692	0.03771
848.56836	0.03776
846.63979	0.03779
844.71123	0.03781
842.78267	0.03790
840.85410	0.03796
838.92554	0.03794
836.99697	0.03804
835.06841	0.03830
833.13984	0.03862
831.21128	0.03901
829.28271	0.03942
827.35415	0.03976
825.42559	0.04008
823.49702	0.04056
821.56846	0.04114
819.63989	0.04161
817.71133	0.04187
815.78276	0.04197
813.85420	0.04200
811.92563	0.04217
809.99707	0.04256
808.06851	0.04297
806.13994	0.04323
804.21138	0.04349
802.28281	0.04389
800.35425	0.04418
798.42568	0.04421
796.49712	0.04412
794.56855	0.04397
792.63999	0.04377
790.71143	0.04351
788.78286	0.04333
786.85430	0.04343
784.92573	0.04381
782.99717	0.04428
781.06860	0.04468
779.14004	0.04495
777.21147	0.04512
775.28291	0.04517
773.35435	0.04527
771.42578	0.04560
769.49722	0.04608
767.56865	0.04646
765.64009	0.04670
763.71152	0.04696
761.78296	0.04732
759.85439	0.04768
757.92583	0.04796
755.99727	0.04828
754.06870	0.04871
752.14014	0.04921
750.21157	0.04973
748.28301	0.05037
746.35444	0.05133
744.42588	0.05256
742.49731	0.05402
740.56875	0.05602
738.64019	0.05938
736.71162	0.06697
734.78306	0.08400
732.85449	0.10927
730.92593	0.12711
728.99736	0.12625
727.06880	0.11901
725.14023	0.12098
723.21167	0.13784
721.28311	0.17021
719.35454	0.20664
717.42598	0.22252
715.49741	0.20587
713.56885	0.17022
711.64028	0.13588
709.71172	0.11222
707.78315	0.09751
705.85459	0.08786
703.92603	0.08113
701.99746	0.07622
700.06890	0.07240
698.14033	0.06915
696.21177	0.06644
694.28320	0.06447
692.35464	0.06309
690.42607	0.06210
688.49751	0.06135
686.56895	0.06056
684.64038	0.05975
682.71182	0.05916
680.78325	0.05875
678.85469	0.05833
676.92612	0.05771
674.99756	0.05684
673.06899	0.05632
671.14043	0.05738
669.21187	0.05967
667.28330	0.05907
665.35474	0.05582
663.42617	0.05423
661.49761	0.05423
659.56904	0.05441
657.64048	0.05442
655.71191	0.05433
653.78335	0.05433
651.85479	0.05446
649.92622	0.05443
647.99766	0.05410
646.06909	0.05385
644.14053	0.05405
642.21196	0.05433
640.28340	0.05458
638.35483	0.05564
636.42627	0.05732
634.49771	0.05845
632.56914	0.05898
630.64058	0.05888
628.71201	0.05789
626.78345	0.05665
624.85488	0.05556
622.92632	0.05478
620.99775	0.05497
619.06919	0.05611
617.14062	0.05693
615.21206	0.05645
613.28350	0.05525
611.35493	0.05471
609.42637	0.05491
607.49780	0.05519
605.56924	0.05575
603.64067	0.05643
601.71211	0.05672
599.78354	0.05705
