3997.91411	0.01912
3995.98555	0.01917
3994.05698	0.01915
3992.12842	0.01910
3990.19985	0.01906
3988.27129	0.01899
3986.34272	0.01891
3984.41416	0.01895
3982.48560	0.01910
3980.55703	0.01925
3978.62847	0.01933
3976.69990	0.01944
3974.77134	0.01950
3972.84277	0.01937
3970.91421	0.01918
3968.98564	0.01913
3967.05708	0.01917
3965.12852	0.01924
3963.19995	0.01935
3961.27139	0.01943
3959.34282	0.01941
3957.41426	0.01926
3955.48569	0.01908
3953.55713	0.01915
3951.62856	0.01954
3949.70000	0.01995
3947.77144	0.02004
3945.84287	0.02001
3943.91431	0.02011
3941.98574	0.01999
3940.05718	0.01957
3938.12861	0.01930
3936.20005	0.01937
3934.27148	0.01978
3932.34292	0.02020
3930.41436	0.02021
3928.48579	0.02005
3926.55723	0.02017
3924.62866	0.02028
3922.70010	0.02014
3920.77153	0.02012
3918.84297	0.02032
3916.91440	0.02029
3914.98584	0.01990
3913.05728	0.01944
3911.12871	0.01919
3909.20015	0.01937
3907.27158	0.02020
3905.34302	0.02148
3903.41445	0.02241
3901.48589	0.02239
3899.55732	0.02150
3897.62876	0.02037
3895.70020	0.01995
3893.77163	0.02037
3891.84307	0.02065
3889.91450	0.02023
3887.98594	0.02024
3886.05737	0.02080
3884.12881	0.02108
3882.20024	0.02131
3880.27168	0.02124
3878.34312	0.02045
3876.41455	0.02013
3874.48599	0.02072
3872.55742	0.02163
3870.62886	0.02215
3868.70029	0.02170
3866.77173	0.02125
3864.84316	0.02139
3862.91460	0.02108
3860.98604	0.02026
3859.05747	0.02005
3857.12891	0.02084
3855.20034	0.02251
3853.27178	0.02333
3851.34321	0.02152
3849.41465	0.01976
3847.48608	0.01922
3845.55752	0.01967
3843.62896	0.02066
3841.70039	0.02188
3839.77183	0.02293
3837.84326	0.02284
3835.91470	0.02165
3833.98613	0.02065
3832.05757	0.02007
3830.12900	0.01977
3828.20044	0.01981
3826.27187	0.02001
3824.34331	0.02050
3822.41475	0.02156
3820.48618	0.02199
3818.55762	0.02132
3816.62905	0.02065
3814.70049	0.01971
3812.77192	0.01885
3810.84336	0.01884
3808.91479	0.01965
3806.98623	0.02038
3805.05767	0.02050
3803.12910	0.02079
3801.20054	0.02085
3799.27197	0.02028
3797.34341	0.01974
3795.41484	0.01899
3793.48628	0.01821
3791.55771	0.01784
3789.62915	0.01782
3787.70059	0.01815
3785.77202	0.01863
3783.84346	0.01879
3781.91489	0.01891
3779.98633	0.01908
3778.05776	0.01868
3776.12920	0.01803
3774.20063	0.01799
3772.27207	0.01868
3770.34351	0.01949
3768.41494	0.01969
3766.48638	0.01954
3764.55781	0.01928
3762.62925	0.01925
3760.70068	0.01984
3758.77212	0.02035
3756.84355	0.02020
3754.91499	0.02042
3752.98643	0.02167
3751.05786	0.02283
3749.12930	0.02234
3747.20073	0.02174
3745.27217	0.02144
3743.34360	0.02047
3741.41504	0.01965
3739.48647	0.01986
3737.55791	0.02111
3735.62935	0.02240
3733.70078	0.02171
3731.77222	0.01962
3729.84365	0.01825
3727.91509	0.01817
3725.98652	0.01877
3724.05796	0.01921
3722.12939	0.01917
3720.20083	0.01880
3718.27227	0.01846
3716.34370	0.01862
3714.41514	0.01958
3712.48657	0.02081
3710.55801	0.02076
3708.62944	0.01960
3706.70088	0.01889
3704.77231	0.01895
3702.84375	0.01944
3700.91519	0.01970
3698.98662	0.01956
3697.05806	0.01954
3695.12949	0.01994
3693.20093	0.02104
3691.27236	0.02271
3689.34380	0.02332
3687.41523	0.02196
3685.48667	0.02068
3683.55811	0.02032
3681.62954	0.02079
3679.70098	0.02196
3677.77241	0.02364
3675.84385	0.02487
3673.91528	0.02445
3671.98672	0.02396
3670.05815	0.02388
3668.12959	0.02317
3666.20103	0.02241
3664.27246	0.02229
3662.34390	0.02258
3660.41533	0.02295
3658.48677	0.02353
3656.55820	0.02427
3654.62964	0.02483
3652.70107	0.02599
3650.77251	0.02829
3648.84395	0.02948
3646.91538	0.02795
3644.98682	0.02645
3643.05825	0.02594
3641.12969	0.02596
3639.20112	0.02615
3637.27256	0.02656
3635.34399	0.02727
3633.41543	0.02821
3631.48687	0.02945
3629.55830	0.03080
3627.62974	0.03063
3625.70117	0.02954
3623.77261	0.02947
3621.84404	0.03066
3619.91548	0.03237
3617.98691	0.03333
3616.05835	0.03372
3614.12979	0.03425
3612.20122	0.03460
3610.27266	0.03481
3608.34409	0.03492
3606.41553	0.03441
3604.48696	0.03389
3602.55840	0.03419
3600.62983	0.03505
3598.70127	0.03567
3596.77271	0.03601
3594.84414	0.03637
3592.91558	0.03668
3590.98701	0.03736
3589.05845	0.03880
3587.12988	0.03962
3585.20132	0.03897
3583.27275	0.03844
3581.34419	0.03858
3579.41562	0.03904
3577.48706	0.03952
3575.55850	0.03988
3573.62993	0.04029
3571.70137	0.04129
3569.77280	0.04323
3567.84424	0.04539
3565.91567	0.04588
3563.98711	0.04496
3562.05854	0.04442
3560.12998	0.04458
3558.20142	0.04499
3556.27285	0.04541
3554.34429	0.04602
3552.41572	0.04673
3550.48716	0.04724
3548.55859	0.04798
3546.63003	0.04907
3544.70146	0.04952
3542.77290	0.04910
3540.84434	0.04883
3538.91577	0.04934
3536.98721	0.05026
3535.05864	0.05095
3533.13008	0.05141
3531.20151	0.05200
3529.27295	0.05278
3527.34438	0.05350
3525.41582	0.05397
3523.48726	0.05410
3521.55869	0.05412
3519.63013	0.05439
3517.70156	0.05477
3515.77300	0.05503
3513.84443	0.05534
3511.91587	0.05582
3509.98730	0.05625
3508.05874	0.05667
3506.13018	0.05744
3504.20161	0.05821
3502.27305	0.05834
3500.34448	0.05822
3498.41592	0.05842
3496.48735	0.05873
3494.55879	0.05912
3492.63022	0.05970
3490.70166	0.06019
3488.77310	0.06049
3486.84453	0.06091
3484.91597	0.06164
3482.98740	0.06243
3481.05884	0.06271
3479.13027	0.06247
3477.20171	0.06255
3475.27314	0.06313
3473.34458	0.06358
3471.41602	0.06387
3469.48745	0.06437
3467.55889	0.06495
3465.63032	0.06518
3463.70176	0.06509
3461.77319	0.06518
3459.84463	0.06555
3457.91606	0.06594
3455.98750	0.06633
3454.05894	0.06677
3452.13037	0.06717
3450.20181	0.06764
3448.27324	0.06834
3446.34468	0.06882
3444.41611	0.06887
3442.48755	0.06880
3440.55898	0.06869
3438.63042	0.06866
3436.70186	0.06897
3434.77329	0.06946
3432.84473	0.06987
3430.91616	0.07000
3428.98760	0.06989
3427.05903	0.06991
3425.13047	0.07034
3423.20190	0.07100
3421.27334	0.07153
3419.34478	0.07177
3417.41621	0.07182
3415.48765	0.07184
3413.55908	0.07208
3411.63052	0.07246
3409.70195	0.07255
3407.77339	0.07254
3405.84482	0.07272
3403.91626	0.07287
3401.98770	0.07283
3400.05913	0.07269
3398.13057	0.07262
3396.20200	0.07286
3394.27344	0.07326
3392.34487	0.07345
3390.41631	0.07342
3388.48774	0.07345
3386.55918	0.07358
3384.63062	0.07370
3382.70205	0.07376
3380.77349	0.07381
3378.84492	0.07396
3376.91636	0.07412
3374.98779	0.07421
3373.05923	0.07417
3371.13066	0.07395
3369.20210	0.07383
3367.27354	0.07389
3365.34497	0.07398
3363.41641	0.07402
3361.48784	0.07413
3359.55928	0.07433
3357.63071	0.07450
3355.70215	0.07449
3353.77358	0.07426
3351.84502	0.07397
3349.91646	0.07385
3347.98789	0.07384
3346.05933	0.07377
3344.13076	0.07360
3342.20220	0.07338
3340.27363	0.07326
3338.34507	0.07335
3336.41650	0.07345
3334.48794	0.07330
3332.55937	0.07313
3330.63081	0.07332
3328.70225	0.07363
3326.77368	0.07361
3324.84512	0.07331
3322.91655	0.07295
3320.98799	0.07266
3319.05942	0.07253
3317.13086	0.07264
3315.20229	0.07287
3313.27373	0.07297
3311.34517	0.07288
3309.41660	0.07277
3307.48804	0.07271
3305.55947	0.07258
3303.63091	0.07253
3301.70234	0.07261
3299.77378	0.07261
3297.84521	0.07256
3295.91665	0.07256
3293.98809	0.07248
3292.05952	0.07232
3290.13096	0.07214
3288.20239	0.07201
3286.27383	0.07203
3284.34526	0.07202
3282.41670	0.07186
3280.48813	0.07162
3278.55957	0.07132
3276.63101	0.07111
3274.70244	0.07110
3272.77388	0.07099
3270.84531	0.07070
3268.91675	0.07043
3266.98818	0.07018
3265.05962	0.06987
3263.13105	0.06949
3261.20249	0.06915
3259.27393	0.06891
3257.34536	0.06871
3255.41680	0.06848
3253.48823	0.06822
3251.55967	0.06799
3249.63110	0.06772
3247.70254	0.06732
3245.77397	0.06686
3243.84541	0.06657
3241.91685	0.06643
3239.98828	0.06628
3238.05972	0.06608
3236.13115	0.06583
3234.20259	0.06543
3232.27402	0.06509
3230.34546	0.06505
3228.41689	0.06513
3226.48833	0.06494
3224.55977	0.06452
3222.63120	0.06401
3220.70264	0.06341
3218.77407	0.06279
3216.84551	0.06229
3214.91694	0.06200
3212.98838	0.06183
3211.05981	0.06168
3209.13125	0.06133
3207.20269	0.06077
3205.27412	0.06032
3203.34556	0.06012
3201.41699	0.06004
3199.48843	0.05989
3197.55986	0.05947
3195.63130	0.05891
3193.70273	0.05845
3191.77417	0.05806
3189.84561	0.05768
3187.91704	0.05733
3185.98848	0.05696
3184.05991	0.05644
3182.13135	0.05579
3180.20278	0.05524
3178.27422	0.05496
3176.34565	0.05479
3174.41709	0.05445
3172.48853	0.05394
3170.55996	0.05353
3168.63140	0.05327
3166.70283	0.05287
3164.77427	0.05233
3162.84570	0.05190
3160.91714	0.05160
3158.98857	0.05132
3157.06001	0.05097
3155.13145	0.05051
3153.20288	0.05008
3151.27432	0.04975
3149.34575	0.04940
3147.41719	0.04900
3145.48862	0.04863
3143.56006	0.04821
3141.63149	0.04769
3139.70293	0.04720
3137.77437	0.04685
3135.84580	0.04658
3133.91724	0.04616
3131.98867	0.04574
3130.06011	0.04553
3128.13154	0.04528
3126.20298	0.04476
3124.27441	0.04423
3122.34585	0.04394
3120.41729	0.04380
3118.48872	0.04362
3116.56016	0.04339
3114.63159	0.04307
3112.70303	0.04264
3110.77446	0.04225
3108.84590	0.04199
3106.91733	0.04179
3104.98877	0.04154
3103.06021	0.04126
3101.13164	0.04099
3099.20308	0.04081
3097.27451	0.04074
3095.34595	0.04057
3093.41738	0.04032
3091.48882	0.04018
3089.56025	0.04007
3087.63169	0.03980
3085.70312	0.03944
3083.77456	0.03914
3081.84600	0.03892
3079.91743	0.03870
3077.98887	0.03845
3076.06030	0.03820
3074.13174	0.03789
3072.20317	0.03747
3070.27461	0.03709
3068.34604	0.03687
3066.41748	0.03672
3064.48892	0.03653
3062.56035	0.03621
3060.63179	0.03579
3058.70322	0.03548
3056.77466	0.03531
3054.84609	0.03509
3052.91753	0.03471
3050.98896	0.03430
3049.06040	0.03393
3047.13184	0.03360
3045.20327	0.03335
3043.27471	0.03306
3041.34614	0.03279
3039.41758	0.03262
3037.48901	0.03238
3035.56045	0.03208
3033.63188	0.03191
3031.70332	0.03180
3029.77476	0.03159
3027.84619	0.03128
3025.91763	0.03089
3023.98906	0.03046
3022.06050	0.03006
3020.13193	0.02980
3018.20337	0.02976
3016.27480	0.02986
3014.34624	0.02984
3012.41768	0.02972
3010.48911	0.02960
3008.56055	0.02944
3006.63198	0.02924
3004.70342	0.02910
3002.77485	0.02911
3000.84629	0.02918
2998.91772	0.02914
2996.98916	0.02912
2995.06060	0.02931
2993.13203	0.02961
2991.20347	0.02990
2989.27490	0.03022
2987.34634	0.03065
2985.41777	0.03127
2983.48921	0.03209
2981.56064	0.03301
2979.63208	0.03391
2977.70352	0.03486
2975.77495	0.03600
2973.84639	0.03747
2971.91782	0.03923
2969.98926	0.04115
2968.06069	0.04317
2966.13213	0.04530
2964.20356	0.04753
2962.27500	0.04977
2960.34644	0.05195
2958.41787	0.05400
2956.48931	0.05597
2954.56074	0.05800
2952.63218	0.06029
2950.70361	0.06306
2948.77505	0.06661
2946.84648	0.07140
2944.91792	0.07777
2942.98936	0.08568
2941.06079	0.09511
2939.13223	0.10622
2937.20366	0.11912
2935.27510	0.13392
2933.34653	0.15100
2931.41797	0.17080
2929.48940	0.19397
2927.56084	0.22157
2925.63228	0.25492
2923.70371	0.29531
2921.77515	0.34271
2919.84658	0.39395
2917.91802	0.44018
2915.98945	0.46751
2914.06089	0.46627
2912.13232	0.44056
2910.20376	0.40387
2908.27520	0.36775
2906.34663	0.33723
2904.41807	0.31283
2902.48950	0.29341
2900.56094	0.27761
2898.63237	0.26423
2896.70381	0.25213
2894.77524	0.24054
2892.84668	0.22928
2890.91812	0.21810
2888.98955	0.20684
2887.06099	0.19568
2885.13242	0.18477
2883.20386	0.17415
2881.27529	0.16377
2879.34673	0.15372
2877.41816	0.14436
2875.48960	0.13610
2873.56104	0.12930
2871.63247	0.12414
2869.70391	0.12064
2867.77534	0.11903
2865.84678	0.11978
2863.91821	0.12378
2861.98965	0.13246
2860.06108	0.14761
2858.13252	0.17161
2856.20396	0.20812
2854.27539	0.26120
2852.34683	0.33052
2850.41826	0.40067
2848.48970	0.43714
2846.56113	0.41794
2844.63257	0.36333
2842.70400	0.30438
2840.77544	0.25517
2838.84687	0.21754
2836.91831	0.18971
2834.98975	0.16923
2833.06118	0.15375
2831.13262	0.14153
2829.20405	0.13167
2827.27549	0.12373
2825.34692	0.11729
2823.41836	0.11194
2821.48979	0.10727
2819.56123	0.10307
2817.63267	0.09937
2815.70410	0.09620
2813.77554	0.09341
2811.84697	0.09083
2809.91841	0.08838
2807.98984	0.08610
2806.06128	0.08407
2804.13271	0.08225
2802.20415	0.08051
2800.27559	0.07888
2798.34702	0.07742
2796.41846	0.07606
2794.48989	0.07470
2792.56133	0.07333
2790.63276	0.07200
2788.70420	0.07077
2786.77563	0.06963
2784.84707	0.06853
2782.91851	0.06741
2780.98994	0.06628
2779.06138	0.06518
2777.13281	0.06421
2775.20425	0.06336
2773.27568	0.06254
2771.34712	0.06184
2769.41855	0.06125
2767.48999	0.06055
2765.56143	0.05978
2763.63286	0.05911
2761.70430	0.05853
2759.77573	0.05797
2757.84717	0.05750
2755.91860	0.05707
2753.99004	0.05663
2752.06147	0.05622
2750.13291	0.05580
2748.20435	0.05536
2746.27578	0.05499
2744.34722	0.05476
2742.41865	0.05456
2740.49009	0.05423
2738.56152	0.05384
2736.63296	0.05359
2734.70439	0.05341
2732.77583	0.05315
2730.84727	0.05279
2728.91870	0.05243
2726.99014	0.05205
2725.06157	0.05166
2723.13301	0.05127
2721.20444	0.05087
2719.27588	0.05049
2717.34731	0.05018
2715.41875	0.04989
2713.49019	0.04964
2711.56162	0.04944
2709.63306	0.04923
2707.70449	0.04898
2705.77593	0.04873
2703.84736	0.04848
2701.91880	0.04824
2699.99023	0.04799
2698.06167	0.04766
2696.13311	0.04739
2694.20454	0.04723
2692.27598	0.04708
2690.34741	0.04686
2688.41885	0.04665
2686.49028	0.04648
2684.56172	0.04634
2682.63315	0.04627
2680.70459	0.04629
2678.77603	0.04629
2676.84746	0.04618
2674.91890	0.04607
2672.99033	0.04600
2671.06177	0.04595
2669.13320	0.04595
2667.20464	0.04601
2665.27607	0.04614
2663.34751	0.04629
2661.41895	0.04640
2659.49038	0.04642
2657.56182	0.04639
2655.63325	0.04634
2653.70469	0.04622
2651.77612	0.04605
2649.84756	0.04592
2647.91899	0.04580
2645.99043	0.04562
2644.06187	0.04545
2642.13330	0.04531
2640.20474	0.04521
2638.27617	0.04512
2636.34761	0.04500
2634.41904	0.04481
2632.49048	0.04450
2630.56191	0.04415
2628.63335	0.04383
2626.70479	0.04346
2624.77622	0.04299
2622.84766	0.04249
2620.91909	0.04209
2618.99053	0.04180
2617.06196	0.04152
2615.13340	0.04125
2613.20483	0.04101
2611.27627	0.04074
2609.34771	0.04040
2607.41914	0.04009
2605.49058	0.03990
2603.56201	0.03976
2601.63345	0.03956
2599.70488	0.03929
2597.77632	0.03891
2595.84775	0.03845
2593.91919	0.03819
2591.99062	0.03817
2590.06206	0.03803
2588.13350	0.03768
2586.20493	0.03733
2584.27637	0.03712
2582.34780	0.03701
2580.41924	0.03683
2578.49067	0.03651
2576.56211	0.03620
2574.63354	0.03606
2572.70498	0.03598
2570.77642	0.03574
2568.84785	0.03540
2566.91929	0.03521
2564.99072	0.03519
2563.06216	0.03519
2561.13359	0.03503
2559.20503	0.03469
2557.27646	0.03447
2555.34790	0.03455
2553.41934	0.03458
2551.49077	0.03437
2549.56221	0.03412
2547.63364	0.03390
2545.70508	0.03371
2543.77651	0.03354
2541.84795	0.03336
2539.91938	0.03321
2537.99082	0.03312
2536.06226	0.03304
2534.13369	0.03293
2532.20513	0.03278
2530.27656	0.03265
2528.34800	0.03267
2526.41943	0.03271
2524.49087	0.03252
2522.56230	0.03219
2520.63374	0.03199
2518.70518	0.03181
2516.77661	0.03157
2514.84805	0.03145
2512.91948	0.03145
2510.99092	0.03141
2509.06235	0.03128
2507.13379	0.03109
2505.20522	0.03096
2503.27666	0.03095
2501.34810	0.03094
2499.41953	0.03084
2497.49097	0.03067
2495.56240	0.03053
2493.63384	0.03041
2491.70527	0.03038
2489.77671	0.03038
2487.84814	0.03027
2485.91958	0.03014
2483.99102	0.03013
2482.06245	0.03006
2480.13389	0.02989
2478.20532	0.02976
2476.27676	0.02963
2474.34819	0.02945
2472.41963	0.02930
2470.49106	0.02918
2468.56250	0.02915
2466.63394	0.02912
2464.70537	0.02897
2462.77681	0.02881
2460.84824	0.02881
2458.91968	0.02891
2456.99111	0.02893
2455.06255	0.02882
2453.13398	0.02864
2451.20542	0.02858
2449.27686	0.02860
2447.34829	0.02852
2445.41973	0.02838
2443.49116	0.02822
2441.56260	0.02803
2439.63403	0.02785
2437.70547	0.02778
2435.77690	0.02783
2433.84834	0.02792
2431.91978	0.02787
2429.99121	0.02764
2428.06265	0.02739
2426.13408	0.02728
2424.20552	0.02735
2422.27695	0.02754
2420.34839	0.02757
2418.41982	0.02744
2416.49126	0.02736
2414.56270	0.02739
2412.63413	0.02739
2410.70557	0.02733
2408.77700	0.02716
2406.84844	0.02684
2404.91987	0.02658
2402.99131	0.02658
2401.06274	0.02662
2399.13418	0.02657
2397.20562	0.02648
2395.27705	0.02637
2393.34849	0.02627
2391.41992	0.02621
2389.49136	0.02619
2387.56279	0.02609
2385.63423	0.02583
2383.70566	0.02536
2381.77710	0.02453
2379.84854	0.02323
2377.91997	0.02159
2375.99141	0.01982
2374.06284	0.01811
2372.13428	0.01653
2370.20571	0.01493
2368.27715	0.01330
2366.34858	0.01196
2364.42002	0.01105
2362.49146	0.01065
2360.56289	0.01084
2358.63433	0.01144
2356.70576	0.01247
2354.77720	0.01424
2352.84863	0.01670
2350.92007	0.01899
2348.99150	0.01992
2347.06294	0.01914
2345.13437	0.01761
2343.20581	0.01664
2341.27725	0.01641
2339.34868	0.01655
2337.42012	0.01684
2335.49155	0.01719
2333.56299	0.01752
2331.63442	0.01790
2329.70586	0.01880
2327.77729	0.02071
2325.84873	0.02306
2323.92017	0.02433
2321.99160	0.02413
2320.06304	0.02373
2318.13447	0.02383
2316.20591	0.02417
2314.27734	0.02454
2312.34878	0.02489
2310.42021	0.02520
2308.49165	0.02546
2306.56309	0.02571
2304.63452	0.02605
2302.70596	0.02642
2300.77739	0.02672
2298.84883	0.02695
2296.92026	0.02722
2294.99170	0.02757
2293.06313	0.02794
2291.13457	0.02823
2289.20601	0.02845
2287.27744	0.02872
2285.34888	0.02890
2283.42031	0.02865
2281.49175	0.02806
2279.56318	0.02765
2277.63462	0.02754
2275.70605	0.02737
2273.77749	0.02698
2271.84893	0.02658
2269.92036	0.02634
2267.99180	0.02611
2266.06323	0.02574
2264.13467	0.02540
2262.20610	0.02533
2260.27754	0.02553
2258.34897	0.02569
2256.42041	0.02549
2254.49185	0.02498
2252.56328	0.02453
2250.63472	0.02442
2248.70615	0.02455
2246.77759	0.02459
2244.84902	0.02456
2242.92046	0.02466
2240.99189	0.02483
2239.06333	0.02490
2237.13477	0.02483
2235.20620	0.02476
2233.27764	0.02476
2231.34907	0.02480
2229.42051	0.02475
2227.49194	0.02454
2225.56338	0.02435
2223.63481	0.02423
2221.70625	0.02395
2219.77769	0.02356
2217.84912	0.02335
2215.92056	0.02343
2213.99199	0.02364
2212.06343	0.02373
2210.13486	0.02370
2208.20630	0.02371
2206.27773	0.02385
2204.34917	0.02398
2202.42061	0.02391
2200.49204	0.02375
2198.56348	0.02358
2196.63491	0.02346
2194.70635	0.02369
2192.77778	0.02425
2190.84922	0.02453
2188.92065	0.02435
2186.99209	0.02416
2185.06353	0.02395
2183.13496	0.02338
2181.20640	0.02285
2179.27783	0.02291
2177.34927	0.02302
2175.42070	0.02255
2173.49214	0.02217
2171.56357	0.02281
2169.63501	0.02413
2167.70645	0.02515
2165.77788	0.02556
2163.84932	0.02595
2161.92075	0.02532
2159.99219	0.02133
2158.06362	0.01623
2156.13506	0.01454
2154.20649	0.01555
2152.27793	0.01673
2150.34937	0.01727
2148.42080	0.01744
2146.49224	0.01767
2144.56367	0.01782
2142.63511	0.01787
2140.70654	0.01825
2138.77798	0.01862
2136.84941	0.01820
2134.92085	0.01727
2132.99229	0.01689
2131.06372	0.01737
2129.13516	0.01817
2127.20659	0.01889
2125.27803	0.01956
2123.34946	0.02015
2121.42090	0.02054
2119.49233	0.02099
2117.56377	0.02170
2115.63521	0.02225
2113.70664	0.02241
2111.77808	0.02245
2109.84951	0.02245
2107.92095	0.02238
2105.99238	0.02231
2104.06382	0.02229
2102.13525	0.02231
2100.20669	0.02218
2098.27812	0.02170
2096.34956	0.02091
2094.42100	0.02036
2092.49243	0.02053
2090.56387	0.02111
2088.63530	0.02164
2086.70674	0.02204
2084.77817	0.02235
2082.84961	0.02251
2080.92104	0.02257
2078.99248	0.02250
2077.06392	0.02232
2075.13535	0.02222
2073.20679	0.02228
2071.27822	0.02233
2069.34966	0.02221
2067.42109	0.02203
2065.49253	0.02189
2063.56396	0.02170
2061.63540	0.02161
2059.70684	0.02172
2057.77827	0.02180
2055.84971	0.02186
2053.92114	0.02262
2051.99258	0.02407
2050.06401	0.02452
2048.13545	0.02357
2046.20688	0.02281
2044.27832	0.02263
2042.34976	0.02258
2040.42119	0.02267
2038.49263	0.02255
2036.56406	0.02197
2034.63550	0.02118
2032.70693	0.02055
2030.77837	0.02006
2028.84980	0.01956
2026.92124	0.01942
2024.99268	0.01991
2023.06411	0.02050
2021.13555	0.02069
2019.20698	0.02053
2017.27842	0.02033
2015.34985	0.02028
2013.42129	0.02020
2011.49272	0.02007
2009.56416	0.01986
2007.63560	0.01910
2005.70703	0.01805
2003.77847	0.01773
2001.84990	0.01817
1999.92134	0.01862
1997.99277	0.01896
1996.06421	0.01964
1994.13564	0.02051
1992.20708	0.02108
1990.27852	0.02133
1988.34995	0.02141
1986.42139	0.02144
1984.49282	0.02195
1982.56426	0.02309
1980.63569	0.02347
1978.70713	0.02150
1976.77856	0.01853
1974.85000	0.01712
1972.92144	0.01708
1970.99287	0.01728
1969.06431	0.01762
1967.13574	0.01805
1965.20718	0.01839
1963.27861	0.01846
1961.35005	0.01776
1959.42148	0.01662
1957.49292	0.01640
1955.56436	0.01722
1953.63579	0.01790
1951.70723	0.01782
1949.77866	0.01756
1947.85010	0.01783
1945.92153	0.01859
1943.99297	0.01924
1942.06440	0.01928
1940.13584	0.01889
1938.20728	0.01857
1936.27871	0.01851
1934.35015	0.01863
1932.42158	0.01868
1930.49302	0.01852
1928.56445	0.01843
1926.63589	0.01884
1924.70732	0.01973
1922.77876	0.02054
1920.85020	0.02087
1918.92163	0.02074
1916.99307	0.02027
1915.06450	0.01995
1913.13594	0.02015
1911.20737	0.02059
1909.27881	0.02079
1907.35024	0.02061
1905.42168	0.02044
1903.49312	0.02063
1901.56455	0.02098
1899.63599	0.02118
1897.70742	0.02127
1895.77886	0.02133
1893.85029	0.02128
1891.92173	0.02130
1889.99316	0.02141
1888.06460	0.02129
1886.13604	0.02097
1884.20747	0.02062
1882.27891	0.02029
1880.35034	0.02015
1878.42178	0.02015
1876.49321	0.02014
1874.56465	0.02021
1872.63608	0.02067
1870.70752	0.02162
1868.77896	0.02233
1866.85039	0.02200
1864.92183	0.02125
1862.99326	0.02081
1861.06470	0.02077
1859.13613	0.02085
1857.20757	0.02079
1855.27900	0.02068
1853.35044	0.02067
1851.42187	0.02083
1849.49331	0.02119
1847.56475	0.02178
1845.63618	0.02249
1843.70762	0.02260
1841.77905	0.02188
1839.85049	0.02134
1837.92192	0.02128
1835.99336	0.02123
1834.06479	0.02129
1832.13623	0.02198
1830.20767	0.02290
1828.27910	0.02315
1826.35054	0.02309
1824.42197	0.02298
1822.49341	0.02254
1820.56484	0.02219
1818.63628	0.02211
1816.70771	0.02214
1814.77915	0.02246
1812.85059	0.02318
1810.92202	0.02381
1808.99346	0.02385
1807.06489	0.02373
1805.13633	0.02411
1803.20776	0.02507
1801.27920	0.02604
1799.35063	0.02651
1797.42207	0.02686
1795.49351	0.02772
1793.56494	0.02906
1791.63638	0.02987
1789.70781	0.02970
1787.77925	0.02975
1785.85068	0.03049
1783.92212	0.03140
1781.99355	0.03219
1780.06499	0.03274
1778.13643	0.03306
1776.20786	0.03369
1774.27930	0.03504
1772.35073	0.03646
1770.42217	0.03683
1768.49360	0.03654
1766.56504	0.03639
1764.63647	0.03676
1762.70791	0.03768
1760.77935	0.03856
1758.85078	0.03931
1756.92222	0.04021
1754.99365	0.04118
1753.06509	0.04281
1751.13652	0.04554
1749.20796	0.04819
1747.27939	0.04981
1745.35083	0.05128
1743.42227	0.05303
1741.49370	0.05493
1739.56514	0.05676
1737.63657	0.05824
1735.70801	0.05982
1733.77944	0.06122
1731.85088	0.06105
1729.92231	0.06041
1727.99375	0.06026
1726.06519	0.06104
1724.13662	0.06285
1722.20806	0.06513
1720.27949	0.06798
1718.35093	0.07229
1716.42236	0.07662
1714.49380	0.07828
1712.56523	0.07866
1710.63667	0.07892
1708.70811	0.07926
1706.77954	0.07922
1704.85098	0.07812
1702.92241	0.07682
1700.99385	0.07592
1699.06528	0.07483
1697.13672	0.07298
1695.20815	0.06971
1693.27959	0.06662
1691.35103	0.06508
1689.42246	0.06455
1687.49390	0.06477
1685.56533	0.06587
1683.63677	0.06643
1681.70820	0.06530
1679.77964	0.06438
1677.85107	0.06428
1675.92251	0.06491
1673.99395	0.06583
1672.06538	0.06688
1670.13682	0.06799
1668.20825	0.06810
1666.27969	0.06785
1664.35112	0.06842
1662.42256	0.06933
1660.49399	0.06965
1658.56543	0.07003
1656.63687	0.07134
1654.70830	0.07370
1652.77974	0.07489
1650.85117	0.07397
1648.92261	0.07426
1646.99404	0.07494
1645.06548	0.07398
1643.13691	0.07281
1641.20835	0.07245
1639.27979	0.07282
1637.35122	0.07357
1635.42266	0.07301
1633.49409	0.07086
1631.56553	0.06942
1629.63696	0.06882
1627.70840	0.06846
1625.77983	0.06813
1623.85127	0.06743
1621.92271	0.06589
1619.99414	0.06460
1618.06558	0.06402
1616.13701	0.06281
1614.20845	0.06102
1612.27988	0.05993
1610.35132	0.05938
1608.42275	0.05871
1606.49419	0.05782
1604.56562	0.05709
1602.63706	0.05654
1600.70850	0.05588
1598.77993	0.05517
1596.85137	0.05468
1594.92280	0.05424
1592.99424	0.05358
1591.06567	0.05277
1589.13711	0.05198
1587.20854	0.05125
1585.27998	0.05060
1583.35142	0.05003
1581.42285	0.04968
1579.49429	0.04992
1577.56572	0.05064
1575.63716	0.05045
1573.70859	0.04943
1571.78003	0.04931
1569.85146	0.04976
1567.92290	0.04958
1565.99434	0.04924
1564.06577	0.04942
1562.13721	0.05047
1560.20864	0.05302
1558.28008	0.05462
1556.35151	0.05282
1554.42295	0.05129
1552.49438	0.05056
1550.56582	0.05024
1548.63726	0.04992
1546.70869	0.05010
1544.78013	0.05136
1542.85156	0.05308
1540.92300	0.05349
1538.99443	0.05068
1537.06587	0.04811
1535.13730	0.04737
1533.20874	0.04692
1531.28018	0.04590
1529.35161	0.04541
1527.42305	0.04568
1525.49448	0.04610
1523.56592	0.04665
1521.63735	0.04686
1519.70879	0.04592
1517.78022	0.04479
1515.85166	0.04341
1513.92310	0.04205
1511.99453	0.04177
1510.06597	0.04295
1508.13740	0.04463
1506.20884	0.04286
1504.28027	0.03938
1502.35171	0.03801
1500.42314	0.03801
1498.49458	0.03842
1496.56602	0.03798
1494.63745	0.03697
1492.70889	0.03700
1490.78032	0.03824
1488.85176	0.03888
1486.92319	0.03808
1484.99463	0.03761
1483.06606	0.03865
1481.13750	0.04194
1479.20894	0.05003
1477.28037	0.07067
1475.35181	0.11299
1473.42324	0.17169
1471.49468	0.20461
1469.56611	0.19697
1467.63755	0.18198
1465.70898	0.17363
1463.78042	0.17030
1461.85186	0.16360
1459.92329	0.15131
1457.99473	0.13459
1456.06616	0.11806
1454.13760	0.10797
1452.20903	0.10129
1450.28047	0.09603
1448.35190	0.09198
1446.42334	0.08881
1444.49478	0.08657
1442.56621	0.08517
1440.63765	0.08440
1438.70908	0.08416
1436.78052	0.08351
1434.85195	0.08170
1432.92339	0.07986
1430.99482	0.07827
1429.06626	0.07646
1427.13770	0.07485
1425.20913	0.07393
1423.28057	0.07338
1421.35200	0.07327
1419.42344	0.07365
1417.49487	0.07327
1415.56631	0.07213
1413.63774	0.07135
1411.70918	0.07098
1409.78062	0.07055
1407.85205	0.07005
1405.92349	0.06941
1403.99492	0.06827
1402.06636	0.06719
1400.13779	0.06676
1398.20923	0.06654
1396.28066	0.06601
1394.35210	0.06503
1392.42354	0.06397
1390.49497	0.06372
1388.56641	0.06439
1386.63784	0.06515
1384.70928	0.06576
1382.78071	0.06707
1380.85215	0.06928
1378.92358	0.07157
1376.99502	0.07320
1375.06646	0.07388
1373.13789	0.07348
1371.20933	0.07270
1369.28076	0.07212
1367.35220	0.07160
1365.42363	0.07122
1363.49507	0.07091
1361.56650	0.06992
1359.63794	0.06850
1357.70937	0.06760
1355.78081	0.06731
1353.85225	0.06717
1351.92368	0.06692
1349.99512	0.06654
1348.06655	0.06595
1346.13799	0.06525
1344.20942	0.06474
1342.28086	0.06471
1340.35229	0.06487
1338.42373	0.06429
1336.49517	0.06297
1334.56660	0.06182
1332.63804	0.06115
1330.70947	0.06081
1328.78091	0.06067
1326.85234	0.06071
1324.92378	0.06090
1322.99521	0.06125
1321.06665	0.06181
1319.13809	0.06241
1317.20952	0.06284
1315.28096	0.06319
1313.35239	0.06354
1311.42383	0.06383
1309.49526	0.06416
1307.56670	0.06455
1305.63813	0.06487
1303.70957	0.06519
1301.78101	0.06560
1299.85244	0.06603
1297.92388	0.06640
1295.99531	0.06673
1294.06675	0.06699
1292.13818	0.06719
1290.20962	0.06745
1288.28105	0.06780
1286.35249	0.06814
1284.42393	0.06840
1282.49536	0.06870
1280.56680	0.06912
1278.63823	0.06965
1276.70967	0.07019
1274.78110	0.07078
1272.85254	0.07147
1270.92397	0.07216
1268.99541	0.07275
1267.06685	0.07335
1265.13828	0.07402
1263.20972	0.07469
1261.28115	0.07532
1259.35259	0.07579
1257.42402	0.07604
1255.49546	0.07617
1253.56689	0.07630
1251.63833	0.07645
1249.70977	0.07662
1247.78120	0.07678
1245.85264	0.07692
1243.92407	0.07703
1241.99551	0.07710
1240.06694	0.07717
1238.13838	0.07727
1236.20981	0.07739
1234.28125	0.07750
1232.35269	0.07755
1230.42412	0.07750
1228.49556	0.07736
1226.56699	0.07714
1224.63843	0.07678
1222.70986	0.07639
1220.78130	0.07626
1218.85273	0.07638
1216.92417	0.07640
1214.99561	0.07616
1213.06704	0.07584
1211.13848	0.07564
1209.20991	0.07556
1207.28135	0.07548
1205.35278	0.07531
1203.42422	0.07505
1201.49565	0.07466
1199.56709	0.07416
1197.63853	0.07362
1195.70996	0.07312
1193.78140	0.07270
1191.85283	0.07244
1189.92427	0.07240
1187.99570	0.07250
1186.06714	0.07271
1184.13857	0.07318
1182.21001	0.07393
1180.28145	0.07492
1178.35288	0.07607
1176.42432	0.07726
1174.49575	0.07844
1172.56719	0.07959
1170.63862	0.08070
1168.71006	0.08178
1166.78149	0.08280
1164.85293	0.08372
1162.92437	0.08451
1160.99580	0.08517
1159.06724	0.08570
1157.13867	0.08605
1155.21011	0.08619
1153.28154	0.08617
1151.35298	0.08609
1149.42441	0.08598
1147.49585	0.08581
1145.56729	0.08564
1143.63872	0.08557
1141.71016	0.08562
1139.78159	0.08582
1137.85303	0.08621
1135.92446	0.08677
1133.99590	0.08749
1132.06733	0.08843
1130.13877	0.08946
1128.21021	0.09048
1126.28164	0.09153
1124.35308	0.09259
1122.42451	0.09367
1120.49595	0.09483
1118.56738	0.09600
1116.63882	0.09714
1114.71025	0.09830
1112.78169	0.09945
1110.85312	0.10070
1108.92456	0.10214
1106.99600	0.10372
1105.06743	0.10527
1103.13887	0.10675
1101.21030	0.10821
1099.28174	0.10969
1097.35317	0.11119
1095.42461	0.11269
1093.49604	0.11422
1091.56748	0.11577
1089.63892	0.11740
1087.71035	0.11912
1085.78179	0.12086
1083.85322	0.12252
1081.92466	0.12400
1079.99609	0.12516
1078.06753	0.12604
1076.13896	0.12675
1074.21040	0.12719
1072.28184	0.12737
1070.35327	0.12755
1068.42471	0.12798
1066.49614	0.12858
1064.56758	0.12922
1062.63901	0.12987
1060.71045	0.13052
1058.78188	0.13118
1056.85332	0.13197
1054.92476	0.13290
1052.99619	0.13394
1051.06763	0.13517
1049.13906	0.13642
1047.21050	0.13741
1045.28193	0.13827
1043.35337	0.13921
1041.42480	0.14005
1039.49624	0.14061
1037.56768	0.14085
1035.63911	0.14088
1033.71055	0.14078
1031.78198	0.14054
1029.85342	0.14005
1027.92485	0.13930
1025.99629	0.13832
1024.06772	0.13714
1022.13916	0.13580
1020.21060	0.13428
1018.28203	0.13256
1016.35347	0.13059
1014.42490	0.12844
1012.49634	0.12631
1010.56777	0.12428
1008.63921	0.12230
1006.71064	0.12037
1004.78208	0.11854
1002.85352	0.11672
1000.92495	0.11490
998.99639	0.11319
997.06782	0.11151
995.13926	0.10976
993.21069	0.10784
991.28213	0.10566
989.35356	0.10312
987.42500	0.10030
985.49644	0.09751
983.56787	0.09492
981.63931	0.09246
979.71074	0.09015
977.78218	0.08820
975.85361	0.08656
973.92505	0.08501
971.99648	0.08357
970.06792	0.08234
968.13936	0.08128
966.21079	0.08026
964.28223	0.07921
962.35366	0.07810
960.42510	0.07696
958.49653	0.07588
956.56797	0.07491
954.63940	0.07406
952.71084	0.07330
950.78228	0.07264
948.85371	0.07205
946.92515	0.07155
944.99658	0.07120
943.06802	0.07100
941.13945	0.07082
939.21089	0.07056
937.28232	0.07024
935.35376	0.06997
933.42520	0.06984
931.49663	0.06976
929.56807	0.06962
927.63950	0.06945
925.71094	0.06937
923.78237	0.06939
921.85381	0.06952
919.92524	0.06985
917.99668	0.07044
916.06812	0.07138
914.13955	0.07284
912.21099	0.07471
910.28242	0.07641
908.35386	0.07706
906.42529	0.07605
904.49673	0.07378
902.56816	0.07129
900.63960	0.06918
898.71104	0.06759
896.78247	0.06645
894.85391	0.06552
892.92534	0.06463
890.99678	0.06384
889.06821	0.06323
887.13965	0.06266
885.21108	0.06196
883.28252	0.06124
881.35396	0.06070
879.42539	0.06024
877.49683	0.05972
875.56826	0.05918
873.63970	0.05883
871.71113	0.05860
869.78257	0.05838
867.85400	0.05819
865.92544	0.05803
863.99687	0.05780
862.06831	0.05762
860.13975	0.05758
858.21118	0.05759
856.28262	0.05761
854.35405	0.05763
852.42549	0.05776
850.49692	0.05799
848.56836	0.05814
846.63979	0.05811
844.71123	0.05801
842.78267	0.05797
840.85410	0.05804
838.92554	0.05813
836.99697	0.05827
835.06841	0.05847
833.13984	0.05873
831.21128	0.05910
829.28271	0.05952
827.35415	0.05987
825.42559	0.06022
823.49702	0.06058
821.56846	0.06085
819.63989	0.06108
817.71133	0.06134
815.78276	0.06161
813.85420	0.06183
811.92563	0.06202
809.99707	0.06218
808.06851	0.06242
806.13994	0.06281
804.21138	0.06317
802.28281	0.06342
800.35425	0.06354
798.42568	0.06351
796.49712	0.06341
794.56855	0.06327
792.63999	0.06304
790.71143	0.06291
788.78286	0.06305
786.85430	0.06349
784.92573	0.06408
782.99717	0.06452
781.06860	0.06469
779.14004	0.06474
777.21147	0.06477
775.28291	0.06471
773.35435	0.06460
771.42578	0.06456
769.49722	0.06452
767.56865	0.06449
765.64009	0.06469
763.71152	0.06509
761.78296	0.06541
759.85439	0.06569
757.92583	0.06595
755.99727	0.06607
754.06870	0.06616
752.14014	0.06649
750.21157	0.06713
748.28301	0.06786
746.35444	0.06845
744.42588	0.06906
742.49731	0.07002
740.56875	0.07157
738.64019	0.07429
736.71162	0.08001
734.78306	0.09233
732.85449	0.11120
730.92593	0.12653
728.99736	0.12967
727.06880	0.12774
725.14023	0.13249
723.21167	0.14974
721.28311	0.18126
719.35454	0.21985
717.42598	0.24476
715.49741	0.23696
713.56885	0.20224
711.64028	0.16419
709.71172	0.13716
707.78315	0.12093
705.85459	0.11097
703.92603	0.10430
701.99746	0.09952
700.06890	0.09576
698.14033	0.09250
696.21177	0.08972
694.28320	0.08770
692.35464	0.08644
690.42607	0.08554
688.49751	0.08469
686.56895	0.08384
684.64038	0.08302
682.71182	0.08237
680.78325	0.08182
678.85469	0.08128
676.92612	0.08076
674.99756	0.08039
673.06899	0.07998
671.14043	0.07861
669.21187	0.07631
667.28330	0.07630
665.35474	0.07875
663.42617	0.08010
661.49761	0.08019
659.56904	0.07989
657.64048	0.07951
655.71191	0.07932
653.78335	0.07934
651.85479	0.07945
649.92622	0.07973
647.99766	0.08017
646.06909	0.08049
644.14053	0.08069
642.21196	0.08131
640.28340	0.08250
638.35483	0.08396
636.42627	0.08543
634.49771	0.08643
632.56914	0.08645
630.64058	0.08583
628.71201	0.08546
626.78345	0.08544
624.85488	0.08506
622.92632	0.08452
620.99775	0.08446
619.06919	0.08451
617.14062	0.08449
615.21206	0.08433
613.28350	0.08362
611.35493	0.08279
609.42637	0.08263
607.49780	0.08274
605.56924	0.08254
603.64067	0.08248
601.71211	0.08262
599.78354	0.08249
