3997.91411	0.01779
3995.98555	0.01771
3994.05698	0.01770
3992.12842	0.01769
3990.19985	0.01768
3988.27129	0.01771
3986.34272	0.01772
3984.41416	0.01767
3982.48560	0.01762
3980.55703	0.01772
3978.62847	0.01788
3976.69990	0.01787
3974.77134	0.01770
3972.84277	0.01759
3970.91421	0.01766
3968.98564	0.01778
3967.05708	0.01779
3965.12852	0.01772
3963.19995	0.01771
3961.27139	0.01773
3959.34282	0.01766
3957.41426	0.01756
3955.48569	0.01753
3953.55713	0.01760
3951.62856	0.01764
3949.70000	0.01757
3947.77144	0.01744
3945.84287	0.01736
3943.91431	0.01736
3941.98574	0.01739
3940.05718	0.01741
3938.12861	0.01741
3936.20005	0.01740
3934.27148	0.01737
3932.34292	0.01738
3930.41436	0.01747
3928.48579	0.01756
3926.55723	0.01760
3924.62866	0.01763
3922.70010	0.01770
3920.77153	0.01782
3918.84297	0.01794
3916.91440	0.01798
3914.98584	0.01797
3913.05728	0.01788
3911.12871	0.01768
3909.20015	0.01745
3907.27158	0.01736
3905.34302	0.01743
3903.41445	0.01749
3901.48589	0.01744
3899.55732	0.01740
3897.62876	0.01747
3895.70020	0.01758
3893.77163	0.01763
3891.84307	0.01762
3889.91450	0.01761
3887.98594	0.01755
3886.05737	0.01742
3884.12881	0.01732
3882.20024	0.01728
3880.27168	0.01728
3878.34312	0.01723
3876.41455	0.01712
3874.48599	0.01695
3872.55742	0.01684
3870.62886	0.01685
3868.70029	0.01690
3866.77173	0.01684
3864.84316	0.01673
3862.91460	0.01669
3860.98604	0.01678
3859.05747	0.01689
3857.12891	0.01692
3855.20034	0.01686
3853.27178	0.01681
3851.34321	0.01683
3849.41465	0.01685
3847.48608	0.01673
3845.55752	0.01653
3843.62896	0.01641
3841.70039	0.01644
3839.77183	0.01651
3837.84326	0.01653
3835.91470	0.01650
3833.98613	0.01648
3832.05757	0.01653
3830.12900	0.01663
3828.20044	0.01665
3826.27187	0.01650
3824.34331	0.01629
3822.41475	0.01618
3820.48618	0.01624
3818.55762	0.01642
3816.62905	0.01661
3814.70049	0.01668
3812.77192	0.01668
3810.84336	0.01671
3808.91479	0.01675
3806.98623	0.01669
3805.05767	0.01655
3803.12910	0.01638
3801.20054	0.01620
3799.27197	0.01613
3797.34341	0.01623
3795.41484	0.01639
3793.48628	0.01643
3791.55771	0.01632
3789.62915	0.01620
3787.70059	0.01619
3785.77202	0.01631
3783.84346	0.01645
3781.91489	0.01649
3779.98633	0.01644
3778.05776	0.01644
3776.12920	0.01655
3774.20063	0.01663
3772.27207	0.01653
3770.34351	0.01631
3768.41494	0.01615
3766.48638	0.01611
3764.55781	0.01611
3762.62925	0.01606
3760.70068	0.01596
3758.77212	0.01586
3756.84355	0.01570
3754.91499	0.01543
3752.98643	0.01517
3751.05786	0.01519
3749.12930	0.01542
3747.20073	0.01556
3745.27217	0.01550
3743.34360	0.01544
3741.41504	0.01544
3739.48647	0.01549
3737.55791	0.01556
3735.62935	0.01556
3733.70078	0.01552
3731.77222	0.01552
3729.84365	0.01556
3727.91509	0.01549
3725.98652	0.01543
3724.05796	0.01529
3722.12939	0.01517
3720.20083	0.01519
3718.27227	0.01527
3716.34370	0.01542
3714.41514	0.01556
3712.48657	0.01561
3710.55801	0.01563
3708.62944	0.01573
3706.70088	0.01582
3704.77231	0.01577
3702.84375	0.01561
3700.91519	0.01546
3698.98662	0.01544
3697.05806	0.01559
3695.12949	0.01584
3693.20093	0.01600
3691.27236	0.01591
3689.34380	0.01563
3687.41523	0.01554
3685.48667	0.01576
3683.55811	0.01592
3681.62954	0.01587
3679.70098	0.01572
3677.77241	0.01567
3675.84385	0.01579
3673.91528	0.01600
3671.98672	0.01612
3670.05815	0.01613
3668.12959	0.01608
3666.20103	0.01607
3664.27246	0.01616
3662.34390	0.01633
3660.41533	0.01648
3658.48677	0.01660
3656.55820	0.01669
3654.62964	0.01668
3652.70107	0.01654
3650.77251	0.01637
3648.84395	0.01642
3646.91538	0.01675
3644.98682	0.01703
3643.05825	0.01720
3641.12969	0.01737
3639.20112	0.01756
3637.27256	0.01767
3635.34399	0.01771
3633.41543	0.01773
3631.48687	0.01764
3629.55830	0.01753
3627.62974	0.01758
3625.70117	0.01781
3623.77261	0.01801
3621.84404	0.01814
3619.91548	0.01844
3617.98691	0.01888
3616.05835	0.01926
3614.12979	0.01949
3612.20122	0.01960
3610.27266	0.01982
3608.34409	0.02031
3606.41553	0.02078
3604.48696	0.02091
3602.55840	0.02083
3600.62983	0.02077
3598.70127	0.02085
3596.77271	0.02110
3594.84414	0.02139
3592.91558	0.02157
3590.98701	0.02169
3589.05845	0.02194
3587.12988	0.02227
3585.20132	0.02249
3583.27275	0.02264
3581.34419	0.02288
3579.41562	0.02315
3577.48706	0.02336
3575.55850	0.02353
3573.62993	0.02367
3571.70137	0.02377
3569.77280	0.02390
3567.84424	0.02409
3565.91567	0.02435
3563.98711	0.02458
3562.05854	0.02479
3560.12998	0.02497
3558.20142	0.02505
3556.27285	0.02502
3554.34429	0.02504
3552.41572	0.02515
3550.48716	0.02524
3548.55859	0.02526
3546.63003	0.02533
3544.70146	0.02550
3542.77290	0.02571
3540.84434	0.02582
3538.91577	0.02583
3536.98721	0.02581
3535.05864	0.02581
3533.13008	0.02587
3531.20151	0.02595
3529.27295	0.02597
3527.34438	0.02592
3525.41582	0.02592
3523.48726	0.02603
3521.55869	0.02628
3519.63013	0.02656
3517.70156	0.02666
3515.77300	0.02666
3513.84443	0.02666
3511.91587	0.02655
3509.98730	0.02639
3508.05874	0.02650
3506.13018	0.02681
3504.20161	0.02707
3502.27305	0.02721
3500.34448	0.02732
3498.41592	0.02742
3496.48735	0.02750
3494.55879	0.02750
3492.63022	0.02750
3490.70166	0.02760
3488.77310	0.02772
3486.84453	0.02778
3484.91597	0.02790
3482.98740	0.02823
3481.05884	0.02865
3479.13027	0.02898
3477.20171	0.02932
3475.27314	0.02973
3473.34458	0.03008
3471.41602	0.03016
3469.48745	0.03006
3467.55889	0.03009
3465.63032	0.03030
3463.70176	0.03044
3461.77319	0.03049
3459.84463	0.03067
3457.91606	0.03097
3455.98750	0.03109
3454.05894	0.03101
3452.13037	0.03093
3450.20181	0.03090
3448.27324	0.03088
3446.34468	0.03086
3444.41611	0.03081
3442.48755	0.03066
3440.55898	0.03039
3438.63042	0.03011
3436.70186	0.03006
3434.77329	0.03017
3432.84473	0.03019
3430.91616	0.03012
3428.98760	0.03009
3427.05903	0.03018
3425.13047	0.03036
3423.20190	0.03038
3421.27334	0.03018
3419.34478	0.03004
3417.41621	0.03015
3415.48765	0.03034
3413.55908	0.03033
3411.63052	0.03024
3409.70195	0.03028
3407.77339	0.03038
3405.84482	0.03042
3403.91626	0.03038
3401.98770	0.03029
3400.05913	0.03023
3398.13057	0.03017
3396.20200	0.03024
3394.27344	0.03033
3392.34487	0.03038
3390.41631	0.03043
3388.48774	0.03041
3386.55918	0.03032
3384.63062	0.03037
3382.70205	0.03058
3380.77349	0.03071
3378.84492	0.03068
3376.91636	0.03058
3374.98779	0.03052
3373.05923	0.03063
3371.13066	0.03080
3369.20210	0.03080
3367.27354	0.03066
3365.34497	0.03060
3363.41641	0.03066
3361.48784	0.03076
3359.55928	0.03082
3357.63071	0.03083
3355.70215	0.03080
3353.77358	0.03071
3351.84502	0.03055
3349.91646	0.03042
3347.98789	0.03031
3346.05933	0.03014
3344.13076	0.03005
3342.20220	0.03017
3340.27363	0.03025
3338.34507	0.03012
3336.41650	0.02992
3334.48794	0.02970
3332.55937	0.02954
3330.63081	0.02965
3328.70225	0.02990
3326.77368	0.02993
3324.84512	0.02970
3322.91655	0.02948
3320.98799	0.02941
3319.05942	0.02935
3317.13086	0.02922
3315.20229	0.02922
3313.27373	0.02932
3311.34517	0.02927
3309.41660	0.02905
3307.48804	0.02890
3305.55947	0.02892
3303.63091	0.02901
3301.70234	0.02900
3299.77378	0.02891
3297.84521	0.02886
3295.91665	0.02883
3293.98809	0.02871
3292.05952	0.02851
3290.13096	0.02834
3288.20239	0.02832
3286.27383	0.02843
3284.34526	0.02850
3282.41670	0.02833
3280.48813	0.02803
3278.55957	0.02789
3276.63101	0.02794
3274.70244	0.02791
3272.77388	0.02766
3270.84531	0.02739
3268.91675	0.02728
3266.98818	0.02724
3265.05962	0.02717
3263.13105	0.02714
3261.20249	0.02717
3259.27393	0.02709
3257.34536	0.02683
3255.41680	0.02670
3253.48823	0.02689
3251.55967	0.02713
3249.63110	0.02711
3247.70254	0.02687
3245.77397	0.02659
3243.84541	0.02634
3241.91685	0.02612
3239.98828	0.02598
3238.05972	0.02582
3236.13115	0.02557
3234.20259	0.02542
3232.27402	0.02546
3230.34546	0.02544
3228.41689	0.02525
3226.48833	0.02504
3224.55977	0.02493
3222.63120	0.02484
3220.70264	0.02464
3218.77407	0.02450
3216.84551	0.02460
3214.91694	0.02479
3212.98838	0.02490
3211.05981	0.02489
3209.13125	0.02472
3207.20269	0.02446
3205.27412	0.02428
3203.34556	0.02426
3201.41699	0.02425
3199.48843	0.02413
3197.55986	0.02394
3195.63130	0.02371
3193.70273	0.02353
3191.77417	0.02352
3189.84561	0.02361
3187.91704	0.02367
3185.98848	0.02357
3184.05991	0.02332
3182.13135	0.02314
3180.20278	0.02321
3178.27422	0.02317
3176.34565	0.02281
3174.41709	0.02242
3172.48853	0.02226
3170.55996	0.02228
3168.63140	0.02235
3166.70283	0.02232
3164.77427	0.02222
3162.84570	0.02220
3160.91714	0.02221
3158.98857	0.02212
3157.06001	0.02189
3155.13145	0.02157
3153.20288	0.02127
3151.27432	0.02116
3149.34575	0.02123
3147.41719	0.02135
3145.48862	0.02141
3143.56006	0.02131
3141.63149	0.02107
3139.70293	0.02088
3137.77437	0.02078
3135.84580	0.02069
3133.91724	0.02061
3131.98867	0.02058
3130.06011	0.02051
3128.13154	0.02040
3126.20298	0.02032
3124.27441	0.02021
3122.34585	0.02001
3120.41729	0.01984
3118.48872	0.01975
3116.56016	0.01963
3114.63159	0.01945
3112.70303	0.01932
3110.77446	0.01931
3108.84590	0.01944
3106.91733	0.01962
3104.98877	0.01975
3103.06021	0.01967
3101.13164	0.01948
3099.20308	0.01947
3097.27451	0.01968
3095.34595	0.01982
3093.41738	0.01972
3091.48882	0.01956
3089.56025	0.01953
3087.63169	0.01962
3085.70312	0.01975
3083.77456	0.01982
3081.84600	0.01978
3079.91743	0.01966
3077.98887	0.01965
3076.06030	0.01982
3074.13174	0.02001
3072.20317	0.02005
3070.27461	0.02003
3068.34604	0.02007
3066.41748	0.02008
3064.48892	0.01992
3062.56035	0.01975
3060.63179	0.01970
3058.70322	0.01965
3056.77466	0.01954
3054.84609	0.01941
3052.91753	0.01935
3050.98896	0.01936
3049.06040	0.01935
3047.13184	0.01933
3045.20327	0.01933
3043.27471	0.01927
3041.34614	0.01915
3039.41758	0.01905
3037.48901	0.01904
3035.56045	0.01910
3033.63188	0.01915
3031.70332	0.01920
3029.77476	0.01935
3027.84619	0.01953
3025.91763	0.01966
3023.98906	0.01979
3022.06050	0.01991
3020.13193	0.01994
3018.20337	0.01995
3016.27480	0.01998
3014.34624	0.02002
3012.41768	0.02009
3010.48911	0.02030
3008.56055	0.02056
3006.63198	0.02085
3004.70342	0.02142
3002.77485	0.02239
3000.84629	0.02350
2998.91772	0.02436
2996.98916	0.02461
2995.06060	0.02432
2993.13203	0.02388
2991.20347	0.02378
2989.27490	0.02426
2987.34634	0.02519
2985.41777	0.02629
2983.48921	0.02764
2981.56064	0.02954
2979.63208	0.03192
2977.70352	0.03461
2975.77495	0.03765
2973.84639	0.04120
2971.91782	0.04531
2969.98926	0.05005
2968.06069	0.05580
2966.13213	0.06300
2964.20356	0.07166
2962.27500	0.08089
2960.34644	0.08980
2958.41787	0.09827
2956.48931	0.10579
2954.56074	0.10955
2952.63218	0.10620
2950.70361	0.09678
2948.77505	0.08681
2946.84648	0.08097
2944.91792	0.08034
2942.98936	0.08420
2941.06079	0.09196
2939.13223	0.10312
2937.20366	0.11639
2935.27510	0.13023
2933.34653	0.14471
2931.41797	0.16111
2929.48940	0.17951
2927.56084	0.19937
2925.63228	0.22259
2923.70371	0.25355
2921.77515	0.29622
2919.84658	0.35251
2917.91802	0.42011
2915.98945	0.48469
2914.06089	0.51552
2912.13232	0.49230
2910.20376	0.43376
2908.27520	0.37104
2906.34663	0.31915
2904.41807	0.27994
2902.48950	0.25103
2900.56094	0.22946
2898.63237	0.21266
2896.70381	0.19860
2894.77524	0.18593
2892.84668	0.17415
2890.91812	0.16330
2888.98955	0.15335
2887.06099	0.14407
2885.13242	0.13541
2883.20386	0.12764
2881.27529	0.12137
2879.34673	0.11735
2877.41816	0.11620
2875.48960	0.11791
2873.56104	0.12093
2871.63247	0.12203
2869.70391	0.11915
2867.77534	0.11424
2865.84678	0.11144
2863.91821	0.11338
2861.98965	0.12019
2860.06108	0.13118
2858.13252	0.14692
2856.20396	0.17081
2854.27539	0.20874
2852.34683	0.26399
2850.41826	0.32388
2848.48970	0.35304
2846.56113	0.32832
2844.63257	0.27240
2842.70400	0.21785
2840.77544	0.17670
2838.84687	0.14785
2836.91831	0.12768
2834.98975	0.11331
2833.06118	0.10274
2831.13262	0.09466
2829.20405	0.08828
2827.27549	0.08303
2825.34692	0.07858
2823.41836	0.07486
2821.48979	0.07178
2819.56123	0.06910
2817.63267	0.06669
2815.70410	0.06453
2813.77554	0.06254
2811.84697	0.06071
2809.91841	0.05901
2807.98984	0.05743
2806.06128	0.05601
2804.13271	0.05475
2802.20415	0.05353
2800.27559	0.05240
2798.34702	0.05141
2796.41846	0.05050
2794.48989	0.04961
2792.56133	0.04877
2790.63276	0.04797
2788.70420	0.04715
2786.77563	0.04630
2784.84707	0.04552
2782.91851	0.04488
2780.98994	0.04434
2779.06138	0.04383
2777.13281	0.04329
2775.20425	0.04269
2773.27568	0.04212
2771.34712	0.04168
2769.41855	0.04125
2767.48999	0.04074
2765.56143	0.04025
2763.63286	0.03986
2761.70430	0.03953
2759.77573	0.03922
2757.84717	0.03895
2755.91860	0.03866
2753.99004	0.03830
2752.06147	0.03798
2750.13291	0.03783
2748.20435	0.03777
2746.27578	0.03765
2744.34722	0.03750
2742.41865	0.03737
2740.49009	0.03726
2738.56152	0.03716
2736.63296	0.03713
2734.70439	0.03718
2732.77583	0.03728
2730.84727	0.03731
2728.91870	0.03714
2726.99014	0.03672
2725.06157	0.03619
2723.13301	0.03567
2721.20444	0.03522
2719.27588	0.03490
2717.34731	0.03468
2715.41875	0.03446
2713.49019	0.03419
2711.56162	0.03391
2709.63306	0.03366
2707.70449	0.03347
2705.77593	0.03325
2703.84736	0.03300
2701.91880	0.03283
2699.99023	0.03273
2698.06167	0.03260
2696.13311	0.03239
2694.20454	0.03218
2692.27598	0.03200
2690.34741	0.03186
2688.41885	0.03171
2686.49028	0.03157
2684.56172	0.03150
2682.63315	0.03151
2680.70459	0.03155
2678.77603	0.03157
2676.84746	0.03158
2674.91890	0.03159
2672.99033	0.03156
2671.06177	0.03149
2669.13320	0.03147
2667.20464	0.03152
2665.27607	0.03163
2663.34751	0.03176
2661.41895	0.03188
2659.49038	0.03196
2657.56182	0.03196
2655.63325	0.03180
2653.70469	0.03159
2651.77612	0.03148
2649.84756	0.03145
2647.91899	0.03143
2645.99043	0.03131
2644.06187	0.03111
2642.13330	0.03093
2640.20474	0.03085
2638.27617	0.03079
2636.34761	0.03071
2634.41904	0.03063
2632.49048	0.03054
2630.56191	0.03036
2628.63335	0.03010
2626.70479	0.02984
2624.77622	0.02958
2622.84766	0.02923
2620.91909	0.02891
2618.99053	0.02867
2617.06196	0.02843
2615.13340	0.02813
2613.20483	0.02781
2611.27627	0.02751
2609.34771	0.02721
2607.41914	0.02694
2605.49058	0.02674
2603.56201	0.02654
2601.63345	0.02636
2599.70488	0.02626
2597.77632	0.02617
2595.84775	0.02601
2593.91919	0.02584
2591.99062	0.02573
2590.06206	0.02557
2588.13350	0.02531
2586.20493	0.02508
2584.27637	0.02498
2582.34780	0.02493
2580.41924	0.02475
2578.49067	0.02445
2576.56211	0.02422
2574.63354	0.02410
2572.70498	0.02398
2570.77642	0.02385
2568.84785	0.02384
2566.91929	0.02393
2564.99072	0.02399
2563.06216	0.02397
2561.13359	0.02389
2559.20503	0.02379
2557.27646	0.02365
2555.34790	0.02342
2553.41934	0.02308
2551.49077	0.02278
2549.56221	0.02266
2547.63364	0.02261
2545.70508	0.02253
2543.77651	0.02244
2541.84795	0.02231
2539.91938	0.02214
2537.99082	0.02205
2536.06226	0.02206
2534.13369	0.02209
2532.20513	0.02216
2530.27656	0.02232
2528.34800	0.02245
2526.41943	0.02244
2524.49087	0.02239
2522.56230	0.02235
2520.63374	0.02227
2518.70518	0.02211
2516.77661	0.02193
2514.84805	0.02176
2512.91948	0.02157
2510.99092	0.02147
2509.06235	0.02146
2507.13379	0.02141
2505.20522	0.02126
2503.27666	0.02114
2501.34810	0.02108
2499.41953	0.02102
2497.49097	0.02094
2495.56240	0.02093
2493.63384	0.02105
2491.70527	0.02119
2489.77671	0.02124
2487.84814	0.02121
2485.91958	0.02113
2483.99102	0.02098
2482.06245	0.02084
2480.13389	0.02081
2478.20532	0.02080
2476.27676	0.02068
2474.34819	0.02052
2472.41963	0.02045
2470.49106	0.02044
2468.56250	0.02043
2466.63394	0.02040
2464.70537	0.02034
2462.77681	0.02025
2460.84824	0.02013
2458.91968	0.02000
2456.99111	0.01990
2455.06255	0.01987
2453.13398	0.01990
2451.20542	0.01991
2449.27686	0.01984
2447.34829	0.01976
2445.41973	0.01971
2443.49116	0.01962
2441.56260	0.01952
2439.63403	0.01953
2437.70547	0.01961
2435.77690	0.01965
2433.84834	0.01964
2431.91978	0.01966
2429.99121	0.01966
2428.06265	0.01960
2426.13408	0.01958
2424.20552	0.01960
2422.27695	0.01956
2420.34839	0.01955
2418.41982	0.01960
2416.49126	0.01963
2414.56270	0.01968
2412.63413	0.01978
2410.70557	0.01990
2408.77700	0.01994
2406.84844	0.01979
2404.91987	0.01957
2402.99131	0.01945
2401.06274	0.01942
2399.13418	0.01931
2397.20562	0.01931
2395.27705	0.01937
2393.34849	0.01945
2391.41992	0.01956
2389.49136	0.01964
2387.56279	0.01965
2385.63423	0.01960
2383.70566	0.01958
2381.77710	0.01952
2379.84854	0.01937
2377.91997	0.01919
2375.99141	0.01901
2374.06284	0.01884
2372.13428	0.01882
2370.20571	0.01906
2368.27715	0.01856
2366.34858	0.01802
2364.42002	0.01866
2362.49146	0.01822
2360.56289	0.01900
2358.63433	0.02079
2356.70576	0.01839
2354.77720	0.02081
2352.84863	0.02202
2350.92007	0.02037
2348.99150	0.01959
2347.06294	0.01879
2345.13437	0.01784
2343.20581	0.01985
2341.27725	0.02477
2339.34868	0.02618
2337.42012	0.02372
2335.49155	0.01946
2333.56299	0.01645
2331.63442	0.01542
2329.70586	0.01561
2327.77729	0.01685
2325.84873	0.01812
2323.92017	0.01884
2321.99160	0.01901
2320.06304	0.01872
2318.13447	0.01866
2316.20591	0.01879
2314.27734	0.01895
2312.34878	0.01926
2310.42021	0.01986
2308.49165	0.02043
2306.56309	0.02105
2304.63452	0.02127
2302.70596	0.02102
2300.77739	0.02069
2298.84883	0.02040
2296.92026	0.02021
2294.99170	0.02013
2293.06313	0.02021
2291.13457	0.02032
2289.20601	0.02049
2287.27744	0.02057
2285.34888	0.02046
2283.42031	0.02029
2281.49175	0.02003
2279.56318	0.01970
2277.63462	0.01937
2275.70605	0.01906
2273.77749	0.01887
2271.84893	0.01888
2269.92036	0.01891
2267.99180	0.01872
2266.06323	0.01848
2264.13467	0.01841
2262.20610	0.01849
2260.27754	0.01851
2258.34897	0.01826
2256.42041	0.01787
2254.49185	0.01773
2252.56328	0.01794
2250.63472	0.01810
2248.70615	0.01794
2246.77759	0.01764
2244.84902	0.01730
2242.92046	0.01702
2240.99189	0.01709
2239.06333	0.01743
2237.13477	0.01750
2235.20620	0.01717
2233.27764	0.01689
2231.34907	0.01687
2229.42051	0.01696
2227.49194	0.01700
2225.56338	0.01699
2223.63481	0.01701
2221.70625	0.01704
2219.77769	0.01697
2217.84912	0.01694
2215.92056	0.01695
2213.99199	0.01685
2212.06343	0.01664
2210.13486	0.01648
2208.20630	0.01650
2206.27773	0.01659
2204.34917	0.01667
2202.42061	0.01674
2200.49204	0.01674
2198.56348	0.01677
2196.63491	0.01694
2194.70635	0.01703
2192.77778	0.01693
2190.84922	0.01689
2188.92065	0.01699
2186.99209	0.01696
2185.06353	0.01662
2183.13496	0.01624
2181.20640	0.01609
2179.27783	0.01611
2177.34927	0.01611
2175.42070	0.01601
2173.49214	0.01596
2171.56357	0.01637
2169.63501	0.01727
2167.70645	0.01794
2165.77788	0.01794
2163.84932	0.01775
2161.92075	0.01722
2159.99219	0.01535
2158.06362	0.01328
2156.13506	0.01307
2154.20649	0.01398
2152.27793	0.01474
2150.34937	0.01520
2148.42080	0.01528
2146.49224	0.01510
2144.56367	0.01505
2142.63511	0.01507
2140.70654	0.01514
2138.77798	0.01531
2136.84941	0.01524
2134.92085	0.01485
2132.99229	0.01459
2131.06372	0.01476
2129.13516	0.01503
2127.20659	0.01522
2125.27803	0.01551
2123.34946	0.01591
2121.42090	0.01621
2119.49233	0.01640
2117.56377	0.01659
2115.63521	0.01679
2113.70664	0.01689
2111.77808	0.01678
2109.84951	0.01659
2107.92095	0.01656
2105.99238	0.01665
2104.06382	0.01666
2102.13525	0.01666
2100.20669	0.01680
2098.27812	0.01698
2096.34956	0.01683
2094.42100	0.01652
2092.49243	0.01647
2090.56387	0.01672
2088.63530	0.01695
2086.70674	0.01715
2084.77817	0.01732
2082.84961	0.01739
2080.92104	0.01733
2078.99248	0.01730
2077.06392	0.01740
2075.13535	0.01752
2073.20679	0.01759
2071.27822	0.01769
2069.34966	0.01779
2067.42109	0.01789
2065.49253	0.01801
2063.56396	0.01794
2061.63540	0.01755
2059.70684	0.01722
2057.77827	0.01721
2055.84971	0.01733
2053.92114	0.01752
2051.99258	0.01792
2050.06401	0.01808
2048.13545	0.01766
2046.20688	0.01715
2044.27832	0.01685
2042.34976	0.01661
2040.42119	0.01663
2038.49263	0.01694
2036.56406	0.01706
2034.63550	0.01676
2032.70693	0.01632
2030.77837	0.01594
2028.84980	0.01555
2026.92124	0.01524
2024.99268	0.01523
2023.06411	0.01551
2021.13555	0.01574
2019.20698	0.01569
2017.27842	0.01560
2015.34985	0.01576
2013.42129	0.01599
2011.49272	0.01614
2009.56416	0.01611
2007.63560	0.01559
2005.70703	0.01490
2003.77847	0.01483
2001.84990	0.01507
1999.92134	0.01508
1997.99277	0.01507
1996.06421	0.01510
1994.13564	0.01490
1992.20708	0.01462
1990.27852	0.01462
1988.34995	0.01483
1986.42139	0.01491
1984.49282	0.01485
1982.56426	0.01512
1980.63569	0.01575
1978.70713	0.01585
1976.77856	0.01514
1974.85000	0.01437
1972.92144	0.01394
1970.99287	0.01371
1969.06431	0.01359
1967.13574	0.01350
1965.20718	0.01342
1963.27861	0.01333
1961.35005	0.01298
1959.42148	0.01259
1957.49292	0.01265
1955.56436	0.01304
1953.63579	0.01330
1951.70723	0.01338
1949.77866	0.01352
1947.85010	0.01373
1945.92153	0.01378
1943.99297	0.01366
1942.06440	0.01353
1940.13584	0.01356
1938.20728	0.01369
1936.27871	0.01378
1934.35015	0.01379
1932.42158	0.01379
1930.49302	0.01383
1928.56445	0.01385
1926.63589	0.01374
1924.70732	0.01366
1922.77876	0.01379
1920.85020	0.01397
1918.92163	0.01400
1916.99307	0.01405
1915.06450	0.01428
1913.13594	0.01452
1911.20737	0.01457
1909.27881	0.01449
1907.35024	0.01446
1905.42168	0.01453
1903.49312	0.01456
1901.56455	0.01449
1899.63599	0.01440
1897.70742	0.01439
1895.77886	0.01446
1893.85029	0.01448
1891.92173	0.01441
1889.99316	0.01431
1888.06460	0.01422
1886.13604	0.01412
1884.20747	0.01405
1882.27891	0.01408
1880.35034	0.01415
1878.42178	0.01414
1876.49321	0.01410
1874.56465	0.01410
1872.63608	0.01410
1870.70752	0.01400
1868.77896	0.01388
1866.85039	0.01381
1864.92183	0.01381
1862.99326	0.01384
1861.06470	0.01381
1859.13613	0.01377
1857.20757	0.01378
1855.27900	0.01379
1853.35044	0.01381
1851.42187	0.01386
1849.49331	0.01388
1847.56475	0.01380
1845.63618	0.01374
1843.70762	0.01381
1841.77905	0.01396
1839.85049	0.01405
1837.92192	0.01410
1835.99336	0.01414
1834.06479	0.01421
1832.13623	0.01436
1830.20767	0.01454
1828.27910	0.01468
1826.35054	0.01477
1824.42197	0.01491
1822.49341	0.01510
1820.56484	0.01526
1818.63628	0.01531
1816.70771	0.01532
1814.77915	0.01541
1812.85059	0.01556
1810.92202	0.01574
1808.99346	0.01595
1807.06489	0.01616
1805.13633	0.01628
1803.20776	0.01634
1801.27920	0.01641
1799.35063	0.01650
1797.42207	0.01657
1795.49351	0.01664
1793.56494	0.01670
1791.63638	0.01670
1789.70781	0.01662
1787.77925	0.01646
1785.85068	0.01627
1783.92212	0.01615
1781.99355	0.01610
1780.06499	0.01601
1778.13643	0.01590
1776.20786	0.01586
1774.27930	0.01593
1772.35073	0.01611
1770.42217	0.01636
1768.49360	0.01672
1766.56504	0.01728
1764.63647	0.01807
1762.70791	0.01919
1760.77935	0.02086
1758.85078	0.02324
1756.92222	0.02654
1754.99365	0.03060
1753.06509	0.03551
1751.13652	0.04231
1749.20796	0.05208
1747.27939	0.06499
1745.35083	0.08078
1743.42227	0.10145
1741.49370	0.13468
1739.56514	0.18581
1737.63657	0.23911
1735.70801	0.26593
1733.77944	0.26078
1731.85088	0.25396
1729.92231	0.26252
1727.99375	0.26261
1726.06519	0.23177
1724.13662	0.18203
1722.20806	0.13837
1720.27949	0.10976
1718.35093	0.09085
1716.42236	0.07727
1714.49380	0.06864
1712.56523	0.06348
1710.63667	0.05990
1708.70811	0.05728
1706.77954	0.05570
1704.85098	0.05509
1702.92241	0.05470
1700.99385	0.05363
1699.06528	0.05177
1697.13672	0.04974
1695.20815	0.04806
1693.27959	0.04701
1691.35103	0.04636
1689.42246	0.04543
1687.49390	0.04397
1685.56533	0.04223
1683.63677	0.04059
1681.70820	0.03949
1679.77964	0.03888
1677.85107	0.03852
1675.92251	0.03823
1673.99395	0.03798
1672.06538	0.03780
1670.13682	0.03776
1668.20825	0.03783
1666.27969	0.03791
1664.35112	0.03799
1662.42256	0.03811
1660.49399	0.03825
1658.56543	0.03833
1656.63687	0.03832
1654.70830	0.03826
1652.77974	0.03827
1650.85117	0.03837
1648.92261	0.03849
1646.99404	0.03874
1645.06548	0.03917
1643.13691	0.03961
1641.20835	0.04006
1639.27979	0.04064
1637.35122	0.04151
1635.42266	0.04268
1633.49409	0.04385
1631.56553	0.04479
1629.63696	0.04552
1627.70840	0.04601
1625.77983	0.04620
1623.85127	0.04618
1621.92271	0.04598
1619.99414	0.04556
1618.06558	0.04484
1616.13701	0.04386
1614.20845	0.04282
1612.27988	0.04187
1610.35132	0.04106
1608.42275	0.04046
1606.49419	0.04010
1604.56562	0.03997
1602.63706	0.04008
1600.70850	0.04044
1598.77993	0.04110
1596.85137	0.04215
1594.92280	0.04375
1592.99424	0.04609
1591.06567	0.04938
1589.13711	0.05398
1587.20854	0.06042
1585.27998	0.06929
1583.35142	0.08090
1581.42285	0.09442
1579.49429	0.10765
1577.56572	0.11812
1575.63716	0.12332
1573.70859	0.12196
1571.78003	0.11511
1569.85146	0.10436
1567.92290	0.09267
1565.99434	0.08296
1564.06577	0.07571
1562.13721	0.07043
1560.20864	0.06623
1558.28008	0.06291
1556.35151	0.06155
1554.42295	0.06233
1552.49438	0.06509
1550.56582	0.07013
1548.63726	0.07762
1546.70869	0.08752
1544.78013	0.09989
1542.85156	0.11351
1540.92300	0.12478
1538.99443	0.12893
1537.06587	0.12470
1535.13730	0.11422
1533.20874	0.10001
1531.28018	0.08633
1529.35161	0.07576
1527.42305	0.06740
1525.49448	0.06062
1523.56592	0.05544
1521.63735	0.05148
1519.70879	0.04860
1517.78022	0.04661
1515.85166	0.04491
1513.92310	0.04325
1511.99453	0.04173
1510.06597	0.04036
1508.13740	0.03903
1506.20884	0.03780
1504.28027	0.03698
1502.35171	0.03657
1500.42314	0.03646
1498.49458	0.03662
1496.56602	0.03708
1494.63745	0.03783
1492.70889	0.03906
1490.78032	0.04131
1488.85176	0.04509
1486.92319	0.05045
1484.99463	0.05745
1483.06606	0.06669
1481.13750	0.07883
1479.20894	0.09527
1477.28037	0.12194
1475.35181	0.16782
1473.42324	0.22724
1471.49468	0.26566
1469.56611	0.25864
1467.63755	0.22624
1465.70898	0.19385
1463.78042	0.16963
1461.85186	0.15257
1459.92329	0.14023
1457.99473	0.13126
1456.06616	0.12464
1454.13760	0.11799
1452.20903	0.10956
1450.28047	0.10028
1448.35190	0.09263
1446.42334	0.08823
1444.49478	0.08687
1442.56621	0.08705
1440.63765	0.08741
1438.70908	0.08753
1436.78052	0.08748
1434.85195	0.08687
1432.92339	0.08509
1430.99482	0.08237
1429.06626	0.08009
1427.13770	0.08001
1425.20913	0.08320
1423.28057	0.08967
1421.35200	0.09858
1419.42344	0.10782
1417.49487	0.11312
1415.56631	0.11236
1413.63774	0.10779
1411.70918	0.10133
1409.78062	0.09341
1407.85205	0.08527
1405.92349	0.07886
1403.99492	0.07567
1402.06636	0.07638
1400.13779	0.08108
1398.20923	0.08965
1396.28066	0.10202
1394.35210	0.11725
1392.42354	0.13062
1390.49497	0.13599
1388.56641	0.13132
1386.63784	0.12056
1384.70928	0.11018
1382.78071	0.10283
1380.85215	0.09716
1378.92358	0.09221
1376.99502	0.08868
1375.06646	0.08747
1373.13789	0.08808
1371.20933	0.08845
1369.28076	0.08681
1367.35220	0.08341
1365.42363	0.07996
1363.49507	0.07730
1361.56650	0.07470
1359.63794	0.07126
1357.70937	0.06732
1355.78081	0.06439
1353.85225	0.06407
1351.92368	0.06661
1349.99512	0.07030
1348.06655	0.07236
1346.13799	0.07128
1344.20942	0.06879
1342.28086	0.06850
1340.35229	0.07188
1338.42373	0.07615
1336.49517	0.07818
1334.56660	0.07936
1332.63804	0.08151
1330.70947	0.08183
1328.78091	0.07716
1326.85234	0.07035
1324.92378	0.06741
1322.99521	0.07022
1321.06665	0.07450
1319.13809	0.07529
1317.20952	0.07334
1315.28096	0.07230
1313.35239	0.07179
1311.42383	0.07008
1309.49526	0.06928
1307.56670	0.07220
1305.63813	0.07842
1303.70957	0.08631
1301.78101	0.09401
1299.85244	0.09705
1297.92388	0.09167
1295.99531	0.08162
1294.06675	0.07466
1292.13818	0.07488
1290.20962	0.08260
1288.28105	0.09538
1286.35249	0.10763
1284.42393	0.11787
1282.49536	0.13093
1280.56680	0.14298
1278.63823	0.13992
1276.70967	0.12066
1274.78110	0.10094
1272.85254	0.09428
1270.92397	0.10563
1268.99541	0.13313
1267.06685	0.16504
1265.13828	0.18450
1263.20972	0.18424
1261.28115	0.16883
1259.35259	0.14617
1257.42402	0.12418
1255.49546	0.10876
1253.56689	0.10337
1251.63833	0.11073
1249.70977	0.12938
1247.78120	0.14990
1245.85264	0.16238
1243.92407	0.16394
1241.99551	0.15433
1240.06694	0.13580
1238.13838	0.11551
1236.20981	0.09962
1234.28125	0.08973
1232.35269	0.08584
1230.42412	0.08849
1228.49556	0.09632
1226.56699	0.10501
1224.63843	0.11420
1222.70986	0.12853
1220.78130	0.14342
1218.85273	0.14384
1216.92417	0.12659
1214.99561	0.10479
1213.06704	0.08870
1211.13848	0.07959
1209.20991	0.07652
1207.28135	0.07976
1205.35278	0.08867
1203.42422	0.10106
1201.49565	0.11816
1199.56709	0.14306
1197.63853	0.16809
1195.70996	0.17367
1193.78140	0.15425
1191.85283	0.12732
1189.92427	0.11162
1187.99570	0.11476
1186.06714	0.13740
1184.13857	0.17719
1182.21001	0.22688
1180.28145	0.27279
1178.35288	0.30175
1176.42432	0.31026
1174.49575	0.30310
1172.56719	0.28656
1170.63862	0.26522
1168.71006	0.24233
1166.78149	0.22078
1164.85293	0.20328
1162.92437	0.19171
1160.99580	0.18557
1159.06724	0.18102
1157.13867	0.17352
1155.21011	0.16230
1153.28154	0.14983
1151.35298	0.13836
1149.42441	0.12870
1147.49585	0.12074
1145.56729	0.11403
1143.63872	0.10811
1141.71016	0.10278
1139.78159	0.09792
1137.85303	0.09349
1135.92446	0.08979
1133.99590	0.08742
1132.06733	0.08669
1130.13877	0.08713
1128.21021	0.08781
1126.28164	0.08855
1124.35308	0.09070
1122.42451	0.09702
1120.49595	0.11063
1118.56738	0.13210
1116.63882	0.15601
1114.71025	0.17394
1112.78169	0.18105
1110.85312	0.17585
1108.92456	0.16012
1106.99600	0.14177
1105.06743	0.13023
1103.13887	0.12906
1101.21030	0.13312
1099.28174	0.13316
1097.35317	0.12658
1095.42461	0.11870
1093.49604	0.11329
1091.56748	0.11030
1089.63892	0.10971
1087.71035	0.11016
1085.78179	0.10765
1083.85322	0.10060
1081.92466	0.09206
1079.99609	0.08517
1078.06753	0.08078
1076.13896	0.07870
1074.21040	0.07890
1072.28184	0.08102
1070.35327	0.08381
1068.42471	0.08636
1066.49614	0.08953
1064.56758	0.09413
1062.63901	0.09884
1060.71045	0.10143
1058.78188	0.10121
1056.85332	0.09937
1054.92476	0.09758
1052.99619	0.09657
1051.06763	0.09515
1049.13906	0.09133
1047.21050	0.08546
1045.28193	0.08024
1043.35337	0.07750
1041.42480	0.07731
1039.49624	0.07892
1037.56768	0.08071
1035.63911	0.08134
1033.71055	0.08188
1031.78198	0.08321
1029.85342	0.08299
1027.92485	0.07973
1025.99629	0.07612
1024.06772	0.07519
1022.13916	0.07682
1020.21060	0.07952
1018.28203	0.08282
1016.35347	0.08619
1014.42490	0.08846
1012.49634	0.08908
1010.56777	0.08863
1008.63921	0.08809
1006.71064	0.08660
1004.78208	0.08264
1002.85352	0.07828
1000.92495	0.07653
998.99639	0.07653
997.06782	0.07566
995.13926	0.07314
993.21069	0.06954
991.28213	0.06589
989.35356	0.06410
987.42500	0.06587
985.49644	0.07016
983.56787	0.07296
981.63931	0.07172
979.71074	0.06809
977.78218	0.06440
975.85361	0.06117
973.92505	0.05810
971.99648	0.05510
970.06792	0.05251
968.13936	0.05111
966.21079	0.05167
964.28223	0.05425
962.35366	0.05754
960.42510	0.05927
958.49653	0.05852
956.56797	0.05682
954.63940	0.05556
952.71084	0.05379
950.78228	0.05038
948.85371	0.04627
946.92515	0.04289
944.99658	0.04062
943.06802	0.03942
941.13945	0.03935
939.21089	0.04030
937.28232	0.04202
935.35376	0.04474
933.42520	0.04825
931.49663	0.05019
929.56807	0.04856
927.63950	0.04539
925.71094	0.04421
923.78237	0.04596
921.85381	0.04951
919.92524	0.05355
917.99668	0.05650
916.06812	0.05652
914.13955	0.05354
912.21099	0.04979
910.28242	0.04717
908.35386	0.04601
906.42529	0.04593
904.49673	0.04681
902.56816	0.04929
900.63960	0.05446
898.71104	0.06309
896.78247	0.07365
894.85391	0.08142
892.92534	0.08288
890.99678	0.07976
889.06821	0.07486
887.13965	0.06847
885.21108	0.06148
883.28252	0.05635
881.35396	0.05385
879.42539	0.05229
877.49683	0.04991
875.56826	0.04693
873.63970	0.04516
871.71113	0.04606
869.78257	0.04859
867.85400	0.04930
865.92544	0.04639
863.99687	0.04205
862.06831	0.03891
860.13975	0.03752
858.21118	0.03767
856.28262	0.03921
854.35405	0.04191
852.42549	0.04586
850.49692	0.05128
848.56836	0.05576
846.63979	0.05444
844.71123	0.04718
842.78267	0.03938
840.85410	0.03445
838.92554	0.03196
836.99697	0.03077
835.06841	0.03045
833.13984	0.03096
831.21128	0.03181
829.28271	0.03206
827.35415	0.03146
825.42559	0.03057
823.49702	0.02982
821.56846	0.02941
819.63989	0.02952
817.71133	0.03038
815.78276	0.03244
813.85420	0.03574
811.92563	0.03839
809.99707	0.03786
808.06851	0.03479
806.13994	0.03181
804.21138	0.02997
802.28281	0.02904
800.35425	0.02890
798.42568	0.02976
796.49712	0.03198
794.56855	0.03521
792.63999	0.03736
790.71143	0.03699
788.78286	0.03602
786.85430	0.03729
784.92573	0.04208
782.99717	0.05031
781.06860	0.05917
779.14004	0.06197
777.21147	0.05580
775.28291	0.04697
773.35435	0.04200
771.42578	0.04115
769.49722	0.04225
767.56865	0.04385
765.64009	0.04511
763.71152	0.04535
761.78296	0.04497
759.85439	0.04591
757.92583	0.04893
755.99727	0.05123
754.06870	0.05033
752.14014	0.04832
750.21157	0.04852
748.28301	0.05198
746.35444	0.05788
744.42588	0.06466
742.49731	0.07110
740.56875	0.07500
738.64019	0.07360
736.71162	0.06939
734.78306	0.06874
732.85449	0.07427
730.92593	0.08328
728.99736	0.09197
727.06880	0.09981
725.14023	0.10979
723.21167	0.12550
721.28311	0.15202
719.35454	0.19193
717.42598	0.22757
715.49741	0.22569
713.56885	0.18545
711.64028	0.14062
709.71172	0.11115
707.78315	0.09472
705.85459	0.08500
703.92603	0.07880
701.99746	0.07482
700.06890	0.07229
698.14033	0.07057
696.21177	0.06943
694.28320	0.06931
692.35464	0.07047
690.42607	0.07234
688.49751	0.07397
686.56895	0.07481
684.64038	0.07478
682.71182	0.07427
680.78325	0.07344
678.85469	0.07233
676.92612	0.07162
674.99756	0.07184
673.06899	0.07246
671.14043	0.07188
669.21187	0.06987
667.28330	0.07046
665.35474	0.06910
663.42617	0.06707
661.49761	0.06509
659.56904	0.06312
657.64048	0.06073
655.71191	0.05855
653.78335	0.05731
651.85479	0.05632
649.92622	0.05523
647.99766	0.05503
646.06909	0.05601
644.14053	0.05708
642.21196	0.05774
640.28340	0.05893
638.35483	0.06137
636.42627	0.06486
634.49771	0.06958
632.56914	0.07561
630.64058	0.08116
628.71201	0.08340
626.78345	0.08141
624.85488	0.07728
622.92632	0.07290
620.99775	0.06904
619.06919	0.06582
617.14062	0.06289
615.21206	0.06095
613.28350	0.06139
611.35493	0.06432
609.42637	0.06911
607.49780	0.07449
605.56924	0.07761
603.64067	0.07624
601.71211	0.07225
599.78354	0.06957
