3997.91411	-0.01919
3995.98555	-0.01917
3994.05698	-0.01921
3992.12842	-0.01920
3990.19985	-0.01905
3988.27129	-0.01887
3986.34272	-0.01887
3984.41416	-0.01900
3982.48560	-0.01903
3980.55703	-0.01891
3978.62847	-0.01890
3976.69990	-0.01909
3974.77134	-0.01925
3972.84277	-0.01927
3970.91421	-0.01927
3968.98564	-0.01925
3967.05708	-0.01915
3965.12852	-0.01904
3963.19995	-0.01904
3961.27139	-0.01909
3959.34282	-0.01917
3957.41426	-0.01927
3955.48569	-0.01928
3953.55713	-0.01912
3951.62856	-0.01897
3949.70000	-0.01906
3947.77144	-0.01929
3945.84287	-0.01946
3943.91431	-0.01950
3941.98574	-0.01935
3940.05718	-0.01910
3938.12861	-0.01891
3936.20005	-0.01891
3934.27148	-0.01918
3932.34292	-0.01950
3930.41436	-0.01948
3928.48579	-0.01920
3926.55723	-0.01914
3924.62866	-0.01933
3922.70010	-0.01934
3920.77153	-0.01915
3918.84297	-0.01905
3916.91440	-0.01906
3914.98584	-0.01903
3913.05728	-0.01888
3911.12871	-0.01869
3909.20015	-0.01870
3907.27158	-0.01910
3905.34302	-0.01959
3903.41445	-0.01975
3901.48589	-0.01973
3899.55732	-0.01964
3897.62876	-0.01931
3895.70020	-0.01908
3893.77163	-0.01916
3891.84307	-0.01928
3889.91450	-0.01923
3887.98594	-0.01922
3886.05737	-0.01932
3884.12881	-0.01949
3882.20024	-0.01965
3880.27168	-0.01951
3878.34312	-0.01920
3876.41455	-0.01918
3874.48599	-0.01941
3872.55742	-0.01970
3870.62886	-0.01975
3868.70029	-0.01950
3866.77173	-0.01947
3864.84316	-0.01963
3862.91460	-0.01943
3860.98604	-0.01909
3859.05747	-0.01914
3857.12891	-0.01957
3855.20034	-0.02010
3853.27178	-0.02015
3851.34321	-0.01957
3849.41465	-0.01914
3847.48608	-0.01905
3845.55752	-0.01916
3843.62896	-0.01929
3841.70039	-0.01945
3839.77183	-0.01965
3837.84326	-0.01957
3835.91470	-0.01926
3833.98613	-0.01903
3832.05757	-0.01887
3830.12900	-0.01883
3828.20044	-0.01892
3826.27187	-0.01907
3824.34331	-0.01940
3822.41475	-0.01978
3820.48618	-0.01972
3818.55762	-0.01934
3816.62905	-0.01893
3814.70049	-0.01859
3812.77192	-0.01861
3810.84336	-0.01880
3808.91479	-0.01886
3806.98623	-0.01875
3805.05767	-0.01884
3803.12910	-0.01933
3801.20054	-0.01959
3799.27197	-0.01930
3797.34341	-0.01899
3795.41484	-0.01872
3793.48628	-0.01846
3791.55771	-0.01838
3789.62915	-0.01847
3787.70059	-0.01860
3785.77202	-0.01870
3783.84346	-0.01869
3781.91489	-0.01866
3779.98633	-0.01873
3778.05776	-0.01866
3776.12920	-0.01843
3774.20063	-0.01844
3772.27207	-0.01879
3770.34351	-0.01906
3768.41494	-0.01898
3766.48638	-0.01883
3764.55781	-0.01877
3762.62925	-0.01887
3760.70068	-0.01901
3758.77212	-0.01894
3756.84355	-0.01881
3754.91499	-0.01906
3752.98643	-0.01968
3751.05786	-0.02004
3749.12930	-0.01983
3747.20073	-0.01975
3745.27217	-0.01970
3743.34360	-0.01955
3741.41504	-0.01963
3739.48647	-0.01996
3737.55791	-0.02051
3735.62935	-0.02100
3733.70078	-0.02088
3731.77222	-0.02060
3729.84365	-0.02071
3727.91509	-0.02097
3725.98652	-0.02106
3724.05796	-0.02095
3722.12939	-0.02066
3720.20083	-0.02020
3718.27227	-0.01971
3716.34370	-0.01936
3714.41514	-0.01949
3712.48657	-0.02010
3710.55801	-0.02037
3708.62944	-0.01999
3706.70088	-0.01966
3704.77231	-0.01974
3702.84375	-0.01999
3700.91519	-0.01993
3698.98662	-0.01972
3697.05806	-0.01965
3695.12949	-0.01972
3693.20093	-0.01992
3691.27236	-0.01999
3689.34380	-0.01951
3687.41523	-0.01890
3685.48667	-0.01869
3683.55811	-0.01860
3681.62954	-0.01858
3679.70098	-0.01882
3677.77241	-0.01930
3675.84385	-0.01946
3673.91528	-0.01912
3671.98672	-0.01899
3670.05815	-0.01880
3668.12959	-0.01828
3666.20103	-0.01786
3664.27246	-0.01767
3662.34390	-0.01768
3660.41533	-0.01792
3658.48677	-0.01816
3656.55820	-0.01804
3654.62964	-0.01794
3652.70107	-0.01831
3650.77251	-0.01886
3648.84395	-0.01906
3646.91538	-0.01874
3644.98682	-0.01837
3643.05825	-0.01820
3641.12969	-0.01828
3639.20112	-0.01845
3637.27256	-0.01852
3635.34399	-0.01863
3633.41543	-0.01903
3631.48687	-0.01964
3629.55830	-0.01995
3627.62974	-0.01949
3625.70117	-0.01904
3623.77261	-0.01901
3621.84404	-0.01912
3619.91548	-0.01913
3617.98691	-0.01904
3616.05835	-0.01907
3614.12979	-0.01902
3612.20122	-0.01877
3610.27266	-0.01877
3608.34409	-0.01896
3606.41553	-0.01886
3604.48696	-0.01871
3602.55840	-0.01891
3600.62983	-0.01929
3598.70127	-0.01947
3596.77271	-0.01944
3594.84414	-0.01938
3592.91558	-0.01932
3590.98701	-0.01913
3589.05845	-0.01890
3587.12988	-0.01885
3585.20132	-0.01875
3583.27275	-0.01848
3581.34419	-0.01829
3579.41562	-0.01825
3577.48706	-0.01819
3575.55850	-0.01802
3573.62993	-0.01784
3571.70137	-0.01781
3569.77280	-0.01807
3567.84424	-0.01854
3565.91567	-0.01862
3563.98711	-0.01816
3562.05854	-0.01766
3560.12998	-0.01730
3558.20142	-0.01703
3556.27285	-0.01697
3554.34429	-0.01720
3552.41572	-0.01736
3550.48716	-0.01731
3548.55859	-0.01738
3546.63003	-0.01757
3544.70146	-0.01752
3542.77290	-0.01716
3540.84434	-0.01685
3538.91577	-0.01683
3536.98721	-0.01699
3535.05864	-0.01697
3533.13008	-0.01678
3531.20151	-0.01684
3529.27295	-0.01711
3527.34438	-0.01703
3525.41582	-0.01664
3523.48726	-0.01642
3521.55869	-0.01627
3519.63013	-0.01604
3517.70156	-0.01588
3515.77300	-0.01576
3513.84443	-0.01561
3511.91587	-0.01570
3509.98730	-0.01594
3508.05874	-0.01593
3506.13018	-0.01595
3504.20161	-0.01637
3502.27305	-0.01675
3500.34448	-0.01667
3498.41592	-0.01639
3496.48735	-0.01604
3494.55879	-0.01560
3492.63022	-0.01544
3490.70166	-0.01568
3488.77310	-0.01594
3486.84453	-0.01590
3484.91597	-0.01581
3482.98740	-0.01588
3481.05884	-0.01575
3479.13027	-0.01542
3477.20171	-0.01529
3475.27314	-0.01535
3473.34458	-0.01529
3471.41602	-0.01515
3469.48745	-0.01505
3467.55889	-0.01502
3465.63032	-0.01518
3463.70176	-0.01543
3461.77319	-0.01542
3459.84463	-0.01520
3457.91606	-0.01501
3455.98750	-0.01496
3454.05894	-0.01512
3452.13037	-0.01539
3450.20181	-0.01555
3448.27324	-0.01548
3446.34468	-0.01527
3444.41611	-0.01522
3442.48755	-0.01534
3440.55898	-0.01524
3438.63042	-0.01498
3436.70186	-0.01495
3434.77329	-0.01510
3432.84473	-0.01509
3430.91616	-0.01491
3428.98760	-0.01477
3427.05903	-0.01466
3425.13047	-0.01454
3423.20190	-0.01461
3421.27334	-0.01490
3419.34478	-0.01502
3417.41621	-0.01480
3415.48765	-0.01460
3413.55908	-0.01468
3411.63052	-0.01483
3409.70195	-0.01479
3407.77339	-0.01465
3405.84482	-0.01461
3403.91626	-0.01467
3401.98770	-0.01465
3400.05913	-0.01455
3398.13057	-0.01463
3396.20200	-0.01482
3394.27344	-0.01485
3392.34487	-0.01471
3390.41631	-0.01461
3388.48774	-0.01468
3386.55918	-0.01478
3384.63062	-0.01470
3382.70205	-0.01452
3380.77349	-0.01438
3378.84492	-0.01431
3376.91636	-0.01442
3374.98779	-0.01458
3373.05923	-0.01461
3371.13066	-0.01452
3369.20210	-0.01446
3367.27354	-0.01448
3365.34497	-0.01445
3363.41641	-0.01426
3361.48784	-0.01402
3359.55928	-0.01391
3357.63071	-0.01402
3355.70215	-0.01412
3353.77358	-0.01400
3351.84502	-0.01393
3349.91646	-0.01407
3347.98789	-0.01418
3346.05933	-0.01414
3344.13076	-0.01418
3342.20220	-0.01433
3340.27363	-0.01436
3338.34507	-0.01424
3336.41650	-0.01422
3334.48794	-0.01427
3332.55937	-0.01417
3330.63081	-0.01406
3328.70225	-0.01419
3326.77368	-0.01438
3324.84512	-0.01443
3322.91655	-0.01437
3320.98799	-0.01432
3319.05942	-0.01436
3317.13086	-0.01442
3315.20229	-0.01446
3313.27373	-0.01453
3311.34517	-0.01454
3309.41660	-0.01454
3307.48804	-0.01467
3305.55947	-0.01474
3303.63091	-0.01461
3301.70234	-0.01444
3299.77378	-0.01440
3297.84521	-0.01461
3295.91665	-0.01487
3293.98809	-0.01489
3292.05952	-0.01480
3290.13096	-0.01480
3288.20239	-0.01474
3286.27383	-0.01453
3284.34526	-0.01437
3282.41670	-0.01436
3280.48813	-0.01436
3278.55957	-0.01433
3276.63101	-0.01443
3274.70244	-0.01461
3272.77388	-0.01471
3270.84531	-0.01467
3268.91675	-0.01457
3266.98818	-0.01457
3265.05962	-0.01463
3263.13105	-0.01458
3261.20249	-0.01453
3259.27393	-0.01472
3257.34536	-0.01499
3255.41680	-0.01503
3253.48823	-0.01489
3251.55967	-0.01481
3249.63110	-0.01486
3247.70254	-0.01497
3245.77397	-0.01508
3243.84541	-0.01513
3241.91685	-0.01508
3239.98828	-0.01504
3238.05972	-0.01504
3236.13115	-0.01498
3234.20259	-0.01490
3232.27402	-0.01482
3230.34546	-0.01479
3228.41689	-0.01494
3226.48833	-0.01515
3224.55977	-0.01516
3222.63120	-0.01510
3220.70264	-0.01509
3218.77407	-0.01496
3216.84551	-0.01483
3214.91694	-0.01487
3212.98838	-0.01497
3211.05981	-0.01500
3209.13125	-0.01498
3207.20269	-0.01484
3205.27412	-0.01474
3203.34556	-0.01488
3201.41699	-0.01516
3199.48843	-0.01530
3197.55986	-0.01521
3195.63130	-0.01507
3193.70273	-0.01501
3191.77417	-0.01494
3189.84561	-0.01485
3187.91704	-0.01484
3185.98848	-0.01499
3184.05991	-0.01512
3182.13135	-0.01508
3180.20278	-0.01508
3178.27422	-0.01523
3176.34565	-0.01530
3174.41709	-0.01527
3172.48853	-0.01527
3170.55996	-0.01525
3168.63140	-0.01507
3166.70283	-0.01484
3164.77427	-0.01489
3162.84570	-0.01514
3160.91714	-0.01535
3158.98857	-0.01542
3157.06001	-0.01529
3155.13145	-0.01506
3153.20288	-0.01503
3151.27432	-0.01518
3149.34575	-0.01523
3147.41719	-0.01520
3145.48862	-0.01525
3143.56006	-0.01537
3141.63149	-0.01550
3139.70293	-0.01562
3137.77437	-0.01570
3135.84580	-0.01577
3133.91724	-0.01585
3131.98867	-0.01581
3130.06011	-0.01563
3128.13154	-0.01559
3126.20298	-0.01570
3124.27441	-0.01581
3122.34585	-0.01586
3120.41729	-0.01591
3118.48872	-0.01608
3116.56016	-0.01630
3114.63159	-0.01635
3112.70303	-0.01620
3110.77446	-0.01610
3108.84590	-0.01608
3106.91733	-0.01604
3104.98877	-0.01603
3103.06021	-0.01610
3101.13164	-0.01616
3099.20308	-0.01621
3097.27451	-0.01628
3095.34595	-0.01635
3093.41738	-0.01638
3091.48882	-0.01626
3089.56025	-0.01600
3087.63169	-0.01583
3085.70312	-0.01586
3083.77456	-0.01605
3081.84600	-0.01626
3079.91743	-0.01638
3077.98887	-0.01642
3076.06030	-0.01632
3074.13174	-0.01620
3072.20317	-0.01618
3070.27461	-0.01620
3068.34604	-0.01617
3066.41748	-0.01609
3064.48892	-0.01608
3062.56035	-0.01609
3060.63179	-0.01600
3058.70322	-0.01600
3056.77466	-0.01617
3054.84609	-0.01632
3052.91753	-0.01635
3050.98896	-0.01629
3049.06040	-0.01622
3047.13184	-0.01617
3045.20327	-0.01615
3043.27471	-0.01614
3041.34614	-0.01610
3039.41758	-0.01609
3037.48901	-0.01615
3035.56045	-0.01628
3033.63188	-0.01644
3031.70332	-0.01653
3029.77476	-0.01647
3027.84619	-0.01634
3025.91763	-0.01626
3023.98906	-0.01627
3022.06050	-0.01619
3020.13193	-0.01599
3018.20337	-0.01582
3016.27480	-0.01583
3014.34624	-0.01587
3012.41768	-0.01576
3010.48911	-0.01554
3008.56055	-0.01539
3006.63198	-0.01537
3004.70342	-0.01536
3002.77485	-0.01522
3000.84629	-0.01495
2998.91772	-0.01464
2996.98916	-0.01433
2995.06060	-0.01393
2993.13203	-0.01341
2991.20347	-0.01289
2989.27490	-0.01245
2987.34634	-0.01194
2985.41777	-0.01123
2983.48921	-0.01025
2981.56064	-0.00903
2979.63208	-0.00768
2977.70352	-0.00617
2975.77495	-0.00423
2973.84639	-0.00163
2971.91782	0.00166
2969.98926	0.00569
2968.06069	0.01056
2966.13213	0.01602
2964.20356	0.02141
2962.27500	0.02592
2960.34644	0.02891
2958.41787	0.03106
2956.48931	0.03408
2954.56074	0.03891
2952.63218	0.04457
2950.70361	0.04853
2948.77505	0.04848
2946.84648	0.04412
2944.91792	0.03723
2942.98936	0.03054
2941.06079	0.02591
2939.13223	0.02382
2937.20366	0.02413
2935.27510	0.02674
2933.34653	0.03137
2931.41797	0.03760
2929.48940	0.04491
2927.56084	0.05274
2925.63228	0.06054
2923.70371	0.06802
2921.77515	0.07501
2919.84658	0.08090
2917.91802	0.08409
2915.98945	0.08299
2914.06089	0.07795
2912.13232	0.07132
2910.20376	0.06524
2908.27520	0.06021
2906.34663	0.05570
2904.41807	0.05132
2902.48950	0.04699
2900.56094	0.04280
2898.63237	0.03892
2896.70381	0.03558
2894.77524	0.03289
2892.84668	0.03087
2890.91812	0.02959
2888.98955	0.02899
2887.06099	0.02882
2885.13242	0.02890
2883.20386	0.02938
2881.27529	0.03045
2879.34673	0.03180
2877.41816	0.03274
2875.48960	0.03313
2873.56104	0.03341
2871.63247	0.03406
2869.70391	0.03519
2867.77534	0.03644
2865.84678	0.03685
2863.91821	0.03519
2861.98965	0.03140
2860.06108	0.02699
2858.13252	0.02362
2856.20396	0.02184
2854.27539	0.02148
2852.34683	0.02218
2850.41826	0.02344
2848.48970	0.02473
2846.56113	0.02603
2844.63257	0.02782
2842.70400	0.03035
2840.77544	0.03296
2838.84687	0.03428
2836.91831	0.03311
2834.98975	0.02933
2833.06118	0.02407
2831.13262	0.01888
2829.20405	0.01472
2827.27549	0.01160
2825.34692	0.00916
2823.41836	0.00719
2821.48979	0.00562
2819.56123	0.00439
2817.63267	0.00345
2815.70410	0.00281
2813.77554	0.00237
2811.84697	0.00198
2809.91841	0.00151
2807.98984	0.00085
2806.06128	0.00005
2804.13271	-0.00075
2802.20415	-0.00144
2800.27559	-0.00196
2798.34702	-0.00230
2796.41846	-0.00254
2794.48989	-0.00285
2792.56133	-0.00320
2790.63276	-0.00349
2788.70420	-0.00378
2786.77563	-0.00419
2784.84707	-0.00469
2782.91851	-0.00507
2780.98994	-0.00525
2779.06138	-0.00537
2777.13281	-0.00556
2775.20425	-0.00576
2773.27568	-0.00588
2771.34712	-0.00598
2769.41855	-0.00614
2767.48999	-0.00630
2765.56143	-0.00641
2763.63286	-0.00653
2761.70430	-0.00672
2759.77573	-0.00690
2757.84717	-0.00704
2755.91860	-0.00719
2753.99004	-0.00734
2752.06147	-0.00740
2750.13291	-0.00737
2748.20435	-0.00733
2746.27578	-0.00728
2744.34722	-0.00725
2742.41865	-0.00723
2740.49009	-0.00718
2738.56152	-0.00710
2736.63296	-0.00706
2734.70439	-0.00703
2732.77583	-0.00694
2730.84727	-0.00682
2728.91870	-0.00667
2726.99014	-0.00647
2725.06157	-0.00619
2723.13301	-0.00596
2721.20444	-0.00595
2719.27588	-0.00615
2717.34731	-0.00639
2715.41875	-0.00662
2713.49019	-0.00687
2711.56162	-0.00710
2709.63306	-0.00729
2707.70449	-0.00745
2705.77593	-0.00757
2703.84736	-0.00773
2701.91880	-0.00793
2699.99023	-0.00808
2698.06167	-0.00813
2696.13311	-0.00816
2694.20454	-0.00824
2692.27598	-0.00828
2690.34741	-0.00823
2688.41885	-0.00819
2686.49028	-0.00824
2684.56172	-0.00832
2682.63315	-0.00833
2680.70459	-0.00829
2678.77603	-0.00827
2676.84746	-0.00828
2674.91890	-0.00831
2672.99033	-0.00835
2671.06177	-0.00839
2669.13320	-0.00837
2667.20464	-0.00830
2665.27607	-0.00823
2663.34751	-0.00814
2661.41895	-0.00801
2659.49038	-0.00784
2657.56182	-0.00771
2655.63325	-0.00766
2653.70469	-0.00772
2651.77612	-0.00781
2649.84756	-0.00785
2647.91899	-0.00786
2645.99043	-0.00795
2644.06187	-0.00812
2642.13330	-0.00822
2640.20474	-0.00819
2638.27617	-0.00818
2636.34761	-0.00828
2634.41904	-0.00844
2632.49048	-0.00853
2630.56191	-0.00857
2628.63335	-0.00862
2626.70479	-0.00862
2624.77622	-0.00850
2622.84766	-0.00841
2620.91909	-0.00842
2618.99053	-0.00849
2617.06196	-0.00857
2615.13340	-0.00868
2613.20483	-0.00880
2611.27627	-0.00886
2609.34771	-0.00889
2607.41914	-0.00902
2605.49058	-0.00922
2603.56201	-0.00944
2601.63345	-0.00961
2599.70488	-0.00966
2597.77632	-0.00960
2595.84775	-0.00949
2593.91919	-0.00945
2591.99062	-0.00950
2590.06206	-0.00953
2588.13350	-0.00949
2586.20493	-0.00938
2584.27637	-0.00923
2582.34780	-0.00915
2580.41924	-0.00920
2578.49067	-0.00935
2576.56211	-0.00958
2574.63354	-0.00984
2572.70498	-0.01001
2570.77642	-0.01003
2568.84785	-0.00996
2566.91929	-0.00998
2564.99072	-0.01015
2563.06216	-0.01034
2561.13359	-0.01041
2559.20503	-0.01043
2557.27646	-0.01049
2555.34790	-0.01045
2553.41934	-0.01041
2551.49077	-0.01053
2549.56221	-0.01071
2547.63364	-0.01082
2545.70508	-0.01087
2543.77651	-0.01090
2541.84795	-0.01092
2539.91938	-0.01090
2537.99082	-0.01080
2536.06226	-0.01078
2534.13369	-0.01101
2532.20513	-0.01130
2530.27656	-0.01132
2528.34800	-0.01117
2526.41943	-0.01112
2524.49087	-0.01115
2522.56230	-0.01115
2520.63374	-0.01123
2518.70518	-0.01138
2516.77661	-0.01149
2514.84805	-0.01149
2512.91948	-0.01146
2510.99092	-0.01145
2509.06235	-0.01149
2507.13379	-0.01158
2505.20522	-0.01165
2503.27666	-0.01160
2501.34810	-0.01148
2499.41953	-0.01142
2497.49097	-0.01146
2495.56240	-0.01145
2493.63384	-0.01139
2491.70527	-0.01147
2489.77671	-0.01159
2487.84814	-0.01156
2485.91958	-0.01152
2483.99102	-0.01160
2482.06245	-0.01176
2480.13389	-0.01183
2478.20532	-0.01178
2476.27676	-0.01173
2474.34819	-0.01177
2472.41963	-0.01184
2470.49106	-0.01182
2468.56250	-0.01175
2466.63394	-0.01167
2464.70537	-0.01160
2462.77681	-0.01154
2460.84824	-0.01157
2458.91968	-0.01162
2456.99111	-0.01154
2455.06255	-0.01139
2453.13398	-0.01139
2451.20542	-0.01152
2449.27686	-0.01159
2447.34829	-0.01156
2445.41973	-0.01159
2443.49116	-0.01167
2441.56260	-0.01171
2439.63403	-0.01168
2437.70547	-0.01162
2435.77690	-0.01156
2433.84834	-0.01151
2431.91978	-0.01146
2429.99121	-0.01151
2428.06265	-0.01162
2426.13408	-0.01167
2424.20552	-0.01163
2422.27695	-0.01151
2420.34839	-0.01144
2418.41982	-0.01148
2416.49126	-0.01157
2414.56270	-0.01171
2412.63413	-0.01183
2410.70557	-0.01188
2408.77700	-0.01190
2406.84844	-0.01189
2404.91987	-0.01188
2402.99131	-0.01190
2401.06274	-0.01195
2399.13418	-0.01063
2397.20562	-0.01043
2395.27705	-0.01093
2393.34849	-0.01144
2391.41992	-0.01193
2389.49136	-0.01256
2387.56279	-0.01340
2385.63423	-0.01429
2383.70566	-0.01509
2381.77710	-0.01563
2379.84854	-0.01578
2377.91997	-0.01548
2375.99141	-0.01494
2374.06284	-0.01457
2372.13428	-0.01472
2370.20571	-0.01532
2368.27715	-0.01510
2366.34858	-0.01483
2364.42002	-0.01636
2362.49146	-0.01631
2360.56289	-0.01789
2358.63433	-0.02070
2356.70576	-0.01735
2354.77720	-0.02157
2352.84863	-0.02474
2350.92007	-0.02331
2348.99150	-0.02210
2347.06294	-0.01869
2345.13437	-0.01469
2343.20581	-0.01713
2341.27725	-0.02563
2339.34868	-0.02824
2337.42012	-0.02366
2335.49155	-0.01558
2333.56299	-0.00984
2331.63442	-0.00808
2329.70586	-0.00842
2327.77729	-0.00972
2325.84873	-0.00940
2323.92017	-0.00824
2321.99160	-0.00795
2320.06304	-0.00811
2318.13447	-0.00863
2316.20591	-0.00953
2314.27734	-0.01044
2312.34878	-0.01157
2310.42021	-0.01300
2308.49165	-0.01396
2306.56309	-0.01474
2304.63452	-0.01500
2302.70596	-0.01466
2300.77739	-0.01404
2298.84883	-0.01332
2296.92026	-0.01274
2294.99170	-0.01235
2293.06313	-0.01202
2291.13457	-0.01146
2289.20601	-0.01094
2287.27744	-0.01040
2285.34888	-0.00984
2283.42031	-0.00955
2281.49175	-0.00950
2279.56318	-0.00961
2277.63462	-0.00987
2275.70605	-0.01015
2273.77749	-0.01030
2271.84893	-0.01032
2269.92036	-0.01035
2267.99180	-0.01043
2266.06323	-0.01067
2264.13467	-0.01100
2262.20610	-0.01136
2260.27754	-0.01159
2258.34897	-0.01150
2256.42041	-0.01138
2254.49185	-0.01165
2252.56328	-0.01218
2250.63472	-0.01235
2248.70615	-0.01137
2246.77759	-0.01150
2244.84902	-0.01171
2242.92046	-0.01187
2240.99189	-0.01196
2239.06333	-0.01186
2237.13477	-0.01155
2235.20620	-0.01135
2233.27764	-0.01137
2231.34907	-0.01137
2229.42051	-0.01125
2227.49194	-0.01124
2225.56338	-0.01145
2223.63481	-0.01173
2221.70625	-0.01197
2219.77769	-0.01216
2217.84912	-0.01229
2215.92056	-0.01242
2213.99199	-0.01244
2212.06343	-0.01216
2210.13486	-0.01184
2208.20630	-0.01178
2206.27773	-0.01185
2204.34917	-0.01190
2202.42061	-0.01194
2200.49204	-0.01200
2198.56348	-0.01198
2196.63491	-0.01184
2194.70635	-0.01178
2192.77778	-0.01184
2190.84922	-0.01174
2188.92065	-0.01155
2186.99209	-0.01140
2185.06353	-0.01138
2183.13496	-0.01184
2181.20640	-0.01263
2179.27783	-0.01296
2177.34927	-0.01257
2175.42070	-0.01203
2173.49214	-0.01177
2171.56357	-0.01144
2169.63501	-0.01073
2167.70645	-0.01018
2165.77788	-0.01031
2163.84932	-0.01080
2161.92075	-0.01190
2159.99219	-0.01432
2158.06362	-0.01664
2156.13506	-0.01705
2154.20649	-0.01628
2152.27793	-0.01553
2150.34937	-0.01521
2148.42080	-0.01521
2146.49224	-0.01520
2144.56367	-0.01508
2142.63511	-0.01492
2140.70654	-0.01479
2138.77798	-0.01476
2136.84941	-0.01490
2134.92085	-0.01521
2132.99229	-0.01521
2131.06372	-0.01475
2129.13516	-0.01427
2127.20659	-0.01396
2125.27803	-0.01369
2123.34946	-0.01341
2121.42090	-0.01317
2119.49233	-0.01290
2117.56377	-0.01255
2115.63521	-0.01224
2113.70664	-0.01193
2111.77808	-0.01161
2109.84951	-0.01154
2107.92095	-0.01172
2105.99238	-0.01191
2104.06382	-0.01196
2102.13525	-0.01184
2100.20669	-0.01176
2098.27812	-0.01204
2096.34956	-0.01274
2094.42100	-0.01331
2092.49243	-0.01325
2090.56387	-0.01279
2088.63530	-0.01236
2086.70674	-0.01210
2084.77817	-0.01178
2082.84961	-0.01143
2080.92104	-0.01137
2078.99248	-0.01154
2077.06392	-0.01171
2075.13535	-0.01188
2073.20679	-0.01204
2071.27822	-0.01204
2069.34966	-0.01188
2067.42109	-0.01167
2065.49253	-0.01164
2063.56396	-0.01184
2061.63540	-0.01186
2059.70684	-0.01153
2057.77827	-0.01122
2055.84971	-0.01116
2053.92114	-0.01083
2051.99258	-0.01003
2050.06401	-0.00991
2048.13545	-0.01090
2046.20688	-0.01179
2044.27832	-0.01212
2042.34976	-0.01209
2040.42119	-0.01160
2038.49263	-0.01111
2036.56406	-0.01139
2034.63550	-0.01218
2032.70693	-0.01257
2030.77837	-0.01258
2028.84980	-0.01272
2026.92124	-0.01294
2024.99268	-0.01304
2023.06411	-0.01293
2021.13555	-0.01278
2019.20698	-0.01290
2017.27842	-0.01294
2015.34985	-0.01263
2013.42129	-0.01236
2011.49272	-0.01234
2009.56416	-0.01276
2007.63560	-0.01368
2005.70703	-0.01438
2003.77847	-0.01449
2001.84990	-0.01439
1999.92134	-0.01398
1997.99277	-0.01318
1996.06421	-0.01271
1994.13564	-0.01275
1992.20708	-0.01269
1990.27852	-0.01247
1988.34995	-0.01231
1986.42139	-0.01189
1984.49282	-0.01098
1982.56426	-0.01001
1980.63569	-0.00982
1978.70713	-0.01106
1976.77856	-0.01308
1974.85000	-0.01430
1972.92144	-0.01443
1970.99287	-0.01423
1969.06431	-0.01401
1967.13574	-0.01362
1965.20718	-0.01319
1963.27861	-0.01321
1961.35005	-0.01372
1959.42148	-0.01410
1957.49292	-0.01394
1955.56436	-0.01354
1953.63579	-0.01337
1951.70723	-0.01337
1949.77866	-0.01337
1947.85010	-0.01343
1945.92153	-0.01347
1943.99297	-0.01337
1942.06440	-0.01309
1940.13584	-0.01278
1938.20728	-0.01271
1936.27871	-0.01270
1934.35015	-0.01255
1932.42158	-0.01266
1930.49302	-0.01296
1928.56445	-0.01297
1926.63589	-0.01289
1924.70732	-0.01298
1922.77876	-0.01291
1920.85020	-0.01253
1918.92163	-0.01215
1916.99307	-0.01196
1915.06450	-0.01193
1913.13594	-0.01199
1911.20737	-0.01210
1909.27881	-0.01226
1907.35024	-0.01233
1905.42168	-0.01217
1903.49312	-0.01187
1901.56455	-0.01159
1899.63599	-0.01147
1897.70742	-0.01151
1895.77886	-0.01160
1893.85029	-0.01161
1891.92173	-0.01165
1889.99316	-0.01167
1888.06460	-0.01157
1886.13604	-0.01154
1884.20747	-0.01162
1882.27891	-0.01160
1880.35034	-0.01148
1878.42178	-0.01137
1876.49321	-0.01130
1874.56465	-0.01128
1872.63608	-0.01135
1870.70752	-0.01157
1868.77896	-0.01174
1866.85039	-0.01163
1864.92183	-0.01136
1862.99326	-0.01115
1861.06470	-0.01107
1859.13613	-0.01108
1857.20757	-0.01110
1855.27900	-0.01106
1853.35044	-0.01102
1851.42187	-0.01107
1849.49331	-0.01120
1847.56475	-0.01146
1845.63618	-0.01178
1843.70762	-0.01174
1841.77905	-0.01137
1839.85049	-0.01113
1837.92192	-0.01103
1835.99336	-0.01091
1834.06479	-0.01084
1832.13623	-0.01094
1830.20767	-0.01106
1828.27910	-0.01096
1826.35054	-0.01083
1824.42197	-0.01076
1822.49341	-0.01063
1820.56484	-0.01052
1818.63628	-0.01058
1816.70771	-0.01068
1814.77915	-0.01062
1812.85059	-0.01049
1810.92202	-0.01033
1808.99346	-0.01014
1807.06489	-0.00994
1805.13633	-0.00982
1803.20776	-0.00982
1801.27920	-0.00988
1799.35063	-0.00979
1797.42207	-0.00965
1795.49351	-0.00959
1793.56494	-0.00948
1791.63638	-0.00903
1789.70781	-0.00843
1787.77925	-0.00795
1785.85068	-0.00760
1783.92212	-0.00735
1781.99355	-0.00718
1780.06499	-0.00697
1778.13643	-0.00671
1776.20786	-0.00658
1774.27930	-0.00660
1772.35073	-0.00648
1770.42217	-0.00612
1768.49360	-0.00575
1766.56504	-0.00541
1764.63647	-0.00513
1762.70791	-0.00493
1760.77935	-0.00472
1758.85078	-0.00451
1756.92222	-0.00418
1754.99365	-0.00378
1753.06509	-0.00355
1751.13652	-0.00340
1749.20796	-0.00310
1747.27939	-0.00267
1745.35083	-0.00221
1743.42227	-0.00171
1741.49370	-0.00120
1739.56514	-0.00077
1737.63657	-0.00052
1735.70801	-0.00047
1733.77944	-0.00033
1731.85088	0.00007
1729.92231	0.00051
1727.99375	0.00093
1726.06519	0.00120
1724.13662	0.00139
1722.20806	0.00153
1720.27949	0.00150
1718.35093	0.00138
1716.42236	0.00157
1714.49380	0.00203
1712.56523	0.00241
1710.63667	0.00257
1708.70811	0.00247
1706.77954	0.00209
1704.85098	0.00162
1702.92241	0.00106
1700.99385	0.00021
1699.06528	-0.00055
1697.13672	-0.00071
1695.20815	-0.00058
1693.27959	-0.00056
1691.35103	-0.00089
1689.42246	-0.00141
1687.49390	-0.00189
1685.56533	-0.00237
1683.63677	-0.00260
1681.70820	-0.00239
1679.77964	-0.00219
1677.85107	-0.00214
1675.92251	-0.00220
1673.99395	-0.00228
1672.06538	-0.00243
1670.13682	-0.00254
1668.20825	-0.00224
1666.27969	-0.00186
1664.35112	-0.00172
1662.42256	-0.00163
1660.49399	-0.00143
1658.56543	-0.00142
1656.63687	-0.00174
1654.70830	-0.00228
1652.77974	-0.00241
1650.85117	-0.00210
1648.92261	-0.00204
1646.99404	-0.00196
1645.06548	-0.00153
1643.13691	-0.00114
1641.20835	-0.00095
1639.27979	-0.00102
1637.35122	-0.00121
1635.42266	-0.00086
1633.49409	-0.00011
1631.56553	0.00021
1629.63696	0.00022
1627.70840	0.00024
1625.77983	0.00028
1623.85127	0.00020
1621.92271	0.00013
1619.99414	0.00009
1618.06558	-0.00010
1616.13701	-0.00022
1614.20845	-0.00019
1612.27988	-0.00025
1610.35132	-0.00046
1608.42275	-0.00067
1606.49419	-0.00078
1604.56562	-0.00083
1602.63706	-0.00077
1600.70850	-0.00053
1598.77993	-0.00030
1596.85137	-0.00020
1594.92280	-0.00006
1592.99424	0.00026
1591.06567	0.00078
1589.13711	0.00152
1587.20854	0.00253
1585.27998	0.00372
1583.35142	0.00506
1581.42285	0.00640
1579.49429	0.00740
1577.56572	0.00803
1575.63716	0.00856
1573.70859	0.00864
1571.78003	0.00789
1569.85146	0.00647
1567.92290	0.00515
1565.99434	0.00425
1564.06577	0.00347
1562.13721	0.00268
1560.20864	0.00173
1558.28008	0.00124
1556.35151	0.00160
1554.42295	0.00200
1552.49438	0.00245
1550.56582	0.00312
1548.63726	0.00400
1546.70869	0.00479
1544.78013	0.00554
1542.85156	0.00633
1540.92300	0.00708
1538.99443	0.00743
1537.06587	0.00700
1535.13730	0.00577
1533.20874	0.00385
1531.28018	0.00209
1529.35161	0.00073
1527.42305	-0.00061
1525.49448	-0.00180
1523.56592	-0.00264
1521.63735	-0.00316
1519.70879	-0.00346
1517.78022	-0.00366
1515.85166	-0.00371
1513.92310	-0.00371
1511.99453	-0.00405
1510.06597	-0.00482
1508.13740	-0.00560
1506.20884	-0.00519
1504.28027	-0.00434
1502.35171	-0.00411
1500.42314	-0.00414
1498.49458	-0.00409
1496.56602	-0.00372
1494.63745	-0.00324
1492.70889	-0.00304
1490.78032	-0.00292
1488.85176	-0.00235
1486.92319	-0.00122
1484.99463	0.00005
1483.06606	0.00144
1481.13750	0.00310
1479.20894	0.00495
1477.28037	0.00698
1475.35181	0.00957
1473.42324	0.01374
1471.49468	0.01960
1469.56611	0.02493
1467.63755	0.02982
1465.70898	0.03583
1463.78042	0.04198
1461.85186	0.04557
1459.92329	0.04699
1457.99473	0.04792
1456.06616	0.04889
1454.13760	0.04947
1452.20903	0.04971
1450.28047	0.04909
1448.35190	0.04610
1446.42334	0.04036
1444.49478	0.03404
1442.56621	0.02889
1440.63765	0.02564
1438.70908	0.02447
1436.78052	0.02497
1434.85195	0.02489
1432.92339	0.02246
1430.99482	0.01862
1429.06626	0.01522
1427.13770	0.01331
1425.20913	0.01230
1423.28057	0.01172
1421.35200	0.01132
1419.42344	0.01083
1417.49487	0.01040
1415.56631	0.01004
1413.63774	0.00950
1411.70918	0.00887
1409.78062	0.00835
1407.85205	0.00791
1405.92349	0.00736
1403.99492	0.00677
1402.06636	0.00619
1400.13779	0.00558
1398.20923	0.00500
1396.28066	0.00469
1394.35210	0.00475
1392.42354	0.00501
1390.49497	0.00535
1388.56641	0.00612
1386.63784	0.00818
1384.70928	0.01215
1382.78071	0.01882
1380.85215	0.03027
1378.92358	0.04792
1376.99502	0.06721
1375.06646	0.07716
1373.13789	0.07093
1371.20933	0.05595
1369.28076	0.04135
1367.35220	0.03089
1365.42363	0.02536
1363.49507	0.02358
1361.56650	0.02458
1359.63794	0.02627
1357.70937	0.02615
1355.78081	0.02359
1353.85225	0.01985
1351.92368	0.01641
1349.99512	0.01375
1348.06655	0.01180
1346.13799	0.01039
1344.20942	0.00930
1342.28086	0.00834
1340.35229	0.00756
1338.42373	0.00726
1336.49517	0.00746
1334.56660	0.00785
1332.63804	0.00833
1330.70947	0.00882
1328.78091	0.00902
1326.85234	0.00881
1324.92378	0.00831
1322.99521	0.00774
1321.06665	0.00724
1319.13809	0.00688
1317.20952	0.00659
1315.28096	0.00628
1313.35239	0.00601
1311.42383	0.00599
1309.49526	0.00638
1307.56670	0.00725
1305.63813	0.00824
1303.70957	0.00868
1301.78101	0.00857
1299.85244	0.00846
1297.92388	0.00861
1295.99531	0.00876
1294.06675	0.00862
1292.13818	0.00814
1290.20962	0.00751
1288.28105	0.00694
1286.35249	0.00654
1284.42393	0.00626
1282.49536	0.00607
1280.56680	0.00598
1278.63823	0.00595
1276.70967	0.00591
1274.78110	0.00580
1272.85254	0.00569
1270.92397	0.00571
1268.99541	0.00587
1267.06685	0.00612
1265.13828	0.00647
1263.20972	0.00692
1261.28115	0.00744
1259.35259	0.00803
1257.42402	0.00857
1255.49546	0.00871
1253.56689	0.00825
1251.63833	0.00749
1249.70977	0.00687
1247.78120	0.00654
1245.85264	0.00639
1243.92407	0.00633
1241.99551	0.00632
1240.06694	0.00631
1238.13838	0.00628
1236.20981	0.00625
1234.28125	0.00622
1232.35269	0.00617
1230.42412	0.00614
1228.49556	0.00620
1226.56699	0.00643
1224.63843	0.00688
1222.70986	0.00749
1220.78130	0.00805
1218.85273	0.00833
1216.92417	0.00827
1214.99561	0.00797
1213.06704	0.00755
1211.13848	0.00714
1209.20991	0.00687
1207.28135	0.00670
1205.35278	0.00657
1203.42422	0.00651
1201.49565	0.00654
1199.56709	0.00658
1197.63853	0.00661
1195.70996	0.00664
1193.78140	0.00673
1191.85283	0.00690
1189.92427	0.00711
1187.99570	0.00723
1186.06714	0.00723
1184.13857	0.00730
1182.21001	0.00755
1180.28145	0.00793
1178.35288	0.00843
1176.42432	0.00926
1174.49575	0.01066
1172.56719	0.01280
1170.63862	0.01541
1168.71006	0.01754
1166.78149	0.01813
1164.85293	0.01718
1162.92437	0.01562
1160.99580	0.01425
1159.06724	0.01328
1157.13867	0.01273
1155.21011	0.01252
1153.28154	0.01245
1151.35298	0.01219
1149.42441	0.01155
1147.49585	0.01067
1145.56729	0.00974
1143.63872	0.00884
1141.71016	0.00814
1139.78159	0.00771
1137.85303	0.00749
1135.92446	0.00736
1133.99590	0.00722
1132.06733	0.00712
1130.13877	0.00712
1128.21021	0.00716
1126.28164	0.00721
1124.35308	0.00727
1122.42451	0.00735
1120.49595	0.00750
1118.56738	0.00778
1116.63882	0.00820
1114.71025	0.00869
1112.78169	0.00909
1110.85312	0.00943
1108.92456	0.00996
1106.99600	0.01077
1105.06743	0.01168
1103.13887	0.01235
1101.21030	0.01236
1099.28174	0.01165
1097.35317	0.01070
1095.42461	0.00993
1093.49604	0.00937
1091.56748	0.00898
1089.63892	0.00875
1087.71035	0.00862
1085.78179	0.00852
1083.85322	0.00848
1081.92466	0.00846
1079.99609	0.00837
1078.06753	0.00825
1076.13896	0.00815
1074.21040	0.00805
1072.28184	0.00791
1070.35327	0.00781
1068.42471	0.00783
1066.49614	0.00790
1064.56758	0.00790
1062.63901	0.00786
1060.71045	0.00785
1058.78188	0.00791
1056.85332	0.00804
1054.92476	0.00818
1052.99619	0.00828
1051.06763	0.00843
1049.13906	0.00873
1047.21050	0.00913
1045.28193	0.00939
1043.35337	0.00935
1041.42480	0.00908
1039.49624	0.00876
1037.56768	0.00849
1035.63911	0.00822
1033.71055	0.00787
1031.78198	0.00748
1029.85342	0.00721
1027.92485	0.00705
1025.99629	0.00693
1024.06772	0.00678
1022.13916	0.00664
1020.21060	0.00657
1018.28203	0.00653
1016.35347	0.00647
1014.42490	0.00643
1012.49634	0.00648
1010.56777	0.00665
1008.63921	0.00701
1006.71064	0.00770
1004.78208	0.00915
1002.85352	0.01188
1000.92495	0.01585
998.99639	0.01940
997.06782	0.02019
995.13926	0.01782
993.21069	0.01422
991.28213	0.01119
989.35356	0.00927
987.42500	0.00832
985.49644	0.00815
983.56787	0.00866
981.63931	0.00986
979.71074	0.01192
977.78218	0.01504
975.85361	0.01911
973.92505	0.02285
971.99648	0.02391
970.06792	0.02147
968.13936	0.01747
966.21079	0.01412
964.28223	0.01200
962.35366	0.01070
960.42510	0.00980
958.49653	0.00910
956.56797	0.00856
954.63940	0.00818
952.71084	0.00796
950.78228	0.00790
948.85371	0.00801
946.92515	0.00833
944.99658	0.00904
943.06802	0.01012
941.13945	0.01107
939.21089	0.01106
937.28232	0.00995
935.35376	0.00850
933.42520	0.00741
931.49663	0.00677
929.56807	0.00640
927.63950	0.00617
925.71094	0.00602
923.78237	0.00590
921.85381	0.00577
919.92524	0.00570
917.99668	0.00571
916.06812	0.00574
914.13955	0.00583
912.21099	0.00599
910.28242	0.00627
908.35386	0.00695
906.42529	0.00842
904.49673	0.01108
902.56816	0.01470
900.63960	0.01774
898.71104	0.01823
896.78247	0.01584
894.85391	0.01219
892.92534	0.00909
890.99678	0.00711
889.06821	0.00591
887.13965	0.00517
885.21108	0.00480
883.28252	0.00461
881.35396	0.00440
879.42539	0.00424
877.49683	0.00419
875.56826	0.00411
873.63970	0.00404
871.71113	0.00413
869.78257	0.00433
867.85400	0.00443
865.92544	0.00438
863.99687	0.00430
862.06831	0.00431
860.13975	0.00449
858.21118	0.00473
856.28262	0.00491
854.35405	0.00515
852.42549	0.00569
850.49692	0.00655
848.56836	0.00789
846.63979	0.01047
844.71123	0.01526
842.78267	0.02155
840.85410	0.02511
838.92554	0.02235
836.99697	0.01591
835.06841	0.01049
833.13984	0.00739
831.21128	0.00574
829.28271	0.00470
827.35415	0.00385
825.42559	0.00322
823.49702	0.00281
821.56846	0.00254
819.63989	0.00252
817.71133	0.00300
815.78276	0.00426
813.85420	0.00664
811.92563	0.00985
809.99707	0.01199
808.06851	0.01057
806.13994	0.00560
804.21138	-0.00037
802.28281	-0.00554
800.35425	-0.00986
798.42568	-0.01380
796.49712	-0.01767
794.56855	-0.02160
792.63999	-0.02551
790.71143	-0.02952
788.78286	-0.03371
786.85430	-0.03774
784.92573	-0.04132
782.99717	-0.04431
781.06860	-0.04663
779.14004	-0.04822
777.21147	-0.04910
775.28291	-0.04939
773.35435	-0.04913
771.42578	-0.04826
769.49722	-0.04690
767.56865	-0.04535
765.64009	-0.04375
763.71152	-0.04201
761.78296	-0.04020
759.85439	-0.03836
757.92583	-0.03627
755.99727	-0.03394
754.06870	-0.03159
752.14014	-0.02943
750.21157	-0.02750
748.28301	-0.02572
746.35444	-0.02416
744.42588	-0.02284
742.49731	-0.02158
740.56875	-0.02027
738.64019	-0.01897
736.71162	-0.01778
734.78306	-0.01656
732.85449	-0.01515
730.92593	-0.01362
728.99736	-0.01199
727.06880	-0.01030
725.14023	-0.00898
723.21167	-0.00861
721.28311	-0.00779
719.35454	-0.00716
717.42598	-0.00714
715.49741	-0.00723
713.56885	-0.00724
711.64028	-0.00697
709.71172	-0.00644
707.78315	-0.00578
705.85459	-0.00502
703.92603	-0.00433
701.99746	-0.00392
700.06890	-0.00360
698.14033	-0.00325
696.21177	-0.00306
694.28320	-0.00325
692.35464	-0.00372
690.42607	-0.00381
688.49751	-0.00304
686.56895	-0.00231
684.64038	-0.00244
682.71182	-0.00317
680.78325	-0.00317
678.85469	-0.00193
676.92612	-0.00089
674.99756	-0.00120
673.06899	-0.00160
671.14043	0.00202
669.21187	0.00913
667.28330	0.00610
665.35474	0.00400
663.42617	0.00173
661.49761	0.00109
659.56904	0.00141
657.64048	0.00188
655.71191	0.00191
653.78335	0.00143
651.85479	0.00153
649.92622	0.00253
647.99766	0.00297
646.06909	0.00231
644.14053	0.00172
642.21196	0.00146
640.28340	0.00076
638.35483	-0.00047
636.42627	-0.00197
634.49771	-0.00416
632.56914	-0.00672
630.64058	-0.00786
628.71201	-0.00638
626.78345	-0.00310
624.85488	0.00037
622.92632	0.00256
620.99775	0.00344
619.06919	0.00400
617.14062	0.00469
615.21206	0.00501
613.28350	0.00489
611.35493	0.00505
609.42637	0.00536
607.49780	0.00510
605.56924	0.00456
603.64067	0.00444
601.71211	0.00469
599.78354	0.00463
