3997.91411	-0.03353
3995.98555	-0.03363
3994.05698	-0.03361
3992.12842	-0.03349
3990.19985	-0.03343
3988.27129	-0.03346
3986.34272	-0.03352
3984.41416	-0.03369
3982.48560	-0.03394
3980.55703	-0.03405
3978.62847	-0.03392
3976.69990	-0.03371
3974.77134	-0.03354
3972.84277	-0.03353
3970.91421	-0.03368
3968.98564	-0.03384
3967.05708	-0.03387
3965.12852	-0.03373
3963.19995	-0.03361
3961.27139	-0.03366
3959.34282	-0.03380
3957.41426	-0.03394
3955.48569	-0.03410
3953.55713	-0.03421
3951.62856	-0.03415
3949.70000	-0.03396
3947.77144	-0.03383
3945.84287	-0.03381
3943.91431	-0.03381
3941.98574	-0.03390
3940.05718	-0.03411
3938.12861	-0.03426
3936.20005	-0.03413
3934.27148	-0.03378
3932.34292	-0.03351
3930.41436	-0.03343
3928.48579	-0.03342
3926.55723	-0.03345
3924.62866	-0.03350
3922.70010	-0.03354
3920.77153	-0.03356
3918.84297	-0.03354
3916.91440	-0.03364
3914.98584	-0.03391
3913.05728	-0.03405
3911.12871	-0.03392
3909.20015	-0.03370
3907.27158	-0.03339
3905.34302	-0.03302
3903.41445	-0.03290
3901.48589	-0.03315
3899.55732	-0.03352
3897.62876	-0.03384
3895.70020	-0.03392
3893.77163	-0.03374
3891.84307	-0.03361
3889.91450	-0.03373
3887.98594	-0.03374
3886.05737	-0.03364
3884.12881	-0.03370
3882.20024	-0.03372
3880.27168	-0.03371
3878.34312	-0.03392
3876.41455	-0.03405
3874.48599	-0.03388
3872.55742	-0.03347
3870.62886	-0.03312
3868.70029	-0.03322
3866.77173	-0.03337
3864.84316	-0.03337
3862.91460	-0.03373
3860.98604	-0.03424
3859.05747	-0.03428
3857.12891	-0.03384
3855.20034	-0.03312
3853.27178	-0.03277
3851.34321	-0.03333
3849.41465	-0.03392
3847.48608	-0.03415
3845.55752	-0.03403
3843.62896	-0.03368
3841.70039	-0.03330
3839.77183	-0.03310
3837.84326	-0.03337
3835.91470	-0.03398
3833.98613	-0.03439
3832.05757	-0.03451
3830.12900	-0.03446
3828.20044	-0.03422
3826.27187	-0.03383
3824.34331	-0.03344
3822.41475	-0.03318
3820.48618	-0.03341
3818.55762	-0.03382
3816.62905	-0.03409
3814.70049	-0.03444
3812.77192	-0.03460
3810.84336	-0.03447
3808.91479	-0.03429
3806.98623	-0.03417
3805.05767	-0.03401
3803.12910	-0.03380
3801.20054	-0.03380
3799.27197	-0.03390
3797.34341	-0.03388
3795.41484	-0.03399
3793.48628	-0.03430
3791.55771	-0.03444
3789.62915	-0.03430
3787.70059	-0.03424
3785.77202	-0.03443
3783.84346	-0.03455
3781.91489	-0.03439
3779.98633	-0.03418
3778.05776	-0.03427
3776.12920	-0.03447
3774.20063	-0.03447
3772.27207	-0.03430
3770.34351	-0.03414
3768.41494	-0.03412
3766.48638	-0.03422
3764.55781	-0.03443
3762.62925	-0.03445
3760.70068	-0.03414
3758.77212	-0.03390
3756.84355	-0.03394
3754.91499	-0.03382
3752.98643	-0.03339
3751.05786	-0.03326
3749.12930	-0.03359
3747.20073	-0.03349
3745.27217	-0.03314
3743.34360	-0.03325
3741.41504	-0.03358
3739.48647	-0.03360
3737.55791	-0.03310
3735.62935	-0.03244
3733.70078	-0.03241
3731.77222	-0.03274
3729.84365	-0.03278
3727.91509	-0.03254
3725.98652	-0.03235
3724.05796	-0.03245
3722.12939	-0.03283
3720.20083	-0.03343
3718.27227	-0.03407
3716.34370	-0.03441
3714.41514	-0.03421
3712.48657	-0.03359
3710.55801	-0.03325
3708.62944	-0.03350
3706.70088	-0.03377
3704.77231	-0.03371
3702.84375	-0.03343
3700.91519	-0.03343
3698.98662	-0.03376
3697.05806	-0.03391
3695.12949	-0.03368
3693.20093	-0.03317
3691.27236	-0.03274
3689.34380	-0.03300
3687.41523	-0.03370
3685.48667	-0.03412
3683.55811	-0.03428
3681.62954	-0.03413
3679.70098	-0.03359
3677.77241	-0.03289
3675.84385	-0.03256
3673.91528	-0.03275
3671.98672	-0.03279
3670.05815	-0.03289
3668.12959	-0.03362
3666.20103	-0.03444
3664.27246	-0.03490
3662.34390	-0.03506
3660.41533	-0.03496
3658.48677	-0.03467
3656.55820	-0.03452
3654.62964	-0.03466
3652.70107	-0.03451
3650.77251	-0.03381
3648.84395	-0.03340
3646.91538	-0.03387
3644.98682	-0.03437
3643.05825	-0.03452
3641.12969	-0.03454
3639.20112	-0.03459
3637.27256	-0.03458
3635.34399	-0.03446
3633.41543	-0.03416
3631.48687	-0.03364
3629.55830	-0.03315
3627.62974	-0.03331
3625.70117	-0.03383
3623.77261	-0.03399
3621.84404	-0.03373
3619.91548	-0.03345
3617.98691	-0.03359
3616.05835	-0.03398
3614.12979	-0.03438
3612.20122	-0.03467
3610.27266	-0.03472
3608.34409	-0.03468
3606.41553	-0.03475
3604.48696	-0.03474
3602.55840	-0.03461
3600.62983	-0.03454
3598.70127	-0.03452
3596.77271	-0.03453
3594.84414	-0.03460
3592.91558	-0.03464
3590.98701	-0.03459
3589.05845	-0.03447
3587.12988	-0.03464
3585.20132	-0.03526
3583.27275	-0.03575
3581.34419	-0.03580
3579.41562	-0.03560
3577.48706	-0.03546
3575.55850	-0.03547
3573.62993	-0.03555
3571.70137	-0.03543
3569.77280	-0.03477
3567.84424	-0.03400
3565.91567	-0.03415
3563.98711	-0.03492
3562.05854	-0.03543
3560.12998	-0.03559
3558.20142	-0.03552
3556.27285	-0.03530
3554.34429	-0.03528
3552.41572	-0.03563
3550.48716	-0.03582
3548.55859	-0.03542
3546.63003	-0.03490
3544.70146	-0.03493
3542.77290	-0.03529
3540.84434	-0.03546
3538.91577	-0.03546
3536.98721	-0.03549
3535.05864	-0.03566
3533.13008	-0.03586
3531.20151	-0.03590
3529.27295	-0.03575
3527.34438	-0.03556
3525.41582	-0.03561
3523.48726	-0.03591
3521.55869	-0.03601
3519.63013	-0.03575
3517.70156	-0.03549
3515.77300	-0.03549
3513.84443	-0.03569
3511.91587	-0.03588
3509.98730	-0.03594
3508.05874	-0.03576
3506.13018	-0.03524
3504.20161	-0.03461
3502.27305	-0.03437
3500.34448	-0.03456
3498.41592	-0.03475
3496.48735	-0.03483
3494.55879	-0.03513
3492.63022	-0.03581
3490.70166	-0.03641
3488.77310	-0.03647
3486.84453	-0.03606
3484.91597	-0.03548
3482.98740	-0.03513
3481.05884	-0.03526
3479.13027	-0.03556
3477.20171	-0.03563
3475.27314	-0.03544
3473.34458	-0.03517
3471.41602	-0.03512
3469.48745	-0.03551
3467.55889	-0.03599
3465.63032	-0.03595
3463.70176	-0.03539
3461.77319	-0.03495
3459.84463	-0.03509
3457.91606	-0.03556
3455.98750	-0.03576
3454.05894	-0.03532
3452.13037	-0.03488
3450.20181	-0.03491
3448.27324	-0.03499
3446.34468	-0.03504
3444.41611	-0.03528
3442.48755	-0.03542
3440.55898	-0.03544
3438.63042	-0.03551
3436.70186	-0.03565
3434.77329	-0.03575
3432.84473	-0.03577
3430.91616	-0.03574
3428.98760	-0.03569
3427.05903	-0.03573
3425.13047	-0.03581
3423.20190	-0.03575
3421.27334	-0.03559
3419.34478	-0.03565
3417.41621	-0.03607
3415.48765	-0.03644
3413.55908	-0.03620
3411.63052	-0.03557
3409.70195	-0.03516
3407.77339	-0.03511
3405.84482	-0.03553
3403.91626	-0.03624
3401.98770	-0.03652
3400.05913	-0.03626
3398.13057	-0.03603
3396.20200	-0.03593
3394.27344	-0.03589
3392.34487	-0.03596
3390.41631	-0.03605
3388.48774	-0.03603
3386.55918	-0.03580
3384.63062	-0.03556
3382.70205	-0.03555
3380.77349	-0.03570
3378.84492	-0.03589
3376.91636	-0.03601
3374.98779	-0.03596
3373.05923	-0.03585
3371.13066	-0.03580
3369.20210	-0.03586
3367.27354	-0.03599
3365.34497	-0.03610
3363.41641	-0.03616
3361.48784	-0.03613
3359.55928	-0.03600
3357.63071	-0.03588
3355.70215	-0.03582
3353.77358	-0.03585
3351.84502	-0.03599
3349.91646	-0.03600
3347.98789	-0.03588
3346.05933	-0.03593
3344.13076	-0.03595
3342.20220	-0.03580
3340.27363	-0.03588
3338.34507	-0.03613
3336.41650	-0.03607
3334.48794	-0.03579
3332.55937	-0.03572
3330.63081	-0.03579
3328.70225	-0.03575
3326.77368	-0.03572
3324.84512	-0.03593
3322.91655	-0.03621
3320.98799	-0.03636
3319.05942	-0.03639
3317.13086	-0.03632
3315.20229	-0.03610
3313.27373	-0.03597
3311.34517	-0.03616
3309.41660	-0.03638
3307.48804	-0.03657
3305.55947	-0.03690
3303.63091	-0.03707
3301.70234	-0.03688
3299.77378	-0.03665
3297.84521	-0.03656
3295.91665	-0.03655
3293.98809	-0.03652
3292.05952	-0.03647
3290.13096	-0.03636
3288.20239	-0.03615
3286.27383	-0.03611
3284.34526	-0.03645
3282.41670	-0.03684
3280.48813	-0.03689
3278.55957	-0.03663
3276.63101	-0.03662
3274.70244	-0.03694
3272.77388	-0.03710
3270.84531	-0.03706
3268.91675	-0.03698
3266.98818	-0.03677
3265.05962	-0.03659
3263.13105	-0.03668
3261.20249	-0.03681
3259.27393	-0.03684
3257.34536	-0.03706
3255.41680	-0.03731
3253.48823	-0.03715
3251.55967	-0.03686
3249.63110	-0.03678
3247.70254	-0.03671
3245.77397	-0.03662
3243.84541	-0.03661
3241.91685	-0.03666
3239.98828	-0.03675
3238.05972	-0.03695
3236.13115	-0.03729
3234.20259	-0.03763
3232.27402	-0.03761
3230.34546	-0.03736
3228.41689	-0.03717
3226.48833	-0.03696
3224.55977	-0.03663
3222.63120	-0.03648
3220.70264	-0.03668
3218.77407	-0.03684
3216.84551	-0.03688
3214.91694	-0.03703
3212.98838	-0.03716
3211.05981	-0.03699
3209.13125	-0.03672
3207.20269	-0.03664
3205.27412	-0.03672
3203.34556	-0.03685
3201.41699	-0.03702
3199.48843	-0.03717
3197.55986	-0.03728
3195.63130	-0.03728
3193.70273	-0.03713
3191.77417	-0.03697
3189.84561	-0.03685
3187.91704	-0.03680
3185.98848	-0.03676
3184.05991	-0.03662
3182.13135	-0.03655
3180.20278	-0.03677
3178.27422	-0.03707
3176.34565	-0.03719
3174.41709	-0.03717
3172.48853	-0.03718
3170.55996	-0.03732
3168.63140	-0.03747
3166.70283	-0.03753
3164.77427	-0.03761
3162.84570	-0.03772
3160.91714	-0.03761
3158.98857	-0.03733
3157.06001	-0.03719
3155.13145	-0.03730
3153.20288	-0.03751
3151.27432	-0.03766
3149.34575	-0.03771
3147.41719	-0.03773
3145.48862	-0.03781
3143.56006	-0.03794
3141.63149	-0.03806
3139.70293	-0.03813
3137.77437	-0.03814
3135.84580	-0.03813
3133.91724	-0.03813
3131.98867	-0.03820
3130.06011	-0.03832
3128.13154	-0.03831
3126.20298	-0.03831
3124.27441	-0.03843
3122.34585	-0.03839
3120.41729	-0.03822
3118.48872	-0.03813
3116.56016	-0.03811
3114.63159	-0.03812
3112.70303	-0.03810
3110.77446	-0.03801
3108.84590	-0.03805
3106.91733	-0.03824
3104.98877	-0.03839
3103.06021	-0.03833
3101.13164	-0.03816
3099.20308	-0.03821
3097.27451	-0.03853
3095.34595	-0.03881
3093.41738	-0.03882
3091.48882	-0.03870
3089.56025	-0.03850
3087.63169	-0.03833
3085.70312	-0.03836
3083.77456	-0.03849
3081.84600	-0.03856
3079.91743	-0.03860
3077.98887	-0.03864
3076.06030	-0.03868
3074.13174	-0.03867
3072.20317	-0.03857
3070.27461	-0.03847
3068.34604	-0.03854
3066.41748	-0.03875
3064.48892	-0.03894
3062.56035	-0.03905
3060.63179	-0.03915
3058.70322	-0.03925
3056.77466	-0.03928
3054.84609	-0.03918
3052.91753	-0.03912
3050.98896	-0.03911
3049.06040	-0.03906
3047.13184	-0.03901
3045.20327	-0.03902
3043.27471	-0.03903
3041.34614	-0.03905
3039.41758	-0.03916
3037.48901	-0.03931
3035.56045	-0.03929
3033.63188	-0.03912
3031.70332	-0.03899
3029.77476	-0.03900
3027.84619	-0.03902
3025.91763	-0.03884
3023.98906	-0.03847
3022.06050	-0.03813
3020.13193	-0.03808
3018.20337	-0.03814
3016.27480	-0.03793
3014.34624	-0.03757
3012.41768	-0.03732
3010.48911	-0.03705
3008.56055	-0.03671
3006.63198	-0.03629
3004.70342	-0.03580
3002.77485	-0.03534
3000.84629	-0.03482
2998.91772	-0.03411
2996.98916	-0.03335
2995.06060	-0.03263
2993.13203	-0.03165
2991.20347	-0.03026
2989.27490	-0.02880
2987.34634	-0.02737
2985.41777	-0.02568
2983.48921	-0.02362
2981.56064	-0.02122
2979.63208	-0.01830
2977.70352	-0.01471
2975.77495	-0.01047
2973.84639	-0.00545
2971.91782	0.00062
2969.98926	0.00767
2968.06069	0.01555
2966.13213	0.02422
2964.20356	0.03305
2962.27500	0.04028
2960.34644	0.04460
2958.41787	0.04699
2956.48931	0.04998
2954.56074	0.05484
2952.63218	0.06012
2950.70361	0.06278
2948.77505	0.06061
2946.84648	0.05403
2944.91792	0.04556
2942.98936	0.03796
2941.06079	0.03316
2939.13223	0.03196
2937.20366	0.03412
2935.27510	0.03907
2933.34653	0.04631
2931.41797	0.05528
2929.48940	0.06532
2927.56084	0.07543
2925.63228	0.08463
2923.70371	0.09256
2921.77515	0.09933
2919.84658	0.10441
2917.91802	0.10623
2915.98945	0.10380
2914.06089	0.09822
2912.13232	0.09188
2910.20376	0.08633
2908.27520	0.08156
2906.34663	0.07698
2904.41807	0.07212
2902.48950	0.06695
2900.56094	0.06170
2898.63237	0.05661
2896.70381	0.05188
2894.77524	0.04781
2892.84668	0.04466
2890.91812	0.04235
2888.98955	0.04062
2887.06099	0.03934
2885.13242	0.03855
2883.20386	0.03829
2881.27529	0.03851
2879.34673	0.03903
2877.41816	0.03936
2875.48960	0.03915
2873.56104	0.03885
2871.63247	0.03934
2869.70391	0.04076
2867.77534	0.04211
2865.84678	0.04184
2863.91821	0.03901
2861.98965	0.03442
2860.06108	0.03008
2858.13252	0.02750
2856.20396	0.02697
2854.27539	0.02793
2852.34683	0.02940
2850.41826	0.03047
2848.48970	0.03103
2846.56113	0.03187
2844.63257	0.03396
2842.70400	0.03735
2840.77544	0.04061
2838.84687	0.04160
2836.91831	0.03885
2834.98975	0.03252
2833.06118	0.02440
2831.13262	0.01654
2829.20405	0.00997
2827.27549	0.00482
2825.34692	0.00101
2823.41836	-0.00174
2821.48979	-0.00385
2819.56123	-0.00561
2817.63267	-0.00716
2815.70410	-0.00850
2813.77554	-0.00956
2811.84697	-0.01045
2809.91841	-0.01144
2807.98984	-0.01254
2806.06128	-0.01360
2804.13271	-0.01451
2802.20415	-0.01535
2800.27559	-0.01617
2798.34702	-0.01691
2796.41846	-0.01749
2794.48989	-0.01800
2792.56133	-0.01854
2790.63276	-0.01911
2788.70420	-0.01973
2786.77563	-0.02039
2784.84707	-0.02098
2782.91851	-0.02140
2780.98994	-0.02174
2779.06138	-0.02210
2777.13281	-0.02251
2775.20425	-0.02292
2773.27568	-0.02332
2771.34712	-0.02369
2769.41855	-0.02391
2767.48999	-0.02402
2765.56143	-0.02416
2763.63286	-0.02436
2761.70430	-0.02452
2759.77573	-0.02467
2757.84717	-0.02486
2755.91860	-0.02508
2753.99004	-0.02522
2752.06147	-0.02524
2750.13291	-0.02529
2748.20435	-0.02544
2746.27578	-0.02553
2744.34722	-0.02548
2742.41865	-0.02541
2740.49009	-0.02540
2738.56152	-0.02541
2736.63296	-0.02534
2734.70439	-0.02525
2732.77583	-0.02520
2730.84727	-0.02503
2728.91870	-0.02468
2726.99014	-0.02426
2725.06157	-0.02393
2723.13301	-0.02381
2721.20444	-0.02394
2719.27588	-0.02423
2717.34731	-0.02457
2715.41875	-0.02502
2713.49019	-0.02546
2711.56162	-0.02575
2709.63306	-0.02594
2707.70449	-0.02617
2705.77593	-0.02641
2703.84736	-0.02664
2701.91880	-0.02682
2699.99023	-0.02697
2698.06167	-0.02709
2696.13311	-0.02715
2694.20454	-0.02720
2692.27598	-0.02730
2690.34741	-0.02734
2688.41885	-0.02729
2686.49028	-0.02726
2684.56172	-0.02730
2682.63315	-0.02739
2680.70459	-0.02747
2678.77603	-0.02754
2676.84746	-0.02758
2674.91890	-0.02755
2672.99033	-0.02752
2671.06177	-0.02758
2669.13320	-0.02766
2667.20464	-0.02762
2665.27607	-0.02745
2663.34751	-0.02726
2661.41895	-0.02721
2659.49038	-0.02728
2657.56182	-0.02737
2655.63325	-0.02750
2653.70469	-0.02759
2651.77612	-0.02758
2649.84756	-0.02753
2647.91899	-0.02755
2645.99043	-0.02759
2644.06187	-0.02762
2642.13330	-0.02767
2640.20474	-0.02775
2638.27617	-0.02778
2636.34761	-0.02775
2634.41904	-0.02782
2632.49048	-0.02796
2630.56191	-0.02799
2628.63335	-0.02802
2626.70479	-0.02813
2624.77622	-0.02816
2622.84766	-0.02803
2620.91909	-0.02797
2618.99053	-0.02808
2617.06196	-0.02817
2615.13340	-0.02810
2613.20483	-0.02798
2611.27627	-0.02799
2609.34771	-0.02814
2607.41914	-0.02832
2605.49058	-0.02848
2603.56201	-0.02865
2601.63345	-0.02872
2599.70488	-0.02868
2597.77632	-0.02869
2595.84775	-0.02877
2593.91919	-0.02880
2591.99062	-0.02873
2590.06206	-0.02867
2588.13350	-0.02867
2586.20493	-0.02855
2584.27637	-0.02822
2582.34780	-0.02803
2580.41924	-0.02817
2578.49067	-0.02845
2576.56211	-0.02866
2574.63354	-0.02885
2572.70498	-0.02905
2570.77642	-0.02921
2568.84785	-0.02927
2566.91929	-0.02935
2564.99072	-0.02954
2563.06216	-0.02971
2561.13359	-0.02974
2559.20503	-0.02973
2557.27646	-0.02977
2555.34790	-0.02981
2553.41934	-0.02986
2551.49077	-0.02993
2549.56221	-0.02998
2547.63364	-0.03004
2545.70508	-0.03019
2543.77651	-0.03030
2541.84795	-0.03028
2539.91938	-0.03027
2537.99082	-0.03029
2536.06226	-0.03020
2534.13369	-0.03015
2532.20513	-0.03030
2530.27656	-0.03047
2528.34800	-0.03051
2526.41943	-0.03054
2524.49087	-0.03064
2522.56230	-0.03068
2520.63374	-0.03067
2518.70518	-0.03078
2516.77661	-0.03095
2514.84805	-0.03101
2512.91948	-0.03102
2510.99092	-0.03108
2509.06235	-0.03117
2507.13379	-0.03113
2505.20522	-0.03090
2503.27666	-0.03072
2501.34810	-0.03085
2499.41953	-0.03107
2497.49097	-0.03106
2495.56240	-0.03087
2493.63384	-0.03071
2491.70527	-0.03062
2489.77671	-0.03062
2487.84814	-0.03071
2485.91958	-0.03071
2483.99102	-0.03062
2482.06245	-0.03064
2480.13389	-0.03082
2478.20532	-0.03108
2476.27676	-0.03126
2474.34819	-0.03122
2472.41963	-0.03107
2470.49106	-0.03103
2468.56250	-0.03114
2466.63394	-0.03120
2464.70537	-0.03113
2462.77681	-0.03105
2460.84824	-0.03098
2458.91968	-0.03079
2456.99111	-0.03061
2455.06255	-0.03064
2453.13398	-0.03074
2451.20542	-0.03071
2449.27686	-0.03059
2447.34829	-0.03048
2445.41973	-0.03047
2443.49116	-0.03059
2441.56260	-0.03063
2439.63403	-0.03051
2437.70547	-0.03047
2435.77690	-0.03057
2433.84834	-0.03064
2431.91978	-0.03060
2429.99121	-0.03051
2428.06265	-0.03041
2426.13408	-0.03040
2424.20552	-0.03046
2422.27695	-0.03053
2420.34839	-0.03062
2418.41982	-0.03075
2416.49126	-0.03081
2414.56270	-0.03082
2412.63413	-0.03083
2410.70557	-0.03077
2408.77700	-0.03065
2406.84844	-0.03054
2404.91987	-0.03049
2402.99131	-0.03048
2401.06274	-0.03057
2399.13418	-0.03164
2397.20562	-0.03174
2395.27705	-0.03127
2393.34849	-0.03080
2391.41992	-0.03033
2389.49136	-0.02981
2387.56279	-0.02921
2385.63423	-0.02854
2383.70566	-0.02791
2381.77710	-0.02753
2379.84854	-0.02748
2377.91997	-0.02774
2375.99141	-0.02813
2374.06284	-0.02842
2372.13428	-0.02845
2370.20571	-0.02839
2368.27715	-0.02843
2366.34858	-0.02834
2364.42002	-0.02796
2362.49146	-0.02745
2360.56289	-0.02703
2358.63433	-0.02679
2356.70576	-0.02644
2354.77720	-0.02564
2352.84863	-0.02402
2350.92007	-0.02236
2348.99150	-0.02173
2347.06294	-0.02334
2345.13437	-0.02515
2343.20581	-0.02569
2341.27725	-0.02551
2339.34868	-0.02539
2337.42012	-0.02528
2335.49155	-0.02507
2333.56299	-0.02476
2331.63442	-0.02424
2329.70586	-0.02342
2327.77729	-0.02228
2325.84873	-0.02187
2323.92017	-0.02274
2321.99160	-0.02411
2320.06304	-0.02503
2318.13447	-0.02538
2316.20591	-0.02553
2314.27734	-0.02562
2312.34878	-0.02562
2310.42021	-0.02576
2308.49165	-0.02596
2306.56309	-0.02618
2304.63452	-0.02639
2302.70596	-0.02660
2300.77739	-0.02674
2298.84883	-0.02676
2296.92026	-0.02676
2294.99170	-0.02685
2293.06313	-0.02697
2291.13457	-0.02706
2289.20601	-0.02708
2287.27744	-0.02721
2285.34888	-0.02770
2283.42031	-0.02835
2281.49175	-0.02887
2279.56318	-0.02920
2277.63462	-0.02926
2275.70605	-0.02908
2273.77749	-0.02883
2271.84893	-0.02863
2269.92036	-0.02842
2267.99180	-0.02815
2266.06323	-0.02792
2264.13467	-0.02785
2262.20610	-0.02793
2260.27754	-0.02804
2258.34897	-0.02801
2256.42041	-0.02783
2254.49185	-0.02759
2252.56328	-0.02736
2250.63472	-0.02736
2248.70615	-0.02809
2246.77759	-0.02825
2244.84902	-0.02856
2242.92046	-0.02884
2240.99189	-0.02889
2239.06333	-0.02898
2237.13477	-0.02916
2235.20620	-0.02908
2233.27764	-0.02871
2231.34907	-0.02831
2229.42051	-0.02808
2227.49194	-0.02818
2225.56338	-0.02839
2223.63481	-0.02830
2221.70625	-0.02794
2219.77769	-0.02782
2217.84912	-0.02810
2215.92056	-0.02843
2213.99199	-0.02860
2212.06343	-0.02852
2210.13486	-0.02814
2208.20630	-0.02784
2206.27773	-0.02800
2204.34917	-0.02846
2202.42061	-0.02866
2200.49204	-0.02839
2198.56348	-0.02790
2196.63491	-0.02757
2194.70635	-0.02740
2192.77778	-0.02723
2190.84922	-0.02705
2188.92065	-0.02684
2186.99209	-0.02694
2185.06353	-0.02753
2183.13496	-0.02794
2181.20640	-0.02779
2179.27783	-0.02756
2177.34927	-0.02741
2175.42070	-0.02713
2173.49214	-0.02702
2171.56357	-0.02704
2169.63501	-0.02654
2167.70645	-0.02599
2165.77788	-0.02629
2163.84932	-0.02678
2161.92075	-0.02718
2159.99219	-0.02866
2158.06362	-0.03070
2156.13506	-0.03156
2154.20649	-0.03113
2152.27793	-0.03001
2150.34937	-0.02899
2148.42080	-0.02891
2146.49224	-0.02945
2144.56367	-0.02969
2142.63511	-0.02947
2140.70654	-0.02913
2138.77798	-0.02899
2136.84941	-0.02915
2134.92085	-0.02924
2132.99229	-0.02897
2131.06372	-0.02856
2129.13516	-0.02826
2127.20659	-0.02801
2125.27803	-0.02766
2123.34946	-0.02747
2121.42090	-0.02753
2119.49233	-0.02749
2117.56377	-0.02719
2115.63521	-0.02687
2113.70664	-0.02678
2111.77808	-0.02680
2109.84951	-0.02663
2107.92095	-0.02635
2105.99238	-0.02626
2104.06382	-0.02632
2102.13525	-0.02641
2100.20669	-0.02656
2098.27812	-0.02684
2096.34956	-0.02715
2094.42100	-0.02723
2092.49243	-0.02700
2090.56387	-0.02651
2088.63530	-0.02587
2086.70674	-0.02542
2084.77817	-0.02539
2082.84961	-0.02559
2080.92104	-0.02568
2078.99248	-0.02560
2077.06392	-0.02560
2075.13535	-0.02564
2073.20679	-0.02551
2071.27822	-0.02534
2069.34966	-0.02534
2067.42109	-0.02543
2065.49253	-0.02566
2063.56396	-0.02599
2061.63540	-0.02597
2059.70684	-0.02566
2057.77827	-0.02545
2055.84971	-0.02513
2053.92114	-0.02432
2051.99258	-0.02372
2050.06401	-0.02407
2048.13545	-0.02470
2046.20688	-0.02485
2044.27832	-0.02452
2042.34976	-0.02384
2040.42119	-0.02341
2038.49263	-0.02363
2036.56406	-0.02398
2034.63550	-0.02440
2032.70693	-0.02504
2030.77837	-0.02516
2028.84980	-0.02468
2026.92124	-0.02450
2024.99268	-0.02476
2023.06411	-0.02504
2021.13555	-0.02519
2019.20698	-0.02508
2017.27842	-0.02451
2015.34985	-0.02383
2013.42129	-0.02353
2011.49272	-0.02367
2009.56416	-0.02397
2007.63560	-0.02427
2005.70703	-0.02468
2003.77847	-0.02510
2001.84990	-0.02507
1999.92134	-0.02455
1997.99277	-0.02417
1996.06421	-0.02415
1994.13564	-0.02413
1992.20708	-0.02403
1990.27852	-0.02406
1988.34995	-0.02403
1986.42139	-0.02348
1984.49282	-0.02265
1982.56426	-0.02198
1980.63569	-0.02150
1978.70713	-0.02179
1976.77856	-0.02288
1974.85000	-0.02357
1972.92144	-0.02377
1970.99287	-0.02410
1969.06431	-0.02438
1967.13574	-0.02433
1965.20718	-0.02414
1963.27861	-0.02416
1961.35005	-0.02443
1959.42148	-0.02426
1957.49292	-0.02339
1955.56436	-0.02287
1953.63579	-0.02311
1951.70723	-0.02327
1949.77866	-0.02340
1947.85010	-0.02375
1945.92153	-0.02362
1943.99297	-0.02292
1942.06440	-0.02254
1940.13584	-0.02263
1938.20728	-0.02276
1936.27871	-0.02287
1934.35015	-0.02289
1932.42158	-0.02278
1930.49302	-0.02257
1928.56445	-0.02226
1926.63589	-0.02190
1924.70732	-0.02148
1922.77876	-0.02118
1920.85020	-0.02112
1918.92163	-0.02111
1916.99307	-0.02116
1915.06450	-0.02138
1913.13594	-0.02154
1911.20737	-0.02143
1909.27881	-0.02109
1907.35024	-0.02079
1905.42168	-0.02081
1903.49312	-0.02101
1901.56455	-0.02114
1899.63599	-0.02115
1897.70742	-0.02094
1895.77886	-0.02061
1893.85029	-0.02034
1891.92173	-0.02002
1889.99316	-0.01971
1888.06460	-0.01971
1886.13604	-0.01986
1884.20747	-0.01982
1882.27891	-0.01963
1880.35034	-0.01946
1878.42178	-0.01939
1876.49321	-0.01945
1874.56465	-0.01956
1872.63608	-0.01946
1870.70752	-0.01907
1868.77896	-0.01871
1866.85039	-0.01869
1864.92183	-0.01883
1862.99326	-0.01895
1861.06470	-0.01893
1859.13613	-0.01880
1857.20757	-0.01869
1855.27900	-0.01857
1853.35044	-0.01847
1851.42187	-0.01843
1849.49331	-0.01826
1847.56475	-0.01786
1845.63618	-0.01750
1843.70762	-0.01750
1841.77905	-0.01767
1839.85049	-0.01764
1837.92192	-0.01756
1835.99336	-0.01763
1834.06479	-0.01762
1832.13623	-0.01725
1830.20767	-0.01680
1828.27910	-0.01667
1826.35054	-0.01673
1824.42197	-0.01682
1822.49341	-0.01694
1820.56484	-0.01701
1818.63628	-0.01699
1816.70771	-0.01692
1814.77915	-0.01677
1812.85059	-0.01650
1810.92202	-0.01625
1808.99346	-0.01619
1807.06489	-0.01620
1805.13633	-0.01603
1803.20776	-0.01567
1801.27920	-0.01539
1799.35063	-0.01532
1797.42207	-0.01523
1795.49351	-0.01495
1793.56494	-0.01455
1791.63638	-0.01431
1789.70781	-0.01441
1787.77925	-0.01449
1785.85068	-0.01435
1783.92212	-0.01400
1781.99355	-0.01357
1780.06499	-0.01331
1778.13643	-0.01326
1776.20786	-0.01314
1774.27930	-0.01278
1772.35073	-0.01242
1770.42217	-0.01236
1768.49360	-0.01246
1766.56504	-0.01252
1764.63647	-0.01241
1762.70791	-0.01211
1760.77935	-0.01181
1758.85078	-0.01157
1756.92222	-0.01139
1754.99365	-0.01131
1753.06509	-0.01098
1751.13652	-0.01034
1749.20796	-0.00991
1747.27939	-0.00984
1745.35083	-0.00968
1743.42227	-0.00935
1741.49370	-0.00904
1739.56514	-0.00884
1737.63657	-0.00864
1735.70801	-0.00815
1733.77944	-0.00751
1731.85088	-0.00733
1729.92231	-0.00736
1727.99375	-0.00721
1726.06519	-0.00674
1724.13662	-0.00599
1722.20806	-0.00525
1720.27949	-0.00448
1718.35093	-0.00353
1716.42236	-0.00300
1714.49380	-0.00337
1712.56523	-0.00390
1710.63667	-0.00414
1708.70811	-0.00408
1706.77954	-0.00389
1704.85098	-0.00386
1702.92241	-0.00397
1700.99385	-0.00402
1699.06528	-0.00407
1697.13672	-0.00427
1695.20815	-0.00472
1693.27959	-0.00523
1691.35103	-0.00544
1689.42246	-0.00540
1687.49390	-0.00523
1685.56533	-0.00474
1683.63677	-0.00430
1681.70820	-0.00462
1679.77964	-0.00506
1677.85107	-0.00519
1675.92251	-0.00502
1673.99395	-0.00472
1672.06538	-0.00442
1670.13682	-0.00417
1668.20825	-0.00432
1666.27969	-0.00464
1664.35112	-0.00468
1662.42256	-0.00451
1660.49399	-0.00438
1658.56543	-0.00419
1656.63687	-0.00374
1654.70830	-0.00281
1652.77974	-0.00189
1650.85117	-0.00190
1648.92261	-0.00192
1646.99404	-0.00194
1645.06548	-0.00253
1643.13691	-0.00316
1641.20835	-0.00342
1639.27979	-0.00330
1637.35122	-0.00291
1635.42266	-0.00266
1633.49409	-0.00288
1631.56553	-0.00302
1629.63696	-0.00284
1627.70840	-0.00262
1625.77983	-0.00257
1623.85127	-0.00253
1621.92271	-0.00248
1619.99414	-0.00245
1618.06558	-0.00227
1616.13701	-0.00218
1614.20845	-0.00240
1612.27988	-0.00254
1610.35132	-0.00250
1608.42275	-0.00246
1606.49419	-0.00249
1604.56562	-0.00248
1602.63706	-0.00235
1600.70850	-0.00226
1598.77993	-0.00222
1596.85137	-0.00213
1594.92280	-0.00203
1592.99424	-0.00197
1591.06567	-0.00194
1589.13711	-0.00195
1587.20854	-0.00194
1585.27998	-0.00187
1583.35142	-0.00176
1581.42285	-0.00160
1579.49429	-0.00129
1577.56572	-0.00082
1575.63716	-0.00057
1573.70859	-0.00068
1571.78003	-0.00062
1569.85146	-0.00036
1567.92290	-0.00034
1565.99434	-0.00043
1564.06577	-0.00037
1562.13721	-0.00009
1560.20864	0.00062
1558.28008	0.00118
1556.35151	0.00080
1554.42295	0.00047
1552.49438	0.00045
1550.56582	0.00053
1548.63726	0.00057
1546.70869	0.00080
1544.78013	0.00145
1542.85156	0.00228
1540.92300	0.00272
1538.99443	0.00218
1537.06587	0.00148
1535.13730	0.00135
1533.20874	0.00144
1531.28018	0.00136
1529.35161	0.00136
1527.42305	0.00165
1525.49448	0.00197
1523.56592	0.00221
1521.63735	0.00238
1519.70879	0.00236
1517.78022	0.00226
1515.85166	0.00205
1513.92310	0.00181
1511.99453	0.00191
1510.06597	0.00249
1508.13740	0.00334
1506.20884	0.00335
1504.28027	0.00244
1502.35171	0.00194
1500.42314	0.00206
1498.49458	0.00261
1496.56602	0.00301
1494.63745	0.00306
1492.70889	0.00331
1490.78032	0.00405
1488.85176	0.00471
1486.92319	0.00494
1484.99463	0.00523
1483.06606	0.00599
1481.13750	0.00729
1479.20894	0.00917
1477.28037	0.01201
1475.35181	0.01628
1473.42324	0.02256
1471.49468	0.03010
1469.56611	0.03693
1467.63755	0.04391
1465.70898	0.05241
1463.78042	0.06049
1461.85186	0.06542
1459.92329	0.06835
1457.99473	0.07098
1456.06616	0.07253
1454.13760	0.07241
1452.20903	0.07168
1450.28047	0.07001
1448.35190	0.06574
1446.42334	0.05849
1444.49478	0.05061
1442.56621	0.04408
1440.63765	0.03986
1438.70908	0.03805
1436.78052	0.03756
1434.85195	0.03570
1432.92339	0.03149
1430.99482	0.02620
1429.06626	0.02151
1427.13770	0.01853
1425.20913	0.01688
1423.28057	0.01585
1421.35200	0.01525
1419.42344	0.01504
1417.49487	0.01470
1415.56631	0.01401
1413.63774	0.01344
1411.70918	0.01311
1409.78062	0.01285
1407.85205	0.01264
1405.92349	0.01251
1403.99492	0.01231
1402.06636	0.01208
1400.13779	0.01207
1398.20923	0.01225
1396.28066	0.01254
1394.35210	0.01283
1392.42354	0.01306
1390.49497	0.01378
1388.56641	0.01581
1386.63784	0.01985
1384.70928	0.02627
1382.78071	0.03627
1380.85215	0.05142
1378.92358	0.07114
1376.99502	0.08940
1375.06646	0.09585
1373.13789	0.08594
1371.20933	0.06857
1369.28076	0.05280
1367.35220	0.04186
1365.42363	0.03634
1363.49507	0.03497
1361.56650	0.03575
1359.63794	0.03626
1357.70937	0.03476
1355.78081	0.03115
1353.85225	0.02678
1351.92368	0.02303
1349.99512	0.02019
1348.06655	0.01804
1346.13799	0.01640
1344.20942	0.01523
1342.28086	0.01454
1340.35229	0.01419
1338.42373	0.01376
1336.49517	0.01330
1334.56660	0.01317
1332.63804	0.01338
1330.70947	0.01361
1328.78091	0.01353
1326.85234	0.01305
1324.92378	0.01229
1322.99521	0.01154
1321.06665	0.01102
1319.13809	0.01070
1317.20952	0.01049
1315.28096	0.01035
1313.35239	0.01033
1311.42383	0.01054
1309.49526	0.01121
1307.56670	0.01242
1305.63813	0.01370
1303.70957	0.01418
1301.78101	0.01379
1299.85244	0.01322
1297.92388	0.01294
1295.99531	0.01283
1294.06675	0.01254
1292.13818	0.01196
1290.20962	0.01130
1288.28105	0.01073
1286.35249	0.01023
1284.42393	0.00978
1282.49536	0.00948
1280.56680	0.00939
1278.63823	0.00936
1276.70967	0.00930
1274.78110	0.00927
1272.85254	0.00934
1270.92397	0.00955
1268.99541	0.00985
1267.06685	0.01025
1265.13828	0.01087
1263.20972	0.01169
1261.28115	0.01260
1259.35259	0.01354
1257.42402	0.01434
1255.49546	0.01451
1253.56689	0.01371
1251.63833	0.01244
1249.70977	0.01135
1247.78120	0.01063
1245.85264	0.01015
1243.92407	0.00991
1241.99551	0.00981
1240.06694	0.00968
1238.13838	0.00952
1236.20981	0.00946
1234.28125	0.00945
1232.35269	0.00942
1230.42412	0.00943
1228.49556	0.00955
1226.56699	0.00981
1224.63843	0.01019
1222.70986	0.01061
1220.78130	0.01094
1218.85273	0.01094
1216.92417	0.01055
1214.99561	0.00994
1213.06704	0.00932
1211.13848	0.00883
1209.20991	0.00850
1207.28135	0.00824
1205.35278	0.00797
1203.42422	0.00774
1201.49565	0.00757
1199.56709	0.00743
1197.63853	0.00732
1195.70996	0.00728
1193.78140	0.00733
1191.85283	0.00744
1189.92427	0.00751
1187.99570	0.00763
1186.06714	0.00785
1184.13857	0.00816
1182.21001	0.00864
1180.28145	0.00938
1178.35288	0.01052
1176.42432	0.01231
1174.49575	0.01502
1172.56719	0.01867
1170.63862	0.02260
1168.71006	0.02536
1166.78149	0.02579
1164.85293	0.02425
1162.92437	0.02202
1160.99580	0.02004
1159.06724	0.01866
1157.13867	0.01789
1155.21011	0.01744
1153.28154	0.01697
1151.35298	0.01613
1149.42441	0.01484
1147.49585	0.01333
1145.56729	0.01192
1143.63872	0.01080
1141.71016	0.00993
1139.78159	0.00920
1137.85303	0.00860
1135.92446	0.00818
1133.99590	0.00783
1132.06733	0.00753
1130.13877	0.00729
1128.21021	0.00709
1126.28164	0.00694
1124.35308	0.00684
1122.42451	0.00682
1120.49595	0.00695
1118.56738	0.00722
1116.63882	0.00753
1114.71025	0.00783
1112.78169	0.00818
1110.85312	0.00874
1108.92456	0.00964
1106.99600	0.01076
1105.06743	0.01182
1103.13887	0.01245
1101.21030	0.01240
1099.28174	0.01187
1097.35317	0.01127
1095.42461	0.01076
1093.49604	0.01036
1091.56748	0.01020
1089.63892	0.01034
1087.71035	0.01054
1085.78179	0.01063
1083.85322	0.01074
1081.92466	0.01092
1079.99609	0.01109
1078.06753	0.01119
1076.13896	0.01117
1074.21040	0.01103
1072.28184	0.01081
1070.35327	0.01072
1068.42471	0.01088
1066.49614	0.01106
1064.56758	0.01102
1062.63901	0.01085
1060.71045	0.01083
1058.78188	0.01107
1056.85332	0.01136
1054.92476	0.01160
1052.99619	0.01195
1051.06763	0.01241
1049.13906	0.01278
1047.21050	0.01295
1045.28193	0.01293
1043.35337	0.01265
1041.42480	0.01215
1039.49624	0.01167
1037.56768	0.01137
1035.63911	0.01108
1033.71055	0.01057
1031.78198	0.00998
1029.85342	0.00964
1027.92485	0.00957
1025.99629	0.00942
1024.06772	0.00910
1022.13916	0.00880
1020.21060	0.00862
1018.28203	0.00856
1016.35347	0.00860
1014.42490	0.00869
1012.49634	0.00884
1010.56777	0.00923
1008.63921	0.01001
1006.71064	0.01135
1004.78208	0.01368
1002.85352	0.01760
1000.92495	0.02281
998.99639	0.02689
997.06782	0.02685
995.13926	0.02273
993.21069	0.01738
991.28213	0.01324
989.35356	0.01089
987.42500	0.00988
985.49644	0.00977
983.56787	0.01049
981.63931	0.01219
979.71074	0.01506
977.78218	0.01929
975.85361	0.02449
973.92505	0.02855
971.99648	0.02845
970.06792	0.02378
968.13936	0.01770
966.21079	0.01309
964.28223	0.01032
962.35366	0.00863
960.42510	0.00751
958.49653	0.00670
956.56797	0.00604
954.63940	0.00547
952.71084	0.00507
950.78228	0.00488
948.85371	0.00476
946.92515	0.00471
944.99658	0.00485
943.06802	0.00507
941.13945	0.00504
939.21089	0.00457
937.28232	0.00375
935.35376	0.00290
933.42520	0.00230
931.49663	0.00198
929.56807	0.00180
927.63950	0.00153
925.71094	0.00115
923.78237	0.00077
921.85381	0.00041
919.92524	0.00005
917.99668	-0.00020
916.06812	-0.00034
914.13955	-0.00048
912.21099	-0.00066
910.28242	-0.00076
908.35386	-0.00060
906.42529	0.00011
904.49673	0.00162
902.56816	0.00362
900.63960	0.00499
898.71104	0.00463
896.78247	0.00270
894.85391	0.00059
892.92534	-0.00032
890.99678	0.00033
889.06821	0.00173
887.13965	0.00269
885.21108	0.00251
883.28252	0.00124
881.35396	-0.00046
879.42539	-0.00188
877.49683	-0.00274
875.56826	-0.00315
873.63970	-0.00332
871.71113	-0.00341
869.78257	-0.00348
867.85400	-0.00353
865.92544	-0.00364
863.99687	-0.00380
862.06831	-0.00396
860.13975	-0.00402
858.21118	-0.00392
856.28262	-0.00376
854.35405	-0.00361
852.42549	-0.00338
850.49692	-0.00273
848.56836	-0.00126
846.63979	0.00172
844.71123	0.00694
842.78267	0.01267
840.85410	0.01387
838.92554	0.00862
836.99697	0.00146
835.06841	-0.00336
833.13984	-0.00583
831.21128	-0.00737
829.28271	-0.00861
827.35415	-0.00949
825.42559	-0.01003
823.49702	-0.01043
821.56846	-0.01075
819.63989	-0.01101
817.71133	-0.01129
815.78276	-0.01138
813.85420	-0.01090
811.92563	-0.01026
809.99707	-0.01074
808.06851	-0.01312
806.13994	-0.01672
804.21138	-0.02025
802.28281	-0.02323
800.35425	-0.02603
798.42568	-0.02878
796.49712	-0.03127
794.56855	-0.03369
792.63999	-0.03642
790.71143	-0.03931
788.78286	-0.04207
786.85430	-0.04495
784.92573	-0.04831
782.99717	-0.05201
781.06860	-0.05565
779.14004	-0.05920
777.21147	-0.06289
775.28291	-0.06669
773.35435	-0.07042
771.42578	-0.07411
769.49722	-0.07766
767.56865	-0.08058
765.64009	-0.08257
763.71152	-0.08394
761.78296	-0.08492
759.85439	-0.08525
757.92583	-0.08485
755.99727	-0.08393
754.06870	-0.08288
752.14014	-0.08202
750.21157	-0.08150
748.28301	-0.08123
746.35444	-0.08112
744.42588	-0.08105
742.49731	-0.08066
740.56875	-0.07973
738.64019	-0.07839
736.71162	-0.07672
734.78306	-0.07494
732.85449	-0.07311
730.92593	-0.07115
728.99736	-0.06922
727.06880	-0.06749
725.14023	-0.06576
723.21167	-0.06359
721.28311	-0.06221
719.35454	-0.06166
717.42598	-0.06194
715.49741	-0.06231
713.56885	-0.06199
711.64028	-0.06113
709.71172	-0.05999
707.78315	-0.05857
705.85459	-0.05694
703.92603	-0.05520
701.99746	-0.05340
700.06890	-0.05161
698.14033	-0.04996
696.21177	-0.04863
694.28320	-0.04744
692.35464	-0.04606
690.42607	-0.04454
688.49751	-0.04305
686.56895	-0.04141
684.64038	-0.03944
682.71182	-0.03734
680.78325	-0.03537
678.85469	-0.03366
676.92612	-0.03198
674.99756	-0.03029
673.06899	-0.02917
671.14043	-0.03010
669.21187	-0.03214
667.28330	-0.02922
665.35474	-0.02628
663.42617	-0.02357
661.49761	-0.02248
659.56904	-0.02229
657.64048	-0.02211
655.71191	-0.02194
653.78335	-0.02170
651.85479	-0.02105
649.92622	-0.02029
647.99766	-0.02023
646.06909	-0.02111
644.14053	-0.02297
642.21196	-0.02656
640.28340	-0.03301
638.35483	-0.04408
636.42627	-0.06227
634.49771	-0.08644
632.56914	-0.10686
630.64058	-0.11050
628.71201	-0.09548
626.78345	-0.07085
624.85488	-0.04944
622.92632	-0.03471
620.99775	-0.02458
619.06919	-0.01806
617.14062	-0.01477
615.21206	-0.01266
613.28350	-0.01087
611.35493	-0.01015
609.42637	-0.01004
607.49780	-0.00980
605.56924	-0.00905
603.64067	-0.00834
601.71211	-0.00921
599.78354	-0.01216
