3997.91411	-0.03159
3995.98555	-0.03148
3994.05698	-0.03136
3992.12842	-0.03123
3990.19985	-0.03117
3988.27129	-0.03126
3986.34272	-0.03145
3984.41416	-0.03167
3982.48560	-0.03182
3980.55703	-0.03173
3978.62847	-0.03146
3976.69990	-0.03120
3974.77134	-0.03103
3972.84277	-0.03107
3970.91421	-0.03127
3968.98564	-0.03149
3967.05708	-0.03161
3965.12852	-0.03149
3963.19995	-0.03127
3961.27139	-0.03127
3959.34282	-0.03142
3957.41426	-0.03143
3955.48569	-0.03137
3953.55713	-0.03141
3951.62856	-0.03150
3949.70000	-0.03151
3947.77144	-0.03146
3945.84287	-0.03131
3943.91431	-0.03106
3941.98574	-0.03105
3940.05718	-0.03136
3938.12861	-0.03161
3936.20005	-0.03157
3934.27148	-0.03131
3932.34292	-0.03118
3930.41436	-0.03130
3928.48579	-0.03132
3926.55723	-0.03110
3924.62866	-0.03097
3922.70010	-0.03109
3920.77153	-0.03122
3918.84297	-0.03119
3916.91440	-0.03112
3914.98584	-0.03124
3913.05728	-0.03139
3911.12871	-0.03132
3909.20015	-0.03110
3907.27158	-0.03075
3905.34302	-0.03030
3903.41445	-0.03008
3901.48589	-0.03023
3899.55732	-0.03057
3897.62876	-0.03106
3895.70020	-0.03140
3893.77163	-0.03136
3891.84307	-0.03120
3889.91450	-0.03121
3887.98594	-0.03113
3886.05737	-0.03086
3884.12881	-0.03067
3882.20024	-0.03058
3880.27168	-0.03075
3878.34312	-0.03107
3876.41455	-0.03106
3874.48599	-0.03083
3872.55742	-0.03051
3870.62886	-0.03024
3868.70029	-0.03031
3866.77173	-0.03033
3864.84316	-0.03034
3862.91460	-0.03092
3860.98604	-0.03158
3859.05747	-0.03162
3857.12891	-0.03113
3855.20034	-0.03045
3853.27178	-0.03020
3851.34321	-0.03085
3849.41465	-0.03155
3847.48608	-0.03178
3845.55752	-0.03147
3843.62896	-0.03094
3841.70039	-0.03059
3839.77183	-0.03051
3837.84326	-0.03075
3835.91470	-0.03120
3833.98613	-0.03154
3832.05757	-0.03179
3830.12900	-0.03194
3828.20044	-0.03178
3826.27187	-0.03144
3824.34331	-0.03114
3822.41475	-0.03086
3820.48618	-0.03089
3818.55762	-0.03118
3816.62905	-0.03142
3814.70049	-0.03179
3812.77192	-0.03211
3810.84336	-0.03210
3808.91479	-0.03180
3806.98623	-0.03150
3805.05767	-0.03132
3803.12910	-0.03101
3801.20054	-0.03085
3799.27197	-0.03106
3797.34341	-0.03137
3795.41484	-0.03179
3793.48628	-0.03217
3791.55771	-0.03219
3789.62915	-0.03194
3787.70059	-0.03184
3785.77202	-0.03201
3783.84346	-0.03224
3781.91489	-0.03222
3779.98633	-0.03206
3778.05776	-0.03213
3776.12920	-0.03234
3774.20063	-0.03241
3772.27207	-0.03225
3770.34351	-0.03202
3768.41494	-0.03198
3766.48638	-0.03206
3764.55781	-0.03216
3762.62925	-0.03209
3760.70068	-0.03172
3758.77212	-0.03146
3756.84355	-0.03154
3754.91499	-0.03140
3752.98643	-0.03071
3751.05786	-0.03018
3749.12930	-0.03041
3747.20073	-0.03044
3745.27217	-0.03010
3743.34360	-0.03014
3741.41504	-0.03040
3739.48647	-0.03025
3737.55791	-0.02953
3735.62935	-0.02884
3733.70078	-0.02919
3731.77222	-0.02993
3729.84365	-0.03000
3727.91509	-0.02953
3725.98652	-0.02914
3724.05796	-0.02921
3722.12939	-0.02982
3720.20083	-0.03081
3718.27227	-0.03165
3716.34370	-0.03184
3714.41514	-0.03132
3712.48657	-0.03039
3710.55801	-0.03012
3708.62944	-0.03081
3706.70088	-0.03137
3704.77231	-0.03123
3702.84375	-0.03076
3700.91519	-0.03067
3698.98662	-0.03107
3697.05806	-0.03139
3695.12949	-0.03115
3693.20093	-0.03028
3691.27236	-0.02945
3689.34380	-0.02978
3687.41523	-0.03100
3685.48667	-0.03182
3683.55811	-0.03214
3681.62954	-0.03200
3679.70098	-0.03132
3677.77241	-0.03033
3675.84385	-0.02993
3673.91528	-0.03046
3671.98672	-0.03075
3670.05815	-0.03087
3668.12959	-0.03145
3666.20103	-0.03201
3664.27246	-0.03236
3662.34390	-0.03265
3660.41533	-0.03267
3658.48677	-0.03228
3656.55820	-0.03197
3654.62964	-0.03196
3652.70107	-0.03150
3650.77251	-0.03025
3648.84395	-0.02950
3646.91538	-0.03038
3644.98682	-0.03145
3643.05825	-0.03184
3641.12969	-0.03175
3639.20112	-0.03161
3637.27256	-0.03159
3635.34399	-0.03147
3633.41543	-0.03103
3631.48687	-0.03027
3629.55830	-0.02955
3627.62974	-0.02970
3625.70117	-0.03031
3623.77261	-0.03051
3621.84404	-0.03029
3619.91548	-0.03013
3617.98691	-0.03032
3616.05835	-0.03033
3614.12979	-0.03018
3612.20122	-0.03033
3610.27266	-0.03044
3608.34409	-0.03040
3606.41553	-0.03066
3604.48696	-0.03090
3602.55840	-0.03083
3600.62983	-0.03089
3598.70127	-0.03105
3596.77271	-0.03091
3594.84414	-0.03072
3592.91558	-0.03081
3590.98701	-0.03082
3589.05845	-0.03042
3587.12988	-0.03026
3585.20132	-0.03107
3583.27275	-0.03195
3581.34419	-0.03226
3579.41562	-0.03222
3577.48706	-0.03204
3575.55850	-0.03180
3573.62993	-0.03166
3571.70137	-0.03135
3569.77280	-0.03043
3567.84424	-0.02945
3565.91567	-0.02981
3563.98711	-0.03104
3562.05854	-0.03183
3560.12998	-0.03217
3558.20142	-0.03212
3556.27285	-0.03161
3554.34429	-0.03118
3552.41572	-0.03135
3550.48716	-0.03168
3548.55859	-0.03135
3546.63003	-0.03068
3544.70146	-0.03076
3542.77290	-0.03140
3540.84434	-0.03159
3538.91577	-0.03124
3536.98721	-0.03097
3535.05864	-0.03121
3533.13008	-0.03153
3531.20151	-0.03146
3529.27295	-0.03117
3527.34438	-0.03106
3525.41582	-0.03121
3523.48726	-0.03132
3521.55869	-0.03122
3519.63013	-0.03116
3517.70156	-0.03128
3515.77300	-0.03140
3513.84443	-0.03138
3511.91587	-0.03119
3509.98730	-0.03106
3508.05874	-0.03108
3506.13018	-0.03072
3504.20161	-0.02998
3502.27305	-0.02963
3500.34448	-0.02980
3498.41592	-0.03005
3496.48735	-0.03029
3494.55879	-0.03064
3492.63022	-0.03106
3490.70166	-0.03134
3488.77310	-0.03135
3486.84453	-0.03107
3484.91597	-0.03058
3482.98740	-0.03011
3481.05884	-0.02991
3479.13027	-0.03008
3477.20171	-0.03039
3475.27314	-0.03040
3473.34458	-0.03017
3471.41602	-0.03026
3469.48745	-0.03074
3467.55889	-0.03101
3465.63032	-0.03068
3463.70176	-0.03006
3461.77319	-0.02968
3459.84463	-0.02990
3457.91606	-0.03047
3455.98750	-0.03065
3454.05894	-0.03028
3452.13037	-0.02994
3450.20181	-0.02990
3448.27324	-0.03003
3446.34468	-0.03033
3444.41611	-0.03056
3442.48755	-0.03050
3440.55898	-0.03045
3438.63042	-0.03058
3436.70186	-0.03071
3434.77329	-0.03069
3432.84473	-0.03054
3430.91616	-0.03038
3428.98760	-0.03029
3427.05903	-0.03024
3425.13047	-0.03028
3423.20190	-0.03037
3421.27334	-0.03046
3419.34478	-0.03052
3417.41621	-0.03063
3415.48765	-0.03076
3413.55908	-0.03066
3411.63052	-0.03037
3409.70195	-0.03035
3407.77339	-0.03053
3405.84482	-0.03066
3403.91626	-0.03088
3401.98770	-0.03112
3400.05913	-0.03102
3398.13057	-0.03070
3396.20200	-0.03064
3394.27344	-0.03087
3392.34487	-0.03086
3390.41631	-0.03054
3388.48774	-0.03035
3386.55918	-0.03038
3384.63062	-0.03051
3382.70205	-0.03068
3380.77349	-0.03070
3378.84492	-0.03056
3376.91636	-0.03057
3374.98779	-0.03082
3373.05923	-0.03098
3371.13066	-0.03094
3369.20210	-0.03093
3367.27354	-0.03097
3365.34497	-0.03100
3363.41641	-0.03103
3361.48784	-0.03095
3359.55928	-0.03079
3357.63071	-0.03083
3355.70215	-0.03106
3353.77358	-0.03131
3351.84502	-0.03148
3349.91646	-0.03143
3347.98789	-0.03124
3346.05933	-0.03123
3344.13076	-0.03131
3342.20220	-0.03133
3340.27363	-0.03142
3338.34507	-0.03159
3336.41650	-0.03151
3334.48794	-0.03125
3332.55937	-0.03116
3330.63081	-0.03118
3328.70225	-0.03106
3326.77368	-0.03097
3324.84512	-0.03118
3322.91655	-0.03142
3320.98799	-0.03142
3319.05942	-0.03150
3317.13086	-0.03169
3315.20229	-0.03152
3313.27373	-0.03122
3311.34517	-0.03141
3309.41660	-0.03182
3307.48804	-0.03201
3305.55947	-0.03217
3303.63091	-0.03223
3301.70234	-0.03200
3299.77378	-0.03182
3297.84521	-0.03193
3295.91665	-0.03216
3293.98809	-0.03221
3292.05952	-0.03200
3290.13096	-0.03174
3288.20239	-0.03162
3286.27383	-0.03181
3284.34526	-0.03226
3282.41670	-0.03260
3280.48813	-0.03257
3278.55957	-0.03228
3276.63101	-0.03213
3274.70244	-0.03232
3272.77388	-0.03264
3270.84531	-0.03277
3268.91675	-0.03263
3266.98818	-0.03237
3265.05962	-0.03222
3263.13105	-0.03234
3261.20249	-0.03259
3259.27393	-0.03278
3257.34536	-0.03292
3255.41680	-0.03298
3253.48823	-0.03282
3251.55967	-0.03249
3249.63110	-0.03240
3247.70254	-0.03251
3245.77397	-0.03252
3243.84541	-0.03254
3241.91685	-0.03267
3239.98828	-0.03275
3238.05972	-0.03285
3236.13115	-0.03307
3234.20259	-0.03318
3232.27402	-0.03301
3230.34546	-0.03294
3228.41689	-0.03314
3226.48833	-0.03325
3224.55977	-0.03317
3222.63120	-0.03323
3220.70264	-0.03349
3218.77407	-0.03363
3216.84551	-0.03361
3214.91694	-0.03367
3212.98838	-0.03378
3211.05981	-0.03369
3209.13125	-0.03352
3207.20269	-0.03350
3205.27412	-0.03356
3203.34556	-0.03355
3201.41699	-0.03346
3199.48843	-0.03350
3197.55986	-0.03371
3195.63130	-0.03387
3193.70273	-0.03390
3191.77417	-0.03386
3189.84561	-0.03375
3187.91704	-0.03369
3185.98848	-0.03373
3184.05991	-0.03362
3182.13135	-0.03338
3180.20278	-0.03326
3178.27422	-0.03324
3176.34565	-0.03332
3174.41709	-0.03359
3172.48853	-0.03391
3170.55996	-0.03414
3168.63140	-0.03422
3166.70283	-0.03427
3164.77427	-0.03450
3162.84570	-0.03468
3160.91714	-0.03442
3158.98857	-0.03396
3157.06001	-0.03383
3155.13145	-0.03415
3153.20288	-0.03453
3151.27432	-0.03459
3149.34575	-0.03449
3147.41719	-0.03454
3145.48862	-0.03478
3143.56006	-0.03506
3141.63149	-0.03516
3139.70293	-0.03508
3137.77437	-0.03496
3135.84580	-0.03493
3133.91724	-0.03489
3131.98867	-0.03485
3130.06011	-0.03495
3128.13154	-0.03501
3126.20298	-0.03496
3124.27441	-0.03493
3122.34585	-0.03497
3120.41729	-0.03501
3118.48872	-0.03491
3116.56016	-0.03475
3114.63159	-0.03482
3112.70303	-0.03497
3110.77446	-0.03484
3108.84590	-0.03462
3106.91733	-0.03462
3104.98877	-0.03465
3103.06021	-0.03454
3101.13164	-0.03443
3099.20308	-0.03448
3097.27451	-0.03467
3095.34595	-0.03485
3093.41738	-0.03494
3091.48882	-0.03499
3089.56025	-0.03490
3087.63169	-0.03473
3085.70312	-0.03467
3083.77456	-0.03469
3081.84600	-0.03469
3079.91743	-0.03470
3077.98887	-0.03468
3076.06030	-0.03465
3074.13174	-0.03470
3072.20317	-0.03474
3070.27461	-0.03473
3068.34604	-0.03483
3066.41748	-0.03513
3064.48892	-0.03538
3062.56035	-0.03541
3060.63179	-0.03536
3058.70322	-0.03533
3056.77466	-0.03532
3054.84609	-0.03529
3052.91753	-0.03523
3050.98896	-0.03518
3049.06040	-0.03524
3047.13184	-0.03544
3045.20327	-0.03552
3043.27471	-0.03542
3041.34614	-0.03547
3039.41758	-0.03568
3037.48901	-0.03570
3035.56045	-0.03549
3033.63188	-0.03533
3031.70332	-0.03531
3029.77476	-0.03541
3027.84619	-0.03556
3025.91763	-0.03556
3023.98906	-0.03537
3022.06050	-0.03519
3020.13193	-0.03520
3018.20337	-0.03535
3016.27480	-0.03546
3014.34624	-0.03540
3012.41768	-0.03525
3010.48911	-0.03509
3008.56055	-0.03498
3006.63198	-0.03494
3004.70342	-0.03491
3002.77485	-0.03479
3000.84629	-0.03454
2998.91772	-0.03426
2996.98916	-0.03413
2995.06060	-0.03404
2993.13203	-0.03371
2991.20347	-0.03324
2989.27490	-0.03286
2987.34634	-0.03252
2985.41777	-0.03213
2983.48921	-0.03167
2981.56064	-0.03113
2979.63208	-0.03054
2977.70352	-0.02979
2975.77495	-0.02885
2973.84639	-0.02786
2971.91782	-0.02680
2969.98926	-0.02566
2968.06069	-0.02463
2966.13213	-0.02360
2964.20356	-0.02239
2962.27500	-0.02114
2960.34644	-0.01998
2958.41787	-0.01881
2956.48931	-0.01754
2954.56074	-0.01608
2952.63218	-0.01430
2950.70361	-0.01210
2948.77505	-0.00949
2946.84648	-0.00624
2944.91792	-0.00199
2942.98936	0.00325
2941.06079	0.00931
2939.13223	0.01607
2937.20366	0.02355
2935.27510	0.03208
2933.34653	0.04194
2931.41797	0.05297
2929.48940	0.06511
2927.56084	0.07851
2925.63228	0.09324
2923.70371	0.10910
2921.77515	0.12535
2919.84658	0.14046
2917.91802	0.15181
2915.98945	0.15668
2914.06089	0.15425
2912.13232	0.14620
2910.20376	0.13526
2908.27520	0.12387
2906.34663	0.11359
2904.41807	0.10486
2902.48950	0.09754
2900.56094	0.09132
2898.63237	0.08584
2896.70381	0.08075
2894.77524	0.07572
2892.84668	0.07062
2890.91812	0.06552
2888.98955	0.06040
2887.06099	0.05522
2885.13242	0.05012
2883.20386	0.04521
2881.27529	0.04038
2879.34673	0.03568
2877.41816	0.03125
2875.48960	0.02730
2873.56104	0.02413
2871.63247	0.02182
2869.70391	0.02044
2867.77534	0.02028
2865.84678	0.02163
2863.91821	0.02494
2861.98965	0.03081
2860.06108	0.04000
2858.13252	0.05349
2856.20396	0.07232
2854.27539	0.09632
2852.34683	0.12205
2850.41826	0.14161
2848.48970	0.14637
2846.56113	0.13492
2844.63257	0.11439
2842.70400	0.09283
2840.77544	0.07424
2838.84687	0.05937
2836.91831	0.04787
2834.98975	0.03911
2833.06118	0.03239
2831.13262	0.02710
2829.20405	0.02275
2827.27549	0.01900
2825.34692	0.01575
2823.41836	0.01311
2821.48979	0.01098
2819.56123	0.00912
2817.63267	0.00741
2815.70410	0.00592
2813.77554	0.00462
2811.84697	0.00331
2809.91841	0.00196
2807.98984	0.00068
2806.06128	-0.00044
2804.13271	-0.00136
2802.20415	-0.00214
2800.27559	-0.00284
2798.34702	-0.00351
2796.41846	-0.00427
2794.48989	-0.00510
2792.56133	-0.00580
2790.63276	-0.00630
2788.70420	-0.00678
2786.77563	-0.00737
2784.84707	-0.00803
2782.91851	-0.00861
2780.98994	-0.00901
2779.06138	-0.00937
2777.13281	-0.00983
2775.20425	-0.01038
2773.27568	-0.01096
2771.34712	-0.01147
2769.41855	-0.01184
2767.48999	-0.01217
2765.56143	-0.01257
2763.63286	-0.01294
2761.70430	-0.01315
2759.77573	-0.01331
2757.84717	-0.01353
2755.91860	-0.01379
2753.99004	-0.01400
2752.06147	-0.01423
2750.13291	-0.01452
2748.20435	-0.01477
2746.27578	-0.01495
2744.34722	-0.01507
2742.41865	-0.01516
2740.49009	-0.01531
2738.56152	-0.01553
2736.63296	-0.01568
2734.70439	-0.01578
2732.77583	-0.01599
2730.84727	-0.01626
2728.91870	-0.01640
2726.99014	-0.01649
2725.06157	-0.01671
2723.13301	-0.01701
2721.20444	-0.01723
2719.27588	-0.01731
2717.34731	-0.01736
2715.41875	-0.01756
2713.49019	-0.01783
2711.56162	-0.01799
2709.63306	-0.01804
2707.70449	-0.01813
2705.77593	-0.01824
2703.84736	-0.01832
2701.91880	-0.01843
2699.99023	-0.01853
2698.06167	-0.01862
2696.13311	-0.01877
2694.20454	-0.01900
2692.27598	-0.01914
2690.34741	-0.01911
2688.41885	-0.01896
2686.49028	-0.01890
2684.56172	-0.01899
2682.63315	-0.01917
2680.70459	-0.01926
2678.77603	-0.01924
2676.84746	-0.01922
2674.91890	-0.01918
2672.99033	-0.01914
2671.06177	-0.01915
2669.13320	-0.01917
2667.20464	-0.01910
2665.27607	-0.01892
2663.34751	-0.01872
2661.41895	-0.01862
2659.49038	-0.01856
2657.56182	-0.01856
2655.63325	-0.01861
2653.70469	-0.01865
2651.77612	-0.01860
2649.84756	-0.01856
2647.91899	-0.01863
2645.99043	-0.01878
2644.06187	-0.01884
2642.13330	-0.01872
2640.20474	-0.01856
2638.27617	-0.01850
2636.34761	-0.01852
2634.41904	-0.01857
2632.49048	-0.01869
2630.56191	-0.01888
2628.63335	-0.01913
2626.70479	-0.01936
2624.77622	-0.01950
2622.84766	-0.01956
2620.91909	-0.01965
2618.99053	-0.01984
2617.06196	-0.01999
2615.13340	-0.02009
2613.20483	-0.02026
2611.27627	-0.02046
2609.34771	-0.02057
2607.41914	-0.02064
2605.49058	-0.02079
2603.56201	-0.02097
2601.63345	-0.02104
2599.70488	-0.02101
2597.77632	-0.02103
2595.84775	-0.02110
2593.91919	-0.02115
2591.99062	-0.02123
2590.06206	-0.02143
2588.13350	-0.02167
2586.20493	-0.02189
2584.27637	-0.02203
2582.34780	-0.02213
2580.41924	-0.02223
2578.49067	-0.02230
2576.56211	-0.02232
2574.63354	-0.02232
2572.70498	-0.02236
2570.77642	-0.02245
2568.84785	-0.02262
2566.91929	-0.02284
2564.99072	-0.02297
2563.06216	-0.02299
2561.13359	-0.02298
2559.20503	-0.02296
2557.27646	-0.02298
2555.34790	-0.02305
2553.41934	-0.02312
2551.49077	-0.02324
2549.56221	-0.02337
2547.63364	-0.02340
2545.70508	-0.02341
2543.77651	-0.02359
2541.84795	-0.02376
2539.91938	-0.02382
2537.99082	-0.02385
2536.06226	-0.02389
2534.13369	-0.02392
2532.20513	-0.02394
2530.27656	-0.02388
2528.34800	-0.02381
2526.41943	-0.02385
2524.49087	-0.02399
2522.56230	-0.02409
2520.63374	-0.02414
2518.70518	-0.02432
2516.77661	-0.02450
2514.84805	-0.02450
2512.91948	-0.02443
2510.99092	-0.02449
2509.06235	-0.02468
2507.13379	-0.02478
2505.20522	-0.02473
2503.27666	-0.02472
2501.34810	-0.02482
2499.41953	-0.02488
2497.49097	-0.02485
2495.56240	-0.02476
2493.63384	-0.02463
2491.70527	-0.02453
2489.77671	-0.02462
2487.84814	-0.02481
2485.91958	-0.02480
2483.99102	-0.02465
2482.06245	-0.02464
2480.13389	-0.02479
2478.20532	-0.02502
2476.27676	-0.02520
2474.34819	-0.02524
2472.41963	-0.02521
2470.49106	-0.02517
2468.56250	-0.02523
2466.63394	-0.02534
2464.70537	-0.02537
2462.77681	-0.02536
2460.84824	-0.02536
2458.91968	-0.02527
2456.99111	-0.02511
2455.06255	-0.02511
2453.13398	-0.02523
2451.20542	-0.02523
2449.27686	-0.02509
2447.34829	-0.02496
2445.41973	-0.02493
2443.49116	-0.02501
2441.56260	-0.02515
2439.63403	-0.02525
2437.70547	-0.02531
2435.77690	-0.02536
2433.84834	-0.02542
2431.91978	-0.02544
2429.99121	-0.02543
2428.06265	-0.02544
2426.13408	-0.02548
2424.20552	-0.02550
2422.27695	-0.02549
2420.34839	-0.02546
2418.41982	-0.02540
2416.49126	-0.02533
2414.56270	-0.02536
2412.63413	-0.02553
2410.70557	-0.02566
2408.77700	-0.02561
2406.84844	-0.02552
2404.91987	-0.02548
2402.99131	-0.02554
2401.06274	-0.02572
2399.13418	-0.02732
2397.20562	-0.02748
2395.27705	-0.02684
2393.34849	-0.02619
2391.41992	-0.02544
2389.49136	-0.02450
2387.56279	-0.02347
2385.63423	-0.02245
2383.70566	-0.02164
2381.77710	-0.02127
2379.84854	-0.02143
2377.91997	-0.02206
2375.99141	-0.02289
2374.06284	-0.02366
2372.13428	-0.02416
2370.20571	-0.02445
2368.27715	-0.02462
2366.34858	-0.02443
2364.42002	-0.02387
2362.49146	-0.02334
2360.56289	-0.02308
2358.63433	-0.02279
2356.70576	-0.02192
2354.77720	-0.02024
2352.84863	-0.01745
2350.92007	-0.01467
2348.99150	-0.01349
2347.06294	-0.01581
2345.13437	-0.01865
2343.20581	-0.01966
2341.27725	-0.01950
2339.34868	-0.01928
2337.42012	-0.01907
2335.49155	-0.01882
2333.56299	-0.01851
2331.63442	-0.01784
2329.70586	-0.01669
2327.77729	-0.01507
2325.84873	-0.01449
2323.92017	-0.01570
2321.99160	-0.01760
2320.06304	-0.01895
2318.13447	-0.01954
2316.20591	-0.01965
2314.27734	-0.01954
2312.34878	-0.01931
2310.42021	-0.01936
2308.49165	-0.01968
2306.56309	-0.02014
2304.63452	-0.02043
2302.70596	-0.02058
2300.77739	-0.02061
2298.84883	-0.02052
2296.92026	-0.02056
2294.99170	-0.02087
2293.06313	-0.02119
2291.13457	-0.02138
2289.20601	-0.02154
2287.27744	-0.02184
2285.34888	-0.02244
2283.42031	-0.02316
2281.49175	-0.02377
2279.56318	-0.02412
2277.63462	-0.02424
2275.70605	-0.02425
2273.77749	-0.02416
2271.84893	-0.02386
2269.92036	-0.02346
2267.99180	-0.02324
2266.06323	-0.02327
2264.13467	-0.02338
2262.20610	-0.02340
2260.27754	-0.02335
2258.34897	-0.02328
2256.42041	-0.02320
2254.49185	-0.02296
2252.56328	-0.02257
2250.63472	-0.02253
2248.70615	-0.02354
2246.77759	-0.02347
2244.84902	-0.02368
2242.92046	-0.02413
2240.99189	-0.02442
2239.06333	-0.02448
2237.13477	-0.02431
2235.20620	-0.02399
2233.27764	-0.02365
2231.34907	-0.02340
2229.42051	-0.02352
2227.49194	-0.02392
2225.56338	-0.02396
2223.63481	-0.02354
2221.70625	-0.02331
2219.77769	-0.02355
2217.84912	-0.02385
2215.92056	-0.02409
2213.99199	-0.02435
2212.06343	-0.02429
2210.13486	-0.02388
2208.20630	-0.02371
2206.27773	-0.02386
2204.34917	-0.02389
2202.42061	-0.02374
2200.49204	-0.02354
2198.56348	-0.02336
2196.63491	-0.02321
2194.70635	-0.02300
2192.77778	-0.02292
2190.84922	-0.02302
2188.92065	-0.02291
2186.99209	-0.02268
2185.06353	-0.02295
2183.13496	-0.02352
2181.20640	-0.02367
2179.27783	-0.02350
2177.34927	-0.02329
2175.42070	-0.02294
2173.49214	-0.02273
2171.56357	-0.02278
2169.63501	-0.02262
2167.70645	-0.02224
2165.77788	-0.02211
2163.84932	-0.02204
2161.92075	-0.02257
2159.99219	-0.02485
2158.06362	-0.02746
2156.13506	-0.02808
2154.20649	-0.02712
2152.27793	-0.02612
2150.34937	-0.02567
2148.42080	-0.02560
2146.49224	-0.02548
2144.56367	-0.02498
2142.63511	-0.02440
2140.70654	-0.02424
2138.77798	-0.02446
2136.84941	-0.02482
2134.92085	-0.02506
2132.99229	-0.02499
2131.06372	-0.02468
2129.13516	-0.02433
2127.20659	-0.02401
2125.27803	-0.02365
2123.34946	-0.02330
2121.42090	-0.02308
2119.49233	-0.02279
2117.56377	-0.02238
2115.63521	-0.02220
2113.70664	-0.02234
2111.77808	-0.02241
2109.84951	-0.02224
2107.92095	-0.02211
2105.99238	-0.02204
2104.06382	-0.02189
2102.13525	-0.02176
2100.20669	-0.02188
2098.27812	-0.02233
2096.34956	-0.02295
2094.42100	-0.02327
2092.49243	-0.02298
2090.56387	-0.02229
2088.63530	-0.02171
2086.70674	-0.02141
2084.77817	-0.02130
2082.84961	-0.02140
2080.92104	-0.02147
2078.99248	-0.02132
2077.06392	-0.02122
2075.13535	-0.02134
2073.20679	-0.02126
2071.27822	-0.02085
2069.34966	-0.02058
2067.42109	-0.02068
2065.49253	-0.02095
2063.56396	-0.02122
2061.63540	-0.02129
2059.70684	-0.02101
2057.77827	-0.02060
2055.84971	-0.02010
2053.92114	-0.01910
2051.99258	-0.01813
2050.06401	-0.01839
2048.13545	-0.01940
2046.20688	-0.02004
2044.27832	-0.02009
2042.34976	-0.01960
2040.42119	-0.01911
2038.49263	-0.01909
2036.56406	-0.01923
2034.63550	-0.01943
2032.70693	-0.01961
2030.77837	-0.01946
2028.84980	-0.01943
2026.92124	-0.02003
2024.99268	-0.02080
2023.06411	-0.02117
2021.13555	-0.02101
2019.20698	-0.02024
2017.27842	-0.01936
2015.34985	-0.01917
2013.42129	-0.01942
2011.49272	-0.01930
2009.56416	-0.01922
2007.63560	-0.01979
2005.70703	-0.02052
2003.77847	-0.02077
2001.84990	-0.02056
1999.92134	-0.02014
1997.99277	-0.01975
1996.06421	-0.01965
1994.13564	-0.01981
1992.20708	-0.01990
1990.27852	-0.01968
1988.34995	-0.01917
1986.42139	-0.01847
1984.49282	-0.01774
1982.56426	-0.01701
1980.63569	-0.01674
1978.70713	-0.01761
1976.77856	-0.01909
1974.85000	-0.01997
1972.92144	-0.02013
1970.99287	-0.01991
1969.06431	-0.01940
1967.13574	-0.01884
1965.20718	-0.01858
1963.27861	-0.01889
1961.35005	-0.01955
1959.42148	-0.01967
1957.49292	-0.01897
1955.56436	-0.01840
1953.63579	-0.01841
1951.70723	-0.01856
1949.77866	-0.01885
1947.85010	-0.01924
1945.92153	-0.01911
1943.99297	-0.01850
1942.06440	-0.01809
1940.13584	-0.01809
1938.20728	-0.01824
1936.27871	-0.01825
1934.35015	-0.01816
1932.42158	-0.01821
1930.49302	-0.01821
1928.56445	-0.01794
1926.63589	-0.01753
1924.70732	-0.01711
1922.77876	-0.01686
1920.85020	-0.01682
1918.92163	-0.01682
1916.99307	-0.01687
1915.06450	-0.01700
1913.13594	-0.01699
1911.20737	-0.01675
1909.27881	-0.01639
1907.35024	-0.01612
1905.42168	-0.01605
1903.49312	-0.01610
1901.56455	-0.01626
1899.63599	-0.01642
1897.70742	-0.01634
1895.77886	-0.01595
1893.85029	-0.01551
1891.92173	-0.01522
1889.99316	-0.01517
1888.06460	-0.01537
1886.13604	-0.01559
1884.20747	-0.01566
1882.27891	-0.01559
1880.35034	-0.01548
1878.42178	-0.01544
1876.49321	-0.01550
1874.56465	-0.01553
1872.63608	-0.01526
1870.70752	-0.01458
1868.77896	-0.01396
1866.85039	-0.01401
1864.92183	-0.01445
1862.99326	-0.01482
1861.06470	-0.01494
1859.13613	-0.01482
1857.20757	-0.01463
1855.27900	-0.01446
1853.35044	-0.01439
1851.42187	-0.01444
1849.49331	-0.01433
1847.56475	-0.01386
1845.63618	-0.01327
1843.70762	-0.01312
1841.77905	-0.01347
1839.85049	-0.01368
1837.92192	-0.01357
1835.99336	-0.01355
1834.06479	-0.01355
1832.13623	-0.01315
1830.20767	-0.01260
1828.27910	-0.01245
1826.35054	-0.01251
1824.42197	-0.01259
1822.49341	-0.01267
1820.56484	-0.01262
1818.63628	-0.01251
1816.70771	-0.01241
1814.77915	-0.01217
1812.85059	-0.01175
1810.92202	-0.01141
1808.99346	-0.01133
1807.06489	-0.01134
1805.13633	-0.01114
1803.20776	-0.01066
1801.27920	-0.01012
1799.35063	-0.00977
1797.42207	-0.00947
1795.49351	-0.00892
1793.56494	-0.00805
1791.63638	-0.00731
1789.70781	-0.00710
1787.77925	-0.00687
1785.85068	-0.00634
1783.92212	-0.00572
1781.99355	-0.00512
1780.06499	-0.00469
1778.13643	-0.00448
1776.20786	-0.00413
1774.27930	-0.00344
1772.35073	-0.00273
1770.42217	-0.00241
1768.49360	-0.00245
1766.56504	-0.00260
1764.63647	-0.00254
1762.70791	-0.00214
1760.77935	-0.00169
1758.85078	-0.00133
1756.92222	-0.00094
1754.99365	-0.00049
1753.06509	0.00036
1751.13652	0.00176
1749.20796	0.00301
1747.27939	0.00375
1745.35083	0.00455
1743.42227	0.00561
1741.49370	0.00675
1739.56514	0.00773
1737.63657	0.00847
1735.70801	0.00929
1733.77944	0.00991
1731.85088	0.00960
1729.92231	0.00899
1727.99375	0.00870
1726.06519	0.00900
1724.13662	0.00982
1722.20806	0.01083
1720.27949	0.01211
1718.35093	0.01404
1716.42236	0.01587
1714.49380	0.01661
1712.56523	0.01687
1710.63667	0.01710
1708.70811	0.01734
1706.77954	0.01738
1704.85098	0.01693
1702.92241	0.01628
1700.99385	0.01565
1699.06528	0.01471
1697.13672	0.01338
1695.20815	0.01147
1693.27959	0.00963
1691.35103	0.00848
1689.42246	0.00781
1687.49390	0.00755
1685.56533	0.00778
1683.63677	0.00760
1681.70820	0.00652
1679.77964	0.00555
1677.85107	0.00509
1675.92251	0.00507
1673.99395	0.00516
1672.06538	0.00520
1670.13682	0.00515
1668.20825	0.00466
1666.27969	0.00414
1664.35112	0.00409
1662.42256	0.00423
1660.49399	0.00417
1658.56543	0.00419
1656.63687	0.00470
1654.70830	0.00584
1652.77974	0.00651
1650.85117	0.00604
1648.92261	0.00613
1646.99404	0.00654
1645.06548	0.00616
1643.13691	0.00555
1641.20835	0.00534
1639.27979	0.00549
1637.35122	0.00580
1635.42266	0.00566
1633.49409	0.00500
1631.56553	0.00471
1629.63696	0.00490
1627.70840	0.00525
1625.77983	0.00552
1623.85127	0.00565
1621.92271	0.00549
1619.99414	0.00537
1618.06558	0.00566
1616.13701	0.00586
1614.20845	0.00551
1612.27988	0.00523
1610.35132	0.00524
1608.42275	0.00531
1606.49419	0.00532
1604.56562	0.00536
1602.63706	0.00541
1600.70850	0.00536
1598.77993	0.00534
1596.85137	0.00553
1594.92280	0.00581
1592.99424	0.00598
1591.06567	0.00605
1589.13711	0.00604
1587.20854	0.00605
1585.27998	0.00615
1583.35142	0.00629
1581.42285	0.00651
1579.49429	0.00694
1577.56572	0.00758
1575.63716	0.00782
1573.70859	0.00750
1571.78003	0.00747
1569.85146	0.00778
1567.92290	0.00777
1565.99434	0.00757
1564.06577	0.00762
1562.13721	0.00811
1560.20864	0.00928
1558.28008	0.01003
1556.35151	0.00929
1554.42295	0.00866
1552.49438	0.00849
1550.56582	0.00859
1548.63726	0.00875
1546.70869	0.00913
1544.78013	0.00998
1542.85156	0.01106
1540.92300	0.01155
1538.99443	0.01047
1537.06587	0.00930
1535.13730	0.00904
1533.20874	0.00896
1531.28018	0.00853
1529.35161	0.00833
1527.42305	0.00856
1525.49448	0.00877
1523.56592	0.00891
1521.63735	0.00904
1519.70879	0.00892
1517.78022	0.00871
1515.85166	0.00832
1513.92310	0.00778
1511.99453	0.00772
1510.06597	0.00841
1508.13740	0.00948
1506.20884	0.00915
1504.28027	0.00755
1502.35171	0.00672
1500.42314	0.00680
1498.49458	0.00733
1496.56602	0.00751
1494.63745	0.00728
1492.70889	0.00755
1490.78032	0.00851
1488.85176	0.00910
1486.92319	0.00885
1484.99463	0.00885
1483.06606	0.00994
1481.13750	0.01280
1479.20894	0.01934
1477.28037	0.03396
1475.35181	0.05969
1473.42324	0.08927
1471.49468	0.10213
1469.56611	0.09584
1467.63755	0.08659
1465.70898	0.08111
1463.78042	0.07867
1461.85186	0.07528
1459.92329	0.06936
1457.99473	0.06147
1456.06616	0.05354
1454.13760	0.04795
1452.20903	0.04392
1450.28047	0.04079
1448.35190	0.03836
1446.42334	0.03638
1444.49478	0.03487
1442.56621	0.03380
1440.63765	0.03306
1438.70908	0.03259
1436.78052	0.03192
1434.85195	0.03058
1432.92339	0.02917
1430.99482	0.02794
1429.06626	0.02664
1427.13770	0.02543
1425.20913	0.02462
1423.28057	0.02409
1421.35200	0.02391
1419.42344	0.02423
1417.49487	0.02434
1415.56631	0.02395
1413.63774	0.02362
1411.70918	0.02343
1409.78062	0.02319
1407.85205	0.02296
1405.92349	0.02277
1403.99492	0.02234
1402.06636	0.02182
1400.13779	0.02155
1398.20923	0.02143
1396.28066	0.02129
1394.35210	0.02095
1392.42354	0.02035
1390.49497	0.02002
1388.56641	0.02031
1386.63784	0.02084
1384.70928	0.02137
1382.78071	0.02226
1380.85215	0.02353
1378.92358	0.02461
1376.99502	0.02520
1375.06646	0.02528
1373.13789	0.02480
1371.20933	0.02408
1369.28076	0.02352
1367.35220	0.02311
1365.42363	0.02286
1363.49507	0.02270
1361.56650	0.02225
1359.63794	0.02158
1357.70937	0.02111
1355.78081	0.02090
1353.85225	0.02078
1351.92368	0.02063
1349.99512	0.02046
1348.06655	0.02022
1346.13799	0.01989
1344.20942	0.01960
1342.28086	0.01959
1340.35229	0.01970
1338.42373	0.01938
1336.49517	0.01865
1334.56660	0.01804
1332.63804	0.01772
1330.70947	0.01761
1328.78091	0.01763
1326.85234	0.01779
1324.92378	0.01802
1322.99521	0.01828
1321.06665	0.01863
1319.13809	0.01905
1317.20952	0.01943
1315.28096	0.01974
1313.35239	0.01999
1311.42383	0.02017
1309.49526	0.02039
1307.56670	0.02063
1305.63813	0.02087
1303.70957	0.02112
1301.78101	0.02134
1299.85244	0.02147
1297.92388	0.02154
1295.99531	0.02164
1294.06675	0.02169
1292.13818	0.02167
1290.20962	0.02165
1288.28105	0.02163
1286.35249	0.02160
1284.42393	0.02156
1282.49536	0.02156
1280.56680	0.02155
1278.63823	0.02157
1276.70967	0.02164
1274.78110	0.02174
1272.85254	0.02189
1270.92397	0.02206
1268.99541	0.02220
1267.06685	0.02231
1265.13828	0.02249
1263.20972	0.02271
1261.28115	0.02290
1259.35259	0.02298
1257.42402	0.02295
1255.49546	0.02292
1253.56689	0.02299
1251.63833	0.02310
1249.70977	0.02314
1247.78120	0.02313
1245.85264	0.02318
1243.92407	0.02332
1241.99551	0.02343
1240.06694	0.02342
1238.13838	0.02339
1236.20981	0.02338
1234.28125	0.02338
1232.35269	0.02339
1230.42412	0.02336
1228.49556	0.02328
1226.56699	0.02322
1224.63843	0.02317
1222.70986	0.02307
1220.78130	0.02297
1218.85273	0.02291
1216.92417	0.02287
1214.99561	0.02289
1213.06704	0.02294
1211.13848	0.02296
1209.20991	0.02298
1207.28135	0.02301
1205.35278	0.02304
1203.42422	0.02318
1201.49565	0.02344
1199.56709	0.02367
1197.63853	0.02382
1195.70996	0.02399
1193.78140	0.02421
1191.85283	0.02446
1189.92427	0.02468
1187.99570	0.02487
1186.06714	0.02502
1184.13857	0.02513
1182.21001	0.02525
1180.28145	0.02545
1178.35288	0.02574
1176.42432	0.02594
1174.49575	0.02589
1172.56719	0.02569
1170.63862	0.02556
1168.71006	0.02542
1166.78149	0.02519
1164.85293	0.02497
1162.92437	0.02474
1160.99580	0.02433
1159.06724	0.02382
1157.13867	0.02335
1155.21011	0.02291
1153.28154	0.02245
1151.35298	0.02200
1149.42441	0.02161
1147.49585	0.02129
1145.56729	0.02106
1143.63872	0.02091
1141.71016	0.02079
1139.78159	0.02062
1137.85303	0.02043
1135.92446	0.02029
1133.99590	0.02024
1132.06733	0.02027
1130.13877	0.02030
1128.21021	0.02025
1126.28164	0.02023
1124.35308	0.02028
1122.42451	0.02038
1120.49595	0.02057
1118.56738	0.02083
1116.63882	0.02101
1114.71025	0.02109
1112.78169	0.02119
1110.85312	0.02141
1108.92456	0.02171
1106.99600	0.02201
1105.06743	0.02223
1103.13887	0.02232
1101.21030	0.02241
1099.28174	0.02258
1097.35317	0.02272
1095.42461	0.02274
1093.49604	0.02282
1091.56748	0.02306
1089.63892	0.02337
1087.71035	0.02361
1085.78179	0.02376
1083.85322	0.02394
1081.92466	0.02412
1079.99609	0.02420
1078.06753	0.02419
1076.13896	0.02419
1074.21040	0.02417
1072.28184	0.02403
1070.35327	0.02398
1068.42471	0.02423
1066.49614	0.02449
1064.56758	0.02448
1062.63901	0.02429
1060.71045	0.02405
1058.78188	0.02392
1056.85332	0.02394
1054.92476	0.02394
1052.99619	0.02388
1051.06763	0.02379
1049.13906	0.02365
1047.21050	0.02351
1045.28193	0.02340
1043.35337	0.02330
1041.42480	0.02315
1039.49624	0.02296
1037.56768	0.02278
1035.63911	0.02252
1033.71055	0.02216
1031.78198	0.02186
1029.85342	0.02173
1027.92485	0.02166
1025.99629	0.02143
1024.06772	0.02103
1022.13916	0.02067
1020.21060	0.02042
1018.28203	0.02020
1016.35347	0.01998
1014.42490	0.01979
1012.49634	0.01964
1010.56777	0.01954
1008.63921	0.01946
1006.71064	0.01935
1004.78208	0.01922
1002.85352	0.01917
1000.92495	0.01926
998.99639	0.01947
997.06782	0.01975
995.13926	0.02003
993.21069	0.02020
991.28213	0.02014
989.35356	0.01979
987.42500	0.01927
985.49644	0.01869
983.56787	0.01821
981.63931	0.01792
979.71074	0.01778
977.78218	0.01773
975.85361	0.01778
973.92505	0.01788
971.99648	0.01794
970.06792	0.01795
968.13936	0.01784
966.21079	0.01762
964.28223	0.01741
962.35366	0.01727
960.42510	0.01714
958.49653	0.01705
956.56797	0.01699
954.63940	0.01686
952.71084	0.01662
950.78228	0.01636
948.85371	0.01604
946.92515	0.01570
944.99658	0.01545
943.06802	0.01531
941.13945	0.01518
939.21089	0.01502
937.28232	0.01477
935.35376	0.01447
933.42520	0.01423
931.49663	0.01408
929.56807	0.01391
927.63950	0.01368
925.71094	0.01344
923.78237	0.01325
921.85381	0.01313
919.92524	0.01309
917.99668	0.01330
916.06812	0.01390
914.13955	0.01477
912.21099	0.01564
910.28242	0.01625
908.35386	0.01612
906.42529	0.01469
904.49673	0.01214
902.56816	0.00936
900.63960	0.00701
898.71104	0.00519
896.78247	0.00386
894.85391	0.00291
892.92534	0.00220
890.99678	0.00172
889.06821	0.00155
887.13965	0.00154
885.21108	0.00159
883.28252	0.00163
881.35396	0.00169
879.42539	0.00192
877.49683	0.00235
875.56826	0.00274
873.63970	0.00290
871.71113	0.00280
869.78257	0.00263
867.85400	0.00243
865.92544	0.00219
863.99687	0.00198
862.06831	0.00184
860.13975	0.00170
858.21118	0.00145
856.28262	0.00111
854.35405	0.00076
852.42549	0.00041
850.49692	0.00006
848.56836	-0.00024
846.63979	-0.00057
844.71123	-0.00107
842.78267	-0.00171
840.85410	-0.00232
838.92554	-0.00285
836.99697	-0.00340
835.06841	-0.00404
833.13984	-0.00486
831.21128	-0.00585
829.28271	-0.00686
827.35415	-0.00775
825.42559	-0.00861
823.49702	-0.00955
821.56846	-0.01043
819.63989	-0.01127
817.71133	-0.01251
815.78276	-0.01422
813.85420	-0.01594
811.92563	-0.01752
809.99707	-0.01924
808.06851	-0.02111
806.13994	-0.02284
804.21138	-0.02431
802.28281	-0.02580
800.35425	-0.02781
798.42568	-0.03018
796.49712	-0.03233
794.56855	-0.03427
792.63999	-0.03649
790.71143	-0.03891
788.78286	-0.04133
786.85430	-0.04411
784.92573	-0.04751
782.99717	-0.05110
781.06860	-0.05444
779.14004	-0.05773
777.21147	-0.06127
775.28291	-0.06493
773.35435	-0.06850
771.42578	-0.07197
769.49722	-0.07515
767.56865	-0.07759
765.64009	-0.07912
763.71152	-0.08016
761.78296	-0.08103
759.85439	-0.08124
757.92583	-0.08049
755.99727	-0.07925
754.06870	-0.07788
752.14014	-0.07653
750.21157	-0.07551
748.28301	-0.07485
746.35444	-0.07426
744.42588	-0.07343
742.49731	-0.07192
740.56875	-0.06929
738.64019	-0.06504
736.71162	-0.05841
734.78306	-0.04904
732.85449	-0.03859
730.92593	-0.03102
728.99736	-0.02806
727.06880	-0.02594
725.14023	-0.01963
723.21167	-0.00601
721.28311	0.01325
719.35454	0.03385
717.42598	0.04565
715.49741	0.04083
713.56885	0.02238
711.64028	0.00103
709.71172	-0.01510
707.78315	-0.02498
705.85459	-0.03067
703.92603	-0.03375
701.99746	-0.03513
700.06890	-0.03550
698.14033	-0.03560
696.21177	-0.03575
694.28320	-0.03557
692.35464	-0.03478
690.42607	-0.03382
688.49751	-0.03284
686.56895	-0.03154
684.64038	-0.02987
682.71182	-0.02821
680.78325	-0.02678
678.85469	-0.02546
676.92612	-0.02407
674.99756	-0.02261
673.06899	-0.02176
671.14043	-0.02413
669.21187	-0.02892
667.28330	-0.02620
665.35474	-0.02255
663.42617	-0.01875
661.49761	-0.01779
659.56904	-0.01833
657.64048	-0.01851
655.71191	-0.01809
653.78335	-0.01751
651.85479	-0.01714
649.92622	-0.01725
647.99766	-0.01799
646.06909	-0.01935
644.14053	-0.02160
642.21196	-0.02546
640.28340	-0.03200
638.35483	-0.04313
636.42627	-0.06160
634.49771	-0.08639
632.56914	-0.10752
630.64058	-0.11162
628.71201	-0.09724
626.78345	-0.07282
624.85488	-0.05100
622.92632	-0.03589
620.99775	-0.02620
619.06919	-0.02037
617.14062	-0.01722
615.21206	-0.01469
613.28350	-0.01206
611.35493	-0.01024
609.42637	-0.00954
607.49780	-0.00982
605.56924	-0.01018
603.64067	-0.00998
601.71211	-0.01030
599.78354	-0.01193
