3997.91411	0.02439
3995.98555	0.02435
3994.05698	0.02434
3992.12842	0.02441
3990.19985	0.02442
3988.27129	0.02432
3986.34272	0.02425
3984.41416	0.02430
3982.48560	0.02435
3980.55703	0.02434
3978.62847	0.02423
3976.69990	0.02405
3974.77134	0.02396
3972.84277	0.02396
3970.91421	0.02395
3968.98564	0.02395
3967.05708	0.02404
3965.12852	0.02416
3963.19995	0.02419
3961.27139	0.02411
3959.34282	0.02402
3957.41426	0.02399
3955.48569	0.02396
3953.55713	0.02393
3951.62856	0.02393
3949.70000	0.02398
3947.77144	0.02406
3945.84287	0.02406
3943.91431	0.02397
3941.98574	0.02389
3940.05718	0.02383
3938.12861	0.02382
3936.20005	0.02392
3934.27148	0.02406
3932.34292	0.02410
3930.41436	0.02402
3928.48579	0.02394
3926.55723	0.02390
3924.62866	0.02388
3922.70010	0.02391
3920.77153	0.02399
3918.84297	0.02405
3916.91440	0.02404
3914.98584	0.02393
3913.05728	0.02383
3911.12871	0.02374
3909.20015	0.02364
3907.27158	0.02359
3905.34302	0.02372
3903.41445	0.02399
3901.48589	0.02420
3899.55732	0.02426
3897.62876	0.02429
3895.70020	0.02436
3893.77163	0.02434
3891.84307	0.02422
3889.91450	0.02411
3887.98594	0.02416
3886.05737	0.02433
3884.12881	0.02442
3882.20024	0.02433
3880.27168	0.02417
3878.34312	0.02408
3876.41455	0.02404
3874.48599	0.02405
3872.55742	0.02411
3870.62886	0.02410
3868.70029	0.02403
3866.77173	0.02399
3864.84316	0.02399
3862.91460	0.02400
3860.98604	0.02408
3859.05747	0.02420
3857.12891	0.02426
3855.20034	0.02415
3853.27178	0.02385
3851.34321	0.02364
3849.41465	0.02371
3847.48608	0.02392
3845.55752	0.02403
3843.62896	0.02400
3841.70039	0.02395
3839.77183	0.02396
3837.84326	0.02393
3835.91470	0.02385
3833.98613	0.02373
3832.05757	0.02361
3830.12900	0.02352
3828.20044	0.02355
3826.27187	0.02362
3824.34331	0.02359
3822.41475	0.02346
3820.48618	0.02341
3818.55762	0.02356
3816.62905	0.02371
3814.70049	0.02375
3812.77192	0.02369
3810.84336	0.02353
3808.91479	0.02331
3806.98623	0.02319
3805.05767	0.02319
3803.12910	0.02323
3801.20054	0.02320
3799.27197	0.02307
3797.34341	0.02290
3795.41484	0.02275
3793.48628	0.02265
3791.55771	0.02264
3789.62915	0.02272
3787.70059	0.02281
3785.77202	0.02280
3783.84346	0.02269
3781.91489	0.02250
3779.98633	0.02234
3778.05776	0.02235
3776.12920	0.02247
3774.20063	0.02252
3772.27207	0.02245
3770.34351	0.02239
3768.41494	0.02237
3766.48638	0.02242
3764.55781	0.02255
3762.62925	0.02266
3760.70068	0.02266
3758.77212	0.02267
3756.84355	0.02283
3754.91499	0.02303
3752.98643	0.02312
3751.05786	0.02305
3749.12930	0.02307
3747.20073	0.02335
3745.27217	0.02373
3743.34360	0.02377
3741.41504	0.02350
3739.48647	0.02323
3737.55791	0.02311
3735.62935	0.02319
3733.70078	0.02327
3731.77222	0.02328
3729.84365	0.02347
3727.91509	0.02358
3725.98652	0.02359
3724.05796	0.02330
3722.12939	0.02307
3720.20083	0.02313
3718.27227	0.02314
3716.34370	0.02323
3714.41514	0.02341
3712.48657	0.02358
3710.55801	0.02388
3708.62944	0.02439
3706.70088	0.02486
3704.77231	0.02495
3702.84375	0.02493
3700.91519	0.02525
3698.98662	0.02585
3697.05806	0.02630
3695.12949	0.02633
3693.20093	0.02605
3691.27236	0.02556
3689.34380	0.02499
3687.41523	0.02462
3685.48667	0.02455
3683.55811	0.02456
3681.62954	0.02449
3679.70098	0.02436
3677.77241	0.02432
3675.84385	0.02438
3673.91528	0.02459
3671.98672	0.02491
3670.05815	0.02517
3668.12959	0.02534
3666.20103	0.02551
3664.27246	0.02574
3662.34390	0.02599
3660.41533	0.02625
3658.48677	0.02656
3656.55820	0.02697
3654.62964	0.02741
3652.70107	0.02770
3650.77251	0.02790
3648.84395	0.02813
3646.91538	0.02831
3644.98682	0.02845
3643.05825	0.02848
3641.12969	0.02841
3639.20112	0.02842
3637.27256	0.02859
3635.34399	0.02880
3633.41543	0.02896
3631.48687	0.02911
3629.55830	0.02941
3627.62974	0.02982
3625.70117	0.03022
3623.77261	0.03047
3621.84404	0.03056
3619.91548	0.03093
3617.98691	0.03128
3616.05835	0.03134
3614.12979	0.03129
3612.20122	0.03131
3610.27266	0.03155
3608.34409	0.03186
3606.41553	0.03201
3604.48696	0.03201
3602.55840	0.03202
3600.62983	0.03208
3598.70127	0.03223
3596.77271	0.03251
3594.84414	0.03273
3592.91558	0.03284
3590.98701	0.03286
3589.05845	0.03284
3587.12988	0.03287
3585.20132	0.03301
3583.27275	0.03323
3581.34419	0.03350
3579.41562	0.03375
3577.48706	0.03384
3575.55850	0.03379
3573.62993	0.03378
3571.70137	0.03389
3569.77280	0.03412
3567.84424	0.03441
3565.91567	0.03471
3563.98711	0.03495
3562.05854	0.03513
3560.12998	0.03541
3558.20142	0.03582
3556.27285	0.03615
3554.34429	0.03623
3552.41572	0.03619
3550.48716	0.03631
3548.55859	0.03659
3546.63003	0.03688
3544.70146	0.03711
3542.77290	0.03735
3540.84434	0.03758
3538.91577	0.03775
3536.98721	0.03788
3535.05864	0.03816
3533.13008	0.03852
3531.20151	0.03879
3529.27295	0.03898
3527.34438	0.03917
3525.41582	0.03937
3523.48726	0.03955
3521.55869	0.03971
3519.63013	0.03978
3517.70156	0.03981
3515.77300	0.03995
3513.84443	0.04025
3511.91587	0.04054
3509.98730	0.04078
3508.05874	0.04106
3506.13018	0.04126
3504.20161	0.04134
3502.27305	0.04155
3500.34448	0.04190
3498.41592	0.04214
3496.48735	0.04229
3494.55879	0.04249
3492.63022	0.04276
3490.70166	0.04301
3488.77310	0.04325
3486.84453	0.04350
3484.91597	0.04376
3482.98740	0.04396
3481.05884	0.04404
3479.13027	0.04409
3477.20171	0.04430
3475.27314	0.04460
3473.34458	0.04473
3471.41602	0.04469
3469.48745	0.04473
3467.55889	0.04490
3465.63032	0.04509
3463.70176	0.04516
3461.77319	0.04517
3459.84463	0.04527
3457.91606	0.04561
3455.98750	0.04614
3454.05894	0.04659
3452.13037	0.04677
3450.20181	0.04674
3448.27324	0.04667
3446.34468	0.04670
3444.41611	0.04684
3442.48755	0.04710
3440.55898	0.04735
3438.63042	0.04753
3436.70186	0.04767
3434.77329	0.04781
3432.84473	0.04804
3430.91616	0.04832
3428.98760	0.04841
3427.05903	0.04841
3425.13047	0.04852
3423.20190	0.04875
3421.27334	0.04904
3419.34478	0.04934
3417.41621	0.04957
3415.48765	0.04955
3413.55908	0.04923
3411.63052	0.04894
3409.70195	0.04884
3407.77339	0.04884
3405.84482	0.04888
3403.91626	0.04887
3401.98770	0.04885
3400.05913	0.04896
3398.13057	0.04920
3396.20200	0.04921
3394.27344	0.04923
3392.34487	0.04919
3390.41631	0.04911
3388.48774	0.04912
3386.55918	0.04929
3384.63062	0.04946
3382.70205	0.04944
3380.77349	0.04928
3378.84492	0.04933
3376.91636	0.04963
3374.98779	0.04987
3373.05923	0.04994
3371.13066	0.05001
3369.20210	0.05012
3367.27354	0.05014
3365.34497	0.05006
3363.41641	0.04993
3361.48784	0.04986
3359.55928	0.04987
3357.63071	0.04993
3355.70215	0.05000
3353.77358	0.04995
3351.84502	0.04978
3349.91646	0.04969
3347.98789	0.04969
3346.05933	0.04969
3344.13076	0.04973
3342.20220	0.04975
3340.27363	0.04968
3338.34507	0.04967
3336.41650	0.04973
3334.48794	0.04973
3332.55937	0.04976
3330.63081	0.04991
3328.70225	0.05003
3326.77368	0.05003
3324.84512	0.04994
3322.91655	0.04981
3320.98799	0.04969
3319.05942	0.04965
3317.13086	0.04967
3315.20229	0.04969
3313.27373	0.04969
3311.34517	0.04965
3309.41660	0.04956
3307.48804	0.04951
3305.55947	0.04950
3303.63091	0.04954
3301.70234	0.04958
3299.77378	0.04950
3297.84521	0.04922
3295.91665	0.04895
3293.98809	0.04889
3292.05952	0.04904
3290.13096	0.04913
3288.20239	0.04895
3286.27383	0.04867
3284.34526	0.04859
3282.41670	0.04867
3280.48813	0.04859
3278.55957	0.04840
3276.63101	0.04827
3274.70244	0.04807
3272.77388	0.04778
3270.84531	0.04756
3268.91675	0.04740
3266.98818	0.04726
3265.05962	0.04719
3263.13105	0.04709
3261.20249	0.04686
3259.27393	0.04654
3257.34536	0.04629
3255.41680	0.04618
3253.48823	0.04612
3251.55967	0.04593
3249.63110	0.04568
3247.70254	0.04550
3245.77397	0.04531
3243.84541	0.04498
3241.91685	0.04453
3239.98828	0.04405
3238.05972	0.04368
3236.13115	0.04359
3234.20259	0.04365
3232.27402	0.04359
3230.34546	0.04338
3228.41689	0.04321
3226.48833	0.04314
3224.55977	0.04306
3222.63120	0.04290
3220.70264	0.04256
3218.77407	0.04215
3216.84551	0.04181
3214.91694	0.04158
3212.98838	0.04134
3211.05981	0.04103
3209.13125	0.04072
3207.20269	0.04050
3205.27412	0.04032
3203.34556	0.04006
3201.41699	0.03977
3199.48843	0.03953
3197.55986	0.03938
3195.63130	0.03928
3193.70273	0.03912
3191.77417	0.03893
3189.84561	0.03874
3187.91704	0.03855
3185.98848	0.03840
3184.05991	0.03817
3182.13135	0.03778
3180.20278	0.03747
3178.27422	0.03736
3176.34565	0.03732
3174.41709	0.03706
3172.48853	0.03661
3170.55996	0.03626
3168.63140	0.03626
3166.70283	0.03638
3164.77427	0.03622
3162.84570	0.03580
3160.91714	0.03546
3158.98857	0.03532
3157.06001	0.03518
3155.13145	0.03493
3153.20288	0.03467
3151.27432	0.03453
3149.34575	0.03449
3147.41719	0.03436
3145.48862	0.03412
3143.56006	0.03393
3141.63149	0.03383
3139.70293	0.03371
3137.77437	0.03343
3135.84580	0.03311
3133.91724	0.03297
3131.98867	0.03292
3130.06011	0.03273
3128.13154	0.03243
3126.20298	0.03218
3124.27441	0.03200
3122.34585	0.03183
3120.41729	0.03166
3118.48872	0.03147
3116.56016	0.03134
3114.63159	0.03140
3112.70303	0.03154
3110.77446	0.03146
3108.84590	0.03129
3106.91733	0.03125
3104.98877	0.03126
3103.06021	0.03118
3101.13164	0.03105
3099.20308	0.03090
3097.27451	0.03081
3095.34595	0.03078
3093.41738	0.03073
3091.48882	0.03055
3089.56025	0.03031
3087.63169	0.03017
3085.70312	0.03018
3083.77456	0.03021
3081.84600	0.03011
3079.91743	0.02999
3077.98887	0.03003
3076.06030	0.03012
3074.13174	0.03002
3072.20317	0.02975
3070.27461	0.02953
3068.34604	0.02935
3066.41748	0.02918
3064.48892	0.02906
3062.56035	0.02893
3060.63179	0.02877
3058.70322	0.02860
3056.77466	0.02839
3054.84609	0.02812
3052.91753	0.02790
3050.98896	0.02776
3049.06040	0.02766
3047.13184	0.02754
3045.20327	0.02742
3043.27471	0.02733
3041.34614	0.02725
3039.41758	0.02711
3037.48901	0.02693
3035.56045	0.02678
3033.63188	0.02673
3031.70332	0.02674
3029.77476	0.02664
3027.84619	0.02644
3025.91763	0.02626
3023.98906	0.02603
3022.06050	0.02575
3020.13193	0.02553
3018.20337	0.02538
3016.27480	0.02525
3014.34624	0.02523
3012.41768	0.02529
3010.48911	0.02537
3008.56055	0.02545
3006.63198	0.02549
3004.70342	0.02548
3002.77485	0.02549
3000.84629	0.02557
2998.91772	0.02565
2996.98916	0.02584
2995.06060	0.02616
2993.13203	0.02644
2991.20347	0.02668
2989.27490	0.02705
2987.34634	0.02752
2985.41777	0.02795
2983.48921	0.02849
2981.56064	0.02929
2979.63208	0.03033
2977.70352	0.03154
2975.77495	0.03288
2973.84639	0.03435
2971.91782	0.03599
2969.98926	0.03784
2968.06069	0.03999
2966.13213	0.04238
2964.20356	0.04479
2962.27500	0.04699
2960.34644	0.04888
2958.41787	0.05048
2956.48931	0.05189
2954.56074	0.05326
2952.63218	0.05455
2950.70361	0.05571
2948.77505	0.05710
2946.84648	0.05922
2944.91792	0.06241
2942.98936	0.06673
2941.06079	0.07227
2939.13223	0.07911
2937.20366	0.08725
2935.27510	0.09672
2933.34653	0.10757
2931.41797	0.11991
2929.48940	0.13411
2927.56084	0.15080
2925.63228	0.17071
2923.70371	0.19476
2921.77515	0.22353
2919.84658	0.25586
2917.91802	0.28720
2915.98945	0.30890
2914.06089	0.31261
2912.13232	0.29836
2910.20376	0.27463
2908.27520	0.25018
2906.34663	0.22931
2904.41807	0.21284
2902.48950	0.20000
2900.56094	0.18957
2898.63237	0.18061
2896.70381	0.17256
2894.77524	0.16502
2892.84668	0.15782
2890.91812	0.15078
2888.98955	0.14377
2887.06099	0.13683
2885.13242	0.13009
2883.20386	0.12352
2881.27529	0.11719
2879.34673	0.11119
2877.41816	0.10567
2875.48960	0.10086
2873.56104	0.09692
2871.63247	0.09384
2869.70391	0.09151
2867.77534	0.09013
2865.84678	0.09013
2863.91821	0.09208
2861.98965	0.09664
2860.06108	0.10468
2858.13252	0.11748
2856.20396	0.13723
2854.27539	0.16696
2852.34683	0.20778
2850.41826	0.25192
2848.48970	0.27922
2846.56113	0.27379
2844.63257	0.24385
2842.70400	0.20860
2840.77544	0.17855
2838.84687	0.15540
2836.91831	0.13788
2834.98975	0.12445
2833.06118	0.11397
2831.13262	0.10573
2829.20405	0.09916
2827.27549	0.09382
2825.34692	0.08938
2823.41836	0.08557
2821.48979	0.08223
2819.56123	0.07932
2817.63267	0.07674
2815.70410	0.07437
2813.77554	0.07224
2811.84697	0.07044
2809.91841	0.06888
2807.98984	0.06743
2806.06128	0.06610
2804.13271	0.06489
2802.20415	0.06374
2800.27559	0.06262
2798.34702	0.06150
2796.41846	0.06036
2794.48989	0.05925
2792.56133	0.05820
2790.63276	0.05727
2788.70420	0.05642
2786.77563	0.05556
2784.84707	0.05472
2782.91851	0.05391
2780.98994	0.05316
2779.06138	0.05252
2777.13281	0.05195
2775.20425	0.05139
2773.27568	0.05088
2771.34712	0.05046
2769.41855	0.05000
2767.48999	0.04943
2765.56143	0.04891
2763.63286	0.04850
2761.70430	0.04808
2759.77573	0.04765
2757.84717	0.04728
2755.91860	0.04693
2753.99004	0.04662
2752.06147	0.04635
2750.13291	0.04613
2748.20435	0.04594
2746.27578	0.04574
2744.34722	0.04550
2742.41865	0.04523
2740.49009	0.04502
2738.56152	0.04485
2736.63296	0.04468
2734.70439	0.04445
2732.77583	0.04424
2730.84727	0.04409
2728.91870	0.04393
2726.99014	0.04370
2725.06157	0.04343
2723.13301	0.04315
2721.20444	0.04291
2719.27588	0.04273
2717.34731	0.04253
2715.41875	0.04225
2713.49019	0.04194
2711.56162	0.04165
2709.63306	0.04139
2707.70449	0.04122
2705.77593	0.04112
2703.84736	0.04098
2701.91880	0.04073
2699.99023	0.04047
2698.06167	0.04031
2696.13311	0.04021
2694.20454	0.04012
2692.27598	0.04000
2690.34741	0.03986
2688.41885	0.03974
2686.49028	0.03967
2684.56172	0.03960
2682.63315	0.03948
2680.70459	0.03935
2678.77603	0.03926
2676.84746	0.03918
2674.91890	0.03910
2672.99033	0.03911
2671.06177	0.03917
2669.13320	0.03915
2667.20464	0.03904
2665.27607	0.03895
2663.34751	0.03894
2661.41895	0.03893
2659.49038	0.03888
2657.56182	0.03880
2655.63325	0.03868
2653.70469	0.03850
2651.77612	0.03829
2649.84756	0.03814
2647.91899	0.03803
2645.99043	0.03791
2644.06187	0.03778
2642.13330	0.03767
2640.20474	0.03757
2638.27617	0.03746
2636.34761	0.03735
2634.41904	0.03728
2632.49048	0.03716
2630.56191	0.03694
2628.63335	0.03663
2626.70479	0.03633
2624.77622	0.03614
2622.84766	0.03603
2620.91909	0.03589
2618.99053	0.03564
2617.06196	0.03533
2615.13340	0.03505
2613.20483	0.03488
2611.27627	0.03476
2609.34771	0.03463
2607.41914	0.03448
2605.49058	0.03429
2603.56201	0.03407
2601.63345	0.03390
2599.70488	0.03378
2597.77632	0.03368
2595.84775	0.03352
2593.91919	0.03328
2591.99062	0.03309
2590.06206	0.03301
2588.13350	0.03296
2586.20493	0.03291
2584.27637	0.03278
2582.34780	0.03257
2580.41924	0.03241
2578.49067	0.03238
2576.56211	0.03235
2574.63354	0.03222
2572.70498	0.03200
2570.77642	0.03169
2568.84785	0.03140
2566.91929	0.03132
2564.99072	0.03135
2563.06216	0.03133
2561.13359	0.03129
2559.20503	0.03118
2557.27646	0.03101
2555.34790	0.03092
2553.41934	0.03092
2551.49077	0.03085
2549.56221	0.03075
2547.63364	0.03069
2545.70508	0.03053
2543.77651	0.03028
2541.84795	0.03012
2539.91938	0.03006
2537.99082	0.03000
2536.06226	0.02993
2534.13369	0.02990
2532.20513	0.02996
2530.27656	0.03001
2528.34800	0.02998
2526.41943	0.02987
2524.49087	0.02972
2522.56230	0.02958
2520.63374	0.02950
2518.70518	0.02943
2516.77661	0.02935
2514.84805	0.02929
2512.91948	0.02923
2510.99092	0.02912
2509.06235	0.02903
2507.13379	0.02896
2505.20522	0.02887
2503.27666	0.02877
2501.34810	0.02866
2499.41953	0.02855
2497.49097	0.02848
2495.56240	0.02840
2493.63384	0.02833
2491.70527	0.02830
2489.77671	0.02830
2487.84814	0.02828
2485.91958	0.02827
2483.99102	0.02828
2482.06245	0.02827
2480.13389	0.02825
2478.20532	0.02819
2476.27676	0.02807
2474.34819	0.02796
2472.41963	0.02791
2470.49106	0.02784
2468.56250	0.02770
2466.63394	0.02755
2464.70537	0.02746
2462.77681	0.02740
2460.84824	0.02735
2458.91968	0.02734
2456.99111	0.02731
2455.06255	0.02725
2453.13398	0.02720
2451.20542	0.02717
2449.27686	0.02709
2447.34829	0.02694
2445.41973	0.02678
2443.49116	0.02667
2441.56260	0.02664
2439.63403	0.02667
2437.70547	0.02676
2435.77690	0.02685
2433.84834	0.02687
2431.91978	0.02673
2429.99121	0.02647
2428.06265	0.02635
2426.13408	0.02641
2424.20552	0.02652
2422.27695	0.02660
2420.34839	0.02664
2418.41982	0.02663
2416.49126	0.02664
2414.56270	0.02666
2412.63413	0.02656
2410.70557	0.02642
2408.77700	0.02637
2406.84844	0.02636
2404.91987	0.02635
2402.99131	0.02638
2401.06274	0.02640
2399.13418	0.02528
2397.20562	0.02519
2395.27705	0.02561
2393.34849	0.02605
2391.41992	0.02655
2389.49136	0.02711
2387.56279	0.02768
2385.63423	0.02833
2383.70566	0.02919
2381.77710	0.03015
2379.84854	0.03078
2377.91997	0.03104
2375.99141	0.03109
2374.06284	0.03172
2372.13428	0.03320
2370.20571	0.03410
2368.27715	0.03372
2366.34858	0.03268
2364.42002	0.03547
2362.49146	0.03513
2360.56289	0.03695
2358.63433	0.04160
2356.70576	0.03422
2354.77720	0.04047
2352.84863	0.04308
2350.92007	0.03640
2348.99150	0.03210
2347.06294	0.02944
2345.13437	0.02663
2343.20581	0.03370
2341.27725	0.05135
2339.34868	0.05625
2337.42012	0.04720
2335.49155	0.03125
2333.56299	0.01960
2331.63442	0.01566
2329.70586	0.01545
2327.77729	0.01905
2325.84873	0.02035
2323.92017	0.02034
2321.99160	0.02041
2320.06304	0.02037
2318.13447	0.02039
2316.20591	0.02145
2314.27734	0.02283
2312.34878	0.02482
2310.42021	0.02781
2308.49165	0.02969
2306.56309	0.03126
2304.63452	0.03153
2302.70596	0.03058
2300.77739	0.02926
2298.84883	0.02788
2296.92026	0.02700
2294.99170	0.02688
2293.06313	0.02703
2291.13457	0.02684
2289.20601	0.02666
2287.27744	0.02628
2285.34888	0.02559
2283.42031	0.02498
2281.49175	0.02461
2279.56318	0.02447
2277.63462	0.02448
2275.70605	0.02470
2273.77749	0.02494
2271.84893	0.02486
2269.92036	0.02454
2267.99180	0.02424
2266.06323	0.02420
2264.13467	0.02428
2262.20610	0.02439
2260.27754	0.02448
2258.34897	0.02443
2256.42041	0.02435
2254.49185	0.02450
2252.56328	0.02484
2250.63472	0.02497
2248.70615	0.02426
2246.77759	0.02434
2244.84902	0.02439
2242.92046	0.02411
2240.99189	0.02381
2239.06333	0.02384
2237.13477	0.02397
2235.20620	0.02376
2233.27764	0.02338
2231.34907	0.02328
2229.42051	0.02359
2227.49194	0.02392
2225.56338	0.02386
2223.63481	0.02360
2221.70625	0.02356
2219.77769	0.02366
2217.84912	0.02375
2215.92056	0.02385
2213.99199	0.02380
2212.06343	0.02358
2210.13486	0.02343
2208.20630	0.02345
2206.27773	0.02350
2204.34917	0.02349
2202.42061	0.02338
2200.49204	0.02335
2198.56348	0.02340
2196.63491	0.02329
2194.70635	0.02328
2192.77778	0.02363
2190.84922	0.02388
2188.92065	0.02365
2186.99209	0.02321
2185.06353	0.02289
2183.13496	0.02285
2181.20640	0.02292
2179.27783	0.02290
2177.34927	0.02280
2175.42070	0.02281
2173.49214	0.02302
2171.56357	0.02322
2169.63501	0.02351
2167.70645	0.02406
2165.77788	0.02441
2163.84932	0.02425
2161.92075	0.02384
2159.99219	0.02324
2158.06362	0.02262
2156.13506	0.02230
2154.20649	0.02220
2152.27793	0.02223
2150.34937	0.02233
2148.42080	0.02249
2146.49224	0.02259
2144.56367	0.02240
2142.63511	0.02216
2140.70654	0.02223
2138.77798	0.02246
2136.84941	0.02260
2134.92085	0.02251
2132.99229	0.02229
2131.06372	0.02212
2129.13516	0.02210
2127.20659	0.02221
2125.27803	0.02239
2123.34946	0.02260
2121.42090	0.02277
2119.49233	0.02290
2117.56377	0.02298
2115.63521	0.02295
2113.70664	0.02287
2111.77808	0.02280
2109.84951	0.02267
2107.92095	0.02254
2105.99238	0.02254
2104.06382	0.02267
2102.13525	0.02276
2100.20669	0.02265
2098.27812	0.02222
2096.34956	0.02209
2094.42100	0.02230
2092.49243	0.02266
2090.56387	0.02294
2088.63530	0.02301
2086.70674	0.02292
2084.77817	0.02295
2082.84961	0.02299
2080.92104	0.02283
2078.99248	0.02253
2077.06392	0.02219
2075.13535	0.02181
2073.20679	0.02154
2071.27822	0.02145
2069.34966	0.02153
2067.42109	0.02175
2065.49253	0.02186
2063.56396	0.02177
2061.63540	0.02165
2059.70684	0.02156
2057.77827	0.02151
2055.84971	0.02152
2053.92114	0.02169
2051.99258	0.02197
2050.06401	0.02191
2048.13545	0.02137
2046.20688	0.02075
2044.27832	0.02044
2042.34976	0.02045
2040.42119	0.02061
2038.49263	0.02055
2036.56406	0.02025
2034.63550	0.02008
2032.70693	0.02014
2030.77837	0.02027
2028.84980	0.02035
2026.92124	0.02045
2024.99268	0.02073
2023.06411	0.02106
2021.13555	0.02112
2019.20698	0.02092
2017.27842	0.02089
2015.34985	0.02112
2013.42129	0.02090
2011.49272	0.01997
2009.56416	0.01916
2007.63560	0.01919
2005.70703	0.01981
2003.77847	0.02045
2001.84990	0.02087
1999.92134	0.02093
1997.99277	0.02080
1996.06421	0.02092
1994.13564	0.02139
1992.20708	0.02187
1990.27852	0.02201
1988.34995	0.02190
1986.42139	0.02167
1984.49282	0.02120
1982.56426	0.02050
1980.63569	0.01964
1978.70713	0.01892
1976.77856	0.01877
1974.85000	0.01912
1972.92144	0.01962
1970.99287	0.02010
1969.06431	0.02037
1967.13574	0.02029
1965.20718	0.02012
1963.27861	0.02005
1961.35005	0.01997
1959.42148	0.01997
1957.49292	0.02023
1955.56436	0.02056
1953.63579	0.02079
1951.70723	0.02094
1949.77866	0.02092
1947.85010	0.02059
1945.92153	0.02021
1943.99297	0.02005
1942.06440	0.02027
1940.13584	0.02067
1938.20728	0.02083
1936.27871	0.02070
1934.35015	0.02054
1932.42158	0.02041
1930.49302	0.02031
1928.56445	0.02031
1926.63589	0.02041
1924.70732	0.02059
1922.77876	0.02072
1920.85020	0.02061
1918.92163	0.02039
1916.99307	0.02033
1915.06450	0.02051
1913.13594	0.02078
1911.20737	0.02098
1909.27881	0.02106
1907.35024	0.02104
1905.42168	0.02096
1903.49312	0.02093
1901.56455	0.02094
1899.63599	0.02090
1897.70742	0.02086
1895.77886	0.02091
1893.85029	0.02099
1891.92173	0.02101
1889.99316	0.02102
1888.06460	0.02099
1886.13604	0.02086
1884.20747	0.02072
1882.27891	0.02070
1880.35034	0.02074
1878.42178	0.02073
1876.49321	0.02068
1874.56465	0.02068
1872.63608	0.02069
1870.70752	0.02071
1868.77896	0.02075
1866.85039	0.02076
1864.92183	0.02064
1862.99326	0.02052
1861.06470	0.02056
1859.13613	0.02073
1857.20757	0.02080
1855.27900	0.02071
1853.35044	0.02056
1851.42187	0.02053
1849.49331	0.02064
1847.56475	0.02074
1845.63618	0.02075
1843.70762	0.02072
1841.77905	0.02075
1839.85049	0.02086
1837.92192	0.02099
1835.99336	0.02106
1834.06479	0.02105
1832.13623	0.02096
1830.20767	0.02089
1828.27910	0.02093
1826.35054	0.02103
1824.42197	0.02109
1822.49341	0.02109
1820.56484	0.02110
1818.63628	0.02118
1816.70771	0.02134
1814.77915	0.02154
1812.85059	0.02175
1810.92202	0.02199
1808.99346	0.02222
1807.06489	0.02239
1805.13633	0.02255
1803.20776	0.02277
1801.27920	0.02303
1799.35063	0.02328
1797.42207	0.02352
1795.49351	0.02383
1793.56494	0.02428
1791.63638	0.02491
1789.70781	0.02563
1787.77925	0.02636
1785.85068	0.02702
1783.92212	0.02748
1781.99355	0.02778
1780.06499	0.02812
1778.13643	0.02850
1776.20786	0.02875
1774.27930	0.02891
1772.35073	0.02917
1770.42217	0.02966
1768.49360	0.03017
1766.56504	0.03047
1764.63647	0.03057
1762.70791	0.03069
1760.77935	0.03097
1758.85078	0.03140
1756.92222	0.03190
1754.99365	0.03250
1753.06509	0.03327
1751.13652	0.03434
1749.20796	0.03573
1747.27939	0.03726
1745.35083	0.03883
1743.42227	0.04039
1741.49370	0.04197
1739.56514	0.04339
1737.63657	0.04430
1735.70801	0.04468
1733.77944	0.04489
1731.85088	0.04510
1729.92231	0.04530
1727.99375	0.04560
1726.06519	0.04622
1724.13662	0.04721
1722.20806	0.04829
1720.27949	0.04925
1718.35093	0.05034
1716.42236	0.05172
1714.49380	0.05297
1712.56523	0.05375
1710.63667	0.05396
1708.70811	0.05368
1706.77954	0.05314
1704.85098	0.05254
1702.92241	0.05200
1700.99385	0.05165
1699.06528	0.05162
1697.13672	0.05172
1695.20815	0.05176
1693.27959	0.05177
1691.35103	0.05186
1689.42246	0.05201
1687.49390	0.05219
1685.56533	0.05261
1683.63677	0.05363
1681.70820	0.05497
1679.77964	0.05612
1677.85107	0.05705
1675.92251	0.05806
1673.99395	0.05922
1672.06538	0.06031
1670.13682	0.06137
1668.20825	0.06248
1666.27969	0.06337
1664.35112	0.06397
1662.42256	0.06455
1660.49399	0.06515
1658.56543	0.06548
1656.63687	0.06538
1654.70830	0.06495
1652.77974	0.06446
1650.85117	0.06380
1648.92261	0.06284
1646.99404	0.06187
1645.06548	0.06164
1643.13691	0.06230
1641.20835	0.06321
1639.27979	0.06373
1637.35122	0.06380
1635.42266	0.06381
1633.49409	0.06388
1631.56553	0.06383
1629.63696	0.06361
1627.70840	0.06327
1625.77983	0.06283
1623.85127	0.06224
1621.92271	0.06151
1619.99414	0.06065
1618.06558	0.05966
1616.13701	0.05874
1614.20845	0.05807
1612.27988	0.05754
1610.35132	0.05705
1608.42275	0.05665
1606.49419	0.05638
1604.56562	0.05619
1602.63706	0.05605
1600.70850	0.05596
1598.77993	0.05594
1596.85137	0.05598
1594.92280	0.05607
1592.99424	0.05617
1591.06567	0.05627
1589.13711	0.05642
1587.20854	0.05672
1585.27998	0.05716
1583.35142	0.05763
1581.42285	0.05803
1579.49429	0.05830
1577.56572	0.05859
1575.63716	0.05901
1573.70859	0.05938
1571.78003	0.05953
1569.85146	0.05963
1567.92290	0.05988
1565.99434	0.06018
1564.06577	0.06034
1562.13721	0.06027
1560.20864	0.06014
1558.28008	0.06037
1556.35151	0.06092
1554.42295	0.06132
1552.49438	0.06142
1550.56582	0.06131
1548.63726	0.06105
1546.70869	0.06061
1544.78013	0.05992
1542.85156	0.05895
1540.92300	0.05770
1538.99443	0.05641
1537.06587	0.05525
1535.13730	0.05393
1533.20874	0.05236
1531.28018	0.05094
1529.35161	0.04972
1527.42305	0.04850
1525.49448	0.04728
1523.56592	0.04615
1521.63735	0.04509
1519.70879	0.04414
1517.78022	0.04323
1515.85166	0.04240
1513.92310	0.04167
1511.99453	0.04091
1510.06597	0.04004
1508.13740	0.03908
1506.20884	0.03818
1504.28027	0.03759
1502.35171	0.03720
1500.42314	0.03675
1498.49458	0.03626
1496.56602	0.03590
1494.63745	0.03571
1492.70889	0.03554
1490.78032	0.03536
1488.85176	0.03532
1486.92319	0.03553
1484.99463	0.03602
1483.06606	0.03685
1481.13750	0.03851
1479.20894	0.04301
1477.28037	0.05528
1475.35181	0.07974
1473.42324	0.11003
1471.49468	0.12830
1469.56611	0.12842
1467.63755	0.12291
1465.70898	0.12198
1463.78042	0.12420
1461.85186	0.12235
1459.92329	0.11407
1457.99473	0.10320
1456.06616	0.09452
1454.13760	0.08912
1452.20903	0.08519
1450.28047	0.08165
1448.35190	0.07860
1446.42334	0.07634
1444.49478	0.07483
1442.56621	0.07376
1440.63765	0.07288
1438.70908	0.07203
1436.78052	0.07106
1434.85195	0.06995
1432.92339	0.06873
1430.99482	0.06740
1429.06626	0.06609
1427.13770	0.06505
1425.20913	0.06430
1423.28057	0.06384
1421.35200	0.06370
1419.42344	0.06391
1417.49487	0.06438
1415.56631	0.06477
1413.63774	0.06487
1411.70918	0.06470
1409.78062	0.06435
1407.85205	0.06382
1405.92349	0.06313
1403.99492	0.06237
1402.06636	0.06156
1400.13779	0.06072
1398.20923	0.05991
1396.28066	0.05917
1394.35210	0.05853
1392.42354	0.05806
1390.49497	0.05777
1388.56641	0.05759
1386.63784	0.05764
1384.70928	0.05831
1382.78071	0.05993
1380.85215	0.06233
1378.92358	0.06466
1376.99502	0.06582
1375.06646	0.06543
1373.13789	0.06413
1371.20933	0.06284
1369.28076	0.06186
1367.35220	0.06104
1365.42363	0.06028
1363.49507	0.05958
1361.56650	0.05897
1359.63794	0.05841
1357.70937	0.05794
1355.78081	0.05761
1353.85225	0.05739
1351.92368	0.05717
1349.99512	0.05684
1348.06655	0.05638
1346.13799	0.05589
1344.20942	0.05541
1342.28086	0.05497
1340.35229	0.05456
1338.42373	0.05411
1336.49517	0.05359
1334.56660	0.05310
1332.63804	0.05280
1330.70947	0.05269
1328.78091	0.05272
1326.85234	0.05287
1324.92378	0.05314
1322.99521	0.05349
1321.06665	0.05397
1319.13809	0.05449
1317.20952	0.05483
1315.28096	0.05490
1313.35239	0.05485
1311.42383	0.05485
1309.49526	0.05493
1307.56670	0.05506
1305.63813	0.05523
1303.70957	0.05537
1301.78101	0.05544
1299.85244	0.05549
1297.92388	0.05553
1295.99531	0.05560
1294.06675	0.05575
1292.13818	0.05597
1290.20962	0.05618
1288.28105	0.05632
1286.35249	0.05648
1284.42393	0.05675
1282.49536	0.05710
1280.56680	0.05751
1278.63823	0.05798
1276.70967	0.05846
1274.78110	0.05895
1272.85254	0.05954
1270.92397	0.06022
1268.99541	0.06095
1267.06685	0.06174
1265.13828	0.06252
1263.20972	0.06316
1261.28115	0.06356
1259.35259	0.06376
1257.42402	0.06381
1255.49546	0.06378
1253.56689	0.06369
1251.63833	0.06355
1249.70977	0.06344
1247.78120	0.06339
1245.85264	0.06340
1243.92407	0.06344
1241.99551	0.06347
1240.06694	0.06349
1238.13838	0.06349
1236.20981	0.06344
1234.28125	0.06329
1232.35269	0.06306
1230.42412	0.06282
1228.49556	0.06264
1226.56699	0.06254
1224.63843	0.06248
1222.70986	0.06235
1220.78130	0.06207
1218.85273	0.06172
1216.92417	0.06145
1214.99561	0.06130
1213.06704	0.06116
1211.13848	0.06093
1209.20991	0.06072
1207.28135	0.06062
1205.35278	0.06058
1203.42422	0.06055
1201.49565	0.06057
1199.56709	0.06072
1197.63853	0.06104
1195.70996	0.06132
1193.78140	0.06151
1191.85283	0.06171
1189.92427	0.06201
1187.99570	0.06242
1186.06714	0.06286
1184.13857	0.06332
1182.21001	0.06384
1180.28145	0.06447
1178.35288	0.06520
1176.42432	0.06596
1174.49575	0.06671
1172.56719	0.06748
1170.63862	0.06828
1168.71006	0.06905
1166.78149	0.06972
1164.85293	0.07020
1162.92437	0.07042
1160.99580	0.07055
1159.06724	0.07078
1157.13867	0.07109
1155.21011	0.07140
1153.28154	0.07173
1151.35298	0.07206
1149.42441	0.07236
1147.49585	0.07267
1145.56729	0.07298
1143.63872	0.07329
1141.71016	0.07360
1139.78159	0.07395
1137.85303	0.07438
1135.92446	0.07490
1133.99590	0.07560
1132.06733	0.07651
1130.13877	0.07760
1128.21021	0.07878
1126.28164	0.08003
1124.35308	0.08139
1122.42451	0.08287
1120.49595	0.08449
1118.56738	0.08622
1116.63882	0.08792
1114.71025	0.08948
1112.78169	0.09088
1110.85312	0.09218
1108.92456	0.09339
1106.99600	0.09461
1105.06743	0.09587
1103.13887	0.09710
1101.21030	0.09823
1099.28174	0.09928
1097.35317	0.10025
1095.42461	0.10124
1093.49604	0.10234
1091.56748	0.10354
1089.63892	0.10479
1087.71035	0.10610
1085.78179	0.10748
1083.85322	0.10883
1081.92466	0.11005
1079.99609	0.11118
1078.06753	0.11240
1076.13896	0.11377
1074.21040	0.11512
1072.28184	0.11639
1070.35327	0.11769
1068.42471	0.11896
1066.49614	0.12020
1064.56758	0.12155
1062.63901	0.12301
1060.71045	0.12454
1058.78188	0.12621
1056.85332	0.12800
1054.92476	0.12984
1052.99619	0.13178
1051.06763	0.13381
1049.13906	0.13585
1047.21050	0.13786
1045.28193	0.13978
1043.35337	0.14159
1041.42480	0.14330
1039.49624	0.14489
1037.56768	0.14629
1035.63911	0.14745
1033.71055	0.14833
1031.78198	0.14882
1029.85342	0.14861
1027.92485	0.14771
1025.99629	0.14653
1024.06772	0.14530
1022.13916	0.14403
1020.21060	0.14275
1018.28203	0.14146
1016.35347	0.14022
1014.42490	0.13905
1012.49634	0.13791
1010.56777	0.13666
1008.63921	0.13511
1006.71064	0.13318
1004.78208	0.13086
1002.85352	0.12829
1000.92495	0.12561
998.99639	0.12279
997.06782	0.11982
995.13926	0.11681
993.21069	0.11384
991.28213	0.11076
989.35356	0.10754
987.42500	0.10427
985.49644	0.10118
983.56787	0.09839
981.63931	0.09587
979.71074	0.09358
977.78218	0.09157
975.85361	0.08980
973.92505	0.08812
971.99648	0.08640
970.06792	0.08461
968.13936	0.08287
966.21079	0.08123
964.28223	0.07969
962.35366	0.07827
960.42510	0.07695
958.49653	0.07575
956.56797	0.07473
954.63940	0.07398
952.71084	0.07348
950.78228	0.07314
948.85371	0.07290
946.92515	0.07278
944.99658	0.07274
943.06802	0.07274
941.13945	0.07275
939.21089	0.07272
937.28232	0.07263
935.35376	0.07240
933.42520	0.07198
931.49663	0.07150
929.56807	0.07113
927.63950	0.07091
925.71094	0.07082
923.78237	0.07091
921.85381	0.07117
919.92524	0.07154
917.99668	0.07206
916.06812	0.07288
914.13955	0.07411
912.21099	0.07565
910.28242	0.07682
908.35386	0.07670
906.42529	0.07492
904.49673	0.07205
902.56816	0.06907
900.63960	0.06661
898.71104	0.06474
896.78247	0.06331
894.85391	0.06218
892.92534	0.06120
890.99678	0.06040
889.06821	0.05989
887.13965	0.05952
885.21108	0.05905
883.28252	0.05852
881.35396	0.05809
879.42539	0.05777
877.49683	0.05755
875.56826	0.05741
873.63970	0.05721
871.71113	0.05681
869.78257	0.05633
867.85400	0.05601
865.92544	0.05589
863.99687	0.05581
862.06831	0.05562
860.13975	0.05540
858.21118	0.05514
856.28262	0.05476
854.35405	0.05435
852.42549	0.05407
850.49692	0.05392
848.56836	0.05387
846.63979	0.05389
844.71123	0.05396
842.78267	0.05402
840.85410	0.05398
838.92554	0.05394
836.99697	0.05408
835.06841	0.05438
833.13984	0.05468
831.21128	0.05493
829.28271	0.05525
827.35415	0.05570
825.42559	0.05619
823.49702	0.05665
821.56846	0.05699
819.63989	0.05719
817.71133	0.05734
815.78276	0.05746
813.85420	0.05750
811.92563	0.05767
809.99707	0.05812
808.06851	0.05870
806.13994	0.05924
804.21138	0.05978
802.28281	0.06031
800.35425	0.06063
798.42568	0.06063
796.49712	0.06040
794.56855	0.06008
792.63999	0.05971
790.71143	0.05939
788.78286	0.05923
786.85430	0.05925
784.92573	0.05940
782.99717	0.05972
781.06860	0.06000
779.14004	0.05990
777.21147	0.05951
775.28291	0.05912
773.35435	0.05888
771.42578	0.05882
769.49722	0.05885
767.56865	0.05883
765.64009	0.05870
763.71152	0.05867
761.78296	0.05886
759.85439	0.05906
757.92583	0.05915
755.99727	0.05925
754.06870	0.05937
752.14014	0.05948
750.21157	0.05970
748.28301	0.06002
746.35444	0.06034
744.42588	0.06077
742.49731	0.06147
740.56875	0.06239
738.64019	0.06365
736.71162	0.06639
734.78306	0.07360
732.85449	0.08776
730.92593	0.10347
728.99736	0.10993
727.06880	0.10727
725.14023	0.10655
723.21167	0.11609
721.28311	0.13589
719.35454	0.15867
717.42598	0.17034
715.49741	0.16202
713.56885	0.14062
711.64028	0.11954
709.71172	0.10556
707.78315	0.09762
705.85459	0.09291
703.92603	0.08986
701.99746	0.08791
700.06890	0.08638
698.14033	0.08474
696.21177	0.08305
694.28320	0.08207
692.35464	0.08208
690.42607	0.08182
688.49751	0.08001
686.56895	0.07818
684.64038	0.07783
682.71182	0.07882
680.78325	0.07924
678.85469	0.07780
676.92612	0.07630
674.99756	0.07673
673.06899	0.07791
671.14043	0.07417
669.21187	0.06560
667.28330	0.07613
665.35474	0.07588
663.42617	0.07594
661.49761	0.07655
659.56904	0.07627
657.64048	0.07528
655.71191	0.07516
653.78335	0.07640
651.85479	0.07702
649.92622	0.07626
647.99766	0.07609
646.06909	0.07707
644.14053	0.07749
642.21196	0.07741
640.28340	0.07770
638.35483	0.07801
636.42627	0.07804
634.49771	0.07819
632.56914	0.07857
630.64058	0.07908
628.71201	0.08003
626.78345	0.08095
624.85488	0.08105
622.92632	0.08060
620.99775	0.08032
619.06919	0.08073
617.14062	0.08150
615.21206	0.08164
613.28350	0.08125
611.35493	0.08127
609.42637	0.08184
607.49780	0.08257
605.56924	0.08348
603.64067	0.08419
601.71211	0.08442
599.78354	0.08480
