3997.91411	-0.00630
3995.98555	-0.00638
3994.05698	-0.00633
3992.12842	-0.00621
3990.19985	-0.00612
3988.27129	-0.00605
3986.34272	-0.00605
3984.41416	-0.00616
3982.48560	-0.00637
3980.55703	-0.00654
3978.62847	-0.00657
3976.69990	-0.00647
3974.77134	-0.00641
3972.84277	-0.00650
3970.91421	-0.00657
3968.98564	-0.00651
3967.05708	-0.00643
3965.12852	-0.00639
3963.19995	-0.00636
3961.27139	-0.00631
3959.34282	-0.00632
3957.41426	-0.00644
3955.48569	-0.00667
3953.55713	-0.00683
3951.62856	-0.00666
3949.70000	-0.00633
3947.77144	-0.00623
3945.84287	-0.00624
3943.91431	-0.00610
3941.98574	-0.00604
3940.05718	-0.00628
3938.12861	-0.00653
3936.20005	-0.00645
3934.27148	-0.00612
3932.34292	-0.00604
3930.41436	-0.00631
3928.48579	-0.00651
3926.55723	-0.00646
3924.62866	-0.00637
3922.70010	-0.00638
3920.77153	-0.00633
3918.84297	-0.00617
3916.91440	-0.00618
3914.98584	-0.00650
3913.05728	-0.00693
3911.12871	-0.00711
3909.20015	-0.00691
3907.27158	-0.00638
3905.34302	-0.00567
3903.41445	-0.00512
3901.48589	-0.00513
3899.55732	-0.00568
3897.62876	-0.00634
3895.70020	-0.00662
3893.77163	-0.00639
3891.84307	-0.00621
3889.91450	-0.00639
3887.98594	-0.00633
3886.05737	-0.00603
3884.12881	-0.00604
3882.20024	-0.00609
3880.27168	-0.00624
3878.34312	-0.00666
3876.41455	-0.00675
3874.48599	-0.00651
3872.55742	-0.00625
3870.62886	-0.00599
3868.70029	-0.00593
3866.77173	-0.00604
3864.84316	-0.00621
3862.91460	-0.00656
3860.98604	-0.00688
3859.05747	-0.00687
3857.12891	-0.00640
3855.20034	-0.00553
3853.27178	-0.00513
3851.34321	-0.00591
3849.41465	-0.00681
3847.48608	-0.00728
3845.55752	-0.00727
3843.62896	-0.00687
3841.70039	-0.00633
3839.77183	-0.00594
3837.84326	-0.00591
3835.91470	-0.00619
3833.98613	-0.00653
3832.05757	-0.00692
3830.12900	-0.00719
3828.20044	-0.00719
3826.27187	-0.00710
3824.34331	-0.00679
3822.41475	-0.00616
3820.48618	-0.00608
3818.55762	-0.00661
3816.62905	-0.00696
3814.70049	-0.00735
3812.77192	-0.00776
3810.84336	-0.00768
3808.91479	-0.00713
3806.98623	-0.00686
3805.05767	-0.00691
3803.12910	-0.00657
3801.20054	-0.00639
3799.27197	-0.00686
3797.34341	-0.00728
3795.41484	-0.00768
3793.48628	-0.00822
3791.55771	-0.00859
3789.62915	-0.00869
3787.70059	-0.00853
3785.77202	-0.00827
3783.84346	-0.00819
3781.91489	-0.00817
3779.98633	-0.00811
3778.05776	-0.00815
3776.12920	-0.00825
3774.20063	-0.00828
3772.27207	-0.00817
3770.34351	-0.00804
3768.41494	-0.00808
3766.48638	-0.00825
3764.55781	-0.00862
3762.62925	-0.00875
3760.70068	-0.00830
3758.77212	-0.00790
3756.84355	-0.00792
3754.91499	-0.00768
3752.98643	-0.00681
3751.05786	-0.00610
3749.12930	-0.00638
3747.20073	-0.00671
3745.27217	-0.00676
3743.34360	-0.00733
3741.41504	-0.00803
3739.48647	-0.00819
3737.55791	-0.00780
3735.62935	-0.00714
3733.70078	-0.00704
3731.77222	-0.00786
3729.84365	-0.00863
3727.91509	-0.00862
3725.98652	-0.00816
3724.05796	-0.00794
3722.12939	-0.00815
3720.20083	-0.00859
3718.27227	-0.00892
3716.34370	-0.00888
3714.41514	-0.00838
3712.48657	-0.00780
3710.55801	-0.00792
3708.62944	-0.00858
3706.70088	-0.00902
3704.77231	-0.00899
3702.84375	-0.00872
3700.91519	-0.00877
3698.98662	-0.00903
3697.05806	-0.00893
3695.12949	-0.00851
3693.20093	-0.00810
3691.27236	-0.00768
3689.34380	-0.00752
3687.41523	-0.00803
3685.48667	-0.00863
3683.55811	-0.00877
3681.62954	-0.00850
3679.70098	-0.00793
3677.77241	-0.00717
3675.84385	-0.00667
3673.91528	-0.00690
3671.98672	-0.00707
3670.05815	-0.00705
3668.12959	-0.00758
3666.20103	-0.00825
3664.27246	-0.00853
3662.34390	-0.00844
3660.41533	-0.00812
3658.48677	-0.00766
3656.55820	-0.00731
3654.62964	-0.00718
3652.70107	-0.00668
3650.77251	-0.00557
3648.84395	-0.00496
3646.91538	-0.00580
3644.98682	-0.00698
3643.05825	-0.00757
3641.12969	-0.00781
3639.20112	-0.00806
3637.27256	-0.00808
3635.34399	-0.00768
3633.41543	-0.00716
3631.48687	-0.00659
3629.55830	-0.00607
3627.62974	-0.00633
3625.70117	-0.00695
3623.77261	-0.00695
3621.84404	-0.00623
3619.91548	-0.00534
3617.98691	-0.00499
3616.05835	-0.00496
3614.12979	-0.00485
3612.20122	-0.00482
3610.27266	-0.00499
3608.34409	-0.00544
3606.41553	-0.00614
3604.48696	-0.00659
3602.55840	-0.00637
3600.62983	-0.00586
3598.70127	-0.00571
3596.77271	-0.00591
3594.84414	-0.00620
3592.91558	-0.00648
3590.98701	-0.00635
3589.05845	-0.00563
3587.12988	-0.00524
3585.20132	-0.00571
3583.27275	-0.00606
3581.34419	-0.00608
3579.41562	-0.00626
3577.48706	-0.00643
3575.55850	-0.00633
3573.62993	-0.00622
3571.70137	-0.00599
3569.77280	-0.00521
3567.84424	-0.00407
3565.91567	-0.00363
3563.98711	-0.00414
3562.05854	-0.00487
3560.12998	-0.00546
3558.20142	-0.00579
3556.27285	-0.00579
3554.34429	-0.00563
3552.41572	-0.00542
3550.48716	-0.00512
3548.55859	-0.00459
3546.63003	-0.00411
3544.70146	-0.00415
3542.77290	-0.00452
3540.84434	-0.00475
3538.91577	-0.00474
3536.98721	-0.00466
3535.05864	-0.00468
3533.13008	-0.00475
3531.20151	-0.00452
3529.27295	-0.00408
3527.34438	-0.00393
3525.41582	-0.00396
3523.48726	-0.00376
3521.55869	-0.00366
3519.63013	-0.00404
3517.70156	-0.00454
3515.77300	-0.00459
3513.84443	-0.00406
3511.91587	-0.00342
3509.98730	-0.00339
3508.05874	-0.00385
3506.13018	-0.00403
3504.20161	-0.00379
3502.27305	-0.00356
3500.34448	-0.00353
3498.41592	-0.00356
3496.48735	-0.00357
3494.55879	-0.00351
3492.63022	-0.00343
3490.70166	-0.00333
3488.77310	-0.00309
3486.84453	-0.00277
3484.91597	-0.00246
3482.98740	-0.00238
3481.05884	-0.00266
3479.13027	-0.00291
3477.20171	-0.00281
3475.27314	-0.00268
3473.34458	-0.00271
3471.41602	-0.00274
3469.48745	-0.00280
3467.55889	-0.00288
3465.63032	-0.00275
3463.70176	-0.00250
3461.77319	-0.00243
3459.84463	-0.00249
3457.91606	-0.00244
3455.98750	-0.00240
3454.05894	-0.00268
3452.13037	-0.00316
3450.20181	-0.00326
3448.27324	-0.00303
3446.34468	-0.00332
3444.41611	-0.00396
3442.48755	-0.00411
3440.55898	-0.00411
3438.63042	-0.00440
3436.70186	-0.00451
3434.77329	-0.00439
3432.84473	-0.00450
3430.91616	-0.00467
3428.98760	-0.00447
3427.05903	-0.00415
3425.13047	-0.00412
3423.20190	-0.00426
3421.27334	-0.00434
3419.34478	-0.00444
3417.41621	-0.00469
3415.48765	-0.00504
3413.55908	-0.00522
3411.63052	-0.00532
3409.70195	-0.00571
3407.77339	-0.00611
3405.84482	-0.00614
3403.91626	-0.00604
3401.98770	-0.00595
3400.05913	-0.00578
3398.13057	-0.00564
3396.20200	-0.00557
3394.27344	-0.00541
3392.34487	-0.00519
3390.41631	-0.00514
3388.48774	-0.00517
3386.55918	-0.00510
3384.63062	-0.00518
3382.70205	-0.00551
3380.77349	-0.00577
3378.84492	-0.00587
3376.91636	-0.00579
3374.98779	-0.00558
3373.05923	-0.00555
3371.13066	-0.00567
3369.20210	-0.00569
3367.27354	-0.00568
3365.34497	-0.00577
3363.41641	-0.00584
3361.48784	-0.00575
3359.55928	-0.00568
3357.63071	-0.00583
3355.70215	-0.00607
3353.77358	-0.00627
3351.84502	-0.00643
3349.91646	-0.00634
3347.98789	-0.00589
3346.05933	-0.00554
3344.13076	-0.00573
3342.20220	-0.00615
3340.27363	-0.00642
3338.34507	-0.00650
3336.41650	-0.00650
3334.48794	-0.00652
3332.55937	-0.00645
3330.63081	-0.00639
3328.70225	-0.00651
3326.77368	-0.00670
3324.84512	-0.00691
3322.91655	-0.00703
3320.98799	-0.00691
3319.05942	-0.00678
3317.13086	-0.00681
3315.20229	-0.00678
3313.27373	-0.00670
3311.34517	-0.00658
3309.41660	-0.00628
3307.48804	-0.00595
3305.55947	-0.00577
3303.63091	-0.00569
3301.70234	-0.00566
3299.77378	-0.00582
3297.84521	-0.00616
3295.91665	-0.00629
3293.98809	-0.00620
3292.05952	-0.00625
3290.13096	-0.00654
3288.20239	-0.00686
3286.27383	-0.00702
3284.34526	-0.00708
3282.41670	-0.00725
3280.48813	-0.00759
3278.55957	-0.00787
3276.63101	-0.00805
3274.70244	-0.00819
3272.77388	-0.00816
3270.84531	-0.00804
3268.91675	-0.00804
3266.98818	-0.00818
3265.05962	-0.00834
3263.13105	-0.00847
3261.20249	-0.00864
3259.27393	-0.00884
3257.34536	-0.00901
3255.41680	-0.00931
3253.48823	-0.00965
3251.55967	-0.00964
3249.63110	-0.00939
3247.70254	-0.00927
3245.77397	-0.00933
3243.84541	-0.00939
3241.91685	-0.00935
3239.98828	-0.00935
3238.05972	-0.00951
3236.13115	-0.00970
3234.20259	-0.00990
3232.27402	-0.01008
3230.34546	-0.01009
3228.41689	-0.00989
3226.48833	-0.00962
3224.55977	-0.00951
3222.63120	-0.00970
3220.70264	-0.01010
3218.77407	-0.01049
3216.84551	-0.01078
3214.91694	-0.01093
3212.98838	-0.01099
3211.05981	-0.01109
3209.13125	-0.01120
3207.20269	-0.01118
3205.27412	-0.01119
3203.34556	-0.01148
3201.41699	-0.01179
3199.48843	-0.01176
3197.55986	-0.01154
3195.63130	-0.01138
3193.70273	-0.01131
3191.77417	-0.01138
3189.84561	-0.01154
3187.91704	-0.01177
3185.98848	-0.01205
3184.05991	-0.01231
3182.13135	-0.01236
3180.20278	-0.01217
3178.27422	-0.01197
3176.34565	-0.01200
3174.41709	-0.01226
3172.48853	-0.01245
3170.55996	-0.01253
3168.63140	-0.01263
3166.70283	-0.01266
3164.77427	-0.01265
3162.84570	-0.01280
3160.91714	-0.01307
3158.98857	-0.01333
3157.06001	-0.01350
3155.13145	-0.01357
3153.20288	-0.01367
3151.27432	-0.01374
3149.34575	-0.01365
3147.41719	-0.01356
3145.48862	-0.01354
3143.56006	-0.01349
3141.63149	-0.01341
3139.70293	-0.01343
3137.77437	-0.01365
3135.84580	-0.01406
3133.91724	-0.01449
3131.98867	-0.01464
3130.06011	-0.01449
3128.13154	-0.01435
3126.20298	-0.01436
3124.27441	-0.01440
3122.34585	-0.01449
3120.41729	-0.01466
3118.48872	-0.01483
3116.56016	-0.01485
3114.63159	-0.01473
3112.70303	-0.01456
3110.77446	-0.01441
3108.84590	-0.01434
3106.91733	-0.01434
3104.98877	-0.01434
3103.06021	-0.01438
3101.13164	-0.01446
3099.20308	-0.01444
3097.27451	-0.01433
3095.34595	-0.01425
3093.41738	-0.01423
3091.48882	-0.01434
3089.56025	-0.01447
3087.63169	-0.01451
3085.70312	-0.01457
3083.77456	-0.01452
3081.84600	-0.01434
3079.91743	-0.01429
3077.98887	-0.01441
3076.06030	-0.01445
3074.13174	-0.01437
3072.20317	-0.01433
3070.27461	-0.01444
3068.34604	-0.01459
3066.41748	-0.01459
3064.48892	-0.01457
3062.56035	-0.01475
3060.63179	-0.01496
3058.70322	-0.01498
3056.77466	-0.01488
3054.84609	-0.01483
3052.91753	-0.01489
3050.98896	-0.01506
3049.06040	-0.01517
3047.13184	-0.01508
3045.20327	-0.01492
3043.27471	-0.01489
3041.34614	-0.01495
3039.41758	-0.01493
3037.48901	-0.01472
3035.56045	-0.01456
3033.63188	-0.01467
3031.70332	-0.01478
3029.77476	-0.01479
3027.84619	-0.01482
3025.91763	-0.01486
3023.98906	-0.01489
3022.06050	-0.01490
3020.13193	-0.01478
3018.20337	-0.01460
3016.27480	-0.01458
3014.34624	-0.01467
3012.41768	-0.01475
3010.48911	-0.01477
3008.56055	-0.01474
3006.63198	-0.01475
3004.70342	-0.01474
3002.77485	-0.01453
3000.84629	-0.01420
2998.91772	-0.01393
2996.98916	-0.01375
2995.06060	-0.01362
2993.13203	-0.01346
2991.20347	-0.01322
2989.27490	-0.01294
2987.34634	-0.01259
2985.41777	-0.01205
2983.48921	-0.01131
2981.56064	-0.01043
2979.63208	-0.00948
2977.70352	-0.00851
2975.77495	-0.00741
2973.84639	-0.00606
2971.91782	-0.00452
2969.98926	-0.00286
2968.06069	-0.00101
2966.13213	0.00114
2964.20356	0.00361
2962.27500	0.00623
2960.34644	0.00904
2958.41787	0.01227
2956.48931	0.01602
2954.56074	0.02013
2952.63218	0.02454
2950.70361	0.02952
2948.77505	0.03547
2946.84648	0.04265
2944.91792	0.05116
2942.98936	0.06105
2941.06079	0.07245
2939.13223	0.08564
2937.20366	0.10104
2935.27510	0.11905
2933.34653	0.13982
2931.41797	0.16356
2929.48940	0.19085
2927.56084	0.22237
2925.63228	0.25845
2923.70371	0.29879
2921.77515	0.34121
2919.84658	0.37969
2917.91802	0.40379
2915.98945	0.40435
2914.06089	0.38233
2912.13232	0.34819
2910.20376	0.31285
2908.27520	0.28210
2906.34663	0.25718
2904.41807	0.23718
2902.48950	0.22069
2900.56094	0.20653
2898.63237	0.19386
2896.70381	0.18194
2894.77524	0.17035
2892.84668	0.15912
2890.91812	0.14827
2888.98955	0.13776
2887.06099	0.12766
2885.13242	0.11805
2883.20386	0.10878
2881.27529	0.09992
2879.34673	0.09175
2877.41816	0.08449
2875.48960	0.07846
2873.56104	0.07409
2871.63247	0.07165
2869.70391	0.07127
2867.77534	0.07339
2865.84678	0.07881
2863.91821	0.08847
2861.98965	0.10339
2860.06108	0.12495
2858.13252	0.15498
2856.20396	0.19535
2854.27539	0.24595
2852.34683	0.29987
2850.41826	0.33934
2848.48970	0.34530
2846.56113	0.31732
2844.63257	0.27211
2842.70400	0.22502
2840.77544	0.18361
2838.84687	0.15032
2836.91831	0.12480
2834.98975	0.10550
2833.06118	0.09090
2831.13262	0.07974
2829.20405	0.07104
2827.27549	0.06401
2825.34692	0.05822
2823.41836	0.05340
2821.48979	0.04930
2819.56123	0.04570
2817.63267	0.04244
2815.70410	0.03955
2813.77554	0.03703
2811.84697	0.03480
2809.91841	0.03269
2807.98984	0.03068
2806.06128	0.02888
2804.13271	0.02739
2802.20415	0.02606
2800.27559	0.02468
2798.34702	0.02327
2796.41846	0.02198
2794.48989	0.02084
2792.56133	0.01980
2790.63276	0.01878
2788.70420	0.01775
2786.77563	0.01672
2784.84707	0.01574
2782.91851	0.01491
2780.98994	0.01416
2779.06138	0.01340
2777.13281	0.01266
2775.20425	0.01201
2773.27568	0.01147
2771.34712	0.01090
2769.41855	0.01023
2767.48999	0.00958
2765.56143	0.00910
2763.63286	0.00881
2761.70430	0.00852
2759.77573	0.00811
2757.84717	0.00763
2755.91860	0.00718
2753.99004	0.00681
2752.06147	0.00657
2750.13291	0.00637
2748.20435	0.00609
2746.27578	0.00587
2744.34722	0.00575
2742.41865	0.00555
2740.49009	0.00521
2738.56152	0.00488
2736.63296	0.00469
2734.70439	0.00453
2732.77583	0.00425
2730.84727	0.00392
2728.91870	0.00359
2726.99014	0.00324
2725.06157	0.00294
2723.13301	0.00272
2721.20444	0.00254
2719.27588	0.00229
2717.34731	0.00200
2715.41875	0.00174
2713.49019	0.00154
2711.56162	0.00136
2709.63306	0.00119
2707.70449	0.00103
2705.77593	0.00088
2703.84736	0.00072
2701.91880	0.00055
2699.99023	0.00037
2698.06167	0.00020
2696.13311	-0.00001
2694.20454	-0.00030
2692.27598	-0.00049
2690.34741	-0.00043
2688.41885	-0.00033
2686.49028	-0.00032
2684.56172	-0.00032
2682.63315	-0.00032
2680.70459	-0.00036
2678.77603	-0.00042
2676.84746	-0.00049
2674.91890	-0.00052
2672.99033	-0.00049
2671.06177	-0.00050
2669.13320	-0.00065
2667.20464	-0.00086
2665.27607	-0.00097
2663.34751	-0.00101
2661.41895	-0.00099
2659.49038	-0.00089
2657.56182	-0.00087
2655.63325	-0.00095
2653.70469	-0.00102
2651.77612	-0.00106
2649.84756	-0.00115
2647.91899	-0.00136
2645.99043	-0.00163
2644.06187	-0.00175
2642.13330	-0.00172
2640.20474	-0.00177
2638.27617	-0.00194
2636.34761	-0.00217
2634.41904	-0.00243
2632.49048	-0.00265
2630.56191	-0.00286
2628.63335	-0.00308
2626.70479	-0.00325
2624.77622	-0.00332
2622.84766	-0.00344
2620.91909	-0.00365
2618.99053	-0.00379
2617.06196	-0.00391
2615.13340	-0.00417
2613.20483	-0.00448
2611.27627	-0.00471
2609.34771	-0.00490
2607.41914	-0.00505
2605.49058	-0.00524
2603.56201	-0.00548
2601.63345	-0.00573
2599.70488	-0.00587
2597.77632	-0.00591
2595.84775	-0.00600
2593.91919	-0.00626
2591.99062	-0.00656
2590.06206	-0.00672
2588.13350	-0.00668
2586.20493	-0.00665
2584.27637	-0.00684
2582.34780	-0.00724
2580.41924	-0.00770
2578.49067	-0.00798
2576.56211	-0.00805
2574.63354	-0.00804
2572.70498	-0.00807
2570.77642	-0.00825
2568.84785	-0.00849
2566.91929	-0.00865
2564.99072	-0.00870
2563.06216	-0.00868
2561.13359	-0.00860
2559.20503	-0.00862
2557.27646	-0.00888
2555.34790	-0.00916
2553.41934	-0.00926
2551.49077	-0.00924
2549.56221	-0.00923
2547.63364	-0.00929
2545.70508	-0.00936
2543.77651	-0.00940
2541.84795	-0.00949
2539.91938	-0.00967
2537.99082	-0.00979
2536.06226	-0.00974
2534.13369	-0.00957
2532.20513	-0.00954
2530.27656	-0.00973
2528.34800	-0.00997
2526.41943	-0.01012
2524.49087	-0.01014
2522.56230	-0.01017
2520.63374	-0.01039
2518.70518	-0.01066
2516.77661	-0.01070
2514.84805	-0.01066
2512.91948	-0.01068
2510.99092	-0.01072
2509.06235	-0.01076
2507.13379	-0.01079
2505.20522	-0.01083
2503.27666	-0.01085
2501.34810	-0.01073
2499.41953	-0.01058
2497.49097	-0.01066
2495.56240	-0.01093
2493.63384	-0.01108
2491.70527	-0.01112
2489.77671	-0.01119
2487.84814	-0.01125
2485.91958	-0.01132
2483.99102	-0.01140
2482.06245	-0.01140
2480.13389	-0.01136
2478.20532	-0.01136
2476.27676	-0.01143
2474.34819	-0.01158
2472.41963	-0.01177
2470.49106	-0.01183
2468.56250	-0.01174
2466.63394	-0.01171
2464.70537	-0.01182
2462.77681	-0.01187
2460.84824	-0.01185
2458.91968	-0.01179
2456.99111	-0.01171
2455.06255	-0.01178
2453.13398	-0.01195
2451.20542	-0.01203
2449.27686	-0.01209
2447.34829	-0.01223
2445.41973	-0.01238
2443.49116	-0.01249
2441.56260	-0.01257
2439.63403	-0.01260
2437.70547	-0.01259
2435.77690	-0.01259
2433.84834	-0.01264
2431.91978	-0.01274
2429.99121	-0.01279
2428.06265	-0.01277
2426.13408	-0.01269
2424.20552	-0.01269
2422.27695	-0.01279
2420.34839	-0.01287
2418.41982	-0.01277
2416.49126	-0.01257
2414.56270	-0.01250
2412.63413	-0.01260
2410.70557	-0.01277
2408.77700	-0.01297
2406.84844	-0.01313
2404.91987	-0.01320
2402.99131	-0.01329
2401.06274	-0.01337
2399.13418	-0.01281
2397.20562	-0.01258
2395.27705	-0.01266
2393.34849	-0.01284
2391.41992	-0.01309
2389.49136	-0.01340
2387.56279	-0.01371
2385.63423	-0.01397
2383.70566	-0.01416
2381.77710	-0.01432
2379.84854	-0.01445
2377.91997	-0.01446
2375.99141	-0.01431
2374.06284	-0.01416
2372.13428	-0.01417
2370.20571	-0.01433
2368.27715	-0.01453
2366.34858	-0.01476
2364.42002	-0.01499
2362.49146	-0.01501
2360.56289	-0.01484
2358.63433	-0.01470
2356.70576	-0.01474
2354.77720	-0.01492
2352.84863	-0.01530
2350.92007	-0.01572
2348.99150	-0.01586
2347.06294	-0.01529
2345.13437	-0.01467
2343.20581	-0.01430
2341.27725	-0.01406
2339.34868	-0.01398
2337.42012	-0.01408
2335.49155	-0.01416
2333.56299	-0.01418
2331.63442	-0.01424
2329.70586	-0.01422
2327.77729	-0.01392
2325.84873	-0.01323
2323.92017	-0.01261
2321.99160	-0.01255
2320.06304	-0.01280
2318.13447	-0.01301
2316.20591	-0.01308
2314.27734	-0.01302
2312.34878	-0.01284
2310.42021	-0.01262
2308.49165	-0.01254
2306.56309	-0.01260
2304.63452	-0.01275
2302.70596	-0.01288
2300.77739	-0.01292
2298.84883	-0.01290
2296.92026	-0.01290
2294.99170	-0.01292
2293.06313	-0.01291
2291.13457	-0.01277
2289.20601	-0.01246
2287.27744	-0.01211
2285.34888	-0.01189
2283.42031	-0.01186
2281.49175	-0.01201
2279.56318	-0.01214
2277.63462	-0.01219
2275.70605	-0.01234
2273.77749	-0.01265
2271.84893	-0.01287
2269.92036	-0.01288
2267.99180	-0.01292
2266.06323	-0.01314
2264.13467	-0.01336
2262.20610	-0.01336
2260.27754	-0.01327
2258.34897	-0.01344
2256.42041	-0.01387
2254.49185	-0.01410
2252.56328	-0.01389
2250.63472	-0.01357
2248.70615	-0.01328
2246.77759	-0.01347
2244.84902	-0.01339
2242.92046	-0.01318
2240.99189	-0.01316
2239.06333	-0.01338
2237.13477	-0.01359
2235.20620	-0.01356
2233.27764	-0.01345
2231.34907	-0.01357
2229.42051	-0.01370
2227.49194	-0.01371
2225.56338	-0.01383
2223.63481	-0.01394
2221.70625	-0.01387
2219.77769	-0.01399
2217.84912	-0.01433
2215.92056	-0.01455
2213.99199	-0.01470
2212.06343	-0.01481
2210.13486	-0.01469
2208.20630	-0.01438
2206.27773	-0.01413
2204.34917	-0.01392
2202.42061	-0.01366
2200.49204	-0.01346
2198.56348	-0.01322
2196.63491	-0.01291
2194.70635	-0.01277
2192.77778	-0.01285
2190.84922	-0.01280
2188.92065	-0.01252
2186.99209	-0.01235
2185.06353	-0.01248
2183.13496	-0.01290
2181.20640	-0.01340
2179.27783	-0.01383
2177.34927	-0.01424
2175.42070	-0.01437
2173.49214	-0.01389
2171.56357	-0.01321
2169.63501	-0.01278
2167.70645	-0.01239
2165.77788	-0.01209
2163.84932	-0.01218
2161.92075	-0.01259
2159.99219	-0.01354
2158.06362	-0.01463
2156.13506	-0.01482
2154.20649	-0.01456
2152.27793	-0.01452
2150.34937	-0.01465
2148.42080	-0.01489
2146.49224	-0.01493
2144.56367	-0.01465
2142.63511	-0.01451
2140.70654	-0.01460
2138.77798	-0.01488
2136.84941	-0.01547
2134.92085	-0.01600
2132.99229	-0.01587
2131.06372	-0.01517
2129.13516	-0.01451
2127.20659	-0.01408
2125.27803	-0.01387
2123.34946	-0.01386
2121.42090	-0.01385
2119.49233	-0.01371
2117.56377	-0.01351
2115.63521	-0.01347
2113.70664	-0.01356
2111.77808	-0.01340
2109.84951	-0.01308
2107.92095	-0.01300
2105.99238	-0.01323
2104.06382	-0.01356
2102.13525	-0.01374
2100.20669	-0.01369
2098.27812	-0.01365
2096.34956	-0.01369
2094.42100	-0.01362
2092.49243	-0.01356
2090.56387	-0.01353
2088.63530	-0.01325
2086.70674	-0.01282
2084.77817	-0.01265
2082.84961	-0.01283
2080.92104	-0.01315
2078.99248	-0.01337
2077.06392	-0.01340
2075.13535	-0.01331
2073.20679	-0.01328
2071.27822	-0.01342
2069.34966	-0.01360
2067.42109	-0.01351
2065.49253	-0.01322
2063.56396	-0.01317
2061.63540	-0.01333
2059.70684	-0.01338
2057.77827	-0.01334
2055.84971	-0.01326
2053.92114	-0.01302
2051.99258	-0.01276
2050.06401	-0.01271
2048.13545	-0.01273
2046.20688	-0.01272
2044.27832	-0.01281
2042.34976	-0.01282
2040.42119	-0.01247
2038.49263	-0.01216
2036.56406	-0.01252
2034.63550	-0.01312
2032.70693	-0.01297
2030.77837	-0.01243
2028.84980	-0.01238
2026.92124	-0.01281
2024.99268	-0.01337
2023.06411	-0.01367
2021.13555	-0.01318
2019.20698	-0.01231
2017.27842	-0.01192
2015.34985	-0.01203
2013.42129	-0.01253
2011.49272	-0.01325
2009.56416	-0.01373
2007.63560	-0.01396
2005.70703	-0.01406
2003.77847	-0.01401
2001.84990	-0.01396
1999.92134	-0.01384
1997.99277	-0.01340
1996.06421	-0.01275
1994.13564	-0.01224
1992.20708	-0.01196
1990.27852	-0.01179
1988.34995	-0.01162
1986.42139	-0.01136
1984.49282	-0.01117
1982.56426	-0.01119
1980.63569	-0.01135
1978.70713	-0.01199
1976.77856	-0.01312
1974.85000	-0.01380
1972.92144	-0.01366
1970.99287	-0.01330
1969.06431	-0.01313
1967.13574	-0.01281
1965.20718	-0.01234
1963.27861	-0.01211
1961.35005	-0.01219
1959.42148	-0.01227
1957.49292	-0.01226
1955.56436	-0.01226
1953.63579	-0.01231
1951.70723	-0.01242
1949.77866	-0.01240
1947.85010	-0.01211
1945.92153	-0.01173
1943.99297	-0.01154
1942.06440	-0.01165
1940.13584	-0.01184
1938.20728	-0.01189
1936.27871	-0.01191
1934.35015	-0.01207
1932.42158	-0.01221
1930.49302	-0.01218
1928.56445	-0.01204
1926.63589	-0.01191
1924.70732	-0.01169
1922.77876	-0.01137
1920.85020	-0.01111
1918.92163	-0.01093
1916.99307	-0.01086
1915.06450	-0.01101
1913.13594	-0.01117
1911.20737	-0.01100
1909.27881	-0.01062
1907.35024	-0.01041
1905.42168	-0.01039
1903.49312	-0.01040
1901.56455	-0.01042
1899.63599	-0.01032
1897.70742	-0.01005
1895.77886	-0.00982
1893.85029	-0.00983
1891.92173	-0.00984
1889.99316	-0.00963
1888.06460	-0.00948
1886.13604	-0.00952
1884.20747	-0.00961
1882.27891	-0.00969
1880.35034	-0.00977
1878.42178	-0.00976
1876.49321	-0.00964
1874.56465	-0.00945
1872.63608	-0.00912
1870.70752	-0.00861
1868.77896	-0.00820
1866.85039	-0.00834
1864.92183	-0.00880
1862.99326	-0.00904
1861.06470	-0.00891
1859.13613	-0.00866
1857.20757	-0.00866
1855.27900	-0.00884
1853.35044	-0.00888
1851.42187	-0.00867
1849.49331	-0.00840
1847.56475	-0.00811
1845.63618	-0.00772
1843.70762	-0.00773
1841.77905	-0.00831
1839.85049	-0.00870
1837.92192	-0.00862
1835.99336	-0.00839
1834.06479	-0.00810
1832.13623	-0.00760
1830.20767	-0.00714
1828.27910	-0.00705
1826.35054	-0.00719
1824.42197	-0.00735
1822.49341	-0.00753
1820.56484	-0.00760
1818.63628	-0.00752
1816.70771	-0.00738
1814.77915	-0.00708
1812.85059	-0.00668
1810.92202	-0.00653
1808.99346	-0.00670
1807.06489	-0.00677
1805.13633	-0.00647
1803.20776	-0.00596
1801.27920	-0.00551
1799.35063	-0.00536
1797.42207	-0.00524
1795.49351	-0.00481
1793.56494	-0.00413
1791.63638	-0.00382
1789.70781	-0.00409
1787.77925	-0.00420
1785.85068	-0.00398
1783.92212	-0.00370
1781.99355	-0.00345
1780.06499	-0.00326
1778.13643	-0.00310
1776.20786	-0.00274
1774.27930	-0.00202
1772.35073	-0.00136
1770.42217	-0.00102
1768.49360	-0.00079
1766.56504	-0.00040
1764.63647	0.00045
1762.70791	0.00180
1760.77935	0.00314
1758.85078	0.00429
1756.92222	0.00602
1754.99365	0.00886
1753.06509	0.01402
1751.13652	0.02402
1749.20796	0.04112
1747.27939	0.06614
1745.35083	0.09979
1743.42227	0.14014
1741.49370	0.17986
1739.56514	0.20857
1737.63657	0.21878
1735.70801	0.21036
1733.77944	0.18382
1731.85088	0.15245
1729.92231	0.12645
1727.99375	0.10397
1726.06519	0.08602
1724.13662	0.07245
1722.20806	0.06286
1720.27949	0.05682
1718.35093	0.05225
1716.42236	0.04738
1714.49380	0.04272
1712.56523	0.03892
1710.63667	0.03590
1708.70811	0.03368
1706.77954	0.03197
1704.85098	0.03051
1702.92241	0.02955
1700.99385	0.02906
1699.06528	0.02828
1697.13672	0.02689
1695.20815	0.02487
1693.27959	0.02285
1691.35103	0.02161
1689.42246	0.02083
1687.49390	0.02052
1685.56533	0.02081
1683.63677	0.02050
1681.70820	0.01906
1679.77964	0.01794
1677.85107	0.01772
1675.92251	0.01796
1673.99395	0.01805
1672.06538	0.01816
1670.13682	0.01836
1668.20825	0.01800
1666.27969	0.01753
1664.35112	0.01772
1662.42256	0.01802
1660.49399	0.01781
1658.56543	0.01771
1656.63687	0.01848
1654.70830	0.02009
1652.77974	0.02092
1650.85117	0.02042
1648.92261	0.02064
1646.99404	0.02128
1645.06548	0.02095
1643.13691	0.02025
1641.20835	0.02009
1639.27979	0.02054
1637.35122	0.02125
1635.42266	0.02098
1633.49409	0.01947
1631.56553	0.01835
1629.63696	0.01795
1627.70840	0.01778
1625.77983	0.01767
1623.85127	0.01750
1621.92271	0.01692
1619.99414	0.01650
1618.06558	0.01666
1616.13701	0.01668
1614.20845	0.01616
1612.27988	0.01578
1610.35132	0.01576
1608.42275	0.01585
1606.49419	0.01592
1604.56562	0.01597
1602.63706	0.01605
1600.70850	0.01612
1598.77993	0.01623
1596.85137	0.01646
1594.92280	0.01679
1592.99424	0.01707
1591.06567	0.01726
1589.13711	0.01752
1587.20854	0.01792
1585.27998	0.01845
1583.35142	0.01905
1581.42285	0.01971
1579.49429	0.02055
1577.56572	0.02156
1575.63716	0.02212
1573.70859	0.02199
1571.78003	0.02211
1569.85146	0.02256
1567.92290	0.02271
1565.99434	0.02267
1564.06577	0.02282
1562.13721	0.02360
1560.20864	0.02532
1558.28008	0.02592
1556.35151	0.02432
1554.42295	0.02299
1552.49438	0.02234
1550.56582	0.02204
1548.63726	0.02190
1546.70869	0.02210
1544.78013	0.02280
1542.85156	0.02359
1540.92300	0.02363
1538.99443	0.02192
1537.06587	0.02006
1535.13730	0.01924
1533.20874	0.01865
1531.28018	0.01778
1529.35161	0.01725
1527.42305	0.01722
1525.49448	0.01734
1523.56592	0.01766
1521.63735	0.01790
1519.70879	0.01753
1517.78022	0.01700
1515.85166	0.01642
1513.92310	0.01585
1511.99453	0.01580
1510.06597	0.01651
1508.13740	0.01761
1506.20884	0.01732
1504.28027	0.01565
1502.35171	0.01475
1500.42314	0.01486
1498.49458	0.01539
1496.56602	0.01549
1494.63745	0.01521
1492.70889	0.01549
1490.78032	0.01651
1488.85176	0.01726
1486.92319	0.01730
1484.99463	0.01758
1483.06606	0.01889
1481.13750	0.02168
1479.20894	0.02735
1477.28037	0.04001
1475.35181	0.06453
1473.42324	0.10139
1471.49468	0.13718
1469.56611	0.15600
1467.63755	0.16089
1465.70898	0.15441
1463.78042	0.13778
1461.85186	0.12066
1459.92329	0.10803
1457.99473	0.09780
1456.06616	0.08800
1454.13760	0.07974
1452.20903	0.07310
1450.28047	0.06788
1448.35190	0.06426
1446.42334	0.06189
1444.49478	0.06061
1442.56621	0.06018
1440.63765	0.06024
1438.70908	0.06060
1436.78052	0.06064
1434.85195	0.05953
1432.92339	0.05781
1430.99482	0.05582
1429.06626	0.05332
1427.13770	0.05068
1425.20913	0.04822
1423.28057	0.04588
1421.35200	0.04393
1419.42344	0.04217
1417.49487	0.03998
1415.56631	0.03782
1413.63774	0.03617
1411.70918	0.03489
1409.78062	0.03375
1407.85205	0.03284
1405.92349	0.03213
1403.99492	0.03135
1402.06636	0.03071
1400.13779	0.03051
1398.20923	0.03058
1396.28066	0.03064
1394.35210	0.03064
1392.42354	0.03083
1390.49497	0.03181
1388.56641	0.03394
1386.63784	0.03698
1384.70928	0.04068
1382.78071	0.04561
1380.85215	0.05225
1378.92358	0.06028
1376.99502	0.06932
1375.06646	0.07893
1373.13789	0.08715
1371.20933	0.09128
1369.28076	0.09072
1367.35220	0.08645
1365.42363	0.08042
1363.49507	0.07392
1361.56650	0.06748
1359.63794	0.06202
1357.70937	0.05795
1355.78081	0.05494
1353.85225	0.05235
1351.92368	0.04948
1349.99512	0.04603
1348.06655	0.04220
1346.13799	0.03841
1344.20942	0.03515
1342.28086	0.03276
1340.35229	0.03105
1338.42373	0.02941
1336.49517	0.02775
1334.56660	0.02643
1332.63804	0.02560
1330.70947	0.02515
1328.78091	0.02490
1326.85234	0.02482
1324.92378	0.02494
1322.99521	0.02526
1321.06665	0.02578
1319.13809	0.02636
1317.20952	0.02678
1315.28096	0.02710
1313.35239	0.02749
1311.42383	0.02789
1309.49526	0.02823
1307.56670	0.02858
1305.63813	0.02887
1303.70957	0.02904
1301.78101	0.02922
1299.85244	0.02948
1297.92388	0.02983
1295.99531	0.03023
1294.06675	0.03060
1292.13818	0.03095
1290.20962	0.03139
1288.28105	0.03203
1286.35249	0.03293
1284.42393	0.03408
1282.49536	0.03562
1280.56680	0.03751
1278.63823	0.03957
1276.70967	0.04189
1274.78110	0.04466
1272.85254	0.04795
1270.92397	0.05178
1268.99541	0.05617
1267.06685	0.06126
1265.13828	0.06722
1263.20972	0.07424
1261.28115	0.08252
1259.35259	0.09217
1257.42402	0.10320
1255.49546	0.11586
1253.56689	0.13060
1251.63833	0.14768
1249.70977	0.16707
1247.78120	0.18828
1245.85264	0.21032
1243.92407	0.23172
1241.99551	0.25036
1240.06694	0.26370
1238.13838	0.26932
1236.20981	0.26573
1234.28125	0.25311
1232.35269	0.23353
1230.42412	0.21025
1228.49556	0.18649
1226.56699	0.16467
1224.63843	0.14607
1222.70986	0.13077
1220.78130	0.11826
1218.85273	0.10799
1216.92417	0.09945
1214.99561	0.09221
1213.06704	0.08595
1211.13848	0.08046
1209.20991	0.07557
1207.28135	0.07121
1205.35278	0.06743
1203.42422	0.06420
1201.49565	0.06142
1199.56709	0.05903
1197.63853	0.05699
1195.70996	0.05522
1193.78140	0.05365
1191.85283	0.05229
1189.92427	0.05115
1187.99570	0.05017
1186.06714	0.04927
1184.13857	0.04845
1182.21001	0.04771
1180.28145	0.04708
1178.35288	0.04654
1176.42432	0.04610
1174.49575	0.04575
1172.56719	0.04540
1170.63862	0.04509
1168.71006	0.04486
1166.78149	0.04471
1164.85293	0.04471
1162.92437	0.04483
1160.99580	0.04506
1159.06724	0.04535
1157.13867	0.04567
1155.21011	0.04610
1153.28154	0.04671
1151.35298	0.04740
1149.42441	0.04799
1147.49585	0.04835
1145.56729	0.04848
1143.63872	0.04850
1141.71016	0.04851
1139.78159	0.04872
1137.85303	0.04914
1135.92446	0.04961
1133.99590	0.05016
1132.06733	0.05094
1130.13877	0.05190
1128.21021	0.05272
1126.28164	0.05313
1124.35308	0.05318
1122.42451	0.05307
1120.49595	0.05284
1118.56738	0.05250
1116.63882	0.05217
1114.71025	0.05191
1112.78169	0.05166
1110.85312	0.05137
1108.92456	0.05113
1106.99600	0.05099
1105.06743	0.05106
1103.13887	0.05130
1101.21030	0.05153
1099.28174	0.05175
1097.35317	0.05199
1095.42461	0.05231
1093.49604	0.05275
1091.56748	0.05326
1089.63892	0.05373
1087.71035	0.05425
1085.78179	0.05496
1083.85322	0.05572
1081.92466	0.05634
1079.99609	0.05692
1078.06753	0.05768
1076.13896	0.05860
1074.21040	0.05963
1072.28184	0.06075
1070.35327	0.06170
1068.42471	0.06227
1066.49614	0.06246
1064.56758	0.06238
1062.63901	0.06225
1060.71045	0.06237
1058.78188	0.06269
1056.85332	0.06312
1054.92476	0.06388
1052.99619	0.06519
1051.06763	0.06694
1049.13906	0.06893
1047.21050	0.07091
1045.28193	0.07254
1043.35337	0.07353
1041.42480	0.07404
1039.49624	0.07459
1037.56768	0.07567
1035.63911	0.07762
1033.71055	0.08072
1031.78198	0.08518
1029.85342	0.09114
1027.92485	0.09854
1025.99629	0.10691
1024.06772	0.11512
1022.13916	0.12139
1020.21060	0.12397
1018.28203	0.12208
1016.35347	0.11607
1014.42490	0.10726
1012.49634	0.09750
1010.56777	0.08817
1008.63921	0.07997
1006.71064	0.07321
1004.78208	0.06779
1002.85352	0.06339
1000.92495	0.06000
998.99639	0.05750
997.06782	0.05557
995.13926	0.05404
993.21069	0.05288
991.28213	0.05195
989.35356	0.05107
987.42500	0.05025
985.49644	0.04969
983.56787	0.04939
981.63931	0.04924
979.71074	0.04921
977.78218	0.04928
975.85361	0.04945
973.92505	0.04974
971.99648	0.05022
970.06792	0.05084
968.13936	0.05147
966.21079	0.05197
964.28223	0.05231
962.35366	0.05260
960.42510	0.05283
958.49653	0.05284
956.56797	0.05265
954.63940	0.05232
952.71084	0.05191
950.78228	0.05138
948.85371	0.05091
946.92515	0.05077
944.99658	0.05104
943.06802	0.05157
941.13945	0.05240
939.21089	0.05360
937.28232	0.05474
935.35376	0.05511
933.42520	0.05429
931.49663	0.05230
929.56807	0.04935
927.63950	0.04597
925.71094	0.04284
923.78237	0.04041
921.85381	0.03869
919.92524	0.03746
917.99668	0.03648
916.06812	0.03564
914.13955	0.03497
912.21099	0.03455
910.28242	0.03413
908.35386	0.03331
906.42529	0.03204
904.49673	0.03055
902.56816	0.02908
900.63960	0.02784
898.71104	0.02684
896.78247	0.02596
894.85391	0.02525
892.92534	0.02480
890.99678	0.02451
889.06821	0.02432
887.13965	0.02433
885.21108	0.02457
883.28252	0.02491
881.35396	0.02525
879.42539	0.02560
877.49683	0.02605
875.56826	0.02644
873.63970	0.02665
871.71113	0.02676
869.78257	0.02683
867.85400	0.02681
865.92544	0.02668
863.99687	0.02643
862.06831	0.02613
860.13975	0.02579
858.21118	0.02530
856.28262	0.02460
854.35405	0.02387
852.42549	0.02330
850.49692	0.02285
848.56836	0.02248
846.63979	0.02214
844.71123	0.02186
842.78267	0.02147
840.85410	0.02079
838.92554	0.01992
836.99697	0.01895
835.06841	0.01788
833.13984	0.01678
831.21128	0.01562
829.28271	0.01449
827.35415	0.01339
825.42559	0.01217
823.49702	0.01096
821.56846	0.00992
819.63989	0.00876
817.71133	0.00735
815.78276	0.00588
813.85420	0.00430
811.92563	0.00247
809.99707	0.00063
808.06851	-0.00114
806.13994	-0.00304
804.21138	-0.00507
802.28281	-0.00707
800.35425	-0.00909
798.42568	-0.01124
796.49712	-0.01372
794.56855	-0.01662
792.63999	-0.01987
790.71143	-0.02334
788.78286	-0.02689
786.85430	-0.03038
784.92573	-0.03379
782.99717	-0.03730
781.06860	-0.04102
779.14004	-0.04481
777.21147	-0.04850
775.28291	-0.05209
773.35435	-0.05559
771.42578	-0.05894
769.49722	-0.06200
767.56865	-0.06459
765.64009	-0.06679
763.71152	-0.06872
761.78296	-0.07008
759.85439	-0.07046
757.92583	-0.07010
755.99727	-0.06948
754.06870	-0.06877
752.14014	-0.06813
750.21157	-0.06784
748.28301	-0.06778
746.35444	-0.06738
744.42588	-0.06641
742.49731	-0.06487
740.56875	-0.06266
738.64019	-0.05980
736.71162	-0.05589
734.78306	-0.04975
732.85449	-0.04058
730.92593	-0.02863
728.99736	-0.01453
727.06880	0.00180
725.14023	0.02100
723.21167	0.04269
721.28311	0.06378
719.35454	0.07647
717.42598	0.07252
715.49741	0.05209
713.56885	0.02515
711.64028	0.00206
709.71172	-0.01371
707.78315	-0.02378
705.85459	-0.03039
703.92603	-0.03482
701.99746	-0.03793
700.06890	-0.04035
698.14033	-0.04217
696.21177	-0.04338
694.28320	-0.04409
692.35464	-0.04436
690.42607	-0.04440
688.49751	-0.04430
686.56895	-0.04382
684.64038	-0.04291
682.71182	-0.04188
680.78325	-0.04090
678.85469	-0.03992
676.92612	-0.03897
674.99756	-0.03811
673.06899	-0.03716
671.14043	-0.03554
669.21187	-0.03342
667.28330	-0.03257
665.35474	-0.03262
663.42617	-0.03265
661.49761	-0.03177
659.56904	-0.03050
657.64048	-0.02938
655.71191	-0.02844
653.78335	-0.02746
651.85479	-0.02616
649.92622	-0.02475
647.99766	-0.02408
646.06909	-0.02472
644.14053	-0.02687
642.21196	-0.03092
640.28340	-0.03756
638.35483	-0.04804
636.42627	-0.06393
634.49771	-0.08450
632.56914	-0.10287
630.64058	-0.10787
628.71201	-0.09484
626.78345	-0.07277
624.85488	-0.05335
622.92632	-0.03953
620.99775	-0.03040
619.06919	-0.02427
617.14062	-0.01835
615.21206	-0.01105
613.28350	-0.00251
611.35493	0.00626
609.42637	0.01241
607.49780	0.01305
605.56924	0.00883
603.64067	0.00268
601.71211	-0.00311
599.78354	-0.00803
