3997.91411	-0.01248
3995.98555	-0.01248
3994.05698	-0.01252
3992.12842	-0.01261
3990.19985	-0.01266
3988.27129	-0.01260
3986.34272	-0.01248
3984.41416	-0.01239
3982.48560	-0.01231
3980.55703	-0.01224
3978.62847	-0.01229
3976.69990	-0.01244
3974.77134	-0.01257
3972.84277	-0.01256
3970.91421	-0.01245
3968.98564	-0.01232
3967.05708	-0.01225
3965.12852	-0.01229
3963.19995	-0.01240
3961.27139	-0.01248
3959.34282	-0.01253
3957.41426	-0.01258
3955.48569	-0.01258
3953.55713	-0.01254
3951.62856	-0.01253
3949.70000	-0.01252
3947.77144	-0.01253
3945.84287	-0.01259
3943.91431	-0.01264
3941.98574	-0.01263
3940.05718	-0.01259
3938.12861	-0.01257
3936.20005	-0.01261
3934.27148	-0.01263
3932.34292	-0.01258
3930.41436	-0.01252
3928.48579	-0.01255
3926.55723	-0.01267
3924.62866	-0.01276
3922.70010	-0.01276
3920.77153	-0.01272
3918.84297	-0.01268
3916.91440	-0.01255
3914.98584	-0.01237
3913.05728	-0.01230
3911.12871	-0.01238
3909.20015	-0.01254
3907.27158	-0.01267
3905.34302	-0.01264
3903.41445	-0.01249
3901.48589	-0.01237
3899.55732	-0.01233
3897.62876	-0.01241
3895.70020	-0.01258
3893.77163	-0.01267
3891.84307	-0.01252
3889.91450	-0.01230
3887.98594	-0.01223
3886.05737	-0.01236
3884.12881	-0.01266
3882.20024	-0.01298
3880.27168	-0.01304
3878.34312	-0.01290
3876.41455	-0.01287
3874.48599	-0.01298
3872.55742	-0.01302
3870.62886	-0.01289
3868.70029	-0.01275
3866.77173	-0.01275
3864.84316	-0.01284
3862.91460	-0.01292
3860.98604	-0.01303
3859.05747	-0.01328
3857.12891	-0.01357
3855.20034	-0.01358
3853.27178	-0.01324
3851.34321	-0.01298
3849.41465	-0.01302
3847.48608	-0.01318
3845.55752	-0.01332
3843.62896	-0.01345
3841.70039	-0.01357
3839.77183	-0.01350
3837.84326	-0.01315
3835.91470	-0.01284
3833.98613	-0.01281
3832.05757	-0.01292
3830.12900	-0.01302
3828.20044	-0.01310
3826.27187	-0.01322
3824.34331	-0.01337
3822.41475	-0.01343
3820.48618	-0.01338
3818.55762	-0.01327
3816.62905	-0.01302
3814.70049	-0.01272
3812.77192	-0.01261
3810.84336	-0.01272
3808.91479	-0.01286
3806.98623	-0.01302
3805.05767	-0.01326
3803.12910	-0.01342
3801.20054	-0.01331
3799.27197	-0.01318
3797.34341	-0.01319
3795.41484	-0.01315
3793.48628	-0.01301
3791.55771	-0.01285
3789.62915	-0.01274
3787.70059	-0.01280
3785.77202	-0.01299
3783.84346	-0.01316
3781.91489	-0.01331
3779.98633	-0.01340
3778.05776	-0.01334
3776.12920	-0.01322
3774.20063	-0.01316
3772.27207	-0.01314
3770.34351	-0.01313
3768.41494	-0.01309
3766.48638	-0.01301
3764.55781	-0.01300
3762.62925	-0.01315
3760.70068	-0.01333
3758.77212	-0.01344
3756.84355	-0.01359
3754.91499	-0.01389
3752.98643	-0.01411
3751.05786	-0.01406
3749.12930	-0.01403
3747.20073	-0.01419
3745.27217	-0.01416
3743.34360	-0.01387
3741.41504	-0.01377
3739.48647	-0.01377
3737.55791	-0.01361
3735.62935	-0.01344
3733.70078	-0.01342
3731.77222	-0.01335
3729.84365	-0.01314
3727.91509	-0.01307
3725.98652	-0.01309
3724.05796	-0.01316
3722.12939	-0.01310
3720.20083	-0.01297
3718.27227	-0.01305
3716.34370	-0.01328
3714.41514	-0.01350
3712.48657	-0.01361
3710.55801	-0.01346
3708.62944	-0.01319
3706.70088	-0.01304
3704.77231	-0.01304
3702.84375	-0.01302
3700.91519	-0.01291
3698.98662	-0.01280
3697.05806	-0.01282
3695.12949	-0.01298
3693.20093	-0.01318
3691.27236	-0.01312
3689.34380	-0.01272
3687.41523	-0.01233
3685.48667	-0.01230
3683.55811	-0.01250
3681.62954	-0.01260
3679.70098	-0.01250
3677.77241	-0.01225
3675.84385	-0.01187
3673.91528	-0.01145
3671.98672	-0.01113
3670.05815	-0.01089
3668.12959	-0.01078
3666.20103	-0.01072
3664.27246	-0.01056
3662.34390	-0.01030
3660.41533	-0.01006
3658.48677	-0.00978
3656.55820	-0.00945
3654.62964	-0.00925
3652.70107	-0.00919
3650.77251	-0.00907
3648.84395	-0.00882
3646.91538	-0.00846
3644.98682	-0.00806
3643.05825	-0.00763
3641.12969	-0.00727
3639.20112	-0.00701
3637.27256	-0.00670
3635.34399	-0.00617
3633.41543	-0.00560
3631.48687	-0.00513
3629.55830	-0.00459
3627.62974	-0.00406
3625.70117	-0.00377
3623.77261	-0.00372
3621.84404	-0.00364
3619.91548	-0.00325
3617.98691	-0.00276
3616.05835	-0.00246
3614.12979	-0.00200
3612.20122	-0.00124
3610.27266	-0.00048
3608.34409	0.00019
3606.41553	0.00077
3604.48696	0.00115
3602.55840	0.00130
3600.62983	0.00133
3598.70127	0.00149
3596.77271	0.00197
3594.84414	0.00265
3592.91558	0.00321
3590.98701	0.00356
3589.05845	0.00394
3587.12988	0.00453
3585.20132	0.00512
3583.27275	0.00550
3581.34419	0.00579
3579.41562	0.00616
3577.48706	0.00667
3575.55850	0.00729
3573.62993	0.00791
3571.70137	0.00840
3569.77280	0.00871
3567.84424	0.00898
3565.91567	0.00940
3563.98711	0.00996
3562.05854	0.01053
3560.12998	0.01093
3558.20142	0.01117
3556.27285	0.01147
3554.34429	0.01187
3552.41572	0.01225
3550.48716	0.01265
3548.55859	0.01321
3546.63003	0.01402
3544.70146	0.01504
3542.77290	0.01590
3540.84434	0.01629
3538.91577	0.01641
3536.98721	0.01668
3535.05864	0.01726
3533.13008	0.01804
3531.20151	0.01871
3529.27295	0.01904
3527.34438	0.01925
3525.41582	0.01968
3523.48726	0.02037
3521.55869	0.02108
3519.63013	0.02166
3517.70156	0.02215
3515.77300	0.02256
3513.84443	0.02276
3511.91587	0.02288
3509.98730	0.02317
3508.05874	0.02364
3506.13018	0.02416
3504.20161	0.02476
3502.27305	0.02541
3500.34448	0.02587
3498.41592	0.02606
3496.48735	0.02625
3494.55879	0.02673
3492.63022	0.02727
3490.70166	0.02758
3488.77310	0.02796
3486.84453	0.02870
3484.91597	0.02940
3482.98740	0.02966
3481.05884	0.02981
3479.13027	0.03016
3477.20171	0.03055
3475.27314	0.03093
3473.34458	0.03143
3471.41602	0.03192
3469.48745	0.03228
3467.55889	0.03262
3465.63032	0.03297
3463.70176	0.03330
3461.77319	0.03355
3459.84463	0.03375
3457.91606	0.03413
3455.98750	0.03488
3454.05894	0.03574
3452.13037	0.03634
3450.20181	0.03660
3448.27324	0.03677
3446.34468	0.03698
3444.41611	0.03714
3442.48755	0.03732
3440.55898	0.03779
3438.63042	0.03847
3436.70186	0.03908
3434.77329	0.03944
3432.84473	0.03960
3430.91616	0.03974
3428.98760	0.04005
3427.05903	0.04053
3425.13047	0.04096
3423.20190	0.04126
3421.27334	0.04156
3419.34478	0.04185
3417.41621	0.04211
3415.48765	0.04237
3413.55908	0.04256
3411.63052	0.04275
3409.70195	0.04310
3407.77339	0.04349
3405.84482	0.04389
3403.91626	0.04430
3401.98770	0.04467
3400.05913	0.04494
3398.13057	0.04504
3396.20200	0.04513
3394.27344	0.04518
3392.34487	0.04521
3390.41631	0.04531
3388.48774	0.04547
3386.55918	0.04560
3384.63062	0.04576
3382.70205	0.04598
3380.77349	0.04624
3378.84492	0.04659
3376.91636	0.04701
3374.98779	0.04745
3373.05923	0.04775
3371.13066	0.04770
3369.20210	0.04744
3367.27354	0.04736
3365.34497	0.04766
3363.41641	0.04817
3361.48784	0.04850
3359.55928	0.04857
3357.63071	0.04861
3355.70215	0.04866
3353.77358	0.04870
3351.84502	0.04893
3349.91646	0.04927
3347.98789	0.04938
3346.05933	0.04934
3344.13076	0.04937
3342.20220	0.04931
3340.27363	0.04907
3338.34507	0.04885
3336.41650	0.04876
3334.48794	0.04879
3332.55937	0.04891
3330.63081	0.04909
3328.70225	0.04920
3326.77368	0.04923
3324.84512	0.04920
3322.91655	0.04913
3320.98799	0.04909
3319.05942	0.04902
3317.13086	0.04873
3315.20229	0.04824
3313.27373	0.04804
3311.34517	0.04828
3309.41660	0.04854
3307.48804	0.04854
3305.55947	0.04839
3303.63091	0.04823
3301.70234	0.04814
3299.77378	0.04817
3297.84521	0.04827
3295.91665	0.04822
3293.98809	0.04798
3292.05952	0.04772
3290.13096	0.04760
3288.20239	0.04763
3286.27383	0.04767
3284.34526	0.04757
3282.41670	0.04740
3280.48813	0.04724
3278.55957	0.04711
3276.63101	0.04707
3274.70244	0.04702
3272.77388	0.04700
3270.84531	0.04710
3268.91675	0.04710
3266.98818	0.04684
3265.05962	0.04652
3263.13105	0.04637
3261.20249	0.04631
3259.27393	0.04609
3257.34536	0.04560
3255.41680	0.04506
3253.48823	0.04467
3251.55967	0.04442
3249.63110	0.04412
3247.70254	0.04368
3245.77397	0.04327
3243.84541	0.04297
3241.91685	0.04274
3239.98828	0.04256
3238.05972	0.04229
3236.13115	0.04189
3234.20259	0.04150
3232.27402	0.04117
3230.34546	0.04095
3228.41689	0.04076
3226.48833	0.04052
3224.55977	0.04032
3222.63120	0.04013
3220.70264	0.03981
3218.77407	0.03954
3216.84551	0.03932
3214.91694	0.03895
3212.98838	0.03855
3211.05981	0.03831
3209.13125	0.03810
3207.20269	0.03779
3205.27412	0.03745
3203.34556	0.03724
3201.41699	0.03703
3199.48843	0.03660
3197.55986	0.03605
3195.63130	0.03559
3193.70273	0.03536
3191.77417	0.03516
3189.84561	0.03463
3187.91704	0.03398
3185.98848	0.03364
3184.05991	0.03343
3182.13135	0.03314
3180.20278	0.03279
3178.27422	0.03242
3176.34565	0.03211
3174.41709	0.03181
3172.48853	0.03137
3170.55996	0.03092
3168.63140	0.03060
3166.70283	0.03026
3164.77427	0.02986
3162.84570	0.02940
3160.91714	0.02887
3158.98857	0.02836
3157.06001	0.02789
3155.13145	0.02741
3153.20288	0.02707
3151.27432	0.02688
3149.34575	0.02661
3147.41719	0.02618
3145.48862	0.02580
3143.56006	0.02560
3141.63149	0.02550
3139.70293	0.02532
3137.77437	0.02493
3135.84580	0.02423
3133.91724	0.02341
3131.98867	0.02280
3130.06011	0.02245
3128.13154	0.02219
3126.20298	0.02196
3124.27441	0.02169
3122.34585	0.02130
3120.41729	0.02089
3118.48872	0.02061
3116.56016	0.02042
3114.63159	0.02012
3112.70303	0.01976
3110.77446	0.01950
3108.84590	0.01932
3106.91733	0.01905
3104.98877	0.01867
3103.06021	0.01831
3101.13164	0.01799
3099.20308	0.01765
3097.27451	0.01732
3095.34595	0.01713
3093.41738	0.01706
3091.48882	0.01693
3089.56025	0.01671
3087.63169	0.01652
3085.70312	0.01627
3083.77456	0.01588
3081.84600	0.01555
3079.91743	0.01538
3077.98887	0.01525
3076.06030	0.01510
3074.13174	0.01486
3072.20317	0.01446
3070.27461	0.01394
3068.34604	0.01345
3066.41748	0.01308
3064.48892	0.01283
3062.56035	0.01263
3060.63179	0.01240
3058.70322	0.01210
3056.77466	0.01178
3054.84609	0.01148
3052.91753	0.01117
3050.98896	0.01092
3049.06040	0.01084
3047.13184	0.01078
3045.20327	0.01047
3043.27471	0.01007
3041.34614	0.00977
3039.41758	0.00948
3037.48901	0.00917
3035.56045	0.00891
3033.63188	0.00871
3031.70332	0.00854
3029.77476	0.00838
3027.84619	0.00815
3025.91763	0.00785
3023.98906	0.00747
3022.06050	0.00708
3020.13193	0.00680
3018.20337	0.00662
3016.27480	0.00645
3014.34624	0.00631
3012.41768	0.00624
3010.48911	0.00626
3008.56055	0.00626
3006.63198	0.00610
3004.70342	0.00582
3002.77485	0.00555
3000.84629	0.00535
2998.91772	0.00531
2996.98916	0.00544
2995.06060	0.00554
2993.13203	0.00549
2991.20347	0.00541
2989.27490	0.00547
2987.34634	0.00568
2985.41777	0.00594
2983.48921	0.00621
2981.56064	0.00656
2979.63208	0.00695
2977.70352	0.00726
2975.77495	0.00748
2973.84639	0.00771
2971.91782	0.00813
2969.98926	0.00869
2968.06069	0.00922
2966.13213	0.00965
2964.20356	0.01022
2962.27500	0.01111
2960.34644	0.01212
2958.41787	0.01309
2956.48931	0.01413
2954.56074	0.01536
2952.63218	0.01688
2950.70361	0.01874
2948.77505	0.02089
2946.84648	0.02350
2944.91792	0.02682
2942.98936	0.03099
2941.06079	0.03608
2939.13223	0.04205
2937.20366	0.04891
2935.27510	0.05691
2933.34653	0.06639
2931.41797	0.07745
2929.48940	0.09022
2927.56084	0.10525
2925.63228	0.12321
2923.70371	0.14428
2921.77515	0.16786
2919.84658	0.19249
2917.91802	0.21524
2915.98945	0.23134
2914.06089	0.23641
2912.13232	0.23032
2910.20376	0.21769
2908.27520	0.20338
2906.34663	0.18985
2904.41807	0.17799
2902.48950	0.16795
2900.56094	0.15942
2898.63237	0.15203
2896.70381	0.14544
2894.77524	0.13920
2892.84668	0.13292
2890.91812	0.12646
2888.98955	0.11995
2887.06099	0.11343
2885.13242	0.10699
2883.20386	0.10069
2881.27529	0.09439
2879.34673	0.08785
2877.41816	0.08111
2875.48960	0.07452
2873.56104	0.06860
2871.63247	0.06378
2869.70391	0.06022
2867.77534	0.05798
2865.84678	0.05716
2863.91821	0.05817
2861.98965	0.06187
2860.06108	0.06946
2858.13252	0.08241
2856.20396	0.10247
2854.27539	0.13084
2852.34683	0.16572
2850.41826	0.19906
2848.48970	0.21760
2846.56113	0.21337
2844.63257	0.19206
2842.70400	0.16526
2840.77544	0.14045
2838.84687	0.12032
2836.91831	0.10505
2834.98975	0.09359
2833.06118	0.08471
2831.13262	0.07760
2829.20405	0.07183
2827.27549	0.06705
2825.34692	0.06300
2823.41836	0.05956
2821.48979	0.05662
2819.56123	0.05403
2817.63267	0.05166
2815.70410	0.04947
2813.77554	0.04758
2811.84697	0.04593
2809.91841	0.04441
2807.98984	0.04302
2806.06128	0.04181
2804.13271	0.04069
2802.20415	0.03959
2800.27559	0.03853
2798.34702	0.03752
2796.41846	0.03655
2794.48989	0.03566
2792.56133	0.03484
2790.63276	0.03402
2788.70420	0.03315
2786.77563	0.03230
2784.84707	0.03152
2782.91851	0.03080
2780.98994	0.03008
2779.06138	0.02936
2777.13281	0.02873
2775.20425	0.02819
2773.27568	0.02764
2771.34712	0.02708
2769.41855	0.02661
2767.48999	0.02617
2765.56143	0.02572
2763.63286	0.02533
2761.70430	0.02501
2759.77573	0.02472
2757.84717	0.02435
2755.91860	0.02393
2753.99004	0.02354
2752.06147	0.02326
2750.13291	0.02308
2748.20435	0.02287
2746.27578	0.02256
2744.34722	0.02228
2742.41865	0.02211
2740.49009	0.02202
2738.56152	0.02189
2736.63296	0.02163
2734.70439	0.02129
2732.77583	0.02104
2730.84727	0.02085
2728.91870	0.02068
2726.99014	0.02051
2725.06157	0.02029
2723.13301	0.01996
2721.20444	0.01963
2719.27588	0.01938
2717.34731	0.01918
2715.41875	0.01901
2713.49019	0.01886
2711.56162	0.01870
2709.63306	0.01842
2707.70449	0.01813
2705.77593	0.01792
2703.84736	0.01773
2701.91880	0.01752
2699.99023	0.01735
2698.06167	0.01727
2696.13311	0.01722
2694.20454	0.01712
2692.27598	0.01697
2690.34741	0.01677
2688.41885	0.01654
2686.49028	0.01635
2684.56172	0.01622
2682.63315	0.01615
2680.70459	0.01617
2678.77603	0.01622
2676.84746	0.01620
2674.91890	0.01610
2672.99033	0.01603
2671.06177	0.01604
2669.13320	0.01605
2667.20464	0.01605
2665.27607	0.01610
2663.34751	0.01615
2661.41895	0.01612
2659.49038	0.01602
2657.56182	0.01588
2655.63325	0.01567
2653.70469	0.01541
2651.77612	0.01522
2649.84756	0.01514
2647.91899	0.01510
2645.99043	0.01506
2644.06187	0.01503
2642.13330	0.01499
2640.20474	0.01496
2638.27617	0.01497
2636.34761	0.01491
2634.41904	0.01471
2632.49048	0.01445
2630.56191	0.01421
2628.63335	0.01397
2626.70479	0.01367
2624.77622	0.01330
2622.84766	0.01301
2620.91909	0.01286
2618.99053	0.01273
2617.06196	0.01253
2615.13340	0.01226
2613.20483	0.01196
2611.27627	0.01163
2609.34771	0.01131
2607.41914	0.01100
2605.49058	0.01072
2603.56201	0.01052
2601.63345	0.01042
2599.70488	0.01043
2597.77632	0.01046
2595.84775	0.01033
2593.91919	0.01007
2591.99062	0.00982
2590.06206	0.00962
2588.13350	0.00945
2586.20493	0.00931
2584.27637	0.00918
2582.34780	0.00907
2580.41924	0.00892
2578.49067	0.00870
2576.56211	0.00852
2574.63354	0.00840
2572.70498	0.00834
2570.77642	0.00835
2568.84785	0.00830
2566.91929	0.00815
2564.99072	0.00803
2563.06216	0.00794
2561.13359	0.00778
2559.20503	0.00760
2557.27646	0.00742
2555.34790	0.00713
2553.41934	0.00682
2551.49077	0.00670
2549.56221	0.00681
2547.63364	0.00692
2545.70508	0.00687
2543.77651	0.00683
2541.84795	0.00686
2539.91938	0.00688
2537.99082	0.00687
2536.06226	0.00681
2534.13369	0.00674
2532.20513	0.00674
2530.27656	0.00677
2528.34800	0.00674
2526.41943	0.00663
2524.49087	0.00649
2522.56230	0.00641
2520.63374	0.00635
2518.70518	0.00618
2516.77661	0.00594
2514.84805	0.00585
2512.91948	0.00591
2510.99092	0.00592
2509.06235	0.00583
2507.13379	0.00573
2505.20522	0.00562
2503.27666	0.00548
2501.34810	0.00533
2499.41953	0.00517
2497.49097	0.00509
2495.56240	0.00507
2493.63384	0.00503
2491.70527	0.00502
2489.77671	0.00505
2487.84814	0.00511
2485.91958	0.00513
2483.99102	0.00511
2482.06245	0.00501
2480.13389	0.00486
2478.20532	0.00479
2476.27676	0.00476
2474.34819	0.00472
2472.41963	0.00473
2470.49106	0.00483
2468.56250	0.00486
2466.63394	0.00474
2464.70537	0.00463
2462.77681	0.00459
2460.84824	0.00450
2458.91968	0.00441
2456.99111	0.00448
2455.06255	0.00459
2453.13398	0.00460
2451.20542	0.00454
2449.27686	0.00444
2447.34829	0.00433
2445.41973	0.00422
2443.49116	0.00413
2441.56260	0.00418
2439.63403	0.00423
2437.70547	0.00413
2435.77690	0.00402
2433.84834	0.00395
2431.91978	0.00388
2429.99121	0.00388
2428.06265	0.00395
2426.13408	0.00403
2424.20552	0.00406
2422.27695	0.00405
2420.34839	0.00409
2418.41982	0.00414
2416.49126	0.00403
2414.56270	0.00382
2412.63413	0.00366
2410.70557	0.00360
2408.77700	0.00357
2406.84844	0.00346
2404.91987	0.00327
2402.99131	0.00325
2401.06274	0.00346
2399.13418	0.00280
2397.20562	0.00270
2395.27705	0.00296
2393.34849	0.00331
2391.41992	0.00369
2389.49136	0.00405
2387.56279	0.00451
2385.63423	0.00516
2383.70566	0.00594
2381.77710	0.00667
2379.84854	0.00717
2377.91997	0.00730
2375.99141	0.00708
2374.06284	0.00677
2372.13428	0.00674
2370.20571	0.00702
2368.27715	0.00629
2366.34858	0.00551
2364.42002	0.00636
2362.49146	0.00631
2360.56289	0.00766
2358.63433	0.00986
2356.70576	0.00728
2354.77720	0.01022
2352.84863	0.01244
2350.92007	0.01154
2348.99150	0.01098
2347.06294	0.00885
2345.13437	0.00644
2343.20581	0.00838
2341.27725	0.01416
2339.34868	0.01580
2337.42012	0.01283
2335.49155	0.00792
2333.56299	0.00473
2331.63442	0.00404
2329.70586	0.00483
2327.77729	0.00674
2325.84873	0.00797
2323.92017	0.00799
2321.99160	0.00750
2320.06304	0.00677
2318.13447	0.00642
2316.20591	0.00647
2314.27734	0.00674
2312.34878	0.00727
2310.42021	0.00786
2308.49165	0.00810
2306.56309	0.00829
2304.63452	0.00820
2302.70596	0.00772
2300.77739	0.00713
2298.84883	0.00660
2296.92026	0.00624
2294.99170	0.00605
2293.06313	0.00604
2291.13457	0.00605
2289.20601	0.00609
2287.27744	0.00589
2285.34888	0.00545
2283.42031	0.00498
2281.49175	0.00445
2279.56318	0.00398
2277.63462	0.00376
2275.70605	0.00380
2273.77749	0.00388
2271.84893	0.00386
2269.92036	0.00384
2267.99180	0.00389
2266.06323	0.00404
2264.13467	0.00416
2262.20610	0.00419
2260.27754	0.00413
2258.34897	0.00387
2256.42041	0.00347
2254.49185	0.00317
2252.56328	0.00317
2250.63472	0.00329
2248.70615	0.00301
2246.77759	0.00343
2244.84902	0.00369
2242.92046	0.00371
2240.99189	0.00372
2239.06333	0.00369
2237.13477	0.00336
2235.20620	0.00292
2233.27764	0.00278
2231.34907	0.00301
2229.42051	0.00337
2227.49194	0.00352
2225.56338	0.00323
2223.63481	0.00280
2221.70625	0.00261
2219.77769	0.00253
2217.84912	0.00237
2215.92056	0.00208
2213.99199	0.00179
2212.06343	0.00187
2210.13486	0.00220
2208.20630	0.00243
2206.27773	0.00255
2204.34917	0.00253
2202.42061	0.00227
2200.49204	0.00199
2198.56348	0.00197
2196.63491	0.00221
2194.70635	0.00251
2192.77778	0.00272
2190.84922	0.00283
2188.92065	0.00276
2186.99209	0.00248
2185.06353	0.00226
2183.13496	0.00221
2181.20640	0.00205
2179.27783	0.00188
2177.34927	0.00185
2175.42070	0.00163
2173.49214	0.00123
2171.56357	0.00126
2169.63501	0.00195
2167.70645	0.00262
2165.77788	0.00278
2163.84932	0.00286
2161.92075	0.00268
2159.99219	0.00112
2158.06362	-0.00092
2156.13506	-0.00132
2154.20649	-0.00042
2152.27793	0.00045
2150.34937	0.00071
2148.42080	0.00043
2146.49224	0.00006
2144.56367	0.00007
2142.63511	0.00050
2140.70654	0.00081
2138.77798	0.00055
2136.84941	-0.00006
2134.92085	-0.00047
2132.99229	-0.00027
2131.06372	0.00023
2129.13516	0.00052
2127.20659	0.00059
2125.27803	0.00068
2123.34946	0.00093
2121.42090	0.00128
2119.49233	0.00167
2117.56377	0.00204
2115.63521	0.00245
2113.70664	0.00271
2111.77808	0.00264
2109.84951	0.00224
2107.92095	0.00176
2105.99238	0.00164
2104.06382	0.00194
2102.13525	0.00226
2100.20669	0.00245
2098.27812	0.00248
2096.34956	0.00210
2094.42100	0.00169
2092.49243	0.00149
2090.56387	0.00144
2088.63530	0.00153
2086.70674	0.00174
2084.77817	0.00202
2082.84961	0.00240
2080.92104	0.00266
2078.99248	0.00280
2077.06392	0.00292
2075.13535	0.00295
2073.20679	0.00292
2071.27822	0.00281
2069.34966	0.00257
2067.42109	0.00237
2065.49253	0.00240
2063.56396	0.00243
2061.63540	0.00225
2059.70684	0.00209
2057.77827	0.00209
2055.84971	0.00226
2053.92114	0.00274
2051.99258	0.00362
2050.06401	0.00425
2048.13545	0.00384
2046.20688	0.00280
2044.27832	0.00211
2042.34976	0.00208
2040.42119	0.00230
2038.49263	0.00232
2036.56406	0.00213
2034.63550	0.00197
2032.70693	0.00191
2030.77837	0.00187
2028.84980	0.00199
2026.92124	0.00226
2024.99268	0.00244
2023.06411	0.00243
2021.13555	0.00222
2019.20698	0.00184
2017.27842	0.00151
2015.34985	0.00134
2013.42129	0.00140
2011.49272	0.00168
2009.56416	0.00193
2007.63560	0.00181
2005.70703	0.00147
2003.77847	0.00131
2001.84990	0.00124
1999.92134	0.00089
1997.99277	0.00044
1996.06421	0.00018
1994.13564	0.00011
1992.20708	0.00021
1990.27852	0.00055
1988.34995	0.00124
1986.42139	0.00221
1984.49282	0.00303
1982.56426	0.00329
1980.63569	0.00293
1978.70713	0.00188
1976.77856	0.00070
1974.85000	0.00043
1972.92144	0.00100
1970.99287	0.00167
1969.06431	0.00205
1967.13574	0.00198
1965.20718	0.00146
1963.27861	0.00083
1961.35005	0.00046
1959.42148	0.00026
1957.49292	0.00000
1955.56436	-0.00028
1953.63579	-0.00032
1951.70723	-0.00014
1949.77866	0.00006
1947.85010	0.00021
1945.92153	0.00028
1943.99297	0.00024
1942.06440	0.00020
1940.13584	0.00028
1938.20728	0.00039
1936.27871	0.00051
1934.35015	0.00069
1932.42158	0.00081
1930.49302	0.00078
1928.56445	0.00068
1926.63589	0.00059
1924.70732	0.00060
1922.77876	0.00085
1920.85020	0.00132
1918.92163	0.00172
1916.99307	0.00175
1915.06450	0.00144
1913.13594	0.00114
1911.20737	0.00112
1909.27881	0.00128
1907.35024	0.00154
1905.42168	0.00194
1903.49312	0.00232
1901.56455	0.00249
1899.63599	0.00249
1897.70742	0.00243
1895.77886	0.00242
1893.85029	0.00242
1891.92173	0.00230
1889.99316	0.00205
1888.06460	0.00181
1886.13604	0.00174
1884.20747	0.00180
1882.27891	0.00182
1880.35034	0.00173
1878.42178	0.00160
1876.49321	0.00156
1874.56465	0.00161
1872.63608	0.00159
1870.70752	0.00147
1868.77896	0.00136
1866.85039	0.00137
1864.92183	0.00145
1862.99326	0.00151
1861.06470	0.00158
1859.13613	0.00166
1857.20757	0.00172
1855.27900	0.00178
1853.35044	0.00178
1851.42187	0.00164
1849.49331	0.00148
1847.56475	0.00148
1845.63618	0.00164
1843.70762	0.00182
1841.77905	0.00187
1839.85049	0.00185
1837.92192	0.00186
1835.99336	0.00184
1834.06479	0.00178
1832.13623	0.00183
1830.20767	0.00208
1828.27910	0.00238
1826.35054	0.00260
1824.42197	0.00273
1822.49341	0.00283
1820.56484	0.00287
1818.63628	0.00281
1816.70771	0.00270
1814.77915	0.00270
1812.85059	0.00280
1810.92202	0.00293
1808.99346	0.00307
1807.06489	0.00317
1805.13633	0.00324
1803.20776	0.00334
1801.27920	0.00350
1799.35063	0.00360
1797.42207	0.00365
1795.49351	0.00381
1793.56494	0.00420
1791.63638	0.00462
1789.70781	0.00480
1787.77925	0.00483
1785.85068	0.00489
1783.92212	0.00492
1781.99355	0.00489
1780.06499	0.00492
1778.13643	0.00504
1776.20786	0.00516
1774.27930	0.00529
1772.35073	0.00555
1770.42217	0.00588
1768.49360	0.00614
1766.56504	0.00633
1764.63647	0.00652
1762.70791	0.00670
1760.77935	0.00679
1758.85078	0.00682
1756.92222	0.00690
1754.99365	0.00704
1753.06509	0.00725
1751.13652	0.00753
1749.20796	0.00783
1747.27939	0.00814
1745.35083	0.00855
1743.42227	0.00904
1741.49370	0.00953
1739.56514	0.00995
1737.63657	0.01027
1735.70801	0.01053
1733.77944	0.01077
1731.85088	0.01092
1729.92231	0.01111
1727.99375	0.01146
1726.06519	0.01193
1724.13662	0.01240
1722.20806	0.01283
1720.27949	0.01328
1718.35093	0.01387
1716.42236	0.01458
1714.49380	0.01524
1712.56523	0.01576
1710.63667	0.01617
1708.70811	0.01651
1706.77954	0.01680
1704.85098	0.01708
1702.92241	0.01747
1700.99385	0.01816
1699.06528	0.01906
1697.13672	0.01995
1695.20815	0.02081
1693.27959	0.02156
1691.35103	0.02218
1689.42246	0.02288
1687.49390	0.02377
1685.56533	0.02497
1683.63677	0.02631
1681.70820	0.02732
1679.77964	0.02805
1677.85107	0.02886
1675.92251	0.02987
1673.99395	0.03088
1672.06538	0.03179
1670.13682	0.03281
1668.20825	0.03396
1666.27969	0.03497
1664.35112	0.03593
1662.42256	0.03694
1660.49399	0.03786
1658.56543	0.03857
1656.63687	0.03915
1654.70830	0.03977
1652.77974	0.04048
1650.85117	0.04100
1648.92261	0.04130
1646.99404	0.04173
1645.06548	0.04225
1643.13691	0.04256
1641.20835	0.04262
1639.27979	0.04264
1637.35122	0.04275
1635.42266	0.04284
1633.49409	0.04265
1631.56553	0.04218
1629.63696	0.04159
1627.70840	0.04093
1625.77983	0.04015
1623.85127	0.03930
1621.92271	0.03855
1619.99414	0.03795
1618.06558	0.03732
1616.13701	0.03646
1614.20845	0.03538
1612.27988	0.03429
1610.35132	0.03328
1608.42275	0.03242
1606.49419	0.03170
1604.56562	0.03104
1602.63706	0.03043
1600.70850	0.02991
1598.77993	0.02941
1596.85137	0.02888
1594.92280	0.02832
1592.99424	0.02776
1591.06567	0.02722
1589.13711	0.02671
1587.20854	0.02620
1585.27998	0.02568
1583.35142	0.02516
1581.42285	0.02462
1579.49429	0.02409
1577.56572	0.02361
1575.63716	0.02325
1573.70859	0.02298
1571.78003	0.02275
1569.85146	0.02258
1567.92290	0.02243
1565.99434	0.02229
1564.06577	0.02220
1562.13721	0.02227
1560.20864	0.02259
1558.28008	0.02306
1556.35151	0.02334
1554.42295	0.02343
1552.49438	0.02348
1550.56582	0.02352
1548.63726	0.02351
1546.70869	0.02352
1544.78013	0.02359
1542.85156	0.02366
1540.92300	0.02364
1538.99443	0.02349
1537.06587	0.02326
1535.13730	0.02313
1533.20874	0.02309
1531.28018	0.02298
1529.35161	0.02284
1527.42305	0.02273
1525.49448	0.02254
1523.56592	0.02223
1521.63735	0.02185
1519.70879	0.02142
1517.78022	0.02105
1515.85166	0.02079
1513.92310	0.02048
1511.99453	0.02005
1510.06597	0.01963
1508.13740	0.01936
1506.20884	0.01914
1504.28027	0.01881
1502.35171	0.01842
1500.42314	0.01814
1498.49458	0.01800
1496.56602	0.01786
1494.63745	0.01771
1492.70889	0.01766
1490.78032	0.01780
1488.85176	0.01802
1486.92319	0.01826
1484.99463	0.01865
1483.06606	0.01949
1481.13750	0.02156
1479.20894	0.02748
1477.28037	0.04289
1475.35181	0.07196
1473.42324	0.10698
1471.49468	0.12801
1469.56611	0.12669
1467.63755	0.11504
1465.70898	0.10475
1463.78042	0.09776
1461.85186	0.09051
1459.92329	0.08065
1457.99473	0.06977
1456.06616	0.06133
1454.13760	0.05641
1452.20903	0.05342
1450.28047	0.05123
1448.35190	0.04965
1446.42334	0.04856
1444.49478	0.04786
1442.56621	0.04748
1440.63765	0.04730
1438.70908	0.04717
1436.78052	0.04695
1434.85195	0.04650
1432.92339	0.04590
1430.99482	0.04528
1429.06626	0.04468
1427.13770	0.04401
1425.20913	0.04329
1423.28057	0.04262
1421.35200	0.04206
1419.42344	0.04156
1417.49487	0.04107
1415.56631	0.04059
1413.63774	0.04010
1411.70918	0.03962
1409.78062	0.03915
1407.85205	0.03866
1405.92349	0.03812
1403.99492	0.03756
1402.06636	0.03708
1400.13779	0.03666
1398.20923	0.03622
1396.28066	0.03580
1394.35210	0.03546
1392.42354	0.03523
1390.49497	0.03515
1388.56641	0.03530
1386.63784	0.03562
1384.70928	0.03599
1382.78071	0.03643
1380.85215	0.03701
1378.92358	0.03771
1376.99502	0.03853
1375.06646	0.03949
1373.13789	0.04050
1371.20933	0.04131
1369.28076	0.04180
1367.35220	0.04197
1365.42363	0.04189
1363.49507	0.04172
1361.56650	0.04157
1359.63794	0.04146
1357.70937	0.04139
1355.78081	0.04138
1353.85225	0.04137
1351.92368	0.04130
1349.99512	0.04116
1348.06655	0.04096
1346.13799	0.04072
1344.20942	0.04040
1342.28086	0.03999
1340.35229	0.03952
1338.42373	0.03902
1336.49517	0.03849
1334.56660	0.03796
1332.63804	0.03745
1330.70947	0.03700
1328.78091	0.03667
1326.85234	0.03653
1324.92378	0.03658
1322.99521	0.03678
1321.06665	0.03708
1319.13809	0.03738
1317.20952	0.03764
1315.28096	0.03783
1313.35239	0.03799
1311.42383	0.03806
1309.49526	0.03802
1307.56670	0.03788
1305.63813	0.03772
1303.70957	0.03764
1301.78101	0.03765
1299.85244	0.03776
1297.92388	0.03792
1295.99531	0.03817
1294.06675	0.03854
1292.13818	0.03901
1290.20962	0.03954
1288.28105	0.04023
1286.35249	0.04114
1284.42393	0.04217
1282.49536	0.04323
1280.56680	0.04434
1278.63823	0.04555
1276.70967	0.04688
1274.78110	0.04826
1272.85254	0.04965
1270.92397	0.05111
1268.99541	0.05268
1267.06685	0.05421
1265.13828	0.05555
1263.20972	0.05673
1261.28115	0.05777
1259.35259	0.05863
1257.42402	0.05939
1255.49546	0.06004
1253.56689	0.06056
1251.63833	0.06102
1249.70977	0.06145
1247.78120	0.06178
1245.85264	0.06197
1243.92407	0.06205
1241.99551	0.06205
1240.06694	0.06205
1238.13838	0.06211
1236.20981	0.06222
1234.28125	0.06235
1232.35269	0.06257
1230.42412	0.06282
1228.49556	0.06296
1226.56699	0.06301
1224.63843	0.06305
1222.70986	0.06308
1220.78130	0.06303
1218.85273	0.06285
1216.92417	0.06260
1214.99561	0.06236
1213.06704	0.06210
1211.13848	0.06177
1209.20991	0.06134
1207.28135	0.06076
1205.35278	0.05995
1203.42422	0.05885
1201.49565	0.05749
1199.56709	0.05602
1197.63853	0.05443
1195.70996	0.05267
1193.78140	0.05082
1191.85283	0.04905
1189.92427	0.04744
1187.99570	0.04605
1186.06714	0.04496
1184.13857	0.04428
1182.21001	0.04406
1180.28145	0.04427
1178.35288	0.04487
1176.42432	0.04577
1174.49575	0.04680
1172.56719	0.04804
1170.63862	0.04955
1168.71006	0.05120
1166.78149	0.05288
1164.85293	0.05450
1162.92437	0.05605
1160.99580	0.05752
1159.06724	0.05888
1157.13867	0.06013
1155.21011	0.06130
1153.28154	0.06232
1151.35298	0.06312
1149.42441	0.06368
1147.49585	0.06397
1145.56729	0.06395
1143.63872	0.06364
1141.71016	0.06309
1139.78159	0.06242
1137.85303	0.06182
1135.92446	0.06146
1133.99590	0.06144
1132.06733	0.06169
1130.13877	0.06219
1128.21021	0.06293
1126.28164	0.06376
1124.35308	0.06450
1122.42451	0.06514
1120.49595	0.06578
1118.56738	0.06659
1116.63882	0.06763
1114.71025	0.06881
1112.78169	0.06997
1110.85312	0.07099
1108.92456	0.07193
1106.99600	0.07281
1105.06743	0.07355
1103.13887	0.07432
1101.21030	0.07539
1099.28174	0.07675
1097.35317	0.07820
1095.42461	0.07975
1093.49604	0.08145
1091.56748	0.08322
1089.63892	0.08498
1087.71035	0.08670
1085.78179	0.08839
1083.85322	0.09024
1081.92466	0.09231
1079.99609	0.09434
1078.06753	0.09611
1076.13896	0.09763
1074.21040	0.09886
1072.28184	0.09980
1070.35327	0.10059
1068.42471	0.10135
1066.49614	0.10224
1064.56758	0.10341
1062.63901	0.10493
1060.71045	0.10669
1058.78188	0.10853
1056.85332	0.11038
1054.92476	0.11220
1052.99619	0.11385
1051.06763	0.11509
1049.13906	0.11580
1047.21050	0.11613
1045.28193	0.11629
1043.35337	0.11628
1041.42480	0.11605
1039.49624	0.11581
1037.56768	0.11567
1035.63911	0.11552
1033.71055	0.11531
1031.78198	0.11511
1029.85342	0.11489
1027.92485	0.11446
1025.99629	0.11377
1024.06772	0.11293
1022.13916	0.11199
1020.21060	0.11092
1018.28203	0.10971
1016.35347	0.10836
1014.42490	0.10691
1012.49634	0.10545
1010.56777	0.10388
1008.63921	0.10210
1006.71064	0.10025
1004.78208	0.09848
1002.85352	0.09680
1000.92495	0.09525
998.99639	0.09383
997.06782	0.09243
995.13926	0.09098
993.21069	0.08945
991.28213	0.08778
989.35356	0.08578
987.42500	0.08335
985.49644	0.08067
983.56787	0.07797
981.63931	0.07534
979.71074	0.07292
977.78218	0.07084
975.85361	0.06902
973.92505	0.06726
971.99648	0.06547
970.06792	0.06370
968.13936	0.06202
966.21079	0.06036
964.28223	0.05866
962.35366	0.05704
960.42510	0.05565
958.49653	0.05454
956.56797	0.05372
954.63940	0.05311
952.71084	0.05264
950.78228	0.05240
948.85371	0.05256
946.92515	0.05307
944.99658	0.05375
943.06802	0.05452
941.13945	0.05528
939.21089	0.05602
937.28232	0.05665
935.35376	0.05698
933.42520	0.05701
931.49663	0.05687
929.56807	0.05642
927.63950	0.05564
925.71094	0.05474
923.78237	0.05386
921.85381	0.05279
919.92524	0.05149
917.99668	0.05019
916.06812	0.04927
914.13955	0.04899
912.21099	0.04946
910.28242	0.05038
908.35386	0.05076
906.42529	0.04975
904.49673	0.04774
902.56816	0.04569
900.63960	0.04410
898.71104	0.04297
896.78247	0.04210
894.85391	0.04132
892.92534	0.04056
890.99678	0.03987
889.06821	0.03924
887.13965	0.03863
885.21108	0.03818
883.28252	0.03800
881.35396	0.03812
879.42539	0.03835
877.49683	0.03843
875.56826	0.03846
873.63970	0.03869
871.71113	0.03913
869.78257	0.03968
867.85400	0.04036
865.92544	0.04120
863.99687	0.04216
862.06831	0.04316
860.13975	0.04422
858.21118	0.04536
856.28262	0.04647
854.35405	0.04732
852.42549	0.04788
850.49692	0.04828
848.56836	0.04854
846.63979	0.04860
844.71123	0.04851
842.78267	0.04824
840.85410	0.04792
838.92554	0.04770
836.99697	0.04748
835.06841	0.04736
833.13984	0.04771
831.21128	0.04857
829.28271	0.04954
827.35415	0.05026
825.42559	0.05075
823.49702	0.05124
821.56846	0.05169
819.63989	0.05205
817.71133	0.05243
815.78276	0.05278
813.85420	0.05293
811.92563	0.05292
809.99707	0.05304
808.06851	0.05350
806.13994	0.05438
804.21138	0.05549
802.28281	0.05635
800.35425	0.05667
798.42568	0.05666
796.49712	0.05655
794.56855	0.05633
792.63999	0.05592
790.71143	0.05538
788.78286	0.05505
786.85430	0.05501
784.92573	0.05501
782.99717	0.05507
781.06860	0.05534
779.14004	0.05571
777.21147	0.05603
775.28291	0.05629
773.35435	0.05652
771.42578	0.05680
769.49722	0.05723
767.56865	0.05764
765.64009	0.05786
763.71152	0.05785
761.78296	0.05769
759.85439	0.05759
757.92583	0.05769
755.99727	0.05797
754.06870	0.05846
752.14014	0.05924
750.21157	0.06016
748.28301	0.06075
746.35444	0.06098
744.42588	0.06143
742.49731	0.06232
740.56875	0.06352
738.64019	0.06524
736.71162	0.06890
734.78306	0.07733
732.85449	0.09054
730.92593	0.10122
728.99736	0.10349
727.06880	0.10264
725.14023	0.10672
723.21167	0.11954
721.28311	0.14192
719.35454	0.17112
717.42598	0.19486
715.49741	0.19760
713.56885	0.17806
711.64028	0.15114
709.71172	0.12998
707.78315	0.11677
705.85459	0.10855
703.92603	0.10294
701.99746	0.09903
700.06890	0.09623
698.14033	0.09401
696.21177	0.09205
694.28320	0.09050
692.35464	0.08966
690.42607	0.08898
688.49751	0.08773
686.56895	0.08636
684.64038	0.08536
682.71182	0.08468
680.78325	0.08394
678.85469	0.08307
676.92612	0.08278
674.99756	0.08343
673.06899	0.08428
671.14043	0.08303
669.21187	0.07950
667.28330	0.08075
665.35474	0.08057
663.42617	0.08104
661.49761	0.08145
659.56904	0.08144
657.64048	0.08079
655.71191	0.08004
653.78335	0.07995
651.85479	0.08016
649.92622	0.08016
647.99766	0.08031
646.06909	0.08068
644.14053	0.08082
642.21196	0.08107
640.28340	0.08197
638.35483	0.08307
636.42627	0.08392
634.49771	0.08482
632.56914	0.08547
630.64058	0.08504
628.71201	0.08394
626.78345	0.08328
624.85488	0.08334
622.92632	0.08415
620.99775	0.08587
619.06919	0.08744
617.14062	0.08759
615.21206	0.08709
613.28350	0.08714
611.35493	0.08760
609.42637	0.08813
607.49780	0.08806
605.56924	0.08663
603.64067	0.08468
601.71211	0.08380
599.78354	0.08472
