3997.91411	-0.00275
3995.98555	-0.00280
3994.05698	-0.00281
3992.12842	-0.00277
3990.19985	-0.00271
3988.27129	-0.00261
3986.34272	-0.00254
3984.41416	-0.00257
3982.48560	-0.00260
3980.55703	-0.00256
3978.62847	-0.00260
3976.69990	-0.00278
3974.77134	-0.00292
3972.84277	-0.00289
3970.91421	-0.00278
3968.98564	-0.00265
3967.05708	-0.00254
3965.12852	-0.00252
3963.19995	-0.00261
3961.27139	-0.00270
3959.34282	-0.00271
3957.41426	-0.00259
3955.48569	-0.00244
3953.55713	-0.00239
3951.62856	-0.00249
3949.70000	-0.00259
3947.77144	-0.00260
3945.84287	-0.00259
3943.91431	-0.00263
3941.98574	-0.00266
3940.05718	-0.00268
3938.12861	-0.00269
3936.20005	-0.00269
3934.27148	-0.00264
3932.34292	-0.00252
3930.41436	-0.00241
3928.48579	-0.00243
3926.55723	-0.00258
3924.62866	-0.00277
3922.70010	-0.00286
3920.77153	-0.00282
3918.84297	-0.00261
3916.91440	-0.00229
3914.98584	-0.00206
3913.05728	-0.00205
3911.12871	-0.00221
3909.20015	-0.00247
3907.27158	-0.00267
3905.34302	-0.00259
3903.41445	-0.00228
3901.48589	-0.00207
3899.55732	-0.00204
3897.62876	-0.00212
3895.70020	-0.00232
3893.77163	-0.00247
3891.84307	-0.00234
3889.91450	-0.00208
3887.98594	-0.00199
3886.05737	-0.00210
3884.12881	-0.00231
3882.20024	-0.00252
3880.27168	-0.00258
3878.34312	-0.00252
3876.41455	-0.00249
3874.48599	-0.00251
3872.55742	-0.00248
3870.62886	-0.00236
3868.70029	-0.00225
3866.77173	-0.00228
3864.84316	-0.00233
3862.91460	-0.00226
3860.98604	-0.00226
3859.05747	-0.00253
3857.12891	-0.00282
3855.20034	-0.00270
3853.27178	-0.00227
3851.34321	-0.00214
3849.41465	-0.00233
3847.48608	-0.00258
3845.55752	-0.00272
3843.62896	-0.00275
3841.70039	-0.00270
3839.77183	-0.00251
3837.84326	-0.00215
3835.91470	-0.00185
3833.98613	-0.00179
3832.05757	-0.00191
3830.12900	-0.00212
3828.20044	-0.00233
3826.27187	-0.00249
3824.34331	-0.00257
3822.41475	-0.00248
3820.48618	-0.00226
3818.55762	-0.00209
3816.62905	-0.00199
3814.70049	-0.00191
3812.77192	-0.00198
3810.84336	-0.00213
3808.91479	-0.00223
3806.98623	-0.00230
3805.05767	-0.00250
3803.12910	-0.00269
3801.20054	-0.00271
3799.27197	-0.00271
3797.34341	-0.00272
3795.41484	-0.00263
3793.48628	-0.00256
3791.55771	-0.00253
3789.62915	-0.00248
3787.70059	-0.00248
3785.77202	-0.00259
3783.84346	-0.00274
3781.91489	-0.00289
3779.98633	-0.00296
3778.05776	-0.00290
3776.12920	-0.00280
3774.20063	-0.00276
3772.27207	-0.00274
3770.34351	-0.00270
3768.41494	-0.00264
3766.48638	-0.00260
3764.55781	-0.00262
3762.62925	-0.00270
3760.70068	-0.00271
3758.77212	-0.00261
3756.84355	-0.00257
3754.91499	-0.00268
3752.98643	-0.00268
3751.05786	-0.00245
3749.12930	-0.00235
3747.20073	-0.00253
3745.27217	-0.00263
3743.34360	-0.00262
3741.41504	-0.00278
3739.48647	-0.00300
3737.55791	-0.00308
3735.62935	-0.00311
3733.70078	-0.00314
3731.77222	-0.00317
3729.84365	-0.00328
3727.91509	-0.00342
3725.98652	-0.00353
3724.05796	-0.00339
3722.12939	-0.00315
3720.20083	-0.00302
3718.27227	-0.00294
3716.34370	-0.00291
3714.41514	-0.00292
3712.48657	-0.00290
3710.55801	-0.00274
3708.62944	-0.00237
3706.70088	-0.00205
3704.77231	-0.00188
3702.84375	-0.00172
3700.91519	-0.00150
3698.98662	-0.00130
3697.05806	-0.00122
3695.12949	-0.00132
3693.20093	-0.00156
3691.27236	-0.00169
3689.34380	-0.00148
3687.41523	-0.00123
3685.48667	-0.00121
3683.55811	-0.00125
3681.62954	-0.00120
3679.70098	-0.00116
3677.77241	-0.00107
3675.84385	-0.00080
3673.91528	-0.00038
3671.98672	0.00003
3670.05815	0.00040
3668.12959	0.00064
3666.20103	0.00066
3664.27246	0.00063
3662.34390	0.00074
3660.41533	0.00105
3658.48677	0.00147
3656.55820	0.00187
3654.62964	0.00208
3652.70107	0.00211
3650.77251	0.00215
3648.84395	0.00229
3646.91538	0.00250
3644.98682	0.00280
3643.05825	0.00315
3641.12969	0.00341
3639.20112	0.00353
3637.27256	0.00365
3635.34399	0.00394
3633.41543	0.00430
3631.48687	0.00456
3629.55830	0.00480
3627.62974	0.00520
3625.70117	0.00550
3623.77261	0.00556
3621.84404	0.00567
3619.91548	0.00599
3617.98691	0.00639
3616.05835	0.00661
3614.12979	0.00682
3612.20122	0.00723
3610.27266	0.00763
3608.34409	0.00782
3606.41553	0.00790
3604.48696	0.00792
3602.55840	0.00780
3600.62983	0.00764
3598.70127	0.00763
3596.77271	0.00783
3594.84414	0.00813
3592.91558	0.00845
3590.98701	0.00868
3589.05845	0.00894
3587.12988	0.00935
3585.20132	0.00984
3583.27275	0.01022
3581.34419	0.01040
3579.41562	0.01038
3577.48706	0.01038
3575.55850	0.01065
3573.62993	0.01107
3571.70137	0.01141
3569.77280	0.01157
3567.84424	0.01180
3565.91567	0.01224
3563.98711	0.01273
3562.05854	0.01315
3560.12998	0.01348
3558.20142	0.01368
3556.27285	0.01377
3554.34429	0.01380
3552.41572	0.01389
3550.48716	0.01419
3548.55859	0.01464
3546.63003	0.01514
3544.70146	0.01576
3542.77290	0.01642
3540.84434	0.01680
3538.91577	0.01680
3536.98721	0.01674
3535.05864	0.01695
3533.13008	0.01745
3531.20151	0.01797
3529.27295	0.01831
3527.34438	0.01843
3525.41582	0.01850
3523.48726	0.01871
3521.55869	0.01907
3519.63013	0.01949
3517.70156	0.01999
3515.77300	0.02046
3513.84443	0.02055
3511.91587	0.02025
3509.98730	0.01996
3508.05874	0.02002
3506.13018	0.02042
3504.20161	0.02103
3502.27305	0.02166
3500.34448	0.02205
3498.41592	0.02214
3496.48735	0.02216
3494.55879	0.02238
3492.63022	0.02279
3490.70166	0.02315
3488.77310	0.02338
3486.84453	0.02368
3484.91597	0.02401
3482.98740	0.02420
3481.05884	0.02437
3479.13027	0.02459
3477.20171	0.02476
3475.27314	0.02498
3473.34458	0.02535
3471.41602	0.02571
3469.48745	0.02592
3467.55889	0.02592
3465.63032	0.02575
3463.70176	0.02560
3461.77319	0.02558
3459.84463	0.02568
3457.91606	0.02607
3455.98750	0.02670
3454.05894	0.02729
3452.13037	0.02761
3450.20181	0.02760
3448.27324	0.02754
3446.34468	0.02774
3444.41611	0.02810
3442.48755	0.02849
3440.55898	0.02893
3438.63042	0.02930
3436.70186	0.02946
3434.77329	0.02954
3432.84473	0.02969
3430.91616	0.02988
3428.98760	0.03010
3427.05903	0.03025
3425.13047	0.03027
3423.20190	0.03029
3421.27334	0.03043
3419.34478	0.03060
3417.41621	0.03084
3415.48765	0.03114
3413.55908	0.03133
3411.63052	0.03137
3409.70195	0.03141
3407.77339	0.03145
3405.84482	0.03147
3403.91626	0.03159
3401.98770	0.03188
3400.05913	0.03223
3398.13057	0.03250
3396.20200	0.03256
3394.27344	0.03257
3392.34487	0.03262
3390.41631	0.03271
3388.48774	0.03276
3386.55918	0.03273
3384.63062	0.03270
3382.70205	0.03263
3380.77349	0.03249
3378.84492	0.03250
3376.91636	0.03280
3374.98779	0.03317
3373.05923	0.03332
3371.13066	0.03318
3369.20210	0.03297
3367.27354	0.03296
3365.34497	0.03314
3363.41641	0.03335
3361.48784	0.03343
3359.55928	0.03338
3357.63071	0.03343
3355.70215	0.03369
3353.77358	0.03396
3351.84502	0.03416
3349.91646	0.03434
3347.98789	0.03439
3346.05933	0.03425
3344.13076	0.03407
3342.20220	0.03393
3340.27363	0.03382
3338.34507	0.03376
3336.41650	0.03381
3334.48794	0.03394
3332.55937	0.03408
3330.63081	0.03428
3328.70225	0.03452
3326.77368	0.03464
3324.84512	0.03465
3322.91655	0.03463
3320.98799	0.03464
3319.05942	0.03468
3317.13086	0.03454
3315.20229	0.03427
3313.27373	0.03421
3311.34517	0.03440
3309.41660	0.03462
3307.48804	0.03469
3305.55947	0.03457
3303.63091	0.03448
3301.70234	0.03463
3299.77378	0.03487
3297.84521	0.03498
3295.91665	0.03485
3293.98809	0.03459
3292.05952	0.03440
3290.13096	0.03436
3288.20239	0.03441
3286.27383	0.03440
3284.34526	0.03424
3282.41670	0.03406
3280.48813	0.03391
3278.55957	0.03372
3276.63101	0.03359
3274.70244	0.03358
3272.77388	0.03368
3270.84531	0.03371
3268.91675	0.03343
3266.98818	0.03297
3265.05962	0.03259
3263.13105	0.03232
3261.20249	0.03217
3259.27393	0.03196
3257.34536	0.03150
3255.41680	0.03094
3253.48823	0.03056
3251.55967	0.03036
3249.63110	0.03013
3247.70254	0.02981
3245.77397	0.02958
3243.84541	0.02943
3241.91685	0.02921
3239.98828	0.02894
3238.05972	0.02856
3236.13115	0.02812
3234.20259	0.02787
3232.27402	0.02783
3230.34546	0.02775
3228.41689	0.02746
3226.48833	0.02701
3224.55977	0.02664
3222.63120	0.02648
3220.70264	0.02645
3218.77407	0.02642
3216.84551	0.02625
3214.91694	0.02593
3212.98838	0.02570
3211.05981	0.02567
3209.13125	0.02554
3207.20269	0.02513
3205.27412	0.02465
3203.34556	0.02439
3201.41699	0.02432
3199.48843	0.02414
3197.55986	0.02383
3195.63130	0.02361
3193.70273	0.02357
3191.77417	0.02346
3189.84561	0.02299
3187.91704	0.02242
3185.98848	0.02206
3184.05991	0.02181
3182.13135	0.02164
3180.20278	0.02159
3178.27422	0.02139
3176.34565	0.02100
3174.41709	0.02060
3172.48853	0.02025
3170.55996	0.02007
3168.63140	0.01999
3166.70283	0.01981
3164.77427	0.01957
3162.84570	0.01928
3160.91714	0.01887
3158.98857	0.01847
3157.06001	0.01818
3155.13145	0.01798
3153.20288	0.01782
3151.27432	0.01764
3149.34575	0.01737
3147.41719	0.01698
3145.48862	0.01668
3143.56006	0.01656
3141.63149	0.01647
3139.70293	0.01635
3137.77437	0.01628
3135.84580	0.01610
3133.91724	0.01571
3131.98867	0.01537
3130.06011	0.01522
3128.13154	0.01517
3126.20298	0.01505
3124.27441	0.01487
3122.34585	0.01459
3120.41729	0.01423
3118.48872	0.01404
3116.56016	0.01418
3114.63159	0.01433
3112.70303	0.01422
3110.77446	0.01396
3108.84590	0.01386
3106.91733	0.01389
3104.98877	0.01377
3103.06021	0.01352
3101.13164	0.01336
3099.20308	0.01328
3097.27451	0.01323
3095.34595	0.01330
3093.41738	0.01334
3091.48882	0.01322
3089.56025	0.01309
3087.63169	0.01314
3085.70312	0.01320
3083.77456	0.01301
3081.84600	0.01272
3079.91743	0.01258
3077.98887	0.01257
3076.06030	0.01256
3074.13174	0.01248
3072.20317	0.01227
3070.27461	0.01193
3068.34604	0.01159
3066.41748	0.01140
3064.48892	0.01137
3062.56035	0.01139
3060.63179	0.01130
3058.70322	0.01107
3056.77466	0.01082
3054.84609	0.01058
3052.91753	0.01029
3050.98896	0.01003
3049.06040	0.00994
3047.13184	0.00999
3045.20327	0.00993
3043.27471	0.00970
3041.34614	0.00942
3039.41758	0.00917
3037.48901	0.00897
3035.56045	0.00875
3033.63188	0.00852
3031.70332	0.00839
3029.77476	0.00840
3027.84619	0.00843
3025.91763	0.00832
3023.98906	0.00802
3022.06050	0.00768
3020.13193	0.00745
3018.20337	0.00733
3016.27480	0.00723
3014.34624	0.00708
3012.41768	0.00695
3010.48911	0.00694
3008.56055	0.00702
3006.63198	0.00703
3004.70342	0.00694
3002.77485	0.00683
3000.84629	0.00674
2998.91772	0.00675
2996.98916	0.00690
2995.06060	0.00711
2993.13203	0.00722
2991.20347	0.00728
2989.27490	0.00746
2987.34634	0.00783
2985.41777	0.00838
2983.48921	0.00905
2981.56064	0.00977
2979.63208	0.01043
2977.70352	0.01106
2975.77495	0.01188
2973.84639	0.01299
2971.91782	0.01431
2969.98926	0.01580
2968.06069	0.01744
2966.13213	0.01917
2964.20356	0.02103
2962.27500	0.02300
2960.34644	0.02485
2958.41787	0.02638
2956.48931	0.02762
2954.56074	0.02868
2952.63218	0.02968
2950.70361	0.03087
2948.77505	0.03256
2946.84648	0.03510
2944.91792	0.03890
2942.98936	0.04423
2941.06079	0.05110
2939.13223	0.05927
2937.20366	0.06874
2935.27510	0.07970
2933.34653	0.09234
2931.41797	0.10691
2929.48940	0.12374
2927.56084	0.14331
2925.63228	0.16637
2923.70371	0.19376
2921.77515	0.22563
2919.84658	0.26030
2917.91802	0.29258
2915.98945	0.31308
2914.06089	0.31348
2912.13232	0.29522
2910.20376	0.26857
2908.27520	0.24288
2906.34663	0.22174
2904.41807	0.20511
2902.48950	0.19206
2900.56094	0.18157
2898.63237	0.17256
2896.70381	0.16440
2894.77524	0.15679
2892.84668	0.14935
2890.91812	0.14171
2888.98955	0.13386
2887.06099	0.12600
2885.13242	0.11832
2883.20386	0.11098
2881.27529	0.10394
2879.34673	0.09701
2877.41816	0.09042
2875.48960	0.08457
2873.56104	0.07974
2871.63247	0.07596
2869.70391	0.07306
2867.77534	0.07123
2865.84678	0.07115
2863.91821	0.07362
2861.98965	0.07947
2860.06108	0.08983
2858.13252	0.10629
2856.20396	0.13100
2854.27539	0.16602
2852.34683	0.21018
2850.41826	0.25350
2848.48970	0.27757
2846.56113	0.27101
2844.63257	0.24222
2842.70400	0.20732
2840.77544	0.17591
2838.84687	0.15063
2836.91831	0.13124
2834.98975	0.11663
2833.06118	0.10542
2831.13262	0.09648
2829.20405	0.08927
2827.27549	0.08345
2825.34692	0.07862
2823.41836	0.07442
2821.48979	0.07072
2819.56123	0.06749
2817.63267	0.06466
2815.70410	0.06213
2813.77554	0.05987
2811.84697	0.05784
2809.91841	0.05607
2807.98984	0.05447
2806.06128	0.05295
2804.13271	0.05148
2802.20415	0.05012
2800.27559	0.04884
2798.34702	0.04770
2796.41846	0.04670
2794.48989	0.04575
2792.56133	0.04477
2790.63276	0.04377
2788.70420	0.04276
2786.77563	0.04181
2784.84707	0.04095
2782.91851	0.04011
2780.98994	0.03928
2779.06138	0.03851
2777.13281	0.03785
2775.20425	0.03722
2773.27568	0.03653
2771.34712	0.03585
2769.41855	0.03531
2767.48999	0.03487
2765.56143	0.03443
2763.63286	0.03395
2761.70430	0.03348
2759.77573	0.03305
2757.84717	0.03266
2755.91860	0.03231
2753.99004	0.03193
2752.06147	0.03153
2750.13291	0.03128
2748.20435	0.03113
2746.27578	0.03085
2744.34722	0.03047
2742.41865	0.03019
2740.49009	0.03004
2738.56152	0.02987
2736.63296	0.02964
2734.70439	0.02940
2732.77583	0.02914
2730.84727	0.02886
2728.91870	0.02865
2726.99014	0.02854
2725.06157	0.02834
2723.13301	0.02798
2721.20444	0.02757
2719.27588	0.02723
2717.34731	0.02696
2715.41875	0.02680
2713.49019	0.02676
2711.56162	0.02666
2709.63306	0.02637
2707.70449	0.02603
2705.77593	0.02580
2703.84736	0.02567
2701.91880	0.02557
2699.99023	0.02548
2698.06167	0.02536
2696.13311	0.02520
2694.20454	0.02502
2692.27598	0.02490
2690.34741	0.02478
2688.41885	0.02464
2686.49028	0.02450
2684.56172	0.02434
2682.63315	0.02423
2680.70459	0.02426
2678.77603	0.02435
2676.84746	0.02438
2674.91890	0.02432
2672.99033	0.02426
2671.06177	0.02424
2669.13320	0.02423
2667.20464	0.02424
2665.27607	0.02430
2663.34751	0.02437
2661.41895	0.02438
2659.49038	0.02436
2657.56182	0.02432
2655.63325	0.02418
2653.70469	0.02397
2651.77612	0.02376
2649.84756	0.02362
2647.91899	0.02355
2645.99043	0.02345
2644.06187	0.02330
2642.13330	0.02319
2640.20474	0.02313
2638.27617	0.02304
2636.34761	0.02290
2634.41904	0.02274
2632.49048	0.02256
2630.56191	0.02234
2628.63335	0.02209
2626.70479	0.02183
2624.77622	0.02155
2622.84766	0.02130
2620.91909	0.02119
2618.99053	0.02112
2617.06196	0.02094
2615.13340	0.02061
2613.20483	0.02021
2611.27627	0.01987
2609.34771	0.01957
2607.41914	0.01926
2605.49058	0.01900
2603.56201	0.01890
2601.63345	0.01884
2599.70488	0.01874
2597.77632	0.01862
2595.84775	0.01851
2593.91919	0.01842
2591.99062	0.01830
2590.06206	0.01799
2588.13350	0.01765
2586.20493	0.01759
2584.27637	0.01762
2582.34780	0.01755
2580.41924	0.01735
2578.49067	0.01704
2576.56211	0.01667
2574.63354	0.01641
2572.70498	0.01633
2570.77642	0.01635
2568.84785	0.01636
2566.91929	0.01639
2564.99072	0.01639
2563.06216	0.01625
2561.13359	0.01596
2559.20503	0.01571
2557.27646	0.01558
2555.34790	0.01537
2553.41934	0.01508
2551.49077	0.01501
2549.56221	0.01518
2547.63364	0.01528
2545.70508	0.01523
2543.77651	0.01519
2541.84795	0.01520
2539.91938	0.01508
2537.99082	0.01483
2536.06226	0.01468
2534.13369	0.01465
2532.20513	0.01461
2530.27656	0.01458
2528.34800	0.01457
2526.41943	0.01446
2524.49087	0.01429
2522.56230	0.01423
2520.63374	0.01426
2518.70518	0.01422
2516.77661	0.01408
2514.84805	0.01391
2512.91948	0.01381
2510.99092	0.01374
2509.06235	0.01364
2507.13379	0.01355
2505.20522	0.01347
2503.27666	0.01343
2501.34810	0.01339
2499.41953	0.01327
2497.49097	0.01309
2495.56240	0.01297
2493.63384	0.01286
2491.70527	0.01279
2489.77671	0.01281
2487.84814	0.01283
2485.91958	0.01283
2483.99102	0.01284
2482.06245	0.01278
2480.13389	0.01264
2478.20532	0.01251
2476.27676	0.01246
2474.34819	0.01247
2472.41963	0.01247
2470.49106	0.01249
2468.56250	0.01258
2466.63394	0.01263
2464.70537	0.01258
2462.77681	0.01248
2460.84824	0.01237
2458.91968	0.01225
2456.99111	0.01213
2455.06255	0.01201
2453.13398	0.01199
2451.20542	0.01201
2449.27686	0.01193
2447.34829	0.01183
2445.41973	0.01180
2443.49116	0.01184
2441.56260	0.01187
2439.63403	0.01183
2437.70547	0.01177
2435.77690	0.01170
2433.84834	0.01152
2431.91978	0.01138
2429.99121	0.01144
2428.06265	0.01161
2426.13408	0.01169
2424.20552	0.01160
2422.27695	0.01143
2420.34839	0.01141
2418.41982	0.01162
2416.49126	0.01183
2414.56270	0.01184
2412.63413	0.01174
2410.70557	0.01162
2408.77700	0.01147
2406.84844	0.01131
2404.91987	0.01114
2402.99131	0.01105
2401.06274	0.01115
2399.13418	0.01244
2397.20562	0.01256
2395.27705	0.01194
2393.34849	0.01137
2391.41992	0.01090
2389.49136	0.01038
2387.56279	0.00977
2385.63423	0.00915
2383.70566	0.00852
2381.77710	0.00797
2379.84854	0.00762
2377.91997	0.00758
2375.99141	0.00780
2374.06284	0.00804
2372.13428	0.00799
2370.20571	0.00748
2368.27715	0.00758
2366.34858	0.00787
2364.42002	0.00723
2362.49146	0.00770
2360.56289	0.00718
2358.63433	0.00590
2356.70576	0.00830
2354.77720	0.00593
2352.84863	0.00368
2350.92007	0.00379
2348.99150	0.00390
2347.06294	0.00603
2345.13437	0.00866
2343.20581	0.00772
2341.27725	0.00360
2339.34868	0.00262
2337.42012	0.00510
2335.49155	0.00916
2333.56299	0.01180
2331.63442	0.01226
2329.70586	0.01177
2327.77729	0.01110
2325.84873	0.01160
2323.92017	0.01263
2321.99160	0.01304
2320.06304	0.01314
2318.13447	0.01299
2316.20591	0.01266
2314.27734	0.01226
2312.34878	0.01168
2310.42021	0.01097
2308.49165	0.01051
2306.56309	0.01023
2304.63452	0.01012
2302.70596	0.01010
2300.77739	0.01018
2298.84883	0.01046
2296.92026	0.01081
2294.99170	0.01101
2293.06313	0.01106
2291.13457	0.01137
2289.20601	0.01189
2287.27744	0.01244
2285.34888	0.01291
2283.42031	0.01311
2281.49175	0.01294
2279.56318	0.01258
2277.63462	0.01217
2275.70605	0.01177
2273.77749	0.01145
2271.84893	0.01123
2269.92036	0.01105
2267.99180	0.01092
2266.06323	0.01080
2264.13467	0.01057
2262.20610	0.01026
2260.27754	0.01014
2258.34897	0.01012
2256.42041	0.00984
2254.49185	0.00932
2252.56328	0.00885
2250.63472	0.00875
2248.70615	0.00969
2246.77759	0.00993
2244.84902	0.01012
2242.92046	0.01019
2240.99189	0.01025
2239.06333	0.01026
2237.13477	0.01004
2235.20620	0.00984
2233.27764	0.00990
2231.34907	0.00993
2229.42051	0.00999
2227.49194	0.01026
2225.56338	0.01036
2223.63481	0.01014
2221.70625	0.00983
2219.77769	0.00950
2217.84912	0.00921
2215.92056	0.00896
2213.99199	0.00879
2212.06343	0.00887
2210.13486	0.00917
2208.20630	0.00938
2206.27773	0.00937
2204.34917	0.00923
2202.42061	0.00899
2200.49204	0.00878
2198.56348	0.00878
2196.63491	0.00888
2194.70635	0.00891
2192.77778	0.00891
2190.84922	0.00897
2188.92065	0.00906
2186.99209	0.00910
2185.06353	0.00911
2183.13496	0.00910
2181.20640	0.00907
2179.27783	0.00907
2177.34927	0.00880
2175.42070	0.00812
2173.49214	0.00762
2171.56357	0.00782
2169.63501	0.00857
2167.70645	0.00923
2165.77788	0.00936
2163.84932	0.00936
2161.92075	0.00917
2159.99219	0.00773
2158.06362	0.00563
2156.13506	0.00481
2154.20649	0.00532
2152.27793	0.00599
2150.34937	0.00628
2148.42080	0.00625
2146.49224	0.00611
2144.56367	0.00614
2142.63511	0.00661
2140.70654	0.00727
2138.77798	0.00745
2136.84941	0.00695
2134.92085	0.00633
2132.99229	0.00622
2131.06372	0.00653
2129.13516	0.00676
2127.20659	0.00695
2125.27803	0.00729
2123.34946	0.00756
2121.42090	0.00774
2119.49233	0.00812
2117.56377	0.00866
2115.63521	0.00899
2113.70664	0.00899
2111.77808	0.00881
2109.84951	0.00850
2107.92095	0.00814
2105.99238	0.00810
2104.06382	0.00844
2102.13525	0.00883
2100.20669	0.00906
2098.27812	0.00899
2096.34956	0.00863
2094.42100	0.00827
2092.49243	0.00822
2090.56387	0.00832
2088.63530	0.00839
2086.70674	0.00846
2084.77817	0.00861
2082.84961	0.00881
2080.92104	0.00895
2078.99248	0.00912
2077.06392	0.00937
2075.13535	0.00936
2073.20679	0.00896
2071.27822	0.00849
2069.34966	0.00817
2067.42109	0.00817
2065.49253	0.00859
2063.56396	0.00894
2061.63540	0.00879
2059.70684	0.00841
2057.77827	0.00833
2055.84971	0.00866
2053.92114	0.00937
2051.99258	0.01010
2050.06401	0.01014
2048.13545	0.00944
2046.20688	0.00864
2044.27832	0.00813
2042.34976	0.00786
2040.42119	0.00778
2038.49263	0.00794
2036.56406	0.00803
2034.63550	0.00779
2032.70693	0.00734
2030.77837	0.00706
2028.84980	0.00728
2026.92124	0.00800
2024.99268	0.00870
2023.06411	0.00882
2021.13555	0.00832
2019.20698	0.00774
2017.27842	0.00755
2015.34985	0.00750
2013.42129	0.00745
2011.49272	0.00769
2009.56416	0.00791
2007.63560	0.00756
2005.70703	0.00711
2003.77847	0.00729
2001.84990	0.00774
1999.92134	0.00783
1997.99277	0.00767
1996.06421	0.00763
1994.13564	0.00771
1992.20708	0.00770
1990.27852	0.00768
1988.34995	0.00814
1986.42139	0.00912
1984.49282	0.00988
1982.56426	0.00980
1980.63569	0.00886
1978.70713	0.00718
1976.77856	0.00547
1974.85000	0.00494
1972.92144	0.00582
1970.99287	0.00715
1969.06431	0.00796
1967.13574	0.00797
1965.20718	0.00758
1963.27861	0.00727
1961.35005	0.00713
1959.42148	0.00704
1957.49292	0.00693
1955.56436	0.00678
1953.63579	0.00673
1951.70723	0.00689
1949.77866	0.00717
1947.85010	0.00726
1945.92153	0.00717
1943.99297	0.00717
1942.06440	0.00741
1940.13584	0.00777
1938.20728	0.00800
1936.27871	0.00796
1934.35015	0.00775
1932.42158	0.00755
1930.49302	0.00751
1928.56445	0.00756
1926.63589	0.00751
1924.70732	0.00747
1922.77876	0.00774
1920.85020	0.00830
1918.92163	0.00887
1916.99307	0.00911
1915.06450	0.00882
1913.13594	0.00840
1911.20737	0.00830
1909.27881	0.00845
1907.35024	0.00875
1905.42168	0.00918
1903.49312	0.00956
1901.56455	0.00978
1899.63599	0.00986
1897.70742	0.00982
1895.77886	0.00975
1893.85029	0.00973
1891.92173	0.00968
1889.99316	0.00954
1888.06460	0.00937
1886.13604	0.00930
1884.20747	0.00938
1882.27891	0.00947
1880.35034	0.00940
1878.42178	0.00929
1876.49321	0.00930
1874.56465	0.00933
1872.63608	0.00923
1870.70752	0.00904
1868.77896	0.00892
1866.85039	0.00893
1864.92183	0.00897
1862.99326	0.00897
1861.06470	0.00902
1859.13613	0.00916
1857.20757	0.00937
1855.27900	0.00956
1853.35044	0.00965
1851.42187	0.00955
1849.49331	0.00937
1847.56475	0.00932
1845.63618	0.00950
1843.70762	0.00974
1841.77905	0.00984
1839.85049	0.00984
1837.92192	0.00981
1835.99336	0.00977
1834.06479	0.00978
1832.13623	0.00991
1830.20767	0.01013
1828.27910	0.01032
1826.35054	0.01042
1824.42197	0.01049
1822.49341	0.01055
1820.56484	0.01057
1818.63628	0.01057
1816.70771	0.01065
1814.77915	0.01086
1812.85059	0.01111
1810.92202	0.01132
1808.99346	0.01150
1807.06489	0.01165
1805.13633	0.01178
1803.20776	0.01195
1801.27920	0.01218
1799.35063	0.01235
1797.42207	0.01247
1795.49351	0.01269
1793.56494	0.01312
1791.63638	0.01363
1789.70781	0.01399
1787.77925	0.01423
1785.85068	0.01441
1783.92212	0.01450
1781.99355	0.01452
1780.06499	0.01463
1778.13643	0.01481
1776.20786	0.01496
1774.27930	0.01517
1772.35073	0.01559
1770.42217	0.01608
1768.49360	0.01644
1766.56504	0.01665
1764.63647	0.01683
1762.70791	0.01705
1760.77935	0.01730
1758.85078	0.01757
1756.92222	0.01793
1754.99365	0.01839
1753.06509	0.01899
1751.13652	0.01976
1749.20796	0.02056
1747.27939	0.02125
1745.35083	0.02195
1743.42227	0.02274
1741.49370	0.02358
1739.56514	0.02431
1737.63657	0.02484
1735.70801	0.02535
1733.77944	0.02594
1731.85088	0.02644
1729.92231	0.02683
1727.99375	0.02732
1726.06519	0.02792
1724.13662	0.02851
1722.20806	0.02904
1720.27949	0.02962
1718.35093	0.03050
1716.42236	0.03170
1714.49380	0.03284
1712.56523	0.03370
1710.63667	0.03430
1708.70811	0.03468
1706.77954	0.03491
1704.85098	0.03510
1702.92241	0.03539
1700.99385	0.03602
1699.06528	0.03697
1697.13672	0.03794
1695.20815	0.03888
1693.27959	0.03966
1691.35103	0.04031
1689.42246	0.04108
1687.49390	0.04210
1685.56533	0.04351
1683.63677	0.04525
1681.70820	0.04673
1679.77964	0.04787
1677.85107	0.04901
1675.92251	0.05043
1673.99395	0.05201
1672.06538	0.05353
1670.13682	0.05517
1668.20825	0.05693
1666.27969	0.05842
1664.35112	0.05970
1662.42256	0.06106
1660.49399	0.06234
1658.56543	0.06327
1656.63687	0.06387
1654.70830	0.06444
1652.77974	0.06511
1650.85117	0.06549
1648.92261	0.06553
1646.99404	0.06550
1645.06548	0.06542
1643.13691	0.06513
1641.20835	0.06465
1639.27979	0.06407
1637.35122	0.06343
1635.42266	0.06266
1633.49409	0.06170
1631.56553	0.06064
1629.63696	0.05948
1627.70840	0.05815
1625.77983	0.05664
1623.85127	0.05506
1621.92271	0.05368
1619.99414	0.05263
1618.06558	0.05162
1616.13701	0.05038
1614.20845	0.04899
1612.27988	0.04765
1610.35132	0.04645
1608.42275	0.04540
1606.49419	0.04448
1604.56562	0.04367
1602.63706	0.04296
1600.70850	0.04236
1598.77993	0.04182
1596.85137	0.04127
1594.92280	0.04071
1592.99424	0.04022
1591.06567	0.03984
1589.13711	0.03952
1587.20854	0.03921
1585.27998	0.03894
1583.35142	0.03876
1581.42285	0.03865
1579.49429	0.03855
1577.56572	0.03853
1575.63716	0.03862
1573.70859	0.03876
1571.78003	0.03892
1569.85146	0.03919
1567.92290	0.03956
1565.99434	0.03994
1564.06577	0.04031
1562.13721	0.04075
1560.20864	0.04150
1558.28008	0.04263
1556.35151	0.04353
1554.42295	0.04403
1552.49438	0.04438
1550.56582	0.04473
1548.63726	0.04507
1546.70869	0.04532
1544.78013	0.04547
1542.85156	0.04553
1540.92300	0.04544
1538.99443	0.04509
1537.06587	0.04450
1535.13730	0.04387
1533.20874	0.04325
1531.28018	0.04263
1529.35161	0.04198
1527.42305	0.04125
1525.49448	0.04045
1523.56592	0.03961
1521.63735	0.03877
1519.70879	0.03789
1517.78022	0.03694
1515.85166	0.03599
1513.92310	0.03509
1511.99453	0.03416
1510.06597	0.03324
1508.13740	0.03241
1506.20884	0.03157
1504.28027	0.03070
1502.35171	0.02994
1500.42314	0.02929
1498.49458	0.02867
1496.56602	0.02805
1494.63745	0.02750
1492.70889	0.02703
1490.78032	0.02665
1488.85176	0.02647
1486.92319	0.02650
1484.99463	0.02676
1483.06606	0.02738
1481.13750	0.02909
1479.20894	0.03461
1477.28037	0.04992
1475.35181	0.07966
1473.42324	0.11590
1471.49468	0.13829
1469.56611	0.13937
1467.63755	0.13219
1465.70898	0.12794
1463.78042	0.12649
1461.85186	0.12209
1459.92329	0.11228
1457.99473	0.09980
1456.06616	0.08913
1454.13760	0.08195
1452.20903	0.07671
1450.28047	0.07229
1448.35190	0.06872
1446.42334	0.06613
1444.49478	0.06435
1442.56621	0.06304
1440.63765	0.06190
1438.70908	0.06072
1436.78052	0.05934
1434.85195	0.05777
1432.92339	0.05614
1430.99482	0.05448
1429.06626	0.05285
1427.13770	0.05140
1425.20913	0.05021
1423.28057	0.04931
1421.35200	0.04863
1419.42344	0.04812
1417.49487	0.04774
1415.56631	0.04747
1413.63774	0.04720
1411.70918	0.04688
1409.78062	0.04653
1407.85205	0.04614
1405.92349	0.04565
1403.99492	0.04508
1402.06636	0.04452
1400.13779	0.04404
1398.20923	0.04362
1396.28066	0.04324
1394.35210	0.04294
1392.42354	0.04270
1390.49497	0.04251
1388.56641	0.04240
1386.63784	0.04250
1384.70928	0.04302
1382.78071	0.04418
1380.85215	0.04587
1378.92358	0.04752
1376.99502	0.04842
1375.06646	0.04839
1373.13789	0.04790
1371.20933	0.04743
1369.28076	0.04702
1367.35220	0.04649
1365.42363	0.04577
1363.49507	0.04500
1361.56650	0.04436
1359.63794	0.04388
1357.70937	0.04351
1355.78081	0.04331
1353.85225	0.04324
1351.92368	0.04322
1349.99512	0.04319
1348.06655	0.04311
1346.13799	0.04293
1344.20942	0.04260
1342.28086	0.04219
1340.35229	0.04179
1338.42373	0.04142
1336.49517	0.04104
1334.56660	0.04067
1332.63804	0.04041
1330.70947	0.04026
1328.78091	0.04019
1326.85234	0.04018
1324.92378	0.04024
1322.99521	0.04039
1321.06665	0.04063
1319.13809	0.04093
1317.20952	0.04129
1315.28096	0.04167
1313.35239	0.04207
1311.42383	0.04244
1309.49526	0.04273
1307.56670	0.04297
1305.63813	0.04327
1303.70957	0.04360
1301.78101	0.04391
1299.85244	0.04420
1297.92388	0.04445
1295.99531	0.04466
1294.06675	0.04484
1292.13818	0.04498
1290.20962	0.04511
1288.28105	0.04531
1286.35249	0.04563
1284.42393	0.04600
1282.49536	0.04635
1280.56680	0.04673
1278.63823	0.04722
1276.70967	0.04776
1274.78110	0.04830
1272.85254	0.04887
1270.92397	0.04955
1268.99541	0.05030
1267.06685	0.05102
1265.13828	0.05166
1263.20972	0.05220
1261.28115	0.05263
1259.35259	0.05297
1257.42402	0.05322
1255.49546	0.05342
1253.56689	0.05363
1251.63833	0.05390
1249.70977	0.05426
1247.78120	0.05464
1245.85264	0.05495
1243.92407	0.05520
1241.99551	0.05544
1240.06694	0.05570
1238.13838	0.05595
1236.20981	0.05621
1234.28125	0.05645
1232.35269	0.05664
1230.42412	0.05676
1228.49556	0.05680
1226.56699	0.05678
1224.63843	0.05675
1222.70986	0.05672
1220.78130	0.05664
1218.85273	0.05651
1216.92417	0.05634
1214.99561	0.05618
1213.06704	0.05603
1211.13848	0.05590
1209.20991	0.05578
1207.28135	0.05562
1205.35278	0.05543
1203.42422	0.05524
1201.49565	0.05507
1199.56709	0.05495
1197.63853	0.05492
1195.70996	0.05489
1193.78140	0.05479
1191.85283	0.05463
1189.92427	0.05458
1187.99570	0.05470
1186.06714	0.05492
1184.13857	0.05520
1182.21001	0.05560
1180.28145	0.05619
1178.35288	0.05692
1176.42432	0.05763
1174.49575	0.05829
1172.56719	0.05902
1170.63862	0.05979
1168.71006	0.06045
1166.78149	0.06099
1164.85293	0.06148
1162.92437	0.06191
1160.99580	0.06226
1159.06724	0.06256
1157.13867	0.06299
1155.21011	0.06352
1153.28154	0.06397
1151.35298	0.06433
1149.42441	0.06469
1147.49585	0.06500
1145.56729	0.06530
1143.63872	0.06570
1141.71016	0.06626
1139.78159	0.06693
1137.85303	0.06774
1135.92446	0.06876
1133.99590	0.06994
1132.06733	0.07111
1130.13877	0.07223
1128.21021	0.07346
1126.28164	0.07481
1124.35308	0.07611
1122.42451	0.07738
1120.49595	0.07878
1118.56738	0.08038
1116.63882	0.08204
1114.71025	0.08373
1112.78169	0.08543
1110.85312	0.08711
1108.92456	0.08875
1106.99600	0.09035
1105.06743	0.09191
1103.13887	0.09339
1101.21030	0.09479
1099.28174	0.09617
1097.35317	0.09756
1095.42461	0.09894
1093.49604	0.10029
1091.56748	0.10162
1089.63892	0.10301
1087.71035	0.10447
1085.78179	0.10586
1083.85322	0.10711
1081.92466	0.10829
1079.99609	0.10940
1078.06753	0.11042
1076.13896	0.11142
1074.21040	0.11237
1072.28184	0.11311
1070.35327	0.11370
1068.42471	0.11430
1066.49614	0.11496
1064.56758	0.11570
1062.63901	0.11648
1060.71045	0.11721
1058.78188	0.11786
1056.85332	0.11844
1054.92476	0.11907
1052.99619	0.11980
1051.06763	0.12053
1049.13906	0.12116
1047.21050	0.12176
1045.28193	0.12231
1043.35337	0.12263
1041.42480	0.12279
1039.49624	0.12289
1037.56768	0.12269
1035.63911	0.12207
1033.71055	0.12116
1031.78198	0.12007
1029.85342	0.11880
1027.92485	0.11741
1025.99629	0.11597
1024.06772	0.11444
1022.13916	0.11276
1020.21060	0.11099
1018.28203	0.10930
1016.35347	0.10766
1014.42490	0.10594
1012.49634	0.10420
1010.56777	0.10248
1008.63921	0.10068
1006.71064	0.09878
1004.78208	0.09677
1002.85352	0.09478
1000.92495	0.09281
998.99639	0.09081
997.06782	0.08869
995.13926	0.08646
993.21069	0.08431
991.28213	0.08221
989.35356	0.07989
987.42500	0.07730
985.49644	0.07469
983.56787	0.07212
981.63931	0.06967
979.71074	0.06744
977.78218	0.06542
975.85361	0.06369
973.92505	0.06225
971.99648	0.06093
970.06792	0.05970
968.13936	0.05865
966.21079	0.05764
964.28223	0.05649
962.35366	0.05524
960.42510	0.05407
958.49653	0.05318
956.56797	0.05255
954.63940	0.05198
952.71084	0.05140
950.78228	0.05089
948.85371	0.05061
946.92515	0.05046
944.99658	0.05031
943.06802	0.05018
941.13945	0.05007
939.21089	0.04995
937.28232	0.04985
935.35376	0.04978
933.42520	0.04971
931.49663	0.04964
929.56807	0.04945
927.63950	0.04913
925.71094	0.04892
923.78237	0.04902
921.85381	0.04925
919.92524	0.04945
917.99668	0.04973
916.06812	0.05032
914.13955	0.05143
912.21099	0.05296
910.28242	0.05432
908.35386	0.05470
906.42529	0.05357
904.49673	0.05132
902.56816	0.04898
900.63960	0.04722
898.71104	0.04604
896.78247	0.04523
894.85391	0.04459
892.92534	0.04392
890.99678	0.04329
889.06821	0.04281
887.13965	0.04236
885.21108	0.04191
883.28252	0.04155
881.35396	0.04128
879.42539	0.04103
877.49683	0.04075
875.56826	0.04039
873.63970	0.03998
871.71113	0.03954
869.78257	0.03907
867.85400	0.03872
865.92544	0.03863
863.99687	0.03864
862.06831	0.03874
860.13975	0.03898
858.21118	0.03920
856.28262	0.03918
854.35405	0.03897
852.42549	0.03878
850.49692	0.03874
848.56836	0.03884
846.63979	0.03899
844.71123	0.03916
842.78267	0.03934
840.85410	0.03953
838.92554	0.03971
836.99697	0.03986
835.06841	0.04006
833.13984	0.04037
831.21128	0.04086
829.28271	0.04157
827.35415	0.04222
825.42559	0.04252
823.49702	0.04271
821.56846	0.04312
819.63989	0.04358
817.71133	0.04391
815.78276	0.04412
813.85420	0.04426
811.92563	0.04447
809.99707	0.04489
808.06851	0.04558
806.13994	0.04659
804.21138	0.04777
802.28281	0.04867
800.35425	0.04893
798.42568	0.04871
796.49712	0.04829
794.56855	0.04779
792.63999	0.04737
790.71143	0.04701
788.78286	0.04685
786.85430	0.04698
784.92573	0.04718
782.99717	0.04743
781.06860	0.04777
779.14004	0.04798
777.21147	0.04776
775.28291	0.04723
773.35435	0.04679
771.42578	0.04668
769.49722	0.04684
767.56865	0.04715
765.64009	0.04750
763.71152	0.04774
761.78296	0.04780
759.85439	0.04786
757.92583	0.04807
755.99727	0.04840
754.06870	0.04868
752.14014	0.04903
750.21157	0.04959
748.28301	0.05003
746.35444	0.05014
744.42588	0.05027
742.49731	0.05083
740.56875	0.05201
738.64019	0.05401
736.71162	0.05800
734.78306	0.06735
732.85449	0.08410
730.92593	0.10103
728.99736	0.10742
727.06880	0.10590
725.14023	0.10827
723.21167	0.12221
721.28311	0.14949
719.35454	0.17925
717.42598	0.19093
715.49741	0.17511
713.56885	0.14450
711.64028	0.11702
709.71172	0.09926
707.78315	0.08877
705.85459	0.08204
703.92603	0.07728
701.99746	0.07372
700.06890	0.07102
698.14033	0.06886
696.21177	0.06684
694.28320	0.06483
692.35464	0.06317
690.42607	0.06217
688.49751	0.06175
686.56895	0.06121
684.64038	0.06012
682.71182	0.05860
680.78325	0.05743
678.85469	0.05715
676.92612	0.05707
674.99756	0.05645
673.06899	0.05616
671.14043	0.05863
669.21187	0.06287
667.28330	0.06040
665.35474	0.05739
663.42617	0.05477
661.49761	0.05401
659.56904	0.05432
657.64048	0.05482
655.71191	0.05475
653.78335	0.05414
651.85479	0.05397
649.92622	0.05437
647.99766	0.05463
646.06909	0.05481
644.14053	0.05543
642.21196	0.05632
640.28340	0.05709
638.35483	0.05793
636.42627	0.05903
634.49771	0.06000
632.56914	0.06022
630.64058	0.05956
628.71201	0.05867
626.78345	0.05836
624.85488	0.05843
622.92632	0.05848
620.99775	0.05871
619.06919	0.05945
617.14062	0.05993
615.21206	0.05929
613.28350	0.05830
611.35493	0.05805
609.42637	0.05845
607.49780	0.05821
605.56924	0.05690
603.64067	0.05611
601.71211	0.05677
599.78354	0.05809
