3997.91411	0.03337
3995.98555	0.03329
3994.05698	0.03317
3992.12842	0.03302
3990.19985	0.03295
3988.27129	0.03298
3986.34272	0.03299
3984.41416	0.03293
3982.48560	0.03291
3980.55703	0.03298
3978.62847	0.03312
3976.69990	0.03324
3974.77134	0.03323
3972.84277	0.03311
3970.91421	0.03303
3968.98564	0.03304
3967.05708	0.03306
3965.12852	0.03306
3963.19995	0.03304
3961.27139	0.03296
3959.34282	0.03288
3957.41426	0.03288
3955.48569	0.03295
3953.55713	0.03303
3951.62856	0.03305
3949.70000	0.03296
3947.77144	0.03290
3945.84287	0.03298
3943.91431	0.03310
3941.98574	0.03311
3940.05718	0.03301
3938.12861	0.03291
3936.20005	0.03284
3934.27148	0.03279
3932.34292	0.03285
3930.41436	0.03302
3928.48579	0.03310
3926.55723	0.03301
3924.62866	0.03286
3922.70010	0.03278
3920.77153	0.03281
3918.84297	0.03290
3916.91440	0.03296
3914.98584	0.03294
3913.05728	0.03286
3911.12871	0.03276
3909.20015	0.03267
3907.27158	0.03261
3905.34302	0.03255
3903.41445	0.03248
3901.48589	0.03246
3899.55732	0.03257
3897.62876	0.03271
3895.70020	0.03271
3893.77163	0.03258
3891.84307	0.03246
3889.91450	0.03238
3887.98594	0.03229
3886.05737	0.03229
3884.12881	0.03238
3882.20024	0.03250
3880.27168	0.03264
3878.34312	0.03265
3876.41455	0.03248
3874.48599	0.03226
3872.55742	0.03209
3870.62886	0.03206
3868.70029	0.03215
3866.77173	0.03218
3864.84316	0.03217
3862.91460	0.03222
3860.98604	0.03223
3859.05747	0.03209
3857.12891	0.03187
3855.20034	0.03187
3853.27178	0.03233
3851.34321	0.03271
3849.41465	0.03253
3847.48608	0.03209
3845.55752	0.03177
3843.62896	0.03167
3841.70039	0.03167
3839.77183	0.03173
3837.84326	0.03192
3835.91470	0.03209
3833.98613	0.03213
3832.05757	0.03216
3830.12900	0.03223
3828.20044	0.03220
3826.27187	0.03200
3824.34331	0.03177
3822.41475	0.03175
3820.48618	0.03198
3818.55762	0.03216
3816.62905	0.03223
3814.70049	0.03229
3812.77192	0.03223
3810.84336	0.03208
3808.91479	0.03197
3806.98623	0.03196
3805.05767	0.03200
3803.12910	0.03205
3801.20054	0.03218
3799.27197	0.03227
3797.34341	0.03226
3795.41484	0.03225
3793.48628	0.03220
3791.55771	0.03211
3789.62915	0.03208
3787.70059	0.03212
3785.77202	0.03218
3783.84346	0.03222
3781.91489	0.03224
3779.98633	0.03222
3778.05776	0.03213
3776.12920	0.03202
3774.20063	0.03199
3772.27207	0.03204
3770.34351	0.03208
3768.41494	0.03204
3766.48638	0.03193
3764.55781	0.03181
3762.62925	0.03168
3760.70068	0.03159
3758.77212	0.03158
3756.84355	0.03153
3754.91499	0.03129
3752.98643	0.03102
3751.05786	0.03100
3749.12930	0.03112
3747.20073	0.03111
3745.27217	0.03113
3743.34360	0.03130
3741.41504	0.03128
3739.48647	0.03104
3737.55791	0.03090
3735.62935	0.03106
3733.70078	0.03134
3731.77222	0.03150
3729.84365	0.03145
3727.91509	0.03122
3725.98652	0.03116
3724.05796	0.03119
3722.12939	0.03122
3720.20083	0.03125
3718.27227	0.03123
3716.34370	0.03114
3714.41514	0.03108
3712.48657	0.03118
3710.55801	0.03139
3708.62944	0.03148
3706.70088	0.03138
3704.77231	0.03129
3702.84375	0.03134
3700.91519	0.03145
3698.98662	0.03151
3697.05806	0.03155
3695.12949	0.03159
3693.20093	0.03159
3691.27236	0.03151
3689.34380	0.03144
3687.41523	0.03152
3685.48667	0.03162
3683.55811	0.03153
3681.62954	0.03136
3679.70098	0.03124
3677.77241	0.03123
3675.84385	0.03150
3673.91528	0.03183
3671.98672	0.03197
3670.05815	0.03209
3668.12959	0.03221
3666.20103	0.03224
3664.27246	0.03227
3662.34390	0.03234
3660.41533	0.03238
3658.48677	0.03239
3656.55820	0.03242
3654.62964	0.03240
3652.70107	0.03229
3650.77251	0.03227
3648.84395	0.03248
3646.91538	0.03275
3644.98682	0.03279
3643.05825	0.03270
3641.12969	0.03277
3639.20112	0.03297
3637.27256	0.03307
3635.34399	0.03303
3633.41543	0.03296
3631.48687	0.03293
3629.55830	0.03307
3627.62974	0.03320
3625.70117	0.03316
3623.77261	0.03311
3621.84404	0.03323
3619.91548	0.03357
3617.98691	0.03382
3616.05835	0.03383
3614.12979	0.03371
3612.20122	0.03362
3610.27266	0.03367
3608.34409	0.03396
3606.41553	0.03424
3604.48696	0.03420
3602.55840	0.03396
3600.62983	0.03382
3598.70127	0.03396
3596.77271	0.03436
3594.84414	0.03478
3592.91558	0.03498
3590.98701	0.03495
3589.05845	0.03494
3587.12988	0.03510
3585.20132	0.03529
3583.27275	0.03539
3581.34419	0.03543
3579.41562	0.03546
3577.48706	0.03553
3575.55850	0.03568
3573.62993	0.03580
3571.70137	0.03570
3569.77280	0.03557
3567.84424	0.03574
3565.91567	0.03618
3563.98711	0.03653
3562.05854	0.03672
3560.12998	0.03686
3558.20142	0.03701
3556.27285	0.03710
3554.34429	0.03715
3552.41572	0.03718
3550.48716	0.03721
3548.55859	0.03726
3546.63003	0.03743
3544.70146	0.03763
3542.77290	0.03778
3540.84434	0.03792
3538.91577	0.03806
3536.98721	0.03810
3535.05864	0.03814
3533.13008	0.03830
3531.20151	0.03854
3529.27295	0.03870
3527.34438	0.03877
3525.41582	0.03881
3523.48726	0.03884
3521.55869	0.03897
3519.63013	0.03913
3517.70156	0.03907
3515.77300	0.03885
3513.84443	0.03883
3511.91587	0.03892
3509.98730	0.03887
3508.05874	0.03880
3506.13018	0.03882
3504.20161	0.03885
3502.27305	0.03899
3500.34448	0.03927
3498.41592	0.03955
3496.48735	0.03980
3494.55879	0.03996
3492.63022	0.03995
3490.70166	0.03984
3488.77310	0.03980
3486.84453	0.03981
3484.91597	0.03991
3482.98740	0.04010
3481.05884	0.04014
3479.13027	0.04003
3477.20171	0.04014
3475.27314	0.04055
3473.34458	0.04084
3471.41602	0.04074
3469.48745	0.04052
3467.55889	0.04062
3465.63032	0.04098
3463.70176	0.04118
3461.77319	0.04111
3459.84463	0.04101
3457.91606	0.04104
3455.98750	0.04109
3454.05894	0.04112
3452.13037	0.04123
3450.20181	0.04138
3448.27324	0.04150
3446.34468	0.04154
3444.41611	0.04144
3442.48755	0.04130
3440.55898	0.04133
3438.63042	0.04156
3436.70186	0.04184
3434.77329	0.04200
3432.84473	0.04202
3430.91616	0.04201
3428.98760	0.04197
3427.05903	0.04194
3425.13047	0.04198
3423.20190	0.04196
3421.27334	0.04184
3419.34478	0.04187
3417.41621	0.04210
3415.48765	0.04223
3413.55908	0.04224
3411.63052	0.04236
3409.70195	0.04251
3407.77339	0.04246
3405.84482	0.04230
3403.91626	0.04228
3401.98770	0.04236
3400.05913	0.04239
3398.13057	0.04231
3396.20200	0.04239
3394.27344	0.04251
3392.34487	0.04249
3390.41631	0.04239
3388.48774	0.04238
3386.55918	0.04244
3384.63062	0.04251
3382.70205	0.04253
3380.77349	0.04249
3378.84492	0.04248
3376.91636	0.04252
3374.98779	0.04259
3373.05923	0.04272
3371.13066	0.04282
3369.20210	0.04277
3367.27354	0.04261
3365.34497	0.04252
3363.41641	0.04252
3361.48784	0.04257
3359.55928	0.04266
3357.63071	0.04273
3355.70215	0.04281
3353.77358	0.04292
3351.84502	0.04298
3349.91646	0.04297
3347.98789	0.04297
3346.05933	0.04297
3344.13076	0.04301
3342.20220	0.04306
3340.27363	0.04297
3338.34507	0.04280
3336.41650	0.04279
3334.48794	0.04282
3332.55937	0.04269
3330.63081	0.04255
3328.70225	0.04257
3326.77368	0.04263
3324.84512	0.04261
3322.91655	0.04259
3320.98799	0.04269
3319.05942	0.04284
3317.13086	0.04295
3315.20229	0.04303
3313.27373	0.04297
3311.34517	0.04277
3309.41660	0.04272
3307.48804	0.04295
3305.55947	0.04315
3303.63091	0.04316
3301.70234	0.04304
3299.77378	0.04281
3297.84521	0.04264
3295.91665	0.04262
3293.98809	0.04259
3292.05952	0.04248
3290.13096	0.04236
3288.20239	0.04244
3286.27383	0.04275
3284.34526	0.04296
3282.41670	0.04275
3280.48813	0.04233
3278.55957	0.04209
3276.63101	0.04213
3274.70244	0.04222
3272.77388	0.04222
3270.84531	0.04222
3268.91675	0.04233
3266.98818	0.04246
3265.05962	0.04248
3263.13105	0.04242
3261.20249	0.04227
3259.27393	0.04209
3257.34536	0.04198
3255.41680	0.04203
3253.48823	0.04228
3251.55967	0.04246
3249.63110	0.04232
3247.70254	0.04206
3245.77397	0.04191
3243.84541	0.04181
3241.91685	0.04169
3239.98828	0.04159
3238.05972	0.04146
3236.13115	0.04124
3234.20259	0.04115
3232.27402	0.04126
3230.34546	0.04132
3228.41689	0.04118
3226.48833	0.04099
3224.55977	0.04093
3222.63120	0.04084
3220.70264	0.04069
3218.77407	0.04070
3216.84551	0.04091
3214.91694	0.04109
3212.98838	0.04119
3211.05981	0.04127
3209.13125	0.04128
3207.20269	0.04114
3205.27412	0.04096
3203.34556	0.04091
3201.41699	0.04090
3199.48843	0.04080
3197.55986	0.04060
3195.63130	0.04035
3193.70273	0.04014
3191.77417	0.04007
3189.84561	0.04005
3187.91704	0.04001
3185.98848	0.04000
3184.05991	0.03993
3182.13135	0.03983
3180.20278	0.03990
3178.27422	0.03993
3176.34565	0.03968
3174.41709	0.03934
3172.48853	0.03923
3170.55996	0.03932
3168.63140	0.03942
3166.70283	0.03936
3164.77427	0.03926
3162.84570	0.03933
3160.91714	0.03946
3158.98857	0.03945
3157.06001	0.03926
3155.13145	0.03899
3153.20288	0.03878
3151.27432	0.03874
3149.34575	0.03873
3147.41719	0.03857
3145.48862	0.03841
3143.56006	0.03830
3141.63149	0.03814
3139.70293	0.03804
3137.77437	0.03803
3135.84580	0.03801
3133.91724	0.03792
3131.98867	0.03786
3130.06011	0.03789
3128.13154	0.03792
3126.20298	0.03785
3124.27441	0.03769
3122.34585	0.03752
3120.41729	0.03739
3118.48872	0.03734
3116.56016	0.03737
3114.63159	0.03746
3112.70303	0.03774
3110.77446	0.03826
3108.84590	0.03892
3106.91733	0.03958
3104.98877	0.04005
3103.06021	0.04010
3101.13164	0.03980
3099.20308	0.03954
3097.27451	0.03951
3095.34595	0.03958
3093.41738	0.03981
3091.48882	0.04053
3089.56025	0.04182
3087.63169	0.04344
3085.70312	0.04512
3083.77456	0.04644
3081.84600	0.04694
3079.91743	0.04652
3077.98887	0.04554
3076.06030	0.04456
3074.13174	0.04396
3072.20317	0.04386
3070.27461	0.04436
3068.34604	0.04551
3066.41748	0.04714
3064.48892	0.04892
3062.56035	0.05062
3060.63179	0.05183
3058.70322	0.05199
3056.77466	0.05105
3054.84609	0.04955
3052.91753	0.04802
3050.98896	0.04657
3049.06040	0.04518
3047.13184	0.04403
3045.20327	0.04347
3043.27471	0.04353
3041.34614	0.04397
3039.41758	0.04475
3037.48901	0.04613
3035.56045	0.04829
3033.63188	0.05131
3031.70332	0.05526
3029.77476	0.05980
3027.84619	0.06403
3025.91763	0.06665
3023.98906	0.06655
3022.06050	0.06361
3020.13193	0.05897
3018.20337	0.05422
3016.27480	0.05045
3014.34624	0.04782
3012.41768	0.04601
3010.48911	0.04480
3008.56055	0.04424
3006.63198	0.04425
3004.70342	0.04455
3002.77485	0.04485
3000.84629	0.04485
2998.91772	0.04437
2996.98916	0.04339
2995.06060	0.04213
2993.13203	0.04106
2991.20347	0.04047
2989.27490	0.04031
2987.34634	0.04030
2985.41777	0.04014
2983.48921	0.03991
2981.56064	0.03981
2979.63208	0.03984
2977.70352	0.04001
2975.77495	0.04027
2973.84639	0.04051
2971.91782	0.04066
2969.98926	0.04085
2968.06069	0.04122
2966.13213	0.04177
2964.20356	0.04243
2962.27500	0.04314
2960.34644	0.04386
2958.41787	0.04458
2956.48931	0.04536
2954.56074	0.04627
2952.63218	0.04727
2950.70361	0.04846
2948.77505	0.04994
2946.84648	0.05169
2944.91792	0.05361
2942.98936	0.05568
2941.06079	0.05797
2939.13223	0.06061
2937.20366	0.06364
2935.27510	0.06698
2933.34653	0.07048
2931.41797	0.07399
2929.48940	0.07731
2927.56084	0.08032
2925.63228	0.08297
2923.70371	0.08520
2921.77515	0.08690
2919.84658	0.08795
2917.91802	0.08810
2915.98945	0.08717
2914.06089	0.08526
2912.13232	0.08280
2910.20376	0.08014
2908.27520	0.07751
2906.34663	0.07505
2904.41807	0.07281
2902.48950	0.07061
2900.56094	0.06835
2898.63237	0.06619
2896.70381	0.06431
2894.77524	0.06272
2892.84668	0.06128
2890.91812	0.05997
2888.98955	0.05876
2887.06099	0.05762
2885.13242	0.05658
2883.20386	0.05562
2881.27529	0.05477
2879.34673	0.05405
2877.41816	0.05341
2875.48960	0.05278
2873.56104	0.05228
2871.63247	0.05203
2869.70391	0.05201
2867.77534	0.05217
2865.84678	0.05249
2863.91821	0.05297
2861.98965	0.05371
2860.06108	0.05485
2858.13252	0.05646
2856.20396	0.05840
2854.27539	0.06048
2852.34683	0.06240
2850.41826	0.06361
2848.48970	0.06351
2846.56113	0.06202
2844.63257	0.05966
2842.70400	0.05702
2840.77544	0.05436
2838.84687	0.05170
2836.91831	0.04923
2834.98975	0.04733
2833.06118	0.04604
2831.13262	0.04506
2829.20405	0.04426
2827.27549	0.04359
2825.34692	0.04300
2823.41836	0.04254
2821.48979	0.04226
2819.56123	0.04202
2817.63267	0.04174
2815.70410	0.04148
2813.77554	0.04122
2811.84697	0.04100
2809.91841	0.04086
2807.98984	0.04072
2806.06128	0.04055
2804.13271	0.04039
2802.20415	0.04022
2800.27559	0.04001
2798.34702	0.03985
2796.41846	0.03979
2794.48989	0.03975
2792.56133	0.03966
2790.63276	0.03951
2788.70420	0.03932
2786.77563	0.03914
2784.84707	0.03909
2782.91851	0.03911
2780.98994	0.03910
2779.06138	0.03903
2777.13281	0.03887
2775.20425	0.03862
2773.27568	0.03846
2771.34712	0.03843
2769.41855	0.03842
2767.48999	0.03832
2765.56143	0.03822
2763.63286	0.03819
2761.70430	0.03816
2759.77573	0.03810
2757.84717	0.03802
2755.91860	0.03793
2753.99004	0.03783
2752.06147	0.03771
2750.13291	0.03760
2748.20435	0.03751
2746.27578	0.03746
2744.34722	0.03752
2742.41865	0.03756
2740.49009	0.03751
2738.56152	0.03746
2736.63296	0.03751
2734.70439	0.03755
2732.77583	0.03750
2730.84727	0.03744
2728.91870	0.03743
2726.99014	0.03747
2725.06157	0.03746
2723.13301	0.03736
2721.20444	0.03727
2719.27588	0.03729
2717.34731	0.03736
2715.41875	0.03727
2713.49019	0.03707
2711.56162	0.03697
2709.63306	0.03702
2707.70449	0.03709
2705.77593	0.03709
2703.84736	0.03701
2701.91880	0.03696
2699.99023	0.03697
2698.06167	0.03696
2696.13311	0.03688
2694.20454	0.03679
2692.27598	0.03676
2690.34741	0.03680
2688.41885	0.03684
2686.49028	0.03682
2684.56172	0.03676
2682.63315	0.03671
2680.70459	0.03667
2678.77603	0.03664
2676.84746	0.03667
2674.91890	0.03672
2672.99033	0.03669
2671.06177	0.03658
2669.13320	0.03653
2667.20464	0.03659
2665.27607	0.03674
2663.34751	0.03688
2661.41895	0.03696
2659.49038	0.03697
2657.56182	0.03694
2655.63325	0.03688
2653.70469	0.03685
2651.77612	0.03685
2649.84756	0.03678
2647.91899	0.03663
2645.99043	0.03652
2644.06187	0.03648
2642.13330	0.03640
2640.20474	0.03630
2638.27617	0.03627
2636.34761	0.03633
2634.41904	0.03636
2632.49048	0.03633
2630.56191	0.03623
2628.63335	0.03608
2626.70479	0.03587
2624.77622	0.03565
2622.84766	0.03547
2620.91909	0.03536
2618.99053	0.03538
2617.06196	0.03543
2615.13340	0.03534
2613.20483	0.03515
2611.27627	0.03505
2609.34771	0.03505
2607.41914	0.03509
2605.49058	0.03515
2603.56201	0.03517
2601.63345	0.03511
2599.70488	0.03501
2597.77632	0.03486
2595.84775	0.03470
2593.91919	0.03464
2591.99062	0.03462
2590.06206	0.03456
2588.13350	0.03451
2586.20493	0.03453
2584.27637	0.03457
2582.34780	0.03457
2580.41924	0.03448
2578.49067	0.03425
2576.56211	0.03403
2574.63354	0.03391
2572.70498	0.03383
2570.77642	0.03375
2568.84785	0.03373
2566.91929	0.03375
2564.99072	0.03375
2563.06216	0.03371
2561.13359	0.03362
2559.20503	0.03357
2557.27646	0.03363
2555.34790	0.03364
2553.41934	0.03352
2551.49077	0.03345
2549.56221	0.03348
2547.63364	0.03340
2545.70508	0.03321
2543.77651	0.03308
2541.84795	0.03295
2539.91938	0.03273
2537.99082	0.03265
2536.06226	0.03278
2534.13369	0.03294
2532.20513	0.03299
2530.27656	0.03296
2528.34800	0.03288
2526.41943	0.03283
2524.49087	0.03285
2522.56230	0.03287
2520.63374	0.03281
2518.70518	0.03270
2516.77661	0.03268
2514.84805	0.03279
2512.91948	0.03291
2510.99092	0.03291
2509.06235	0.03286
2507.13379	0.03287
2505.20522	0.03287
2503.27666	0.03274
2501.34810	0.03258
2499.41953	0.03249
2497.49097	0.03240
2495.56240	0.03233
2493.63384	0.03234
2491.70527	0.03241
2489.77671	0.03246
2487.84814	0.03247
2485.91958	0.03242
2483.99102	0.03234
2482.06245	0.03234
2480.13389	0.03239
2478.20532	0.03240
2476.27676	0.03232
2474.34819	0.03219
2472.41963	0.03210
2470.49106	0.03209
2468.56250	0.03218
2466.63394	0.03225
2464.70537	0.03220
2462.77681	0.03213
2460.84824	0.03209
2458.91968	0.03208
2456.99111	0.03212
2455.06255	0.03214
2453.13398	0.03206
2451.20542	0.03196
2449.27686	0.03191
2447.34829	0.03185
2445.41973	0.03176
2443.49116	0.03168
2441.56260	0.03169
2439.63403	0.03178
2437.70547	0.03186
2435.77690	0.03184
2433.84834	0.03172
2431.91978	0.03157
2429.99121	0.03142
2428.06265	0.03129
2426.13408	0.03124
2424.20552	0.03123
2422.27695	0.03114
2420.34839	0.03104
2418.41982	0.03098
2416.49126	0.03098
2414.56270	0.03097
2412.63413	0.03099
2410.70557	0.03107
2408.77700	0.03112
2406.84844	0.03104
2404.91987	0.03092
2402.99131	0.03089
2401.06274	0.03091
2399.13418	0.03129
2397.20562	0.03134
2395.27705	0.03125
2393.34849	0.03111
2391.41992	0.03089
2389.49136	0.03063
2387.56279	0.03037
2385.63423	0.03009
2383.70566	0.02978
2381.77710	0.02938
2379.84854	0.02889
2377.91997	0.02844
2375.99141	0.02811
2374.06284	0.02788
2372.13428	0.02774
2370.20571	0.02779
2368.27715	0.02711
2366.34858	0.02625
2364.42002	0.02648
2362.49146	0.02583
2360.56289	0.02643
2358.63433	0.02803
2356.70576	0.02571
2354.77720	0.02794
2352.84863	0.02863
2350.92007	0.02637
2348.99150	0.02523
2347.06294	0.02494
2345.13437	0.02471
2343.20581	0.02697
2341.27725	0.03176
2339.34868	0.03308
2337.42012	0.03061
2335.49155	0.02648
2333.56299	0.02361
2331.63442	0.02253
2329.70586	0.02250
2327.77729	0.02353
2325.84873	0.02492
2323.92017	0.02610
2321.99160	0.02680
2320.06304	0.02691
2318.13447	0.02700
2316.20591	0.02728
2314.27734	0.02774
2312.34878	0.02842
2310.42021	0.02929
2308.49165	0.02996
2306.56309	0.03061
2304.63452	0.03094
2302.70596	0.03096
2300.77739	0.03085
2298.84883	0.03063
2296.92026	0.03049
2294.99170	0.03060
2293.06313	0.03089
2291.13457	0.03113
2289.20601	0.03140
2287.27744	0.03155
2285.34888	0.03153
2283.42031	0.03152
2281.49175	0.03143
2279.56318	0.03116
2277.63462	0.03091
2275.70605	0.03075
2273.77749	0.03054
2271.84893	0.03033
2269.92036	0.03032
2267.99180	0.03039
2266.06323	0.03041
2264.13467	0.03037
2262.20610	0.03031
2260.27754	0.03027
2258.34897	0.03015
2256.42041	0.02994
2254.49185	0.02981
2252.56328	0.02981
2250.63472	0.02982
2248.70615	0.02996
2246.77759	0.02983
2244.84902	0.02987
2242.92046	0.02993
2240.99189	0.02999
2239.06333	0.03017
2237.13477	0.03032
2235.20620	0.03024
2233.27764	0.03005
2231.34907	0.02997
2229.42051	0.03001
2227.49194	0.03000
2225.56338	0.02987
2223.63481	0.02972
2221.70625	0.02959
2219.77769	0.02950
2217.84912	0.02961
2215.92056	0.02978
2213.99199	0.02965
2212.06343	0.02934
2210.13486	0.02914
2208.20630	0.02908
2206.27773	0.02904
2204.34917	0.02905
2202.42061	0.02912
2200.49204	0.02917
2198.56348	0.02929
2196.63491	0.02938
2194.70635	0.02918
2192.77778	0.02894
2190.84922	0.02909
2188.92065	0.02940
2186.99209	0.02940
2185.06353	0.02909
2183.13496	0.02876
2181.20640	0.02875
2179.27783	0.02900
2177.34927	0.02876
2175.42070	0.02796
2173.49214	0.02761
2171.56357	0.02814
2169.63501	0.02903
2167.70645	0.02969
2165.77788	0.02991
2163.84932	0.02995
2161.92075	0.02942
2159.99219	0.02726
2158.06362	0.02461
2156.13506	0.02399
2154.20649	0.02512
2152.27793	0.02630
2150.34937	0.02657
2148.42080	0.02606
2146.49224	0.02569
2144.56367	0.02590
2142.63511	0.02621
2140.70654	0.02635
2138.77798	0.02647
2136.84941	0.02636
2134.92085	0.02606
2132.99229	0.02600
2131.06372	0.02624
2129.13516	0.02655
2127.20659	0.02683
2125.27803	0.02702
2123.34946	0.02706
2121.42090	0.02715
2119.49233	0.02745
2117.56377	0.02781
2115.63521	0.02810
2113.70664	0.02830
2111.77808	0.02827
2109.84951	0.02811
2107.92095	0.02805
2105.99238	0.02812
2104.06382	0.02812
2102.13525	0.02799
2100.20669	0.02788
2098.27812	0.02790
2096.34956	0.02764
2094.42100	0.02712
2092.49243	0.02688
2090.56387	0.02714
2088.63530	0.02762
2086.70674	0.02802
2084.77817	0.02822
2082.84961	0.02830
2080.92104	0.02837
2078.99248	0.02847
2077.06392	0.02856
2075.13535	0.02854
2073.20679	0.02838
2071.27822	0.02831
2069.34966	0.02837
2067.42109	0.02839
2065.49253	0.02835
2063.56396	0.02825
2061.63540	0.02807
2059.70684	0.02797
2057.77827	0.02803
2055.84971	0.02816
2053.92114	0.02853
2051.99258	0.02918
2050.06401	0.02943
2048.13545	0.02897
2046.20688	0.02860
2044.27832	0.02859
2042.34976	0.02848
2040.42119	0.02823
2038.49263	0.02821
2036.56406	0.02829
2034.63550	0.02801
2032.70693	0.02742
2030.77837	0.02697
2028.84980	0.02670
2026.92124	0.02653
2024.99268	0.02660
2023.06411	0.02674
2021.13555	0.02658
2019.20698	0.02619
2017.27842	0.02610
2015.34985	0.02646
2013.42129	0.02675
2011.49272	0.02679
2009.56416	0.02692
2007.63560	0.02695
2005.70703	0.02665
2003.77847	0.02638
2001.84990	0.02650
1999.92134	0.02688
1997.99277	0.02725
1996.06421	0.02739
1994.13564	0.02722
1992.20708	0.02692
1990.27852	0.02695
1988.34995	0.02743
1986.42139	0.02790
1984.49282	0.02806
1982.56426	0.02824
1980.63569	0.02862
1978.70713	0.02874
1976.77856	0.02822
1974.85000	0.02745
1972.92144	0.02704
1970.99287	0.02703
1969.06431	0.02706
1967.13574	0.02712
1965.20718	0.02744
1963.27861	0.02773
1961.35005	0.02769
1959.42148	0.02737
1957.49292	0.02718
1955.56436	0.02739
1953.63579	0.02783
1951.70723	0.02830
1949.77866	0.02881
1947.85010	0.02922
1945.92153	0.02948
1943.99297	0.02964
1942.06440	0.02971
1940.13584	0.02976
1938.20728	0.02975
1936.27871	0.02949
1934.35015	0.02906
1932.42158	0.02867
1930.49302	0.02833
1928.56445	0.02797
1926.63589	0.02762
1924.70732	0.02745
1922.77876	0.02750
1920.85020	0.02753
1918.92163	0.02742
1916.99307	0.02722
1915.06450	0.02709
1913.13594	0.02712
1911.20737	0.02727
1909.27881	0.02733
1907.35024	0.02729
1905.42168	0.02725
1903.49312	0.02723
1901.56455	0.02727
1899.63599	0.02738
1897.70742	0.02757
1895.77886	0.02781
1893.85029	0.02796
1891.92173	0.02802
1889.99316	0.02813
1888.06460	0.02837
1886.13604	0.02869
1884.20747	0.02901
1882.27891	0.02923
1880.35034	0.02931
1878.42178	0.02933
1876.49321	0.02941
1874.56465	0.02957
1872.63608	0.02971
1870.70752	0.02977
1868.77896	0.02974
1866.85039	0.02965
1864.92183	0.02957
1862.99326	0.02941
1861.06470	0.02906
1859.13613	0.02860
1857.20757	0.02825
1855.27900	0.02805
1853.35044	0.02790
1851.42187	0.02773
1849.49331	0.02752
1847.56475	0.02729
1845.63618	0.02704
1843.70762	0.02690
1841.77905	0.02684
1839.85049	0.02680
1837.92192	0.02681
1835.99336	0.02694
1834.06479	0.02713
1832.13623	0.02738
1830.20767	0.02761
1828.27910	0.02774
1826.35054	0.02788
1824.42197	0.02818
1822.49341	0.02857
1820.56484	0.02885
1818.63628	0.02898
1816.70771	0.02913
1814.77915	0.02939
1812.85059	0.02976
1810.92202	0.03020
1808.99346	0.03068
1807.06489	0.03115
1805.13633	0.03155
1803.20776	0.03191
1801.27920	0.03223
1799.35063	0.03248
1797.42207	0.03254
1795.49351	0.03251
1793.56494	0.03256
1791.63638	0.03276
1789.70781	0.03296
1787.77925	0.03310
1785.85068	0.03325
1783.92212	0.03349
1781.99355	0.03381
1780.06499	0.03413
1778.13643	0.03440
1776.20786	0.03462
1774.27930	0.03488
1772.35073	0.03518
1770.42217	0.03540
1768.49360	0.03551
1766.56504	0.03561
1764.63647	0.03570
1762.70791	0.03587
1760.77935	0.03615
1758.85078	0.03646
1756.92222	0.03679
1754.99365	0.03712
1753.06509	0.03749
1751.13652	0.03804
1749.20796	0.03876
1747.27939	0.03951
1745.35083	0.04018
1743.42227	0.04076
1741.49370	0.04125
1739.56514	0.04166
1737.63657	0.04198
1735.70801	0.04230
1733.77944	0.04274
1731.85088	0.04308
1729.92231	0.04316
1727.99375	0.04312
1726.06519	0.04312
1724.13662	0.04316
1722.20806	0.04320
1720.27949	0.04323
1718.35093	0.04328
1716.42236	0.04333
1714.49380	0.04338
1712.56523	0.04342
1710.63667	0.04344
1708.70811	0.04341
1706.77954	0.04333
1704.85098	0.04322
1702.92241	0.04314
1700.99385	0.04318
1699.06528	0.04329
1697.13672	0.04336
1695.20815	0.04339
1693.27959	0.04336
1691.35103	0.04329
1689.42246	0.04331
1687.49390	0.04339
1685.56533	0.04362
1683.63677	0.04400
1681.70820	0.04424
1679.77964	0.04431
1677.85107	0.04445
1675.92251	0.04471
1673.99395	0.04493
1672.06538	0.04505
1670.13682	0.04519
1668.20825	0.04535
1666.27969	0.04545
1664.35112	0.04554
1662.42256	0.04568
1660.49399	0.04575
1658.56543	0.04568
1656.63687	0.04556
1654.70830	0.04553
1652.77974	0.04559
1650.85117	0.04551
1648.92261	0.04528
1646.99404	0.04515
1645.06548	0.04514
1643.13691	0.04504
1641.20835	0.04484
1639.27979	0.04469
1637.35122	0.04464
1635.42266	0.04468
1633.49409	0.04468
1631.56553	0.04458
1629.63696	0.04446
1627.70840	0.04437
1625.77983	0.04424
1623.85127	0.04413
1621.92271	0.04401
1619.99414	0.04384
1618.06558	0.04376
1616.13701	0.04394
1614.20845	0.04429
1612.27988	0.04495
1610.35132	0.04650
1608.42275	0.04957
1606.49419	0.05437
1604.56562	0.06020
1602.63706	0.06522
1600.70850	0.06715
1598.77993	0.06518
1596.85137	0.06076
1594.92280	0.05612
1592.99424	0.05260
1591.06567	0.05039
1589.13711	0.04940
1587.20854	0.04964
1585.27998	0.05064
1583.35142	0.05121
1581.42285	0.05036
1579.49429	0.04836
1577.56572	0.04615
1575.63716	0.04435
1573.70859	0.04310
1571.78003	0.04218
1569.85146	0.04142
1567.92290	0.04080
1565.99434	0.04033
1564.06577	0.03996
1562.13721	0.03971
1560.20864	0.03965
1558.28008	0.03973
1556.35151	0.03965
1554.42295	0.03948
1552.49438	0.03945
1550.56582	0.03953
1548.63726	0.03960
1546.70869	0.03965
1544.78013	0.03970
1542.85156	0.03970
1540.92300	0.03962
1538.99443	0.03937
1537.06587	0.03888
1535.13730	0.03827
1533.20874	0.03765
1531.28018	0.03705
1529.35161	0.03650
1527.42305	0.03602
1525.49448	0.03559
1523.56592	0.03524
1521.63735	0.03504
1519.70879	0.03503
1517.78022	0.03517
1515.85166	0.03531
1513.92310	0.03525
1511.99453	0.03498
1510.06597	0.03469
1508.13740	0.03467
1506.20884	0.03500
1504.28027	0.03550
1502.35171	0.03663
1500.42314	0.04040
1498.49458	0.05060
1496.56602	0.06898
1494.63745	0.08867
1492.70889	0.09817
1490.78032	0.09244
1488.85176	0.07712
1486.92319	0.06286
1484.99463	0.05397
1483.06606	0.04877
1481.13750	0.04538
1479.20894	0.04318
1477.28037	0.04195
1475.35181	0.04146
1473.42324	0.04146
1471.49468	0.04161
1469.56611	0.04173
1467.63755	0.04198
1465.70898	0.04255
1463.78042	0.04331
1461.85186	0.04431
1459.92329	0.04758
1457.99473	0.05793
1456.06616	0.07667
1454.13760	0.09510
1452.20903	0.10482
1450.28047	0.10438
1448.35190	0.09736
1446.42334	0.08882
1444.49478	0.08143
1442.56621	0.07526
1440.63765	0.07005
1438.70908	0.06548
1436.78052	0.06110
1434.85195	0.05714
1432.92339	0.05403
1430.99482	0.05160
1429.06626	0.04965
1427.13770	0.04821
1425.20913	0.04721
1423.28057	0.04651
1421.35200	0.04603
1419.42344	0.04573
1417.49487	0.04554
1415.56631	0.04536
1413.63774	0.04523
1411.70918	0.04519
1409.78062	0.04517
1407.85205	0.04510
1405.92349	0.04498
1403.99492	0.04482
1402.06636	0.04465
1400.13779	0.04454
1398.20923	0.04451
1396.28066	0.04462
1394.35210	0.04491
1392.42354	0.04534
1390.49497	0.04585
1388.56641	0.04652
1386.63784	0.04736
1384.70928	0.04817
1382.78071	0.04885
1380.85215	0.04947
1378.92358	0.05015
1376.99502	0.05088
1375.06646	0.05151
1373.13789	0.05187
1371.20933	0.05194
1369.28076	0.05181
1367.35220	0.05155
1365.42363	0.05124
1363.49507	0.05096
1361.56650	0.05074
1359.63794	0.05049
1357.70937	0.05018
1355.78081	0.04983
1353.85225	0.04958
1351.92368	0.04950
1349.99512	0.04953
1348.06655	0.04951
1346.13799	0.04936
1344.20942	0.04912
1342.28086	0.04889
1340.35229	0.04873
1338.42373	0.04870
1336.49517	0.04884
1334.56660	0.04920
1332.63804	0.04968
1330.70947	0.05012
1328.78091	0.05038
1326.85234	0.05040
1324.92378	0.05024
1322.99521	0.05004
1321.06665	0.04995
1319.13809	0.05002
1317.20952	0.05021
1315.28096	0.05043
1313.35239	0.05061
1311.42383	0.05069
1309.49526	0.05063
1307.56670	0.05049
1305.63813	0.05026
1303.70957	0.04995
1301.78101	0.04958
1299.85244	0.04930
1297.92388	0.04917
1295.99531	0.04916
1294.06675	0.04921
1292.13818	0.04931
1290.20962	0.04943
1288.28105	0.04958
1286.35249	0.04975
1284.42393	0.04990
1282.49536	0.05004
1280.56680	0.05021
1278.63823	0.05037
1276.70967	0.05046
1274.78110	0.05051
1272.85254	0.05056
1270.92397	0.05065
1268.99541	0.05075
1267.06685	0.05079
1265.13828	0.05081
1263.20972	0.05086
1261.28115	0.05092
1259.35259	0.05095
1257.42402	0.05096
1255.49546	0.05097
1253.56689	0.05102
1251.63833	0.05115
1249.70977	0.05133
1247.78120	0.05152
1245.85264	0.05167
1243.92407	0.05171
1241.99551	0.05159
1240.06694	0.05132
1238.13838	0.05100
1236.20981	0.05064
1234.28125	0.05027
1232.35269	0.04994
1230.42412	0.04973
1228.49556	0.04968
1226.56699	0.04973
1224.63843	0.04978
1222.70986	0.04974
1220.78130	0.04945
1218.85273	0.04893
1216.92417	0.04861
1214.99561	0.04875
1213.06704	0.04905
1211.13848	0.04925
1209.20991	0.04938
1207.28135	0.04952
1205.35278	0.04975
1203.42422	0.05014
1201.49565	0.05066
1199.56709	0.05123
1197.63853	0.05169
1195.70996	0.05204
1193.78140	0.05235
1191.85283	0.05268
1189.92427	0.05315
1187.99570	0.05386
1186.06714	0.05490
1184.13857	0.05620
1182.21001	0.05730
1180.28145	0.05759
1178.35288	0.05692
1176.42432	0.05577
1174.49575	0.05472
1172.56719	0.05401
1170.63862	0.05359
1168.71006	0.05334
1166.78149	0.05325
1164.85293	0.05338
1162.92437	0.05389
1160.99580	0.05489
1159.06724	0.05638
1157.13867	0.05808
1155.21011	0.05927
1153.28154	0.05921
1151.35298	0.05783
1149.42441	0.05592
1147.49585	0.05429
1145.56729	0.05313
1143.63872	0.05230
1141.71016	0.05171
1139.78159	0.05136
1137.85303	0.05120
1135.92446	0.05116
1133.99590	0.05119
1132.06733	0.05127
1130.13877	0.05143
1128.21021	0.05167
1126.28164	0.05197
1124.35308	0.05234
1122.42451	0.05287
1120.49595	0.05357
1118.56738	0.05433
1116.63882	0.05508
1114.71025	0.05571
1112.78169	0.05624
1110.85312	0.05668
1108.92456	0.05697
1106.99600	0.05717
1105.06743	0.05741
1103.13887	0.05773
1101.21030	0.05812
1099.28174	0.05855
1097.35317	0.05896
1095.42461	0.05939
1093.49604	0.05986
1091.56748	0.06038
1089.63892	0.06102
1087.71035	0.06177
1085.78179	0.06261
1083.85322	0.06358
1081.92466	0.06466
1079.99609	0.06573
1078.06753	0.06686
1076.13896	0.06823
1074.21040	0.06984
1072.28184	0.07144
1070.35327	0.07271
1068.42471	0.07338
1066.49614	0.07324
1064.56758	0.07241
1062.63901	0.07129
1060.71045	0.07022
1058.78188	0.06935
1056.85332	0.06873
1054.92476	0.06822
1052.99619	0.06773
1051.06763	0.06736
1049.13906	0.06718
1047.21050	0.06708
1045.28193	0.06700
1043.35337	0.06700
1041.42480	0.06720
1039.49624	0.06789
1037.56768	0.06950
1035.63911	0.07260
1033.71055	0.07745
1031.78198	0.08316
1029.85342	0.08778
1027.92485	0.08958
1025.99629	0.08819
1024.06772	0.08480
1022.13916	0.08105
1020.21060	0.07781
1018.28203	0.07523
1016.35347	0.07314
1014.42490	0.07135
1012.49634	0.06984
1010.56777	0.06863
1008.63921	0.06780
1006.71064	0.06748
1004.78208	0.06750
1002.85352	0.06717
1000.92495	0.06585
998.99639	0.06387
997.06782	0.06208
995.13926	0.06086
993.21069	0.06009
991.28213	0.05966
989.35356	0.05949
987.42500	0.05953
985.49644	0.05966
983.56787	0.05971
981.63931	0.05956
979.71074	0.05916
977.78218	0.05850
975.85361	0.05767
973.92505	0.05692
971.99648	0.05654
970.06792	0.05666
968.13936	0.05714
966.21079	0.05758
964.28223	0.05762
962.35366	0.05713
960.42510	0.05600
958.49653	0.05449
956.56797	0.05315
954.63940	0.05225
952.71084	0.05170
950.78228	0.05142
948.85371	0.05137
946.92515	0.05150
944.99658	0.05166
943.06802	0.05166
941.13945	0.05140
939.21089	0.05096
937.28232	0.05034
935.35376	0.04949
933.42520	0.04861
931.49663	0.04795
929.56807	0.04754
927.63950	0.04733
925.71094	0.04729
923.78237	0.04747
921.85381	0.04796
919.92524	0.04880
917.99668	0.04998
916.06812	0.05161
914.13955	0.05389
912.21099	0.05671
910.28242	0.05955
908.35386	0.06168
906.42529	0.06252
904.49673	0.06186
902.56816	0.05976
900.63960	0.05664
898.71104	0.05325
896.78247	0.05033
894.85391	0.04817
892.92534	0.04662
890.99678	0.04551
889.06821	0.04475
887.13965	0.04413
885.21108	0.04361
883.28252	0.04313
881.35396	0.04257
879.42539	0.04210
877.49683	0.04180
875.56826	0.04149
873.63970	0.04107
871.71113	0.04060
869.78257	0.04017
867.85400	0.03980
865.92544	0.03953
863.99687	0.03947
862.06831	0.03952
860.13975	0.03955
858.21118	0.03966
856.28262	0.03999
854.35405	0.04056
852.42549	0.04142
850.49692	0.04257
848.56836	0.04391
846.63979	0.04530
844.71123	0.04656
842.78267	0.04738
840.85410	0.04746
838.92554	0.04675
836.99697	0.04543
835.06841	0.04387
833.13984	0.04246
831.21128	0.04139
829.28271	0.04054
827.35415	0.03980
825.42559	0.03922
823.49702	0.03883
821.56846	0.03862
819.63989	0.03856
817.71133	0.03857
815.78276	0.03855
813.85420	0.03852
811.92563	0.03853
809.99707	0.03854
808.06851	0.03866
806.13994	0.03885
804.21138	0.03903
802.28281	0.03927
800.35425	0.03968
798.42568	0.04018
796.49712	0.04078
794.56855	0.04157
792.63999	0.04261
790.71143	0.04387
788.78286	0.04533
786.85430	0.04694
784.92573	0.04879
782.99717	0.05110
781.06860	0.05411
779.14004	0.05789
777.21147	0.06240
775.28291	0.06774
773.35435	0.07419
771.42578	0.08181
769.49722	0.09027
767.56865	0.09905
765.64009	0.10780
763.71152	0.11653
761.78296	0.12544
759.85439	0.13399
757.92583	0.14091
755.99727	0.14514
754.06870	0.14646
752.14014	0.14579
750.21157	0.14427
748.28301	0.14167
746.35444	0.13651
744.42588	0.12793
742.49731	0.11698
740.56875	0.10562
738.64019	0.09509
736.71162	0.08559
734.78306	0.07702
732.85449	0.06943
730.92593	0.06287
728.99736	0.05753
727.06880	0.05358
725.14023	0.05096
723.21167	0.04927
721.28311	0.04835
719.35454	0.04812
717.42598	0.04887
715.49741	0.05092
713.56885	0.05524
711.64028	0.06385
709.71172	0.07894
707.78315	0.10228
705.85459	0.13525
703.92603	0.17886
701.99746	0.23333
700.06890	0.29601
698.14033	0.35463
696.21177	0.38134
694.28320	0.35394
692.35464	0.28956
690.42607	0.22451
688.49751	0.17696
686.56895	0.14648
684.64038	0.12736
682.71182	0.11488
680.78325	0.10575
678.85469	0.09841
676.92612	0.09308
674.99756	0.08980
673.06899	0.08731
671.14043	0.08432
669.21187	0.08102
667.28330	0.07996
665.35474	0.07696
663.42617	0.07388
661.49761	0.07176
659.56904	0.06980
657.64048	0.06755
655.71191	0.06579
653.78335	0.06489
651.85479	0.06391
649.92622	0.06248
647.99766	0.06155
646.06909	0.06147
644.14053	0.06143
642.21196	0.06101
640.28340	0.06083
638.35483	0.06153
636.42627	0.06287
634.49771	0.06438
632.56914	0.06587
630.64058	0.06707
628.71201	0.06759
626.78345	0.06730
624.85488	0.06710
622.92632	0.06780
620.99775	0.06858
619.06919	0.06798
617.14062	0.06614
615.21206	0.06476
613.28350	0.06444
611.35493	0.06436
609.42637	0.06408
607.49780	0.06383
605.56924	0.06379
603.64067	0.06400
601.71211	0.06458
599.78354	0.06587
