3997.91411	0.04249
3995.98555	0.04240
3994.05698	0.04234
3992.12842	0.04227
3990.19985	0.04225
3988.27129	0.04233
3986.34272	0.04243
3984.41416	0.04244
3982.48560	0.04239
3980.55703	0.04240
3978.62847	0.04249
3976.69990	0.04262
3974.77134	0.04263
3972.84277	0.04248
3970.91421	0.04235
3968.98564	0.04235
3967.05708	0.04244
3965.12852	0.04253
3963.19995	0.04258
3961.27139	0.04253
3959.34282	0.04240
3957.41426	0.04232
3955.48569	0.04237
3953.55713	0.04249
3951.62856	0.04257
3949.70000	0.04256
3947.77144	0.04254
3945.84287	0.04257
3943.91431	0.04256
3941.98574	0.04246
3940.05718	0.04229
3938.12861	0.04219
3936.20005	0.04224
3934.27148	0.04240
3932.34292	0.04260
3930.41436	0.04273
3928.48579	0.04273
3926.55723	0.04269
3924.62866	0.04270
3922.70010	0.04271
3920.77153	0.04264
3918.84297	0.04254
3916.91440	0.04252
3914.98584	0.04258
3913.05728	0.04261
3911.12871	0.04255
3909.20015	0.04245
3907.27158	0.04240
3905.34302	0.04241
3903.41445	0.04237
3901.48589	0.04229
3899.55732	0.04232
3897.62876	0.04244
3895.70020	0.04252
3893.77163	0.04256
3891.84307	0.04259
3889.91450	0.04254
3887.98594	0.04240
3886.05737	0.04231
3884.12881	0.04240
3882.20024	0.04254
3880.27168	0.04259
3878.34312	0.04250
3876.41455	0.04236
3874.48599	0.04232
3872.55742	0.04238
3870.62886	0.04245
3868.70029	0.04243
3866.77173	0.04233
3864.84316	0.04226
3862.91460	0.04230
3860.98604	0.04238
3859.05747	0.04240
3857.12891	0.04232
3855.20034	0.04224
3853.27178	0.04233
3851.34321	0.04248
3849.41465	0.04248
3847.48608	0.04236
3845.55752	0.04228
3843.62896	0.04231
3841.70039	0.04238
3839.77183	0.04241
3837.84326	0.04242
3835.91470	0.04244
3833.98613	0.04245
3832.05757	0.04246
3830.12900	0.04248
3828.20044	0.04248
3826.27187	0.04239
3824.34331	0.04223
3822.41475	0.04217
3820.48618	0.04228
3818.55762	0.04243
3816.62905	0.04259
3814.70049	0.04273
3812.77192	0.04279
3810.84336	0.04280
3808.91479	0.04278
3806.98623	0.04274
3805.05767	0.04272
3803.12910	0.04274
3801.20054	0.04272
3799.27197	0.04266
3797.34341	0.04269
3795.41484	0.04284
3793.48628	0.04291
3791.55771	0.04283
3789.62915	0.04271
3787.70059	0.04268
3785.77202	0.04278
3783.84346	0.04293
3781.91489	0.04300
3779.98633	0.04294
3778.05776	0.04281
3776.12920	0.04277
3774.20063	0.04280
3772.27207	0.04285
3770.34351	0.04290
3768.41494	0.04294
3766.48638	0.04289
3764.55781	0.04271
3762.62925	0.04249
3760.70068	0.04239
3758.77212	0.04239
3756.84355	0.04231
3754.91499	0.04210
3752.98643	0.04191
3751.05786	0.04194
3749.12930	0.04206
3747.20073	0.04206
3745.27217	0.04202
3743.34360	0.04215
3741.41504	0.04228
3739.48647	0.04230
3737.55791	0.04234
3735.62935	0.04239
3733.70078	0.04237
3731.77222	0.04230
3729.84365	0.04219
3727.91509	0.04212
3725.98652	0.04205
3724.05796	0.04215
3722.12939	0.04232
3720.20083	0.04235
3718.27227	0.04232
3716.34370	0.04228
3714.41514	0.04229
3712.48657	0.04239
3710.55801	0.04245
3708.62944	0.04235
3706.70088	0.04221
3704.77231	0.04219
3702.84375	0.04228
3700.91519	0.04239
3698.98662	0.04246
3697.05806	0.04246
3695.12949	0.04244
3693.20093	0.04243
3691.27236	0.04242
3689.34380	0.04245
3687.41523	0.04258
3685.48667	0.04267
3683.55811	0.04264
3681.62954	0.04253
3679.70098	0.04241
3677.77241	0.04236
3675.84385	0.04250
3673.91528	0.04267
3671.98672	0.04268
3670.05815	0.04262
3668.12959	0.04260
3666.20103	0.04259
3664.27246	0.04267
3662.34390	0.04282
3660.41533	0.04296
3658.48677	0.04305
3656.55820	0.04308
3654.62964	0.04301
3652.70107	0.04284
3650.77251	0.04274
3648.84395	0.04286
3646.91538	0.04310
3644.98682	0.04316
3643.05825	0.04306
3641.12969	0.04302
3639.20112	0.04311
3637.27256	0.04318
3635.34399	0.04317
3633.41543	0.04318
3631.48687	0.04323
3629.55830	0.04317
3627.62974	0.04297
3625.70117	0.04275
3623.77261	0.04270
3621.84404	0.04294
3619.91548	0.04330
3617.98691	0.04365
3616.05835	0.04383
3614.12979	0.04372
3612.20122	0.04346
3610.27266	0.04327
3608.34409	0.04336
3606.41553	0.04354
3604.48696	0.04356
3602.55840	0.04345
3600.62983	0.04338
3598.70127	0.04340
3596.77271	0.04341
3594.84414	0.04346
3592.91558	0.04352
3590.98701	0.04357
3589.05845	0.04372
3587.12988	0.04396
3585.20132	0.04408
3583.27275	0.04409
3581.34419	0.04409
3579.41562	0.04413
3577.48706	0.04424
3575.55850	0.04443
3573.62993	0.04454
3571.70137	0.04443
3569.77280	0.04421
3567.84424	0.04414
3565.91567	0.04430
3563.98711	0.04449
3562.05854	0.04458
3560.12998	0.04473
3558.20142	0.04497
3556.27285	0.04502
3554.34429	0.04486
3552.41572	0.04475
3550.48716	0.04472
3548.55859	0.04470
3546.63003	0.04475
3544.70146	0.04491
3542.77290	0.04510
3540.84434	0.04520
3538.91577	0.04521
3536.98721	0.04524
3535.05864	0.04531
3533.13008	0.04531
3531.20151	0.04519
3529.27295	0.04501
3527.34438	0.04484
3525.41582	0.04482
3523.48726	0.04504
3521.55869	0.04542
3519.63013	0.04576
3517.70156	0.04587
3515.77300	0.04574
3513.84443	0.04558
3511.91587	0.04551
3509.98730	0.04540
3508.05874	0.04529
3506.13018	0.04530
3504.20161	0.04543
3502.27305	0.04555
3500.34448	0.04558
3498.41592	0.04557
3496.48735	0.04568
3494.55879	0.04588
3492.63022	0.04600
3490.70166	0.04601
3488.77310	0.04606
3486.84453	0.04610
3484.91597	0.04610
3482.98740	0.04612
3481.05884	0.04613
3479.13027	0.04604
3477.20171	0.04591
3475.27314	0.04589
3473.34458	0.04598
3471.41602	0.04606
3469.48745	0.04610
3467.55889	0.04630
3465.63032	0.04661
3463.70176	0.04667
3461.77319	0.04647
3459.84463	0.04641
3457.91606	0.04659
3455.98750	0.04673
3454.05894	0.04672
3452.13037	0.04673
3450.20181	0.04678
3448.27324	0.04677
3446.34468	0.04664
3444.41611	0.04647
3442.48755	0.04637
3440.55898	0.04637
3438.63042	0.04652
3436.70186	0.04685
3434.77329	0.04706
3432.84473	0.04692
3430.91616	0.04673
3428.98760	0.04676
3427.05903	0.04696
3425.13047	0.04720
3423.20190	0.04728
3421.27334	0.04711
3419.34478	0.04692
3417.41621	0.04694
3415.48765	0.04707
3413.55908	0.04714
3411.63052	0.04721
3409.70195	0.04726
3407.77339	0.04731
3405.84482	0.04740
3403.91626	0.04734
3401.98770	0.04712
3400.05913	0.04706
3398.13057	0.04710
3396.20200	0.04721
3394.27344	0.04731
3392.34487	0.04737
3390.41631	0.04735
3388.48774	0.04728
3386.55918	0.04721
3384.63062	0.04722
3382.70205	0.04733
3380.77349	0.04745
3378.84492	0.04752
3376.91636	0.04758
3374.98779	0.04769
3373.05923	0.04776
3371.13066	0.04782
3369.20210	0.04795
3367.27354	0.04802
3365.34497	0.04787
3363.41641	0.04757
3361.48784	0.04743
3359.55928	0.04757
3357.63071	0.04790
3355.70215	0.04823
3353.77358	0.04833
3351.84502	0.04815
3349.91646	0.04798
3347.98789	0.04805
3346.05933	0.04817
3344.13076	0.04816
3342.20220	0.04808
3340.27363	0.04790
3338.34507	0.04765
3336.41650	0.04754
3334.48794	0.04770
3332.55937	0.04797
3330.63081	0.04821
3328.70225	0.04833
3326.77368	0.04834
3324.84512	0.04830
3322.91655	0.04826
3320.98799	0.04824
3319.05942	0.04814
3317.13086	0.04803
3315.20229	0.04808
3313.27373	0.04825
3311.34517	0.04832
3309.41660	0.04825
3307.48804	0.04828
3305.55947	0.04847
3303.63091	0.04864
3301.70234	0.04866
3299.77378	0.04854
3297.84521	0.04839
3295.91665	0.04827
3293.98809	0.04820
3292.05952	0.04816
3290.13096	0.04819
3288.20239	0.04825
3286.27383	0.04831
3284.34526	0.04838
3282.41670	0.04840
3280.48813	0.04827
3278.55957	0.04800
3276.63101	0.04773
3274.70244	0.04764
3272.77388	0.04776
3270.84531	0.04798
3268.91675	0.04819
3266.98818	0.04824
3265.05962	0.04815
3263.13105	0.04811
3261.20249	0.04816
3259.27393	0.04814
3257.34536	0.04803
3255.41680	0.04799
3253.48823	0.04812
3251.55967	0.04829
3249.63110	0.04833
3247.70254	0.04829
3245.77397	0.04819
3243.84541	0.04805
3241.91685	0.04793
3239.98828	0.04785
3238.05972	0.04781
3236.13115	0.04779
3234.20259	0.04784
3232.27402	0.04791
3230.34546	0.04784
3228.41689	0.04767
3226.48833	0.04754
3224.55977	0.04752
3222.63120	0.04750
3220.70264	0.04748
3218.77407	0.04759
3216.84551	0.04777
3214.91694	0.04785
3212.98838	0.04791
3211.05981	0.04807
3209.13125	0.04811
3207.20269	0.04792
3205.27412	0.04775
3203.34556	0.04783
3201.41699	0.04807
3199.48843	0.04821
3197.55986	0.04807
3195.63130	0.04771
3193.70273	0.04755
3191.77417	0.04765
3189.84561	0.04770
3187.91704	0.04766
3185.98848	0.04766
3184.05991	0.04764
3182.13135	0.04767
3180.20278	0.04784
3178.27422	0.04793
3176.34565	0.04779
3174.41709	0.04758
3172.48853	0.04751
3170.55996	0.04759
3168.63140	0.04769
3166.70283	0.04770
3164.77427	0.04767
3162.84570	0.04764
3160.91714	0.04759
3158.98857	0.04756
3157.06001	0.04752
3155.13145	0.04738
3153.20288	0.04725
3151.27432	0.04725
3149.34575	0.04721
3147.41719	0.04708
3145.48862	0.04705
3143.56006	0.04711
3141.63149	0.04713
3139.70293	0.04712
3137.77437	0.04707
3135.84580	0.04695
3133.91724	0.04687
3131.98867	0.04689
3130.06011	0.04695
3128.13154	0.04699
3126.20298	0.04697
3124.27441	0.04693
3122.34585	0.04694
3120.41729	0.04700
3118.48872	0.04701
3116.56016	0.04696
3114.63159	0.04701
3112.70303	0.04723
3110.77446	0.04760
3108.84590	0.04811
3106.91733	0.04867
3104.98877	0.04910
3103.06021	0.04925
3101.13164	0.04915
3099.20308	0.04898
3097.27451	0.04884
3095.34595	0.04884
3093.41738	0.04912
3091.48882	0.04978
3089.56025	0.05090
3087.63169	0.05250
3085.70312	0.05433
3083.77456	0.05583
3081.84600	0.05639
3079.91743	0.05591
3077.98887	0.05492
3076.06030	0.05400
3074.13174	0.05342
3072.20317	0.05331
3070.27461	0.05378
3068.34604	0.05483
3066.41748	0.05630
3064.48892	0.05808
3062.56035	0.05992
3060.63179	0.06124
3058.70322	0.06150
3056.77466	0.06065
3054.84609	0.05916
3052.91753	0.05760
3050.98896	0.05617
3049.06040	0.05489
3047.13184	0.05394
3045.20327	0.05345
3043.27471	0.05342
3041.34614	0.05376
3039.41758	0.05450
3037.48901	0.05577
3035.56045	0.05780
3033.63188	0.06087
3031.70332	0.06506
3029.77476	0.06990
3027.84619	0.07439
3025.91763	0.07720
3023.98906	0.07729
3022.06050	0.07457
3020.13193	0.07007
3018.20337	0.06528
3016.27480	0.06133
3014.34624	0.05857
3012.41768	0.05679
3010.48911	0.05568
3008.56055	0.05510
3006.63198	0.05500
3004.70342	0.05522
3002.77485	0.05550
3000.84629	0.05559
2998.91772	0.05529
2996.98916	0.05446
2995.06060	0.05332
2993.13203	0.05230
2991.20347	0.05163
2989.27490	0.05127
2987.34634	0.05111
2985.41777	0.05092
2983.48921	0.05068
2981.56064	0.05059
2979.63208	0.05071
2977.70352	0.05087
2975.77495	0.05098
2973.84639	0.05105
2971.91782	0.05108
2969.98926	0.05119
2968.06069	0.05155
2966.13213	0.05208
2964.20356	0.05262
2962.27500	0.05318
2960.34644	0.05376
2958.41787	0.05429
2956.48931	0.05488
2954.56074	0.05570
2952.63218	0.05670
2950.70361	0.05775
2948.77505	0.05891
2946.84648	0.06033
2944.91792	0.06205
2942.98936	0.06402
2941.06079	0.06626
2939.13223	0.06884
2937.20366	0.07180
2935.27510	0.07502
2933.34653	0.07845
2931.41797	0.08200
2929.48940	0.08556
2927.56084	0.08892
2925.63228	0.09185
2923.70371	0.09422
2921.77515	0.09603
2919.84658	0.09716
2917.91802	0.09742
2915.98945	0.09668
2914.06089	0.09496
2912.13232	0.09259
2910.20376	0.09007
2908.27520	0.08769
2906.34663	0.08554
2904.41807	0.08349
2902.48950	0.08130
2900.56094	0.07900
2898.63237	0.07683
2896.70381	0.07500
2894.77524	0.07348
2892.84668	0.07208
2890.91812	0.07076
2888.98955	0.06962
2887.06099	0.06864
2885.13242	0.06770
2883.20386	0.06682
2881.27529	0.06607
2879.34673	0.06542
2877.41816	0.06481
2875.48960	0.06425
2873.56104	0.06380
2871.63247	0.06345
2869.70391	0.06328
2867.77534	0.06343
2865.84678	0.06379
2863.91821	0.06431
2861.98965	0.06512
2860.06108	0.06638
2858.13252	0.06804
2856.20396	0.06999
2854.27539	0.07211
2852.34683	0.07420
2850.41826	0.07572
2848.48970	0.07599
2846.56113	0.07484
2844.63257	0.07282
2842.70400	0.07048
2840.77544	0.06793
2838.84687	0.06529
2836.91831	0.06297
2834.98975	0.06126
2833.06118	0.06001
2831.13262	0.05898
2829.20405	0.05818
2827.27549	0.05761
2825.34692	0.05719
2823.41836	0.05691
2821.48979	0.05676
2819.56123	0.05658
2817.63267	0.05634
2815.70410	0.05612
2813.77554	0.05591
2811.84697	0.05573
2809.91841	0.05558
2807.98984	0.05541
2806.06128	0.05527
2804.13271	0.05519
2802.20415	0.05512
2800.27559	0.05500
2798.34702	0.05488
2796.41846	0.05479
2794.48989	0.05468
2792.56133	0.05457
2790.63276	0.05450
2788.70420	0.05443
2786.77563	0.05436
2784.84707	0.05435
2782.91851	0.05438
2780.98994	0.05438
2779.06138	0.05437
2777.13281	0.05432
2775.20425	0.05416
2773.27568	0.05395
2771.34712	0.05389
2769.41855	0.05398
2767.48999	0.05403
2765.56143	0.05399
2763.63286	0.05391
2761.70430	0.05386
2759.77573	0.05382
2757.84717	0.05377
2755.91860	0.05372
2753.99004	0.05366
2752.06147	0.05360
2750.13291	0.05363
2748.20435	0.05369
2746.27578	0.05370
2744.34722	0.05367
2742.41865	0.05367
2740.49009	0.05365
2738.56152	0.05361
2736.63296	0.05362
2734.70439	0.05368
2732.77583	0.05373
2730.84727	0.05376
2728.91870	0.05377
2726.99014	0.05379
2725.06157	0.05384
2723.13301	0.05380
2721.20444	0.05369
2719.27588	0.05367
2717.34731	0.05375
2715.41875	0.05378
2713.49019	0.05373
2711.56162	0.05370
2709.63306	0.05375
2707.70449	0.05380
2705.77593	0.05380
2703.84736	0.05379
2701.91880	0.05375
2699.99023	0.05370
2698.06167	0.05366
2696.13311	0.05365
2694.20454	0.05367
2692.27598	0.05374
2690.34741	0.05383
2688.41885	0.05387
2686.49028	0.05387
2684.56172	0.05388
2682.63315	0.05392
2680.70459	0.05394
2678.77603	0.05393
2676.84746	0.05390
2674.91890	0.05385
2672.99033	0.05379
2671.06177	0.05376
2669.13320	0.05375
2667.20464	0.05383
2665.27607	0.05400
2663.34751	0.05415
2661.41895	0.05423
2659.49038	0.05434
2657.56182	0.05441
2655.63325	0.05435
2653.70469	0.05426
2651.77612	0.05425
2649.84756	0.05426
2647.91899	0.05424
2645.99043	0.05420
2644.06187	0.05411
2642.13330	0.05397
2640.20474	0.05387
2638.27617	0.05385
2636.34761	0.05383
2634.41904	0.05378
2632.49048	0.05375
2630.56191	0.05377
2628.63335	0.05379
2626.70479	0.05378
2624.77622	0.05367
2622.84766	0.05349
2620.91909	0.05338
2618.99053	0.05340
2617.06196	0.05339
2615.13340	0.05325
2613.20483	0.05314
2611.27627	0.05316
2609.34771	0.05315
2607.41914	0.05309
2605.49058	0.05309
2603.56201	0.05311
2601.63345	0.05305
2599.70488	0.05293
2597.77632	0.05282
2595.84775	0.05273
2593.91919	0.05267
2591.99062	0.05269
2590.06206	0.05269
2588.13350	0.05262
2586.20493	0.05261
2584.27637	0.05269
2582.34780	0.05275
2580.41924	0.05274
2578.49067	0.05266
2576.56211	0.05260
2574.63354	0.05260
2572.70498	0.05259
2570.77642	0.05246
2568.84785	0.05229
2566.91929	0.05222
2564.99072	0.05226
2563.06216	0.05232
2561.13359	0.05231
2559.20503	0.05230
2557.27646	0.05234
2555.34790	0.05233
2553.41934	0.05226
2551.49077	0.05221
2549.56221	0.05218
2547.63364	0.05219
2545.70508	0.05225
2543.77651	0.05234
2541.84795	0.05236
2539.91938	0.05231
2537.99082	0.05220
2536.06226	0.05206
2534.13369	0.05206
2532.20513	0.05222
2530.27656	0.05237
2528.34800	0.05233
2526.41943	0.05221
2524.49087	0.05222
2522.56230	0.05235
2520.63374	0.05247
2518.70518	0.05250
2516.77661	0.05251
2514.84805	0.05254
2512.91948	0.05254
2510.99092	0.05254
2509.06235	0.05249
2507.13379	0.05237
2505.20522	0.05226
2503.27666	0.05224
2501.34810	0.05227
2499.41953	0.05230
2497.49097	0.05234
2495.56240	0.05236
2493.63384	0.05238
2491.70527	0.05249
2489.77671	0.05261
2487.84814	0.05267
2485.91958	0.05267
2483.99102	0.05265
2482.06245	0.05260
2480.13389	0.05252
2478.20532	0.05241
2476.27676	0.05237
2474.34819	0.05249
2472.41963	0.05266
2470.49106	0.05268
2468.56250	0.05261
2466.63394	0.05260
2464.70537	0.05265
2462.77681	0.05264
2460.84824	0.05253
2458.91968	0.05248
2456.99111	0.05257
2455.06255	0.05270
2453.13398	0.05279
2451.20542	0.05277
2449.27686	0.05271
2447.34829	0.05273
2445.41973	0.05275
2443.49116	0.05267
2441.56260	0.05258
2439.63403	0.05260
2437.70547	0.05267
2435.77690	0.05271
2433.84834	0.05274
2431.91978	0.05280
2429.99121	0.05282
2428.06265	0.05269
2426.13408	0.05258
2424.20552	0.05257
2422.27695	0.05254
2420.34839	0.05241
2418.41982	0.05232
2416.49126	0.05237
2414.56270	0.05249
2412.63413	0.05261
2410.70557	0.05275
2408.77700	0.05291
2406.84844	0.05299
2404.91987	0.05298
2402.99131	0.05290
2401.06274	0.05284
2399.13418	0.05309
2397.20562	0.05319
2395.27705	0.05318
2393.34849	0.05311
2391.41992	0.05298
2389.49136	0.05283
2387.56279	0.05269
2385.63423	0.05252
2383.70566	0.05227
2381.77710	0.05194
2379.84854	0.05151
2377.91997	0.05098
2375.99141	0.05036
2374.06284	0.04977
2372.13428	0.04915
2370.20571	0.04832
2368.27715	0.04834
2366.34858	0.04869
2364.42002	0.04805
2362.49146	0.04857
2360.56289	0.04809
2358.63433	0.04670
2356.70576	0.04944
2354.77720	0.04778
2352.84863	0.04756
2350.92007	0.04999
2348.99150	0.05101
2347.06294	0.05155
2345.13437	0.05211
2343.20581	0.05015
2341.27725	0.04573
2339.34868	0.04483
2337.42012	0.04760
2335.49155	0.05188
2333.56299	0.05465
2331.63442	0.05548
2329.70586	0.05557
2327.77729	0.05549
2325.84873	0.05592
2323.92017	0.05622
2321.99160	0.05585
2320.06304	0.05562
2318.13447	0.05554
2316.20591	0.05533
2314.27734	0.05497
2312.34878	0.05452
2310.42021	0.05397
2308.49165	0.05364
2306.56309	0.05343
2304.63452	0.05349
2302.70596	0.05375
2300.77739	0.05401
2298.84883	0.05430
2296.92026	0.05457
2294.99170	0.05479
2293.06313	0.05496
2291.13457	0.05518
2289.20601	0.05532
2287.27744	0.05550
2285.34888	0.05573
2283.42031	0.05575
2281.49175	0.05550
2279.56318	0.05516
2277.63462	0.05492
2275.70605	0.05474
2273.77749	0.05465
2271.84893	0.05470
2269.92036	0.05482
2267.99180	0.05480
2266.06323	0.05460
2264.13467	0.05447
2262.20610	0.05452
2260.27754	0.05456
2258.34897	0.05445
2256.42041	0.05428
2254.49185	0.05416
2252.56328	0.05415
2250.63472	0.05431
2248.70615	0.05466
2246.77759	0.05478
2244.84902	0.05480
2242.92046	0.05465
2240.99189	0.05450
2239.06333	0.05464
2237.13477	0.05490
2235.20620	0.05490
2233.27764	0.05467
2231.34907	0.05450
2229.42051	0.05451
2227.49194	0.05459
2225.56338	0.05462
2223.63481	0.05462
2221.70625	0.05459
2219.77769	0.05461
2217.84912	0.05470
2215.92056	0.05473
2213.99199	0.05461
2212.06343	0.05452
2210.13486	0.05449
2208.20630	0.05445
2206.27773	0.05443
2204.34917	0.05434
2202.42061	0.05415
2200.49204	0.05413
2198.56348	0.05445
2196.63491	0.05486
2194.70635	0.05500
2192.77778	0.05492
2190.84922	0.05493
2188.92065	0.05515
2186.99209	0.05535
2185.06353	0.05512
2183.13496	0.05441
2181.20640	0.05383
2179.27783	0.05378
2177.34927	0.05395
2175.42070	0.05412
2173.49214	0.05443
2171.56357	0.05491
2169.63501	0.05544
2167.70645	0.05576
2165.77788	0.05564
2163.84932	0.05527
2161.92075	0.05460
2159.99219	0.05299
2158.06362	0.05119
2156.13506	0.05077
2154.20649	0.05137
2152.27793	0.05212
2150.34937	0.05274
2148.42080	0.05293
2146.49224	0.05287
2144.56367	0.05297
2142.63511	0.05320
2140.70654	0.05338
2138.77798	0.05341
2136.84941	0.05313
2134.92085	0.05278
2132.99229	0.05278
2131.06372	0.05310
2129.13516	0.05345
2127.20659	0.05374
2125.27803	0.05405
2123.34946	0.05434
2121.42090	0.05450
2119.49233	0.05463
2117.56377	0.05488
2115.63521	0.05529
2113.70664	0.05570
2111.77808	0.05585
2109.84951	0.05575
2107.92095	0.05561
2105.99238	0.05558
2104.06382	0.05560
2102.13525	0.05562
2100.20669	0.05572
2098.27812	0.05588
2096.34956	0.05572
2094.42100	0.05541
2092.49243	0.05534
2090.56387	0.05552
2088.63530	0.05576
2086.70674	0.05603
2084.77817	0.05628
2082.84961	0.05647
2080.92104	0.05654
2078.99248	0.05652
2077.06392	0.05652
2075.13535	0.05657
2073.20679	0.05664
2071.27822	0.05672
2069.34966	0.05682
2067.42109	0.05699
2065.49253	0.05717
2063.56396	0.05710
2061.63540	0.05673
2059.70684	0.05650
2057.77827	0.05661
2055.84971	0.05671
2053.92114	0.05700
2051.99258	0.05769
2050.06401	0.05796
2048.13545	0.05738
2046.20688	0.05692
2044.27832	0.05705
2042.34976	0.05719
2040.42119	0.05698
2038.49263	0.05684
2036.56406	0.05710
2034.63550	0.05729
2032.70693	0.05711
2030.77837	0.05686
2028.84980	0.05655
2026.92124	0.05589
2024.99268	0.05526
2023.06411	0.05523
2021.13555	0.05541
2019.20698	0.05527
2017.27842	0.05532
2015.34985	0.05600
2013.42129	0.05662
2011.49272	0.05675
2009.56416	0.05656
2007.63560	0.05588
2005.70703	0.05508
2003.77847	0.05501
2001.84990	0.05549
1999.92134	0.05588
1997.99277	0.05623
1996.06421	0.05673
1994.13564	0.05710
1992.20708	0.05718
1990.27852	0.05732
1988.34995	0.05774
1986.42139	0.05798
1984.49282	0.05772
1982.56426	0.05751
1980.63569	0.05791
1978.70713	0.05832
1976.77856	0.05813
1974.85000	0.05779
1972.92144	0.05770
1970.99287	0.05773
1969.06431	0.05764
1967.13574	0.05740
1965.20718	0.05730
1963.27861	0.05743
1961.35005	0.05752
1959.42148	0.05757
1957.49292	0.05784
1955.56436	0.05823
1953.63579	0.05846
1951.70723	0.05863
1949.77866	0.05901
1947.85010	0.05960
1945.92153	0.06008
1943.99297	0.06029
1942.06440	0.06039
1940.13584	0.06042
1938.20728	0.06034
1936.27871	0.06020
1934.35015	0.06014
1932.42158	0.06015
1930.49302	0.06006
1928.56445	0.05977
1926.63589	0.05944
1924.70732	0.05932
1922.77876	0.05931
1920.85020	0.05915
1918.92163	0.05887
1916.99307	0.05872
1915.06450	0.05882
1913.13594	0.05903
1911.20737	0.05917
1909.27881	0.05920
1907.35024	0.05930
1905.42168	0.05951
1903.49312	0.05960
1901.56455	0.05949
1899.63599	0.05933
1897.70742	0.05936
1895.77886	0.05965
1893.85029	0.05998
1891.92173	0.06022
1889.99316	0.06044
1888.06460	0.06065
1886.13604	0.06084
1884.20747	0.06099
1882.27891	0.06119
1880.35034	0.06152
1878.42178	0.06193
1876.49321	0.06219
1874.56465	0.06224
1872.63608	0.06222
1870.70752	0.06234
1868.77896	0.06255
1866.85039	0.06262
1864.92183	0.06255
1862.99326	0.06243
1861.06470	0.06224
1859.13613	0.06198
1857.20757	0.06175
1855.27900	0.06160
1853.35044	0.06153
1851.42187	0.06146
1849.49331	0.06131
1847.56475	0.06110
1845.63618	0.06095
1843.70762	0.06096
1841.77905	0.06102
1839.85049	0.06103
1837.92192	0.06106
1835.99336	0.06111
1834.06479	0.06120
1832.13623	0.06137
1830.20767	0.06159
1828.27910	0.06176
1826.35054	0.06195
1824.42197	0.06226
1822.49341	0.06259
1820.56484	0.06278
1818.63628	0.06281
1816.70771	0.06284
1814.77915	0.06303
1812.85059	0.06339
1810.92202	0.06378
1808.99346	0.06414
1807.06489	0.06444
1805.13633	0.06469
1803.20776	0.06489
1801.27920	0.06501
1799.35063	0.06500
1797.42207	0.06483
1795.49351	0.06460
1793.56494	0.06445
1791.63638	0.06435
1789.70781	0.06421
1787.77925	0.06401
1785.85068	0.06382
1783.92212	0.06375
1781.99355	0.06378
1780.06499	0.06379
1778.13643	0.06370
1776.20786	0.06365
1774.27930	0.06368
1772.35073	0.06368
1770.42217	0.06350
1768.49360	0.06323
1766.56504	0.06305
1764.63647	0.06298
1762.70791	0.06298
1760.77935	0.06301
1758.85078	0.06308
1756.92222	0.06322
1754.99365	0.06340
1753.06509	0.06361
1751.13652	0.06392
1749.20796	0.06433
1747.27939	0.06473
1745.35083	0.06506
1743.42227	0.06537
1741.49370	0.06564
1739.56514	0.06581
1737.63657	0.06587
1735.70801	0.06593
1733.77944	0.06607
1731.85088	0.06612
1729.92231	0.06596
1727.99375	0.06571
1726.06519	0.06555
1724.13662	0.06553
1722.20806	0.06560
1720.27949	0.06571
1718.35093	0.06585
1716.42236	0.06599
1714.49380	0.06619
1712.56523	0.06643
1710.63667	0.06668
1708.70811	0.06696
1706.77954	0.06728
1704.85098	0.06756
1702.92241	0.06780
1700.99385	0.06812
1699.06528	0.06850
1697.13672	0.06878
1695.20815	0.06893
1693.27959	0.06900
1691.35103	0.06908
1689.42246	0.06926
1687.49390	0.06948
1685.56533	0.06980
1683.63677	0.07024
1681.70820	0.07062
1679.77964	0.07089
1677.85107	0.07117
1675.92251	0.07152
1673.99395	0.07186
1672.06538	0.07212
1670.13682	0.07237
1668.20825	0.07257
1666.27969	0.07273
1664.35112	0.07290
1662.42256	0.07308
1660.49399	0.07320
1658.56543	0.07328
1656.63687	0.07342
1654.70830	0.07360
1652.77974	0.07371
1650.85117	0.07366
1648.92261	0.07354
1646.99404	0.07348
1645.06548	0.07346
1643.13691	0.07341
1641.20835	0.07333
1639.27979	0.07328
1637.35122	0.07332
1635.42266	0.07341
1633.49409	0.07338
1631.56553	0.07328
1629.63696	0.07319
1627.70840	0.07313
1625.77983	0.07308
1623.85127	0.07308
1621.92271	0.07304
1619.99414	0.07293
1618.06558	0.07287
1616.13701	0.07295
1614.20845	0.07315
1612.27988	0.07362
1610.35132	0.07480
1608.42275	0.07727
1606.49419	0.08131
1604.56562	0.08645
1602.63706	0.09107
1600.70850	0.09308
1598.77993	0.09176
1596.85137	0.08836
1594.92280	0.08477
1592.99424	0.08211
1591.06567	0.08053
1589.13711	0.07994
1587.20854	0.08035
1585.27998	0.08148
1583.35142	0.08237
1581.42285	0.08219
1579.49429	0.08109
1577.56572	0.07972
1575.63716	0.07855
1573.70859	0.07769
1571.78003	0.07709
1569.85146	0.07661
1567.92290	0.07621
1565.99434	0.07589
1564.06577	0.07570
1562.13721	0.07569
1560.20864	0.07587
1558.28008	0.07603
1556.35151	0.07597
1554.42295	0.07591
1552.49438	0.07609
1550.56582	0.07645
1548.63726	0.07682
1546.70869	0.07714
1544.78013	0.07746
1542.85156	0.07775
1540.92300	0.07790
1538.99443	0.07778
1537.06587	0.07745
1535.13730	0.07709
1533.20874	0.07672
1531.28018	0.07630
1529.35161	0.07587
1527.42305	0.07547
1525.49448	0.07510
1523.56592	0.07484
1521.63735	0.07468
1519.70879	0.07453
1517.78022	0.07436
1515.85166	0.07411
1513.92310	0.07384
1511.99453	0.07365
1510.06597	0.07362
1508.13740	0.07366
1506.20884	0.07361
1504.28027	0.07349
1502.35171	0.07384
1500.42314	0.07622
1498.49458	0.08390
1496.56602	0.09909
1494.63745	0.11671
1492.70889	0.12673
1490.78032	0.12374
1488.85176	0.11168
1486.92319	0.09971
1484.99463	0.09211
1483.06606	0.08774
1481.13750	0.08497
1479.20894	0.08323
1477.28037	0.08231
1475.35181	0.08199
1473.42324	0.08197
1471.49468	0.08188
1469.56611	0.08163
1467.63755	0.08146
1465.70898	0.08143
1463.78042	0.08137
1461.85186	0.08146
1459.92329	0.08333
1457.99473	0.09096
1456.06616	0.10609
1454.13760	0.12220
1452.20903	0.13179
1450.28047	0.13257
1448.35190	0.12714
1446.42334	0.12014
1444.49478	0.11414
1442.56621	0.10924
1440.63765	0.10512
1438.70908	0.10152
1436.78052	0.09799
1434.85195	0.09476
1432.92339	0.09226
1430.99482	0.09032
1429.06626	0.08876
1427.13770	0.08759
1425.20913	0.08678
1423.28057	0.08618
1421.35200	0.08573
1419.42344	0.08535
1417.49487	0.08500
1415.56631	0.08474
1413.63774	0.08462
1411.70918	0.08455
1409.78062	0.08445
1407.85205	0.08431
1405.92349	0.08412
1403.99492	0.08391
1402.06636	0.08374
1400.13779	0.08365
1398.20923	0.08359
1396.28066	0.08357
1394.35210	0.08370
1392.42354	0.08399
1390.49497	0.08439
1388.56641	0.08493
1386.63784	0.08560
1384.70928	0.08627
1382.78071	0.08683
1380.85215	0.08732
1378.92358	0.08787
1376.99502	0.08853
1375.06646	0.08912
1373.13789	0.08945
1371.20933	0.08955
1369.28076	0.08955
1367.35220	0.08947
1365.42363	0.08934
1363.49507	0.08925
1361.56650	0.08920
1359.63794	0.08911
1357.70937	0.08893
1355.78081	0.08874
1353.85225	0.08867
1351.92368	0.08876
1349.99512	0.08896
1348.06655	0.08911
1346.13799	0.08917
1344.20942	0.08917
1342.28086	0.08915
1340.35229	0.08913
1338.42373	0.08911
1336.49517	0.08923
1334.56660	0.08958
1332.63804	0.09010
1330.70947	0.09062
1328.78091	0.09096
1326.85234	0.09104
1324.92378	0.09097
1322.99521	0.09088
1321.06665	0.09083
1319.13809	0.09088
1317.20952	0.09106
1315.28096	0.09133
1313.35239	0.09161
1311.42383	0.09179
1309.49526	0.09186
1307.56670	0.09184
1305.63813	0.09172
1303.70957	0.09150
1301.78101	0.09127
1299.85244	0.09111
1297.92388	0.09100
1295.99531	0.09091
1294.06675	0.09087
1292.13818	0.09088
1290.20962	0.09090
1288.28105	0.09089
1286.35249	0.09087
1284.42393	0.09091
1282.49536	0.09098
1280.56680	0.09102
1278.63823	0.09100
1276.70967	0.09093
1274.78110	0.09086
1272.85254	0.09079
1270.92397	0.09073
1268.99541	0.09071
1267.06685	0.09074
1265.13828	0.09078
1263.20972	0.09083
1261.28115	0.09092
1259.35259	0.09099
1257.42402	0.09102
1255.49546	0.09112
1253.56689	0.09126
1251.63833	0.09141
1249.70977	0.09162
1247.78120	0.09188
1245.85264	0.09210
1243.92407	0.09218
1241.99551	0.09207
1240.06694	0.09185
1238.13838	0.09158
1236.20981	0.09122
1234.28125	0.09077
1232.35269	0.09034
1230.42412	0.09007
1228.49556	0.09002
1226.56699	0.09013
1224.63843	0.09028
1222.70986	0.09035
1220.78130	0.09016
1218.85273	0.08971
1216.92417	0.08946
1214.99561	0.08972
1213.06704	0.09021
1211.13848	0.09058
1209.20991	0.09079
1207.28135	0.09096
1205.35278	0.09125
1203.42422	0.09176
1201.49565	0.09239
1199.56709	0.09300
1197.63853	0.09354
1195.70996	0.09407
1193.78140	0.09454
1191.85283	0.09499
1189.92427	0.09551
1187.99570	0.09616
1186.06714	0.09707
1184.13857	0.09824
1182.21001	0.09928
1180.28145	0.09972
1178.35288	0.09938
1176.42432	0.09851
1174.49575	0.09769
1172.56719	0.09718
1170.63862	0.09690
1168.71006	0.09681
1166.78149	0.09690
1164.85293	0.09709
1162.92437	0.09746
1160.99580	0.09817
1159.06724	0.09931
1157.13867	0.10074
1155.21011	0.10199
1153.28154	0.10238
1151.35298	0.10175
1149.42441	0.10065
1147.49585	0.09965
1145.56729	0.09889
1143.63872	0.09830
1141.71016	0.09794
1139.78159	0.09781
1137.85303	0.09778
1135.92446	0.09776
1133.99590	0.09771
1132.06733	0.09764
1130.13877	0.09764
1128.21021	0.09774
1126.28164	0.09786
1124.35308	0.09802
1122.42451	0.09831
1120.49595	0.09873
1118.56738	0.09920
1116.63882	0.09963
1114.71025	0.09993
1112.78169	0.10020
1110.85312	0.10052
1108.92456	0.10082
1106.99600	0.10096
1105.06743	0.10103
1103.13887	0.10121
1101.21030	0.10148
1099.28174	0.10178
1097.35317	0.10210
1095.42461	0.10242
1093.49604	0.10278
1091.56748	0.10319
1089.63892	0.10356
1087.71035	0.10394
1085.78179	0.10442
1083.85322	0.10501
1081.92466	0.10569
1079.99609	0.10639
1078.06753	0.10710
1076.13896	0.10802
1074.21040	0.10923
1072.28184	0.11055
1070.35327	0.11170
1068.42471	0.11244
1066.49614	0.11255
1064.56758	0.11204
1062.63901	0.11124
1060.71045	0.11049
1058.78188	0.10988
1056.85332	0.10939
1054.92476	0.10890
1052.99619	0.10840
1051.06763	0.10800
1049.13906	0.10772
1047.21050	0.10746
1045.28193	0.10726
1043.35337	0.10713
1041.42480	0.10705
1039.49624	0.10722
1037.56768	0.10813
1035.63911	0.11028
1033.71055	0.11388
1031.78198	0.11840
1029.85342	0.12252
1027.92485	0.12478
1025.99629	0.12455
1024.06772	0.12254
1022.13916	0.12001
1020.21060	0.11780
1018.28203	0.11615
1016.35347	0.11496
1014.42490	0.11405
1012.49634	0.11336
1010.56777	0.11285
1008.63921	0.11257
1006.71064	0.11262
1004.78208	0.11283
1002.85352	0.11278
1000.92495	0.11218
998.99639	0.11128
997.06782	0.11049
995.13926	0.11002
993.21069	0.10986
991.28213	0.10980
989.35356	0.10982
987.42500	0.11008
985.49644	0.11056
983.56787	0.11104
981.63931	0.11142
979.71074	0.11167
977.78218	0.11178
975.85361	0.11164
973.92505	0.11134
971.99648	0.11124
970.06792	0.11158
968.13936	0.11227
966.21079	0.11297
964.28223	0.11347
962.35366	0.11369
960.42510	0.11346
958.49653	0.11287
956.56797	0.11234
954.63940	0.11208
952.71084	0.11201
950.78228	0.11203
948.85371	0.11218
946.92515	0.11252
944.99658	0.11289
943.06802	0.11307
941.13945	0.11314
939.21089	0.11321
937.28232	0.11311
935.35376	0.11272
933.42520	0.11227
931.49663	0.11199
929.56807	0.11187
927.63950	0.11183
925.71094	0.11184
923.78237	0.11195
921.85381	0.11226
919.92524	0.11269
917.99668	0.11318
916.06812	0.11392
914.13955	0.11530
912.21099	0.11736
910.28242	0.11969
908.35386	0.12178
906.42529	0.12322
904.49673	0.12366
902.56816	0.12298
900.63960	0.12144
898.71104	0.11962
896.78247	0.11806
894.85391	0.11697
892.92534	0.11626
890.99678	0.11584
889.06821	0.11558
887.13965	0.11535
885.21108	0.11518
883.28252	0.11506
881.35396	0.11493
879.42539	0.11484
877.49683	0.11489
875.56826	0.11492
873.63970	0.11480
871.71113	0.11470
869.78257	0.11478
867.85400	0.11488
865.92544	0.11488
863.99687	0.11487
862.06831	0.11497
860.13975	0.11515
858.21118	0.11534
856.28262	0.11554
854.35405	0.11575
852.42549	0.11610
850.49692	0.11666
848.56836	0.11739
846.63979	0.11819
844.71123	0.11901
842.78267	0.11980
840.85410	0.12030
838.92554	0.12030
836.99697	0.11982
835.06841	0.11909
833.13984	0.11832
831.21128	0.11762
829.28271	0.11709
827.35415	0.11674
825.42559	0.11647
823.49702	0.11630
821.56846	0.11630
819.63989	0.11640
817.71133	0.11653
815.78276	0.11659
813.85420	0.11656
811.92563	0.11651
809.99707	0.11649
808.06851	0.11646
806.13994	0.11633
804.21138	0.11606
802.28281	0.11582
800.35425	0.11581
798.42568	0.11598
796.49712	0.11618
794.56855	0.11648
792.63999	0.11690
790.71143	0.11724
788.78286	0.11757
786.85430	0.11812
784.92573	0.11894
782.99717	0.11988
781.06860	0.12099
779.14004	0.12261
777.21147	0.12500
775.28291	0.12824
773.35435	0.13238
771.42578	0.13745
769.49722	0.14322
767.56865	0.14943
765.64009	0.15587
763.71152	0.16253
761.78296	0.16952
759.85439	0.17666
757.92583	0.18318
755.99727	0.18795
754.06870	0.19042
752.14014	0.19122
750.21157	0.19116
748.28301	0.19030
746.35444	0.18783
744.42588	0.18296
742.49731	0.17621
740.56875	0.16895
738.64019	0.16209
736.71162	0.15581
734.78306	0.15012
732.85449	0.14514
730.92593	0.14080
728.99736	0.13708
727.06880	0.13398
725.14023	0.13131
723.21167	0.12891
721.28311	0.12693
719.35454	0.12501
717.42598	0.12285
715.49741	0.12089
713.56885	0.12001
711.64028	0.12155
709.71172	0.12734
707.78315	0.13980
705.85459	0.16102
703.92603	0.19196
701.99746	0.23251
700.06890	0.28068
698.14033	0.32821
696.21177	0.35612
694.28320	0.34675
692.35464	0.30773
690.42607	0.26479
688.49751	0.23371
686.56895	0.21434
684.64038	0.20193
682.71182	0.19351
680.78325	0.18769
678.85469	0.18350
676.92612	0.18011
674.99756	0.17712
673.06899	0.17462
671.14043	0.17333
669.21187	0.17299
667.28330	0.16995
665.35474	0.16887
663.42617	0.16795
661.49761	0.16697
659.56904	0.16613
657.64048	0.16534
655.71191	0.16437
653.78335	0.16326
651.85479	0.16248
649.92622	0.16220
647.99766	0.16203
646.06909	0.16164
644.14053	0.16102
642.21196	0.16027
640.28340	0.15992
638.35483	0.16034
636.42627	0.16074
634.49771	0.16086
632.56914	0.16166
630.64058	0.16307
628.71201	0.16378
626.78345	0.16374
624.85488	0.16426
622.92632	0.16528
620.99775	0.16610
619.06919	0.16634
617.14062	0.16581
615.21206	0.16542
613.28350	0.16609
611.35493	0.16679
609.42637	0.16659
607.49780	0.16604
605.56924	0.16574
603.64067	0.16569
601.71211	0.16631
599.78354	0.16814
