3997.91411	0.00288
3995.98555	0.00288
3994.05698	0.00288
3992.12842	0.00284
3990.19985	0.00277
3988.27129	0.00274
3986.34272	0.00280
3984.41416	0.00286
3982.48560	0.00286
3980.55703	0.00281
3978.62847	0.00280
3976.69990	0.00287
3974.77134	0.00298
3972.84277	0.00307
3970.91421	0.00316
3968.98564	0.00320
3967.05708	0.00308
3965.12852	0.00295
3963.19995	0.00295
3961.27139	0.00303
3959.34282	0.00304
3957.41426	0.00296
3955.48569	0.00284
3953.55713	0.00273
3951.62856	0.00272
3949.70000	0.00279
3947.77144	0.00280
3945.84287	0.00277
3943.91431	0.00281
3941.98574	0.00287
3940.05718	0.00290
3938.12861	0.00295
3936.20005	0.00301
3934.27148	0.00301
3932.34292	0.00299
3930.41436	0.00297
3928.48579	0.00298
3926.55723	0.00306
3924.62866	0.00317
3922.70010	0.00319
3920.77153	0.00314
3918.84297	0.00307
3916.91440	0.00303
3914.98584	0.00300
3913.05728	0.00302
3911.12871	0.00306
3909.20015	0.00307
3907.27158	0.00305
3905.34302	0.00310
3903.41445	0.00321
3901.48589	0.00333
3899.55732	0.00338
3897.62876	0.00326
3895.70020	0.00300
3893.77163	0.00278
3891.84307	0.00268
3889.91450	0.00263
3887.98594	0.00261
3886.05737	0.00270
3884.12881	0.00282
3882.20024	0.00283
3880.27168	0.00278
3878.34312	0.00273
3876.41455	0.00275
3874.48599	0.00284
3872.55742	0.00289
3870.62886	0.00296
3868.70029	0.00301
3866.77173	0.00287
3864.84316	0.00261
3862.91460	0.00246
3860.98604	0.00240
3859.05747	0.00232
3857.12891	0.00221
3855.20034	0.00218
3853.27178	0.00233
3851.34321	0.00247
3849.41465	0.00240
3847.48608	0.00222
3845.55752	0.00210
3843.62896	0.00210
3841.70039	0.00215
3839.77183	0.00222
3837.84326	0.00231
3835.91470	0.00234
3833.98613	0.00224
3832.05757	0.00214
3830.12900	0.00218
3828.20044	0.00228
3826.27187	0.00231
3824.34331	0.00223
3822.41475	0.00218
3820.48618	0.00222
3818.55762	0.00219
3816.62905	0.00214
3814.70049	0.00220
3812.77192	0.00222
3810.84336	0.00208
3808.91479	0.00191
3806.98623	0.00189
3805.05767	0.00195
3803.12910	0.00195
3801.20054	0.00195
3799.27197	0.00204
3797.34341	0.00213
3795.41484	0.00220
3793.48628	0.00230
3791.55771	0.00242
3789.62915	0.00246
3787.70059	0.00238
3785.77202	0.00224
3783.84346	0.00216
3781.91489	0.00216
3779.98633	0.00218
3778.05776	0.00215
3776.12920	0.00208
3774.20063	0.00199
3772.27207	0.00192
3770.34351	0.00190
3768.41494	0.00197
3766.48638	0.00207
3764.55781	0.00205
3762.62925	0.00190
3760.70068	0.00174
3758.77212	0.00169
3756.84355	0.00163
3754.91499	0.00139
3752.98643	0.00107
3751.05786	0.00095
3749.12930	0.00108
3747.20073	0.00120
3745.27217	0.00128
3743.34360	0.00145
3741.41504	0.00146
3739.48647	0.00120
3737.55791	0.00099
3735.62935	0.00100
3733.70078	0.00099
3731.77222	0.00084
3729.84365	0.00067
3727.91509	0.00062
3725.98652	0.00068
3724.05796	0.00086
3722.12939	0.00112
3720.20083	0.00136
3718.27227	0.00156
3716.34370	0.00158
3714.41514	0.00154
3712.48657	0.00164
3710.55801	0.00184
3708.62944	0.00214
3706.70088	0.00241
3704.77231	0.00259
3702.84375	0.00280
3700.91519	0.00308
3698.98662	0.00335
3697.05806	0.00349
3695.12949	0.00351
3693.20093	0.00352
3691.27236	0.00348
3689.34380	0.00345
3687.41523	0.00350
3685.48667	0.00362
3683.55811	0.00362
3681.62954	0.00345
3679.70098	0.00329
3677.77241	0.00340
3675.84385	0.00372
3673.91528	0.00392
3671.98672	0.00398
3670.05815	0.00426
3668.12959	0.00463
3666.20103	0.00469
3664.27246	0.00457
3662.34390	0.00457
3660.41533	0.00474
3658.48677	0.00497
3656.55820	0.00513
3654.62964	0.00527
3652.70107	0.00547
3650.77251	0.00570
3648.84395	0.00585
3646.91538	0.00599
3644.98682	0.00616
3643.05825	0.00628
3641.12969	0.00633
3639.20112	0.00630
3637.27256	0.00624
3635.34399	0.00621
3633.41543	0.00619
3631.48687	0.00615
3629.55830	0.00624
3627.62974	0.00657
3625.70117	0.00689
3623.77261	0.00707
3621.84404	0.00732
3619.91548	0.00768
3617.98691	0.00797
3616.05835	0.00819
3614.12979	0.00836
3612.20122	0.00846
3610.27266	0.00853
3608.34409	0.00861
3606.41553	0.00867
3604.48696	0.00868
3602.55840	0.00867
3600.62983	0.00867
3598.70127	0.00864
3596.77271	0.00869
3594.84414	0.00886
3592.91558	0.00905
3590.98701	0.00909
3589.05845	0.00915
3587.12988	0.00928
3585.20132	0.00930
3583.27275	0.00925
3581.34419	0.00933
3579.41562	0.00956
3577.48706	0.00982
3575.55850	0.00991
3573.62993	0.00990
3571.70137	0.01001
3569.77280	0.01030
3567.84424	0.01064
3565.91567	0.01091
3563.98711	0.01102
3562.05854	0.01098
3560.12998	0.01089
3558.20142	0.01092
3556.27285	0.01121
3554.34429	0.01169
3552.41572	0.01207
3550.48716	0.01221
3548.55859	0.01219
3546.63003	0.01213
3544.70146	0.01211
3542.77290	0.01229
3540.84434	0.01265
3538.91577	0.01296
3536.98721	0.01313
3535.05864	0.01325
3533.13008	0.01336
3531.20151	0.01346
3529.27295	0.01359
3527.34438	0.01378
3525.41582	0.01399
3523.48726	0.01416
3521.55869	0.01430
3519.63013	0.01438
3517.70156	0.01441
3515.77300	0.01451
3513.84443	0.01456
3511.91587	0.01444
3509.98730	0.01437
3508.05874	0.01459
3506.13018	0.01504
3504.20161	0.01542
3502.27305	0.01550
3500.34448	0.01536
3498.41592	0.01519
3496.48735	0.01518
3494.55879	0.01541
3492.63022	0.01574
3490.70166	0.01597
3488.77310	0.01608
3486.84453	0.01614
3484.91597	0.01626
3482.98740	0.01636
3481.05884	0.01634
3479.13027	0.01634
3477.20171	0.01657
3475.27314	0.01694
3473.34458	0.01720
3471.41602	0.01728
3469.48745	0.01734
3467.55889	0.01745
3465.63032	0.01754
3463.70176	0.01765
3461.77319	0.01775
3459.84463	0.01784
3457.91606	0.01797
3455.98750	0.01803
3454.05894	0.01803
3452.13037	0.01815
3450.20181	0.01843
3448.27324	0.01875
3446.34468	0.01887
3444.41611	0.01880
3442.48755	0.01871
3440.55898	0.01861
3438.63042	0.01862
3436.70186	0.01888
3434.77329	0.01919
3432.84473	0.01930
3430.91616	0.01926
3428.98760	0.01921
3427.05903	0.01927
3425.13047	0.01938
3423.20190	0.01935
3421.27334	0.01923
3419.34478	0.01922
3417.41621	0.01931
3415.48765	0.01938
3413.55908	0.01950
3411.63052	0.01973
3409.70195	0.01987
3407.77339	0.01984
3405.84482	0.01984
3403.91626	0.01993
3401.98770	0.02000
3400.05913	0.01991
3398.13057	0.01975
3396.20200	0.01982
3394.27344	0.01985
3392.34487	0.01966
3390.41631	0.01952
3388.48774	0.01970
3386.55918	0.02006
3384.63062	0.02024
3382.70205	0.02017
3380.77349	0.02001
3378.84492	0.01991
3376.91636	0.01986
3374.98779	0.01980
3373.05923	0.01975
3371.13066	0.01986
3369.20210	0.02008
3367.27354	0.02021
3365.34497	0.02021
3363.41641	0.02010
3361.48784	0.01986
3359.55928	0.01964
3357.63071	0.01956
3355.70215	0.01958
3353.77358	0.01965
3351.84502	0.01968
3349.91646	0.01970
3347.98789	0.01972
3346.05933	0.01969
3344.13076	0.01951
3342.20220	0.01927
3340.27363	0.01922
3338.34507	0.01939
3336.41650	0.01953
3334.48794	0.01947
3332.55937	0.01931
3330.63081	0.01918
3328.70225	0.01914
3326.77368	0.01915
3324.84512	0.01919
3322.91655	0.01926
3320.98799	0.01927
3319.05942	0.01923
3317.13086	0.01923
3315.20229	0.01919
3313.27373	0.01909
3311.34517	0.01899
3309.41660	0.01890
3307.48804	0.01887
3305.55947	0.01888
3303.63091	0.01876
3301.70234	0.01851
3299.77378	0.01847
3297.84521	0.01863
3295.91665	0.01870
3293.98809	0.01855
3292.05952	0.01837
3290.13096	0.01836
3288.20239	0.01845
3286.27383	0.01838
3284.34526	0.01817
3282.41670	0.01814
3280.48813	0.01828
3278.55957	0.01825
3276.63101	0.01797
3274.70244	0.01773
3272.77388	0.01767
3270.84531	0.01765
3268.91675	0.01755
3266.98818	0.01741
3265.05962	0.01730
3263.13105	0.01723
3261.20249	0.01713
3259.27393	0.01691
3257.34536	0.01662
3255.41680	0.01633
3253.48823	0.01620
3251.55967	0.01632
3249.63110	0.01646
3247.70254	0.01637
3245.77397	0.01608
3243.84541	0.01575
3241.91685	0.01552
3239.98828	0.01541
3238.05972	0.01540
3236.13115	0.01542
3234.20259	0.01539
3232.27402	0.01530
3230.34546	0.01515
3228.41689	0.01493
3226.48833	0.01469
3224.55977	0.01458
3222.63120	0.01463
3220.70264	0.01465
3218.77407	0.01463
3216.84551	0.01456
3214.91694	0.01440
3212.98838	0.01426
3211.05981	0.01414
3209.13125	0.01390
3207.20269	0.01357
3205.27412	0.01337
3203.34556	0.01339
3201.41699	0.01344
3199.48843	0.01323
3197.55986	0.01284
3195.63130	0.01265
3193.70273	0.01269
3191.77417	0.01271
3189.84561	0.01262
3187.91704	0.01246
3185.98848	0.01229
3184.05991	0.01220
3182.13135	0.01215
3180.20278	0.01200
3178.27422	0.01176
3176.34565	0.01157
3174.41709	0.01145
3172.48853	0.01132
3170.55996	0.01118
3168.63140	0.01105
3166.70283	0.01085
3164.77427	0.01054
3162.84570	0.01028
3160.91714	0.01024
3158.98857	0.01030
3157.06001	0.01022
3155.13145	0.01000
3153.20288	0.00986
3151.27432	0.00985
3149.34575	0.00981
3147.41719	0.00962
3145.48862	0.00944
3143.56006	0.00941
3141.63149	0.00940
3139.70293	0.00936
3137.77437	0.00936
3135.84580	0.00932
3133.91724	0.00915
3131.98867	0.00895
3130.06011	0.00874
3128.13154	0.00852
3126.20298	0.00838
3124.27441	0.00831
3122.34585	0.00822
3120.41729	0.00823
3118.48872	0.00832
3116.56016	0.00829
3114.63159	0.00810
3112.70303	0.00799
3110.77446	0.00803
3108.84590	0.00807
3106.91733	0.00804
3104.98877	0.00809
3103.06021	0.00820
3101.13164	0.00810
3099.20308	0.00777
3097.27451	0.00753
3095.34595	0.00753
3093.41738	0.00755
3091.48882	0.00751
3089.56025	0.00749
3087.63169	0.00754
3085.70312	0.00755
3083.77456	0.00748
3081.84600	0.00741
3079.91743	0.00739
3077.98887	0.00740
3076.06030	0.00741
3074.13174	0.00747
3072.20317	0.00755
3070.27461	0.00762
3068.34604	0.00759
3066.41748	0.00743
3064.48892	0.00723
3062.56035	0.00711
3060.63179	0.00703
3058.70322	0.00700
3056.77466	0.00701
3054.84609	0.00702
3052.91753	0.00702
3050.98896	0.00701
3049.06040	0.00698
3047.13184	0.00695
3045.20327	0.00693
3043.27471	0.00683
3041.34614	0.00669
3039.41758	0.00670
3037.48901	0.00684
3035.56045	0.00691
3033.63188	0.00685
3031.70332	0.00677
3029.77476	0.00673
3027.84619	0.00665
3025.91763	0.00650
3023.98906	0.00641
3022.06050	0.00646
3020.13193	0.00654
3018.20337	0.00655
3016.27480	0.00657
3014.34624	0.00665
3012.41768	0.00674
3010.48911	0.00682
3008.56055	0.00694
3006.63198	0.00709
3004.70342	0.00724
3002.77485	0.00743
3000.84629	0.00766
2998.91772	0.00791
2996.98916	0.00819
2995.06060	0.00848
2993.13203	0.00881
2991.20347	0.00923
2989.27490	0.00971
2987.34634	0.01026
2985.41777	0.01095
2983.48921	0.01182
2981.56064	0.01283
2979.63208	0.01396
2977.70352	0.01520
2975.77495	0.01668
2973.84639	0.01858
2971.91782	0.02076
2969.98926	0.02312
2968.06069	0.02580
2966.13213	0.02873
2964.20356	0.03162
2962.27500	0.03433
2960.34644	0.03690
2958.41787	0.03929
2956.48931	0.04130
2954.56074	0.04295
2952.63218	0.04456
2950.70361	0.04656
2948.77505	0.04951
2946.84648	0.05402
2944.91792	0.06044
2942.98936	0.06898
2941.06079	0.07973
2939.13223	0.09262
2937.20366	0.10773
2935.27510	0.12543
2933.34653	0.14604
2931.41797	0.17002
2929.48940	0.19808
2927.56084	0.23133
2925.63228	0.27125
2923.70371	0.31902
2921.77515	0.37435
2919.84658	0.43377
2917.91802	0.48720
2915.98945	0.51801
2914.06089	0.51433
2912.13232	0.48183
2910.20376	0.43742
2908.27520	0.39424
2906.34663	0.35763
2904.41807	0.32832
2902.48950	0.30519
2900.56094	0.28645
2898.63237	0.27035
2896.70381	0.25575
2894.77524	0.24183
2892.84668	0.22790
2890.91812	0.21384
2888.98955	0.20001
2887.06099	0.18663
2885.13242	0.17379
2883.20386	0.16167
2881.27529	0.15037
2879.34673	0.13990
2877.41816	0.13040
2875.48960	0.12228
2873.56104	0.11583
2871.63247	0.11108
2869.70391	0.10794
2867.77534	0.10677
2865.84678	0.10853
2863.91821	0.11450
2861.98965	0.12615
2860.06108	0.14533
2858.13252	0.17464
2856.20396	0.21770
2854.27539	0.27843
2852.34683	0.35602
2850.41826	0.43368
2848.48970	0.47413
2846.56113	0.45283
2844.63257	0.39064
2842.70400	0.32164
2840.77544	0.26283
2838.84687	0.21768
2836.91831	0.18446
2834.98975	0.16012
2833.06118	0.14198
2831.13262	0.12809
2829.20405	0.11718
2827.27549	0.10838
2825.34692	0.10106
2823.41836	0.09486
2821.48979	0.08970
2819.56123	0.08535
2817.63267	0.08141
2815.70410	0.07779
2813.77554	0.07464
2811.84697	0.07194
2809.91841	0.06942
2807.98984	0.06699
2806.06128	0.06478
2804.13271	0.06285
2802.20415	0.06109
2800.27559	0.05935
2798.34702	0.05767
2796.41846	0.05607
2794.48989	0.05451
2792.56133	0.05301
2790.63276	0.05170
2788.70420	0.05053
2786.77563	0.04933
2784.84707	0.04815
2782.91851	0.04704
2780.98994	0.04588
2779.06138	0.04466
2777.13281	0.04362
2775.20425	0.04280
2773.27568	0.04206
2771.34712	0.04135
2769.41855	0.04068
2767.48999	0.04007
2765.56143	0.03954
2763.63286	0.03900
2761.70430	0.03837
2759.77573	0.03775
2757.84717	0.03726
2755.91860	0.03686
2753.99004	0.03644
2752.06147	0.03602
2750.13291	0.03566
2748.20435	0.03540
2746.27578	0.03518
2744.34722	0.03490
2742.41865	0.03462
2740.49009	0.03440
2738.56152	0.03419
2736.63296	0.03389
2734.70439	0.03353
2732.77583	0.03317
2730.84727	0.03285
2728.91870	0.03257
2726.99014	0.03228
2725.06157	0.03199
2723.13301	0.03173
2721.20444	0.03147
2719.27588	0.03112
2717.34731	0.03074
2715.41875	0.03047
2713.49019	0.03027
2711.56162	0.03003
2709.63306	0.02974
2707.70449	0.02949
2705.77593	0.02930
2703.84736	0.02909
2701.91880	0.02883
2699.99023	0.02860
2698.06167	0.02837
2696.13311	0.02817
2694.20454	0.02808
2692.27598	0.02805
2690.34741	0.02799
2688.41885	0.02795
2686.49028	0.02795
2684.56172	0.02795
2682.63315	0.02791
2680.70459	0.02784
2678.77603	0.02778
2676.84746	0.02777
2674.91890	0.02780
2672.99033	0.02788
2671.06177	0.02794
2669.13320	0.02791
2667.20464	0.02781
2665.27607	0.02775
2663.34751	0.02776
2661.41895	0.02782
2659.49038	0.02789
2657.56182	0.02788
2655.63325	0.02772
2653.70469	0.02749
2651.77612	0.02726
2649.84756	0.02713
2647.91899	0.02706
2645.99043	0.02697
2644.06187	0.02686
2642.13330	0.02680
2640.20474	0.02672
2638.27617	0.02655
2636.34761	0.02636
2634.41904	0.02626
2632.49048	0.02614
2630.56191	0.02583
2628.63335	0.02541
2626.70479	0.02509
2624.77622	0.02480
2622.84766	0.02438
2620.91909	0.02391
2618.99053	0.02362
2617.06196	0.02346
2615.13340	0.02321
2613.20483	0.02286
2611.27627	0.02251
2609.34771	0.02220
2607.41914	0.02193
2605.49058	0.02168
2603.56201	0.02144
2601.63345	0.02122
2599.70488	0.02099
2597.77632	0.02075
2595.84775	0.02053
2593.91919	0.02023
2591.99062	0.01987
2590.06206	0.01958
2588.13350	0.01932
2586.20493	0.01912
2584.27637	0.01897
2582.34780	0.01873
2580.41924	0.01844
2578.49067	0.01821
2576.56211	0.01802
2574.63354	0.01785
2572.70498	0.01775
2570.77642	0.01766
2568.84785	0.01747
2566.91929	0.01730
2564.99072	0.01722
2563.06216	0.01710
2561.13359	0.01688
2559.20503	0.01667
2557.27646	0.01643
2555.34790	0.01619
2553.41934	0.01609
2551.49077	0.01601
2549.56221	0.01582
2547.63364	0.01567
2545.70508	0.01562
2543.77651	0.01551
2541.84795	0.01526
2539.91938	0.01498
2537.99082	0.01484
2536.06226	0.01482
2534.13369	0.01479
2532.20513	0.01471
2530.27656	0.01459
2528.34800	0.01443
2526.41943	0.01429
2524.49087	0.01426
2522.56230	0.01427
2520.63374	0.01420
2518.70518	0.01403
2516.77661	0.01384
2514.84805	0.01366
2512.91948	0.01356
2510.99092	0.01351
2509.06235	0.01337
2507.13379	0.01314
2505.20522	0.01296
2503.27666	0.01292
2501.34810	0.01300
2499.41953	0.01309
2497.49097	0.01311
2495.56240	0.01302
2493.63384	0.01288
2491.70527	0.01281
2489.77671	0.01284
2487.84814	0.01287
2485.91958	0.01276
2483.99102	0.01261
2482.06245	0.01261
2480.13389	0.01271
2478.20532	0.01271
2476.27676	0.01253
2474.34819	0.01234
2472.41963	0.01226
2470.49106	0.01220
2468.56250	0.01207
2466.63394	0.01191
2464.70537	0.01178
2462.77681	0.01178
2460.84824	0.01186
2458.91968	0.01192
2456.99111	0.01198
2455.06255	0.01193
2453.13398	0.01177
2451.20542	0.01169
2449.27686	0.01174
2447.34829	0.01177
2445.41973	0.01169
2443.49116	0.01156
2441.56260	0.01153
2439.63403	0.01154
2437.70547	0.01148
2435.77690	0.01136
2433.84834	0.01128
2431.91978	0.01125
2429.99121	0.01121
2428.06265	0.01112
2426.13408	0.01102
2424.20552	0.01102
2422.27695	0.01113
2420.34839	0.01124
2418.41982	0.01130
2416.49126	0.01130
2414.56270	0.01124
2412.63413	0.01120
2410.70557	0.01115
2408.77700	0.01107
2406.84844	0.01098
2404.91987	0.01091
2402.99131	0.01092
2401.06274	0.01102
2399.13418	0.01328
2397.20562	0.01353
2395.27705	0.01246
2393.34849	0.01129
2391.41992	0.01016
2389.49136	0.00899
2387.56279	0.00774
2385.63423	0.00642
2383.70566	0.00521
2381.77710	0.00441
2379.84854	0.00430
2377.91997	0.00499
2375.99141	0.00622
2374.06284	0.00747
2372.13428	0.00815
2370.20571	0.00807
2368.27715	0.00843
2366.34858	0.00888
2364.42002	0.00830
2362.49146	0.00861
2360.56289	0.00785
2358.63433	0.00631
2356.70576	0.00801
2354.77720	0.00500
2352.84863	0.00102
2350.92007	-0.00116
2348.99150	-0.00203
2347.06294	0.00181
2345.13437	0.00675
2343.20581	0.00693
2341.27725	0.00287
2339.34868	0.00147
2337.42012	0.00352
2335.49155	0.00744
2333.56299	0.01012
2331.63442	0.01036
2329.70586	0.00921
2327.77729	0.00784
2325.84873	0.00854
2323.92017	0.01067
2321.99160	0.01212
2320.06304	0.01265
2318.13447	0.01232
2316.20591	0.01154
2314.27734	0.01078
2312.34878	0.01000
2310.42021	0.00934
2308.49165	0.00896
2306.56309	0.00871
2304.63452	0.00866
2302.70596	0.00886
2300.77739	0.00912
2298.84883	0.00937
2296.92026	0.00969
2294.99170	0.01009
2293.06313	0.01049
2291.13457	0.01103
2289.20601	0.01161
2287.27744	0.01228
2285.34888	0.01294
2283.42031	0.01332
2281.49175	0.01340
2279.56318	0.01334
2277.63462	0.01316
2275.70605	0.01282
2273.77749	0.01239
2271.84893	0.01204
2269.92036	0.01182
2267.99180	0.01157
2266.06323	0.01106
2264.13467	0.01038
2262.20610	0.00986
2260.27754	0.00967
2258.34897	0.00957
2256.42041	0.00935
2254.49185	0.00896
2252.56328	0.00829
2250.63472	0.00790
2248.70615	0.00935
2246.77759	0.00943
2244.84902	0.00940
2242.92046	0.00929
2240.99189	0.00913
2239.06333	0.00904
2237.13477	0.00900
2235.20620	0.00888
2233.27764	0.00868
2231.34907	0.00856
2229.42051	0.00849
2227.49194	0.00838
2225.56338	0.00831
2223.63481	0.00839
2221.70625	0.00852
2219.77769	0.00858
2217.84912	0.00847
2215.92056	0.00821
2213.99199	0.00809
2212.06343	0.00817
2210.13486	0.00828
2208.20630	0.00849
2206.27773	0.00870
2204.34917	0.00857
2202.42061	0.00824
2200.49204	0.00814
2198.56348	0.00840
2196.63491	0.00861
2194.70635	0.00843
2192.77778	0.00817
2190.84922	0.00829
2188.92065	0.00864
2186.99209	0.00880
2185.06353	0.00855
2183.13496	0.00800
2181.20640	0.00757
2179.27783	0.00744
2177.34927	0.00709
2175.42070	0.00663
2173.49214	0.00689
2171.56357	0.00770
2169.63501	0.00841
2167.70645	0.00907
2165.77788	0.00956
2163.84932	0.00945
2161.92075	0.00831
2159.99219	0.00559
2158.06362	0.00279
2156.13506	0.00225
2154.20649	0.00332
2152.27793	0.00430
2150.34937	0.00472
2148.42080	0.00476
2146.49224	0.00443
2144.56367	0.00402
2142.63511	0.00407
2140.70654	0.00452
2138.77798	0.00477
2136.84941	0.00433
2134.92085	0.00351
2132.99229	0.00318
2131.06372	0.00360
2129.13516	0.00434
2127.20659	0.00510
2125.27803	0.00577
2123.34946	0.00623
2121.42090	0.00643
2119.49233	0.00656
2117.56377	0.00687
2115.63521	0.00726
2113.70664	0.00740
2111.77808	0.00731
2109.84951	0.00723
2107.92095	0.00709
2105.99238	0.00692
2104.06382	0.00697
2102.13525	0.00722
2100.20669	0.00742
2098.27812	0.00734
2096.34956	0.00675
2094.42100	0.00623
2092.49243	0.00640
2090.56387	0.00690
2088.63530	0.00710
2086.70674	0.00702
2084.77817	0.00707
2082.84961	0.00739
2080.92104	0.00773
2078.99248	0.00788
2077.06392	0.00782
2075.13535	0.00755
2073.20679	0.00730
2071.27822	0.00732
2069.34966	0.00755
2067.42109	0.00775
2065.49253	0.00776
2063.56396	0.00757
2061.63540	0.00743
2059.70684	0.00750
2057.77827	0.00753
2055.84971	0.00737
2053.92114	0.00774
2051.99258	0.00897
2050.06401	0.00968
2048.13545	0.00897
2046.20688	0.00797
2044.27832	0.00763
2042.34976	0.00780
2040.42119	0.00817
2038.49263	0.00862
2036.56406	0.00883
2034.63550	0.00827
2032.70693	0.00729
2030.77837	0.00678
2028.84980	0.00675
2026.92124	0.00664
2024.99268	0.00636
2023.06411	0.00649
2021.13555	0.00709
2019.20698	0.00738
2017.27842	0.00690
2015.34985	0.00616
2013.42129	0.00592
2011.49272	0.00629
2009.56416	0.00636
2007.63560	0.00543
2005.70703	0.00424
2003.77847	0.00390
2001.84990	0.00426
1999.92134	0.00462
1997.99277	0.00477
1996.06421	0.00492
1994.13564	0.00514
1992.20708	0.00546
1990.27852	0.00583
1988.34995	0.00621
1986.42139	0.00652
1984.49282	0.00696
1982.56426	0.00793
1980.63569	0.00890
1978.70713	0.00832
1976.77856	0.00616
1974.85000	0.00425
1972.92144	0.00349
1970.99287	0.00349
1969.06431	0.00378
1967.13574	0.00389
1965.20718	0.00368
1963.27861	0.00349
1961.35005	0.00346
1959.42148	0.00336
1957.49292	0.00336
1955.56436	0.00385
1953.63579	0.00450
1951.70723	0.00461
1949.77866	0.00430
1947.85010	0.00419
1945.92153	0.00437
1943.99297	0.00458
1942.06440	0.00470
1940.13584	0.00476
1938.20728	0.00493
1936.27871	0.00528
1934.35015	0.00561
1932.42158	0.00579
1930.49302	0.00583
1928.56445	0.00574
1926.63589	0.00553
1924.70732	0.00542
1922.77876	0.00564
1920.85020	0.00595
1918.92163	0.00609
1916.99307	0.00611
1915.06450	0.00618
1913.13594	0.00634
1911.20737	0.00645
1909.27881	0.00658
1907.35024	0.00681
1905.42168	0.00698
1903.49312	0.00701
1901.56455	0.00711
1899.63599	0.00726
1897.70742	0.00736
1895.77886	0.00735
1893.85029	0.00735
1891.92173	0.00742
1889.99316	0.00740
1888.06460	0.00713
1886.13604	0.00680
1884.20747	0.00664
1882.27891	0.00666
1880.35034	0.00673
1878.42178	0.00677
1876.49321	0.00678
1874.56465	0.00674
1872.63608	0.00661
1870.70752	0.00648
1868.77896	0.00650
1866.85039	0.00661
1864.92183	0.00667
1862.99326	0.00660
1861.06470	0.00649
1859.13613	0.00644
1857.20757	0.00640
1855.27900	0.00628
1853.35044	0.00615
1851.42187	0.00611
1849.49331	0.00617
1847.56475	0.00625
1845.63618	0.00633
1843.70762	0.00640
1841.77905	0.00640
1839.85049	0.00630
1837.92192	0.00623
1835.99336	0.00624
1834.06479	0.00631
1832.13623	0.00642
1830.20767	0.00655
1828.27910	0.00670
1826.35054	0.00687
1824.42197	0.00701
1822.49341	0.00704
1820.56484	0.00694
1818.63628	0.00678
1816.70771	0.00664
1814.77915	0.00665
1812.85059	0.00679
1810.92202	0.00689
1808.99346	0.00690
1807.06489	0.00690
1805.13633	0.00693
1803.20776	0.00698
1801.27920	0.00703
1799.35063	0.00708
1797.42207	0.00707
1795.49351	0.00701
1793.56494	0.00697
1791.63638	0.00699
1789.70781	0.00697
1787.77925	0.00694
1785.85068	0.00696
1783.92212	0.00703
1781.99355	0.00706
1780.06499	0.00702
1778.13643	0.00689
1776.20786	0.00673
1774.27930	0.00661
1772.35073	0.00664
1770.42217	0.00674
1768.49360	0.00676
1766.56504	0.00666
1764.63647	0.00658
1762.70791	0.00659
1760.77935	0.00663
1758.85078	0.00667
1756.92222	0.00675
1754.99365	0.00693
1753.06509	0.00737
1751.13652	0.00830
1749.20796	0.00978
1747.27939	0.01162
1745.35083	0.01360
1743.42227	0.01538
1741.49370	0.01655
1739.56514	0.01705
1737.63657	0.01712
1735.70801	0.01702
1733.77944	0.01691
1731.85088	0.01677
1729.92231	0.01658
1727.99375	0.01641
1726.06519	0.01640
1724.13662	0.01659
1722.20806	0.01685
1720.27949	0.01712
1718.35093	0.01750
1716.42236	0.01807
1714.49380	0.01863
1712.56523	0.01902
1710.63667	0.01927
1708.70811	0.01941
1706.77954	0.01952
1704.85098	0.01967
1702.92241	0.01992
1700.99385	0.02028
1699.06528	0.02068
1697.13672	0.02104
1695.20815	0.02142
1693.27959	0.02181
1691.35103	0.02218
1689.42246	0.02259
1687.49390	0.02304
1685.56533	0.02361
1683.63677	0.02438
1681.70820	0.02505
1679.77964	0.02551
1677.85107	0.02590
1675.92251	0.02641
1673.99395	0.02698
1672.06538	0.02755
1670.13682	0.02816
1668.20825	0.02870
1666.27969	0.02911
1664.35112	0.02951
1662.42256	0.02997
1660.49399	0.03034
1658.56543	0.03057
1656.63687	0.03076
1654.70830	0.03097
1652.77974	0.03115
1650.85117	0.03123
1648.92261	0.03125
1646.99404	0.03119
1645.06548	0.03104
1643.13691	0.03086
1641.20835	0.03074
1639.27979	0.03064
1637.35122	0.03046
1635.42266	0.03023
1633.49409	0.03005
1631.56553	0.02987
1629.63696	0.02964
1627.70840	0.02936
1625.77983	0.02903
1623.85127	0.02867
1621.92271	0.02824
1619.99414	0.02774
1618.06558	0.02732
1616.13701	0.02712
1614.20845	0.02703
1612.27988	0.02689
1610.35132	0.02674
1608.42275	0.02664
1606.49419	0.02657
1604.56562	0.02654
1602.63706	0.02655
1600.70850	0.02655
1598.77993	0.02652
1596.85137	0.02643
1594.92280	0.02634
1592.99424	0.02630
1591.06567	0.02633
1589.13711	0.02637
1587.20854	0.02638
1585.27998	0.02633
1583.35142	0.02627
1581.42285	0.02616
1579.49429	0.02604
1577.56572	0.02602
1575.63716	0.02614
1573.70859	0.02624
1571.78003	0.02626
1569.85146	0.02631
1567.92290	0.02639
1565.99434	0.02642
1564.06577	0.02638
1562.13721	0.02635
1560.20864	0.02648
1558.28008	0.02671
1556.35151	0.02678
1554.42295	0.02674
1552.49438	0.02676
1550.56582	0.02676
1548.63726	0.02663
1546.70869	0.02642
1544.78013	0.02621
1542.85156	0.02593
1540.92300	0.02552
1538.99443	0.02509
1537.06587	0.02478
1535.13730	0.02453
1533.20874	0.02424
1531.28018	0.02387
1529.35161	0.02349
1527.42305	0.02315
1525.49448	0.02275
1523.56592	0.02231
1521.63735	0.02195
1519.70879	0.02173
1517.78022	0.02161
1515.85166	0.02143
1513.92310	0.02117
1511.99453	0.02096
1510.06597	0.02083
1508.13740	0.02065
1506.20884	0.02034
1504.28027	0.02004
1502.35171	0.01990
1500.42314	0.01988
1498.49458	0.01992
1496.56602	0.02002
1494.63745	0.02016
1492.70889	0.02036
1490.78032	0.02068
1488.85176	0.02115
1486.92319	0.02177
1484.99463	0.02265
1483.06606	0.02418
1481.13750	0.02716
1479.20894	0.03427
1477.28037	0.05216
1475.35181	0.08811
1473.42324	0.13770
1471.49468	0.17823
1469.56611	0.19295
1467.63755	0.18961
1465.70898	0.17899
1463.78042	0.16430
1461.85186	0.14754
1459.92329	0.13081
1457.99473	0.11535
1456.06616	0.10267
1454.13760	0.09320
1452.20903	0.08532
1450.28047	0.07828
1448.35190	0.07259
1446.42334	0.06849
1444.49478	0.06559
1442.56621	0.06332
1440.63765	0.06134
1438.70908	0.05939
1436.78052	0.05719
1434.85195	0.05473
1432.92339	0.05219
1430.99482	0.04949
1429.06626	0.04668
1427.13770	0.04405
1425.20913	0.04180
1423.28057	0.03995
1421.35200	0.03847
1419.42344	0.03728
1417.49487	0.03630
1415.56631	0.03552
1413.63774	0.03487
1411.70918	0.03424
1409.78062	0.03359
1407.85205	0.03294
1405.92349	0.03231
1403.99492	0.03163
1402.06636	0.03096
1400.13779	0.03039
1398.20923	0.02995
1396.28066	0.02961
1394.35210	0.02932
1392.42354	0.02915
1390.49497	0.02921
1388.56641	0.02957
1386.63784	0.03031
1384.70928	0.03166
1382.78071	0.03397
1380.85215	0.03711
1378.92358	0.04003
1376.99502	0.04150
1375.06646	0.04142
1373.13789	0.04070
1371.20933	0.04017
1369.28076	0.03982
1367.35220	0.03928
1365.42363	0.03845
1363.49507	0.03746
1361.56650	0.03647
1359.63794	0.03569
1357.70937	0.03527
1355.78081	0.03510
1353.85225	0.03501
1351.92368	0.03489
1349.99512	0.03465
1348.06655	0.03426
1346.13799	0.03380
1344.20942	0.03336
1342.28086	0.03299
1340.35229	0.03256
1338.42373	0.03190
1336.49517	0.03105
1334.56660	0.03028
1332.63804	0.02971
1330.70947	0.02929
1328.78091	0.02903
1326.85234	0.02895
1324.92378	0.02903
1322.99521	0.02923
1321.06665	0.02952
1319.13809	0.02990
1317.20952	0.03037
1315.28096	0.03087
1313.35239	0.03135
1311.42383	0.03175
1309.49526	0.03207
1307.56670	0.03227
1305.63813	0.03238
1303.70957	0.03249
1301.78101	0.03257
1299.85244	0.03256
1297.92388	0.03242
1295.99531	0.03221
1294.06675	0.03192
1292.13818	0.03158
1290.20962	0.03125
1288.28105	0.03100
1286.35249	0.03088
1284.42393	0.03086
1282.49536	0.03087
1280.56680	0.03094
1278.63823	0.03112
1276.70967	0.03137
1274.78110	0.03162
1272.85254	0.03185
1270.92397	0.03211
1268.99541	0.03243
1267.06685	0.03279
1265.13828	0.03314
1263.20972	0.03352
1261.28115	0.03395
1259.35259	0.03439
1257.42402	0.03478
1255.49546	0.03519
1253.56689	0.03572
1251.63833	0.03634
1249.70977	0.03694
1247.78120	0.03746
1245.85264	0.03797
1243.92407	0.03843
1241.99551	0.03874
1240.06694	0.03880
1238.13838	0.03866
1236.20981	0.03834
1234.28125	0.03790
1232.35269	0.03741
1230.42412	0.03695
1228.49556	0.03660
1226.56699	0.03642
1224.63843	0.03636
1222.70986	0.03630
1220.78130	0.03610
1218.85273	0.03570
1216.92417	0.03533
1214.99561	0.03521
1213.06704	0.03524
1211.13848	0.03522
1209.20991	0.03510
1207.28135	0.03491
1205.35278	0.03471
1203.42422	0.03459
1201.49565	0.03457
1199.56709	0.03464
1197.63853	0.03466
1195.70996	0.03471
1193.78140	0.03481
1191.85283	0.03491
1189.92427	0.03499
1187.99570	0.03506
1186.06714	0.03517
1184.13857	0.03533
1182.21001	0.03557
1180.28145	0.03594
1178.35288	0.03641
1176.42432	0.03688
1174.49575	0.03730
1172.56719	0.03774
1170.63862	0.03819
1168.71006	0.03856
1166.78149	0.03888
1164.85293	0.03926
1162.92437	0.03970
1160.99580	0.04014
1159.06724	0.04053
1157.13867	0.04092
1155.21011	0.04136
1153.28154	0.04175
1151.35298	0.04193
1149.42441	0.04200
1147.49585	0.04207
1145.56729	0.04221
1143.63872	0.04247
1141.71016	0.04280
1139.78159	0.04312
1137.85303	0.04343
1135.92446	0.04380
1133.99590	0.04429
1132.06733	0.04493
1130.13877	0.04563
1128.21021	0.04629
1126.28164	0.04691
1124.35308	0.04762
1122.42451	0.04853
1120.49595	0.04940
1118.56738	0.05010
1116.63882	0.05082
1114.71025	0.05171
1112.78169	0.05266
1110.85312	0.05360
1108.92456	0.05457
1106.99600	0.05552
1105.06743	0.05638
1103.13887	0.05717
1101.21030	0.05799
1099.28174	0.05890
1097.35317	0.05980
1095.42461	0.06058
1093.49604	0.06131
1091.56748	0.06208
1089.63892	0.06286
1087.71035	0.06352
1085.78179	0.06411
1083.85322	0.06477
1081.92466	0.06543
1079.99609	0.06591
1078.06753	0.06618
1076.13896	0.06634
1074.21040	0.06649
1072.28184	0.06669
1070.35327	0.06690
1068.42471	0.06717
1066.49614	0.06759
1064.56758	0.06804
1062.63901	0.06837
1060.71045	0.06869
1058.78188	0.06916
1056.85332	0.06963
1054.92476	0.07004
1052.99619	0.07055
1051.06763	0.07127
1049.13906	0.07204
1047.21050	0.07266
1045.28193	0.07307
1043.35337	0.07343
1041.42480	0.07369
1039.49624	0.07374
1037.56768	0.07358
1035.63911	0.07323
1033.71055	0.07273
1031.78198	0.07204
1029.85342	0.07110
1027.92485	0.07006
1025.99629	0.06908
1024.06772	0.06802
1022.13916	0.06686
1020.21060	0.06575
1018.28203	0.06470
1016.35347	0.06364
1014.42490	0.06256
1012.49634	0.06154
1010.56777	0.06059
1008.63921	0.05952
1006.71064	0.05823
1004.78208	0.05691
1002.85352	0.05568
1000.92495	0.05444
998.99639	0.05303
997.06782	0.05154
995.13926	0.05010
993.21069	0.04876
991.28213	0.04747
989.35356	0.04617
987.42500	0.04486
985.49644	0.04367
983.56787	0.04262
981.63931	0.04163
979.71074	0.04071
977.78218	0.03997
975.85361	0.03938
973.92505	0.03876
971.99648	0.03814
970.06792	0.03768
968.13936	0.03735
966.21079	0.03700
964.28223	0.03661
962.35366	0.03628
960.42510	0.03594
958.49653	0.03551
956.56797	0.03505
954.63940	0.03468
952.71084	0.03442
950.78228	0.03421
948.85371	0.03405
946.92515	0.03406
944.99658	0.03419
943.06802	0.03429
941.13945	0.03434
939.21089	0.03446
937.28232	0.03464
935.35376	0.03469
933.42520	0.03452
931.49663	0.03422
929.56807	0.03394
927.63950	0.03370
925.71094	0.03339
923.78237	0.03305
921.85381	0.03286
919.92524	0.03285
917.99668	0.03290
916.06812	0.03294
914.13955	0.03300
912.21099	0.03310
910.28242	0.03315
908.35386	0.03291
906.42529	0.03239
904.49673	0.03183
902.56816	0.03136
900.63960	0.03094
898.71104	0.03058
896.78247	0.03041
894.85391	0.03039
892.92534	0.03042
890.99678	0.03050
889.06821	0.03060
887.13965	0.03057
885.21108	0.03023
883.28252	0.02966
881.35396	0.02910
879.42539	0.02870
877.49683	0.02852
875.56826	0.02849
873.63970	0.02854
871.71113	0.02853
869.78257	0.02838
867.85400	0.02819
865.92544	0.02813
863.99687	0.02821
862.06831	0.02825
860.13975	0.02820
858.21118	0.02809
856.28262	0.02795
854.35405	0.02787
852.42549	0.02795
850.49692	0.02806
848.56836	0.02806
846.63979	0.02795
844.71123	0.02773
842.78267	0.02755
840.85410	0.02753
838.92554	0.02758
836.99697	0.02765
835.06841	0.02772
833.13984	0.02775
831.21128	0.02784
829.28271	0.02803
827.35415	0.02815
825.42559	0.02822
823.49702	0.02833
821.56846	0.02843
819.63989	0.02854
817.71133	0.02873
815.78276	0.02901
813.85420	0.02939
811.92563	0.02981
809.99707	0.03026
808.06851	0.03070
806.13994	0.03096
804.21138	0.03105
802.28281	0.03120
800.35425	0.03149
798.42568	0.03174
796.49712	0.03170
794.56855	0.03138
792.63999	0.03115
790.71143	0.03118
788.78286	0.03131
786.85430	0.03145
784.92573	0.03168
782.99717	0.03204
781.06860	0.03228
779.14004	0.03216
777.21147	0.03205
775.28291	0.03229
773.35435	0.03261
771.42578	0.03275
769.49722	0.03292
767.56865	0.03328
765.64009	0.03361
763.71152	0.03375
761.78296	0.03384
759.85439	0.03406
757.92583	0.03428
755.99727	0.03445
754.06870	0.03484
752.14014	0.03552
750.21157	0.03618
748.28301	0.03670
746.35444	0.03728
744.42588	0.03818
742.49731	0.03940
740.56875	0.04074
738.64019	0.04251
736.71162	0.04591
734.78306	0.05289
732.85449	0.06426
730.92593	0.07675
728.99736	0.08653
727.06880	0.09583
725.14023	0.10992
723.21167	0.13144
721.28311	0.16204
719.35454	0.19396
717.42598	0.20998
715.49741	0.19612
713.56885	0.15988
711.64028	0.12303
709.71172	0.09743
707.78315	0.08154
705.85459	0.07107
703.92603	0.06370
701.99746	0.05830
700.06890	0.05403
698.14033	0.05059
696.21177	0.04779
694.28320	0.04531
692.35464	0.04308
690.42607	0.04141
688.49751	0.04034
686.56895	0.03927
684.64038	0.03782
682.71182	0.03617
680.78325	0.03494
678.85469	0.03436
676.92612	0.03369
674.99756	0.03253
673.06899	0.03217
671.14043	0.03641
669.21187	0.04406
667.28330	0.04197
665.35474	0.03726
663.42617	0.03314
661.49761	0.03249
659.56904	0.03295
657.64048	0.03321
655.71191	0.03333
653.78335	0.03329
651.85479	0.03360
649.92622	0.03457
647.99766	0.03528
646.06909	0.03516
644.14053	0.03495
642.21196	0.03516
640.28340	0.03565
638.35483	0.03657
636.42627	0.03785
634.49771	0.03889
632.56914	0.03954
630.64058	0.04010
628.71201	0.04021
626.78345	0.03954
624.85488	0.03848
622.92632	0.03798
620.99775	0.03824
619.06919	0.03884
617.14062	0.03991
615.21206	0.04141
613.28350	0.04287
611.35493	0.04398
609.42637	0.04420
607.49780	0.04373
605.56924	0.04365
603.64067	0.04338
601.71211	0.04146
599.78354	0.03917
