3997.91411	0.01810
3995.98555	0.01828
3994.05698	0.01846
3992.12842	0.01850
3990.19985	0.01837
3988.27129	0.01826
3986.34272	0.01825
3984.41416	0.01826
3982.48560	0.01821
3980.55703	0.01823
3978.62847	0.01836
3976.69990	0.01851
3974.77134	0.01856
3972.84277	0.01847
3970.91421	0.01830
3968.98564	0.01819
3967.05708	0.01820
3965.12852	0.01825
3963.19995	0.01824
3961.27139	0.01819
3959.34282	0.01820
3957.41426	0.01830
3955.48569	0.01835
3953.55713	0.01834
3951.62856	0.01834
3949.70000	0.01839
3947.77144	0.01843
3945.84287	0.01848
3943.91431	0.01857
3941.98574	0.01860
3940.05718	0.01846
3938.12861	0.01830
3936.20005	0.01828
3934.27148	0.01839
3932.34292	0.01845
3930.41436	0.01832
3928.48579	0.01816
3926.55723	0.01818
3924.62866	0.01840
3922.70010	0.01866
3920.77153	0.01887
3918.84297	0.01902
3916.91440	0.01899
3914.98584	0.01879
3913.05728	0.01857
3911.12871	0.01847
3909.20015	0.01852
3907.27158	0.01867
3905.34302	0.01876
3903.41445	0.01876
3901.48589	0.01875
3899.55732	0.01869
3897.62876	0.01853
3895.70020	0.01840
3893.77163	0.01845
3891.84307	0.01863
3889.91450	0.01878
3887.98594	0.01877
3886.05737	0.01870
3884.12881	0.01862
3882.20024	0.01850
3880.27168	0.01838
3878.34312	0.01829
3876.41455	0.01823
3874.48599	0.01823
3872.55742	0.01825
3870.62886	0.01819
3868.70029	0.01806
3866.77173	0.01796
3864.84316	0.01790
3862.91460	0.01789
3860.98604	0.01791
3859.05747	0.01789
3857.12891	0.01769
3855.20034	0.01746
3853.27178	0.01754
3851.34321	0.01791
3849.41465	0.01810
3847.48608	0.01801
3845.55752	0.01787
3843.62896	0.01785
3841.70039	0.01785
3839.77183	0.01779
3837.84326	0.01773
3835.91470	0.01774
3833.98613	0.01782
3832.05757	0.01791
3830.12900	0.01801
3828.20044	0.01803
3826.27187	0.01791
3824.34331	0.01767
3822.41475	0.01751
3820.48618	0.01750
3818.55762	0.01755
3816.62905	0.01765
3814.70049	0.01784
3812.77192	0.01793
3810.84336	0.01784
3808.91479	0.01765
3806.98623	0.01749
3805.05767	0.01739
3803.12910	0.01731
3801.20054	0.01733
3799.27197	0.01744
3797.34341	0.01758
3795.41484	0.01778
3793.48628	0.01797
3791.55771	0.01799
3789.62915	0.01785
3787.70059	0.01770
3785.77202	0.01762
3783.84346	0.01754
3781.91489	0.01745
3779.98633	0.01743
3778.05776	0.01753
3776.12920	0.01763
3774.20063	0.01763
3772.27207	0.01751
3770.34351	0.01742
3768.41494	0.01747
3766.48638	0.01756
3764.55781	0.01752
3762.62925	0.01740
3760.70068	0.01733
3758.77212	0.01729
3756.84355	0.01718
3754.91499	0.01695
3752.98643	0.01669
3751.05786	0.01663
3749.12930	0.01682
3747.20073	0.01702
3745.27217	0.01714
3743.34360	0.01722
3741.41504	0.01720
3739.48647	0.01712
3737.55791	0.01710
3735.62935	0.01710
3733.70078	0.01698
3731.77222	0.01685
3729.84365	0.01695
3727.91509	0.01723
3725.98652	0.01741
3724.05796	0.01730
3722.12939	0.01707
3720.20083	0.01700
3718.27227	0.01710
3716.34370	0.01725
3714.41514	0.01729
3712.48657	0.01711
3710.55801	0.01694
3708.62944	0.01702
3706.70088	0.01726
3704.77231	0.01752
3702.84375	0.01777
3700.91519	0.01792
3698.98662	0.01794
3697.05806	0.01795
3695.12949	0.01793
3693.20093	0.01778
3691.27236	0.01759
3689.34380	0.01769
3687.41523	0.01819
3685.48667	0.01871
3683.55811	0.01894
3681.62954	0.01898
3679.70098	0.01896
3677.77241	0.01893
3675.84385	0.01906
3673.91528	0.01929
3671.98672	0.01938
3670.05815	0.01937
3668.12959	0.01937
3666.20103	0.01932
3664.27246	0.01918
3662.34390	0.01908
3660.41533	0.01904
3658.48677	0.01902
3656.55820	0.01903
3654.62964	0.01910
3652.70107	0.01921
3650.77251	0.01931
3648.84395	0.01944
3646.91538	0.01961
3644.98682	0.01969
3643.05825	0.01962
3641.12969	0.01953
3639.20112	0.01954
3637.27256	0.01958
3635.34399	0.01956
3633.41543	0.01951
3631.48687	0.01949
3629.55830	0.01951
3627.62974	0.01951
3625.70117	0.01948
3623.77261	0.01944
3621.84404	0.01951
3619.91548	0.01978
3617.98691	0.02009
3616.05835	0.02026
3614.12979	0.02038
3612.20122	0.02055
3610.27266	0.02078
3608.34409	0.02105
3606.41553	0.02127
3604.48696	0.02127
3602.55840	0.02114
3600.62983	0.02117
3598.70127	0.02136
3596.77271	0.02147
3594.84414	0.02145
3592.91558	0.02145
3590.98701	0.02162
3589.05845	0.02190
3587.12988	0.02208
3585.20132	0.02205
3583.27275	0.02196
3581.34419	0.02195
3579.41562	0.02193
3577.48706	0.02185
3575.55850	0.02183
3573.62993	0.02191
3571.70137	0.02201
3569.77280	0.02216
3567.84424	0.02238
3565.91567	0.02255
3563.98711	0.02255
3562.05854	0.02256
3560.12998	0.02268
3558.20142	0.02275
3556.27285	0.02265
3554.34429	0.02261
3552.41572	0.02284
3550.48716	0.02318
3548.55859	0.02348
3546.63003	0.02367
3544.70146	0.02366
3542.77290	0.02355
3540.84434	0.02354
3538.91577	0.02364
3536.98721	0.02375
3535.05864	0.02378
3533.13008	0.02377
3531.20151	0.02385
3529.27295	0.02411
3527.34438	0.02447
3525.41582	0.02467
3523.48726	0.02463
3521.55869	0.02453
3519.63013	0.02459
3517.70156	0.02478
3515.77300	0.02493
3513.84443	0.02494
3511.91587	0.02487
3509.98730	0.02476
3508.05874	0.02461
3506.13018	0.02448
3504.20161	0.02451
3502.27305	0.02474
3500.34448	0.02504
3498.41592	0.02524
3496.48735	0.02521
3494.55879	0.02504
3492.63022	0.02497
3490.70166	0.02515
3488.77310	0.02552
3486.84453	0.02579
3484.91597	0.02587
3482.98740	0.02600
3481.05884	0.02612
3479.13027	0.02604
3477.20171	0.02588
3475.27314	0.02586
3473.34458	0.02587
3471.41602	0.02585
3469.48745	0.02588
3467.55889	0.02590
3465.63032	0.02587
3463.70176	0.02590
3461.77319	0.02604
3459.84463	0.02621
3457.91606	0.02638
3455.98750	0.02646
3454.05894	0.02643
3452.13037	0.02649
3450.20181	0.02661
3448.27324	0.02654
3446.34468	0.02651
3444.41611	0.02673
3442.48755	0.02685
3440.55898	0.02674
3438.63042	0.02674
3436.70186	0.02691
3434.77329	0.02701
3432.84473	0.02691
3430.91616	0.02675
3428.98760	0.02679
3427.05903	0.02708
3425.13047	0.02740
3423.20190	0.02753
3421.27334	0.02753
3419.34478	0.02751
3417.41621	0.02745
3415.48765	0.02733
3413.55908	0.02732
3411.63052	0.02742
3409.70195	0.02736
3407.77339	0.02710
3405.84482	0.02685
3403.91626	0.02678
3401.98770	0.02688
3400.05913	0.02710
3398.13057	0.02731
3396.20200	0.02740
3394.27344	0.02747
3392.34487	0.02766
3390.41631	0.02771
3388.48774	0.02753
3386.55918	0.02738
3384.63062	0.02738
3382.70205	0.02733
3380.77349	0.02714
3378.84492	0.02697
3376.91636	0.02701
3374.98779	0.02715
3373.05923	0.02713
3371.13066	0.02694
3369.20210	0.02679
3367.27354	0.02676
3365.34497	0.02684
3363.41641	0.02699
3361.48784	0.02705
3359.55928	0.02698
3357.63071	0.02686
3355.70215	0.02674
3353.77358	0.02665
3351.84502	0.02665
3349.91646	0.02666
3347.98789	0.02658
3346.05933	0.02651
3344.13076	0.02654
3342.20220	0.02664
3340.27363	0.02673
3338.34507	0.02676
3336.41650	0.02662
3334.48794	0.02635
3332.55937	0.02619
3330.63081	0.02632
3328.70225	0.02663
3326.77368	0.02688
3324.84512	0.02694
3322.91655	0.02675
3320.98799	0.02641
3319.05942	0.02624
3317.13086	0.02635
3315.20229	0.02643
3313.27373	0.02618
3311.34517	0.02580
3309.41660	0.02560
3307.48804	0.02567
3305.55947	0.02590
3303.63091	0.02607
3301.70234	0.02608
3299.77378	0.02607
3297.84521	0.02611
3295.91665	0.02602
3293.98809	0.02569
3292.05952	0.02537
3290.13096	0.02529
3288.20239	0.02539
3286.27383	0.02552
3284.34526	0.02566
3282.41670	0.02581
3280.48813	0.02588
3278.55957	0.02584
3276.63101	0.02568
3274.70244	0.02549
3272.77388	0.02542
3270.84531	0.02538
3268.91675	0.02524
3266.98818	0.02504
3265.05962	0.02492
3263.13105	0.02497
3261.20249	0.02507
3259.27393	0.02506
3257.34536	0.02498
3255.41680	0.02493
3253.48823	0.02486
3251.55967	0.02471
3249.63110	0.02455
3247.70254	0.02447
3245.77397	0.02449
3243.84541	0.02452
3241.91685	0.02458
3239.98828	0.02468
3238.05972	0.02468
3236.13115	0.02454
3234.20259	0.02442
3232.27402	0.02444
3230.34546	0.02449
3228.41689	0.02444
3226.48833	0.02424
3224.55977	0.02394
3222.63120	0.02372
3220.70264	0.02372
3218.77407	0.02381
3216.84551	0.02385
3214.91694	0.02387
3212.98838	0.02389
3211.05981	0.02385
3209.13125	0.02373
3207.20269	0.02360
3205.27412	0.02350
3203.34556	0.02338
3201.41699	0.02327
3199.48843	0.02313
3197.55986	0.02298
3195.63130	0.02300
3193.70273	0.02318
3191.77417	0.02324
3189.84561	0.02304
3187.91704	0.02275
3185.98848	0.02264
3184.05991	0.02272
3182.13135	0.02279
3180.20278	0.02273
3178.27422	0.02259
3176.34565	0.02247
3174.41709	0.02239
3172.48853	0.02230
3170.55996	0.02223
3168.63140	0.02225
3166.70283	0.02230
3164.77427	0.02227
3162.84570	0.02220
3160.91714	0.02207
3158.98857	0.02179
3157.06001	0.02154
3155.13145	0.02147
3153.20288	0.02146
3151.27432	0.02137
3149.34575	0.02129
3147.41719	0.02131
3145.48862	0.02138
3143.56006	0.02138
3141.63149	0.02126
3139.70293	0.02111
3137.77437	0.02093
3135.84580	0.02071
3133.91724	0.02054
3131.98867	0.02051
3130.06011	0.02053
3128.13154	0.02048
3126.20298	0.02039
3124.27441	0.02038
3122.34585	0.02043
3120.41729	0.02045
3118.48872	0.02042
3116.56016	0.02037
3114.63159	0.02030
3112.70303	0.02020
3110.77446	0.02011
3108.84590	0.02012
3106.91733	0.02013
3104.98877	0.02005
3103.06021	0.01996
3101.13164	0.01996
3099.20308	0.01998
3097.27451	0.02001
3095.34595	0.02004
3093.41738	0.02006
3091.48882	0.02011
3089.56025	0.02017
3087.63169	0.02022
3085.70312	0.02023
3083.77456	0.02020
3081.84600	0.02011
3079.91743	0.02001
3077.98887	0.01997
3076.06030	0.01992
3074.13174	0.01977
3072.20317	0.01960
3070.27461	0.01950
3068.34604	0.01948
3066.41748	0.01952
3064.48892	0.01958
3062.56035	0.01958
3060.63179	0.01949
3058.70322	0.01930
3056.77466	0.01913
3054.84609	0.01910
3052.91753	0.01908
3050.98896	0.01897
3049.06040	0.01885
3047.13184	0.01879
3045.20327	0.01871
3043.27471	0.01866
3041.34614	0.01875
3039.41758	0.01892
3037.48901	0.01895
3035.56045	0.01881
3033.63188	0.01865
3031.70332	0.01857
3029.77476	0.01854
3027.84619	0.01844
3025.91763	0.01831
3023.98906	0.01822
3022.06050	0.01818
3020.13193	0.01806
3018.20337	0.01782
3016.27480	0.01762
3014.34624	0.01763
3012.41768	0.01774
3010.48911	0.01770
3008.56055	0.01761
3006.63198	0.01756
3004.70342	0.01745
3002.77485	0.01729
3000.84629	0.01721
2998.91772	0.01722
2996.98916	0.01725
2995.06060	0.01733
2993.13203	0.01738
2991.20347	0.01732
2989.27490	0.01726
2987.34634	0.01734
2985.41777	0.01751
2983.48921	0.01772
2981.56064	0.01806
2979.63208	0.01850
2977.70352	0.01891
2975.77495	0.01927
2973.84639	0.01969
2971.91782	0.02024
2969.98926	0.02089
2968.06069	0.02168
2966.13213	0.02258
2964.20356	0.02349
2962.27500	0.02445
2960.34644	0.02556
2958.41787	0.02677
2956.48931	0.02796
2954.56074	0.02913
2952.63218	0.03038
2950.70361	0.03196
2948.77505	0.03410
2946.84648	0.03687
2944.91792	0.04048
2942.98936	0.04519
2941.06079	0.05105
2939.13223	0.05798
2937.20366	0.06600
2935.27510	0.07544
2933.34653	0.08671
2931.41797	0.10005
2929.48940	0.11585
2927.56084	0.13500
2925.63228	0.15886
2923.70371	0.18908
2921.77515	0.22656
2919.84658	0.27045
2917.91802	0.31649
2915.98945	0.35446
2914.06089	0.37104
2912.13232	0.36147
2910.20376	0.33457
2908.27520	0.30296
2906.34663	0.27448
2904.41807	0.25166
2902.48950	0.23400
2900.56094	0.22015
2898.63237	0.20889
2896.70381	0.19912
2894.77524	0.18997
2892.84668	0.18106
2890.91812	0.17221
2888.98955	0.16322
2887.06099	0.15414
2885.13242	0.14505
2883.20386	0.13593
2881.27529	0.12671
2879.34673	0.11746
2877.41816	0.10847
2875.48960	0.10013
2873.56104	0.09292
2871.63247	0.08722
2869.70391	0.08305
2867.77534	0.08041
2865.84678	0.07959
2863.91821	0.08110
2861.98965	0.08569
2860.06108	0.09451
2858.13252	0.10951
2856.20396	0.13386
2854.27539	0.17218
2852.34683	0.22783
2850.41826	0.29404
2848.48970	0.34437
2846.56113	0.34901
2844.63257	0.31197
2842.70400	0.26206
2840.77544	0.21837
2838.84687	0.18523
2836.91831	0.16105
2834.98975	0.14331
2833.06118	0.12996
2831.13262	0.11957
2829.20405	0.11130
2827.27549	0.10462
2825.34692	0.09902
2823.41836	0.09415
2821.48979	0.08994
2819.56123	0.08644
2817.63267	0.08349
2815.70410	0.08088
2813.77554	0.07846
2811.84697	0.07622
2809.91841	0.07423
2807.98984	0.07244
2806.06128	0.07080
2804.13271	0.06927
2802.20415	0.06784
2800.27559	0.06646
2798.34702	0.06515
2796.41846	0.06397
2794.48989	0.06289
2792.56133	0.06178
2790.63276	0.06066
2788.70420	0.05962
2786.77563	0.05861
2784.84707	0.05757
2782.91851	0.05669
2780.98994	0.05595
2779.06138	0.05518
2777.13281	0.05441
2775.20425	0.05377
2773.27568	0.05317
2771.34712	0.05249
2769.41855	0.05185
2767.48999	0.05133
2765.56143	0.05083
2763.63286	0.05029
2761.70430	0.04980
2759.77573	0.04938
2757.84717	0.04901
2755.91860	0.04863
2753.99004	0.04820
2752.06147	0.04779
2750.13291	0.04749
2748.20435	0.04728
2746.27578	0.04709
2744.34722	0.04689
2742.41865	0.04671
2740.49009	0.04654
2738.56152	0.04629
2736.63296	0.04596
2734.70439	0.04564
2732.77583	0.04540
2730.84727	0.04520
2728.91870	0.04490
2726.99014	0.04455
2725.06157	0.04425
2723.13301	0.04398
2721.20444	0.04376
2719.27588	0.04360
2717.34731	0.04343
2715.41875	0.04322
2713.49019	0.04301
2711.56162	0.04284
2709.63306	0.04264
2707.70449	0.04238
2705.77593	0.04207
2703.84736	0.04180
2701.91880	0.04163
2699.99023	0.04153
2698.06167	0.04143
2696.13311	0.04131
2694.20454	0.04111
2692.27598	0.04086
2690.34741	0.04070
2688.41885	0.04063
2686.49028	0.04051
2684.56172	0.04035
2682.63315	0.04029
2680.70459	0.04029
2678.77603	0.04023
2676.84746	0.04018
2674.91890	0.04016
2672.99033	0.04015
2671.06177	0.04021
2669.13320	0.04033
2667.20464	0.04045
2665.27607	0.04052
2663.34751	0.04054
2661.41895	0.04051
2659.49038	0.04042
2657.56182	0.04032
2655.63325	0.04021
2653.70469	0.04012
2651.77612	0.04003
2649.84756	0.03988
2647.91899	0.03977
2645.99043	0.03973
2644.06187	0.03962
2642.13330	0.03948
2640.20474	0.03944
2638.27617	0.03945
2636.34761	0.03941
2634.41904	0.03921
2632.49048	0.03890
2630.56191	0.03867
2628.63335	0.03857
2626.70479	0.03845
2624.77622	0.03825
2622.84766	0.03801
2620.91909	0.03771
2618.99053	0.03738
2617.06196	0.03713
2615.13340	0.03692
2613.20483	0.03668
2611.27627	0.03649
2609.34771	0.03637
2607.41914	0.03624
2605.49058	0.03609
2603.56201	0.03586
2601.63345	0.03556
2599.70488	0.03533
2597.77632	0.03520
2595.84775	0.03504
2593.91919	0.03481
2591.99062	0.03465
2590.06206	0.03459
2588.13350	0.03446
2586.20493	0.03424
2584.27637	0.03411
2582.34780	0.03410
2580.41924	0.03407
2578.49067	0.03397
2576.56211	0.03379
2574.63354	0.03358
2572.70498	0.03340
2570.77642	0.03328
2568.84785	0.03325
2566.91929	0.03322
2564.99072	0.03312
2563.06216	0.03309
2561.13359	0.03309
2559.20503	0.03299
2557.27646	0.03284
2555.34790	0.03276
2553.41934	0.03281
2551.49077	0.03288
2549.56221	0.03278
2547.63364	0.03254
2545.70508	0.03242
2543.77651	0.03236
2541.84795	0.03214
2539.91938	0.03179
2537.99082	0.03153
2536.06226	0.03147
2534.13369	0.03152
2532.20513	0.03155
2530.27656	0.03152
2528.34800	0.03150
2526.41943	0.03156
2524.49087	0.03158
2522.56230	0.03147
2520.63374	0.03133
2518.70518	0.03116
2516.77661	0.03093
2514.84805	0.03076
2512.91948	0.03077
2510.99092	0.03082
2509.06235	0.03080
2507.13379	0.03071
2505.20522	0.03060
2503.27666	0.03042
2501.34810	0.03026
2499.41953	0.03032
2497.49097	0.03050
2495.56240	0.03053
2493.63384	0.03037
2491.70527	0.03021
2489.77671	0.03015
2487.84814	0.03014
2485.91958	0.03014
2483.99102	0.03014
2482.06245	0.03009
2480.13389	0.03000
2478.20532	0.02994
2476.27676	0.02993
2474.34819	0.02990
2472.41963	0.02978
2470.49106	0.02966
2468.56250	0.02958
2466.63394	0.02954
2464.70537	0.02954
2462.77681	0.02948
2460.84824	0.02937
2458.91968	0.02929
2456.99111	0.02926
2455.06255	0.02922
2453.13398	0.02916
2451.20542	0.02912
2449.27686	0.02911
2447.34829	0.02903
2445.41973	0.02891
2443.49116	0.02886
2441.56260	0.02894
2439.63403	0.02902
2437.70547	0.02903
2435.77690	0.02901
2433.84834	0.02897
2431.91978	0.02888
2429.99121	0.02876
2428.06265	0.02866
2426.13408	0.02855
2424.20552	0.02845
2422.27695	0.02849
2420.34839	0.02865
2418.41982	0.02876
2416.49126	0.02876
2414.56270	0.02874
2412.63413	0.02868
2410.70557	0.02855
2408.77700	0.02845
2406.84844	0.02843
2404.91987	0.02846
2402.99131	0.02852
2401.06274	0.02858
2399.13418	0.02861
2397.20562	0.02862
2395.27705	0.02865
2393.34849	0.02868
2391.41992	0.02868
2389.49136	0.02864
2387.56279	0.02859
2385.63423	0.02856
2383.70566	0.02851
2381.77710	0.02840
2379.84854	0.02827
2377.91997	0.02812
2375.99141	0.02793
2374.06284	0.02765
2372.13428	0.02730
2370.20571	0.02697
2368.27715	0.02664
2366.34858	0.02628
2364.42002	0.02597
2362.49146	0.02574
2360.56289	0.02558
2358.63433	0.02568
2356.70576	0.02613
2354.77720	0.02678
2352.84863	0.02746
2350.92007	0.02803
2348.99150	0.02825
2347.06294	0.02805
2345.13437	0.02769
2343.20581	0.02750
2341.27725	0.02747
2339.34868	0.02750
2337.42012	0.02757
2335.49155	0.02759
2333.56299	0.02761
2331.63442	0.02779
2329.70586	0.02815
2327.77729	0.02853
2325.84873	0.02888
2323.92017	0.02912
2321.99160	0.02909
2320.06304	0.02883
2318.13447	0.02865
2316.20591	0.02866
2314.27734	0.02870
2312.34878	0.02866
2310.42021	0.02866
2308.49165	0.02875
2306.56309	0.02880
2304.63452	0.02869
2302.70596	0.02849
2300.77739	0.02836
2298.84883	0.02834
2296.92026	0.02832
2294.99170	0.02822
2293.06313	0.02811
2291.13457	0.02810
2289.20601	0.02820
2287.27744	0.02827
2285.34888	0.02818
2283.42031	0.02794
2281.49175	0.02777
2279.56318	0.02777
2277.63462	0.02780
2275.70605	0.02775
2273.77749	0.02768
2271.84893	0.02768
2269.92036	0.02771
2267.99180	0.02759
2266.06323	0.02726
2264.13467	0.02692
2262.20610	0.02677
2260.27754	0.02683
2258.34897	0.02695
2256.42041	0.02700
2254.49185	0.02705
2252.56328	0.02713
2250.63472	0.02710
2248.70615	0.02700
2246.77759	0.02696
2244.84902	0.02701
2242.92046	0.02716
2240.99189	0.02726
2239.06333	0.02714
2237.13477	0.02693
2235.20620	0.02677
2233.27764	0.02662
2231.34907	0.02648
2229.42051	0.02643
2227.49194	0.02655
2225.56338	0.02672
2223.63481	0.02678
2221.70625	0.02684
2219.77769	0.02703
2217.84912	0.02713
2215.92056	0.02704
2213.99199	0.02690
2212.06343	0.02662
2210.13486	0.02617
2208.20630	0.02589
2206.27773	0.02596
2204.34917	0.02617
2202.42061	0.02646
2200.49204	0.02679
2198.56348	0.02703
2196.63491	0.02721
2194.70635	0.02718
2192.77778	0.02681
2190.84922	0.02649
2188.92065	0.02648
2186.99209	0.02668
2185.06353	0.02688
2183.13496	0.02691
2181.20640	0.02684
2179.27783	0.02689
2177.34927	0.02698
2175.42070	0.02681
2173.49214	0.02647
2171.56357	0.02632
2169.63501	0.02638
2167.70645	0.02669
2165.77788	0.02713
2163.84932	0.02728
2161.92075	0.02722
2159.99219	0.02690
2158.06362	0.02598
2156.13506	0.02497
2154.20649	0.02432
2152.27793	0.02420
2150.34937	0.02483
2148.42080	0.02581
2146.49224	0.02639
2144.56367	0.02647
2142.63511	0.02630
2140.70654	0.02611
2138.77798	0.02616
2136.84941	0.02632
2134.92085	0.02620
2132.99229	0.02588
2131.06372	0.02567
2129.13516	0.02561
2127.20659	0.02559
2125.27803	0.02557
2123.34946	0.02564
2121.42090	0.02580
2119.49233	0.02584
2117.56377	0.02571
2115.63521	0.02558
2113.70664	0.02554
2111.77808	0.02560
2109.84951	0.02572
2107.92095	0.02589
2105.99238	0.02611
2104.06382	0.02615
2102.13525	0.02598
2100.20669	0.02586
2098.27812	0.02586
2096.34956	0.02577
2094.42100	0.02567
2092.49243	0.02579
2090.56387	0.02605
2088.63530	0.02620
2086.70674	0.02615
2084.77817	0.02602
2082.84961	0.02598
2080.92104	0.02609
2078.99248	0.02632
2077.06392	0.02647
2075.13535	0.02632
2073.20679	0.02595
2071.27822	0.02570
2069.34966	0.02581
2067.42109	0.02614
2065.49253	0.02636
2063.56396	0.02639
2061.63540	0.02636
2059.70684	0.02615
2057.77827	0.02581
2055.84971	0.02562
2053.92114	0.02577
2051.99258	0.02626
2050.06401	0.02674
2048.13545	0.02688
2046.20688	0.02679
2044.27832	0.02670
2042.34976	0.02673
2040.42119	0.02676
2038.49263	0.02669
2036.56406	0.02665
2034.63550	0.02663
2032.70693	0.02663
2030.77837	0.02676
2028.84980	0.02693
2026.92124	0.02703
2024.99268	0.02678
2023.06411	0.02627
2021.13555	0.02623
2019.20698	0.02668
2017.27842	0.02680
2015.34985	0.02654
2013.42129	0.02658
2011.49272	0.02706
2009.56416	0.02738
2007.63560	0.02709
2005.70703	0.02644
2003.77847	0.02611
2001.84990	0.02626
1999.92134	0.02659
1997.99277	0.02671
1996.06421	0.02655
1994.13564	0.02633
1992.20708	0.02611
1990.27852	0.02589
1988.34995	0.02588
1986.42139	0.02613
1984.49282	0.02652
1982.56426	0.02701
1980.63569	0.02725
1978.70713	0.02690
1976.77856	0.02642
1974.85000	0.02631
1972.92144	0.02635
1970.99287	0.02637
1969.06431	0.02640
1967.13574	0.02642
1965.20718	0.02642
1963.27861	0.02629
1961.35005	0.02595
1959.42148	0.02576
1957.49292	0.02599
1955.56436	0.02628
1953.63579	0.02620
1951.70723	0.02589
1949.77866	0.02569
1947.85010	0.02572
1945.92153	0.02577
1943.99297	0.02575
1942.06440	0.02574
1940.13584	0.02583
1938.20728	0.02590
1936.27871	0.02579
1934.35015	0.02558
1932.42158	0.02548
1930.49302	0.02553
1928.56445	0.02574
1926.63589	0.02598
1924.70732	0.02606
1922.77876	0.02599
1920.85020	0.02590
1918.92163	0.02586
1916.99307	0.02589
1915.06450	0.02600
1913.13594	0.02615
1911.20737	0.02635
1909.27881	0.02651
1907.35024	0.02650
1905.42168	0.02637
1903.49312	0.02634
1901.56455	0.02647
1899.63599	0.02662
1897.70742	0.02664
1895.77886	0.02655
1893.85029	0.02645
1891.92173	0.02637
1889.99316	0.02623
1888.06460	0.02604
1886.13604	0.02592
1884.20747	0.02592
1882.27891	0.02598
1880.35034	0.02602
1878.42178	0.02601
1876.49321	0.02598
1874.56465	0.02591
1872.63608	0.02579
1870.70752	0.02572
1868.77896	0.02578
1866.85039	0.02587
1864.92183	0.02586
1862.99326	0.02579
1861.06470	0.02576
1859.13613	0.02575
1857.20757	0.02570
1855.27900	0.02564
1853.35044	0.02563
1851.42187	0.02569
1849.49331	0.02580
1847.56475	0.02589
1845.63618	0.02592
1843.70762	0.02593
1841.77905	0.02594
1839.85049	0.02594
1837.92192	0.02597
1835.99336	0.02605
1834.06479	0.02612
1832.13623	0.02613
1830.20767	0.02610
1828.27910	0.02613
1826.35054	0.02623
1824.42197	0.02636
1822.49341	0.02647
1820.56484	0.02656
1818.63628	0.02665
1816.70771	0.02669
1814.77915	0.02669
1812.85059	0.02672
1810.92202	0.02683
1808.99346	0.02701
1807.06489	0.02714
1805.13633	0.02728
1803.20776	0.02748
1801.27920	0.02773
1799.35063	0.02797
1797.42207	0.02825
1795.49351	0.02852
1793.56494	0.02881
1791.63638	0.02918
1789.70781	0.02957
1787.77925	0.02994
1785.85068	0.03030
1783.92212	0.03059
1781.99355	0.03076
1780.06499	0.03089
1778.13643	0.03099
1776.20786	0.03101
1774.27930	0.03101
1772.35073	0.03119
1770.42217	0.03162
1768.49360	0.03208
1766.56504	0.03238
1764.63647	0.03253
1762.70791	0.03268
1760.77935	0.03292
1758.85078	0.03321
1756.92222	0.03347
1754.99365	0.03372
1753.06509	0.03415
1751.13652	0.03483
1749.20796	0.03564
1747.27939	0.03645
1745.35083	0.03724
1743.42227	0.03796
1741.49370	0.03860
1739.56514	0.03922
1737.63657	0.03972
1735.70801	0.04005
1733.77944	0.04033
1731.85088	0.04059
1729.92231	0.04084
1727.99375	0.04121
1726.06519	0.04188
1724.13662	0.04285
1722.20806	0.04398
1720.27949	0.04527
1718.35093	0.04707
1716.42236	0.04936
1714.49380	0.05134
1712.56523	0.05233
1710.63667	0.05234
1708.70811	0.05166
1706.77954	0.05052
1704.85098	0.04919
1702.92241	0.04795
1700.99385	0.04685
1699.06528	0.04587
1697.13672	0.04482
1695.20815	0.04348
1693.27959	0.04211
1691.35103	0.04097
1689.42246	0.04003
1687.49390	0.03921
1685.56533	0.03851
1683.63677	0.03804
1681.70820	0.03779
1679.77964	0.03754
1677.85107	0.03722
1675.92251	0.03691
1673.99395	0.03670
1672.06538	0.03655
1670.13682	0.03647
1668.20825	0.03645
1666.27969	0.03639
1664.35112	0.03626
1662.42256	0.03618
1660.49399	0.03623
1658.56543	0.03630
1656.63687	0.03624
1654.70830	0.03602
1652.77974	0.03586
1650.85117	0.03595
1648.92261	0.03620
1646.99404	0.03658
1645.06548	0.03707
1643.13691	0.03753
1641.20835	0.03779
1639.27979	0.03772
1637.35122	0.03735
1635.42266	0.03696
1633.49409	0.03678
1631.56553	0.03673
1629.63696	0.03667
1627.70840	0.03661
1625.77983	0.03656
1623.85127	0.03650
1621.92271	0.03641
1619.99414	0.03624
1618.06558	0.03601
1616.13701	0.03589
1614.20845	0.03596
1612.27988	0.03603
1610.35132	0.03599
1608.42275	0.03588
1606.49419	0.03575
1604.56562	0.03560
1602.63706	0.03547
1600.70850	0.03536
1598.77993	0.03529
1596.85137	0.03524
1594.92280	0.03520
1592.99424	0.03515
1591.06567	0.03512
1589.13711	0.03510
1587.20854	0.03505
1585.27998	0.03495
1583.35142	0.03478
1581.42285	0.03454
1579.49429	0.03422
1577.56572	0.03386
1575.63716	0.03360
1573.70859	0.03353
1571.78003	0.03351
1569.85146	0.03345
1567.92290	0.03336
1565.99434	0.03323
1564.06577	0.03307
1562.13721	0.03290
1560.20864	0.03267
1558.28008	0.03253
1556.35151	0.03258
1554.42295	0.03272
1552.49438	0.03286
1550.56582	0.03294
1548.63726	0.03290
1546.70869	0.03272
1544.78013	0.03240
1542.85156	0.03187
1540.92300	0.03134
1538.99443	0.03122
1537.06587	0.03140
1535.13730	0.03150
1533.20874	0.03147
1531.28018	0.03141
1529.35161	0.03134
1527.42305	0.03119
1525.49448	0.03094
1523.56592	0.03068
1521.63735	0.03052
1519.70879	0.03049
1517.78022	0.03054
1515.85166	0.03058
1513.92310	0.03057
1511.99453	0.03058
1510.06597	0.03060
1508.13740	0.03038
1506.20884	0.02993
1504.28027	0.02966
1502.35171	0.02966
1500.42314	0.02970
1498.49458	0.02970
1496.56602	0.02970
1494.63745	0.02975
1492.70889	0.02988
1490.78032	0.03005
1488.85176	0.03017
1486.92319	0.03027
1484.99463	0.03054
1483.06606	0.03120
1481.13750	0.03294
1479.20894	0.03879
1477.28037	0.05639
1475.35181	0.09260
1473.42324	0.13666
1471.49468	0.15845
1469.56611	0.14840
1467.63755	0.13025
1465.70898	0.12431
1463.78042	0.12919
1461.85186	0.12914
1459.92329	0.11578
1457.99473	0.09547
1456.06616	0.07923
1454.13760	0.07070
1452.20903	0.06622
1450.28047	0.06293
1448.35190	0.06039
1446.42334	0.05858
1444.49478	0.05730
1442.56621	0.05635
1440.63765	0.05562
1438.70908	0.05499
1436.78052	0.05426
1434.85195	0.05339
1432.92339	0.05238
1430.99482	0.05130
1429.06626	0.05025
1427.13770	0.04935
1425.20913	0.04861
1423.28057	0.04803
1421.35200	0.04769
1419.42344	0.04758
1417.49487	0.04751
1415.56631	0.04733
1413.63774	0.04708
1411.70918	0.04683
1409.78062	0.04659
1407.85205	0.04633
1405.92349	0.04597
1403.99492	0.04545
1402.06636	0.04486
1400.13779	0.04439
1398.20923	0.04405
1396.28066	0.04374
1394.35210	0.04339
1392.42354	0.04307
1390.49497	0.04289
1388.56641	0.04285
1386.63784	0.04294
1384.70928	0.04315
1382.78071	0.04357
1380.85215	0.04426
1378.92358	0.04501
1376.99502	0.04558
1375.06646	0.04594
1373.13789	0.04619
1371.20933	0.04638
1369.28076	0.04650
1367.35220	0.04651
1365.42363	0.04645
1363.49507	0.04633
1361.56650	0.04604
1359.63794	0.04568
1357.70937	0.04545
1355.78081	0.04540
1353.85225	0.04540
1351.92368	0.04535
1349.99512	0.04524
1348.06655	0.04506
1346.13799	0.04483
1344.20942	0.04460
1342.28086	0.04443
1340.35229	0.04425
1338.42373	0.04389
1336.49517	0.04332
1334.56660	0.04280
1332.63804	0.04249
1330.70947	0.04236
1328.78091	0.04233
1326.85234	0.04237
1324.92378	0.04241
1322.99521	0.04251
1321.06665	0.04270
1319.13809	0.04297
1317.20952	0.04321
1315.28096	0.04345
1313.35239	0.04373
1311.42383	0.04402
1309.49526	0.04428
1307.56670	0.04453
1305.63813	0.04482
1303.70957	0.04514
1301.78101	0.04544
1299.85244	0.04574
1297.92388	0.04608
1295.99531	0.04641
1294.06675	0.04667
1292.13818	0.04690
1290.20962	0.04713
1288.28105	0.04736
1286.35249	0.04759
1284.42393	0.04782
1282.49536	0.04805
1280.56680	0.04831
1278.63823	0.04863
1276.70967	0.04896
1274.78110	0.04931
1272.85254	0.04969
1270.92397	0.05004
1268.99541	0.05030
1267.06685	0.05054
1265.13828	0.05084
1263.20972	0.05112
1261.28115	0.05132
1259.35259	0.05146
1257.42402	0.05160
1255.49546	0.05174
1253.56689	0.05187
1251.63833	0.05198
1249.70977	0.05208
1247.78120	0.05217
1245.85264	0.05228
1243.92407	0.05241
1241.99551	0.05253
1240.06694	0.05259
1238.13838	0.05260
1236.20981	0.05267
1234.28125	0.05280
1232.35269	0.05294
1230.42412	0.05304
1228.49556	0.05310
1226.56699	0.05317
1224.63843	0.05324
1222.70986	0.05326
1220.78130	0.05327
1218.85273	0.05329
1216.92417	0.05326
1214.99561	0.05323
1213.06704	0.05318
1211.13848	0.05304
1209.20991	0.05287
1207.28135	0.05272
1205.35278	0.05255
1203.42422	0.05233
1201.49565	0.05210
1199.56709	0.05193
1197.63853	0.05178
1195.70996	0.05164
1193.78140	0.05148
1191.85283	0.05128
1189.92427	0.05105
1187.99570	0.05090
1186.06714	0.05091
1184.13857	0.05097
1182.21001	0.05097
1180.28145	0.05102
1178.35288	0.05123
1176.42432	0.05141
1174.49575	0.05143
1172.56719	0.05144
1170.63862	0.05154
1168.71006	0.05168
1166.78149	0.05181
1164.85293	0.05191
1162.92437	0.05192
1160.99580	0.05187
1159.06724	0.05188
1157.13867	0.05195
1155.21011	0.05199
1153.28154	0.05201
1151.35298	0.05205
1149.42441	0.05209
1147.49585	0.05207
1145.56729	0.05193
1143.63872	0.05173
1141.71016	0.05152
1139.78159	0.05131
1137.85303	0.05111
1135.92446	0.05100
1133.99590	0.05102
1132.06733	0.05113
1130.13877	0.05127
1128.21021	0.05135
1126.28164	0.05140
1124.35308	0.05149
1122.42451	0.05160
1120.49595	0.05169
1118.56738	0.05179
1116.63882	0.05194
1114.71025	0.05210
1112.78169	0.05231
1110.85312	0.05261
1108.92456	0.05298
1106.99600	0.05337
1105.06743	0.05374
1103.13887	0.05412
1101.21030	0.05453
1099.28174	0.05493
1097.35317	0.05540
1095.42461	0.05598
1093.49604	0.05660
1091.56748	0.05715
1089.63892	0.05767
1087.71035	0.05810
1085.78179	0.05844
1083.85322	0.05882
1081.92466	0.05930
1079.99609	0.05977
1078.06753	0.06017
1076.13896	0.06041
1074.21040	0.06049
1072.28184	0.06060
1070.35327	0.06078
1068.42471	0.06088
1066.49614	0.06090
1064.56758	0.06091
1062.63901	0.06088
1060.71045	0.06080
1058.78188	0.06074
1056.85332	0.06082
1054.92476	0.06103
1052.99619	0.06124
1051.06763	0.06135
1049.13906	0.06129
1047.21050	0.06110
1045.28193	0.06094
1043.35337	0.06087
1041.42480	0.06078
1039.49624	0.06067
1037.56768	0.06054
1035.63911	0.06038
1033.71055	0.06027
1031.78198	0.06028
1029.85342	0.06032
1027.92485	0.06026
1025.99629	0.06015
1024.06772	0.06007
1022.13916	0.06006
1020.21060	0.06011
1018.28203	0.06014
1016.35347	0.06008
1014.42490	0.05994
1012.49634	0.05981
1010.56777	0.05970
1008.63921	0.05954
1006.71064	0.05933
1004.78208	0.05917
1002.85352	0.05902
1000.92495	0.05886
998.99639	0.05882
997.06782	0.05898
995.13926	0.05925
993.21069	0.05951
991.28213	0.05968
989.35356	0.05965
987.42500	0.05937
985.49644	0.05892
983.56787	0.05842
981.63931	0.05790
979.71074	0.05752
977.78218	0.05726
975.85361	0.05701
973.92505	0.05675
971.99648	0.05653
970.06792	0.05638
968.13936	0.05628
966.21079	0.05614
964.28223	0.05589
962.35366	0.05553
960.42510	0.05513
958.49653	0.05478
956.56797	0.05459
954.63940	0.05445
952.71084	0.05420
950.78228	0.05390
948.85371	0.05372
946.92515	0.05363
944.99658	0.05352
943.06802	0.05342
941.13945	0.05338
939.21089	0.05336
937.28232	0.05328
935.35376	0.05312
933.42520	0.05294
931.49663	0.05277
929.56807	0.05259
927.63950	0.05234
925.71094	0.05206
923.78237	0.05183
921.85381	0.05163
919.92524	0.05154
917.99668	0.05174
916.06812	0.05216
914.13955	0.05281
912.21099	0.05390
910.28242	0.05522
908.35386	0.05595
906.42529	0.05548
904.49673	0.05413
902.56816	0.05254
900.63960	0.05117
898.71104	0.05023
896.78247	0.04964
894.85391	0.04924
892.92534	0.04897
890.99678	0.04880
889.06821	0.04862
887.13965	0.04836
885.21108	0.04810
883.28252	0.04789
881.35396	0.04774
879.42539	0.04764
877.49683	0.04754
875.56826	0.04743
873.63970	0.04737
871.71113	0.04735
869.78257	0.04741
867.85400	0.04755
865.92544	0.04766
863.99687	0.04770
862.06831	0.04768
860.13975	0.04768
858.21118	0.04777
856.28262	0.04789
854.35405	0.04794
852.42549	0.04800
850.49692	0.04811
848.56836	0.04809
846.63979	0.04798
844.71123	0.04790
842.78267	0.04783
840.85410	0.04775
838.92554	0.04774
836.99697	0.04785
835.06841	0.04803
833.13984	0.04819
831.21128	0.04830
829.28271	0.04848
827.35415	0.04879
825.42559	0.04912
823.49702	0.04929
821.56846	0.04934
819.63989	0.04942
817.71133	0.04949
815.78276	0.04943
813.85420	0.04944
811.92563	0.04962
809.99707	0.04975
808.06851	0.04971
806.13994	0.04964
804.21138	0.04956
802.28281	0.04937
800.35425	0.04914
798.42568	0.04908
796.49712	0.04909
794.56855	0.04907
792.63999	0.04901
790.71143	0.04882
788.78286	0.04852
786.85430	0.04830
784.92573	0.04823
782.99717	0.04825
781.06860	0.04836
779.14004	0.04842
777.21147	0.04838
775.28291	0.04834
773.35435	0.04838
771.42578	0.04841
769.49722	0.04832
767.56865	0.04815
765.64009	0.04791
763.71152	0.04767
761.78296	0.04751
759.85439	0.04751
757.92583	0.04753
755.99727	0.04746
754.06870	0.04732
752.14014	0.04719
750.21157	0.04720
748.28301	0.04730
746.35444	0.04733
744.42588	0.04736
742.49731	0.04755
740.56875	0.04812
738.64019	0.04956
736.71162	0.05350
734.78306	0.06467
732.85449	0.08714
730.92593	0.11100
728.99736	0.11701
727.06880	0.10669
725.14023	0.09996
723.21167	0.11055
721.28311	0.14040
719.35454	0.17669
717.42598	0.19460
715.49741	0.18108
713.56885	0.14872
711.64028	0.11837
709.71172	0.09897
707.78315	0.08797
705.85459	0.08134
703.92603	0.07703
701.99746	0.07391
700.06890	0.07143
698.14033	0.06934
696.21177	0.06765
694.28320	0.06648
692.35464	0.06571
690.42607	0.06506
688.49751	0.06460
686.56895	0.06428
684.64038	0.06388
682.71182	0.06339
680.78325	0.06285
678.85469	0.06227
676.92612	0.06190
674.99756	0.06185
673.06899	0.06182
671.14043	0.06159
669.21187	0.06121
667.28330	0.06102
665.35474	0.06120
663.42617	0.06126
661.49761	0.06111
659.56904	0.06122
657.64048	0.06181
655.71191	0.06233
653.78335	0.06238
651.85479	0.06229
649.92622	0.06238
647.99766	0.06231
646.06909	0.06201
644.14053	0.06207
642.21196	0.06262
640.28340	0.06309
638.35483	0.06343
636.42627	0.06389
634.49771	0.06417
632.56914	0.06409
630.64058	0.06403
628.71201	0.06431
626.78345	0.06460
624.85488	0.06449
622.92632	0.06456
620.99775	0.06478
619.06919	0.06449
617.14062	0.06420
615.21206	0.06474
613.28350	0.06540
611.35493	0.06490
609.42637	0.06343
607.49780	0.06262
605.56924	0.06356
603.64067	0.06510
601.71211	0.06526
599.78354	0.06402
