3997.91411	-0.00858
3995.98555	-0.00865
3994.05698	-0.00865
3992.12842	-0.00854
3990.19985	-0.00852
3988.27129	-0.00867
3986.34272	-0.00881
3984.41416	-0.00889
3982.48560	-0.00888
3980.55703	-0.00872
3978.62847	-0.00847
3976.69990	-0.00830
3974.77134	-0.00834
3972.84277	-0.00846
3970.91421	-0.00853
3968.98564	-0.00851
3967.05708	-0.00841
3965.12852	-0.00830
3963.19995	-0.00826
3961.27139	-0.00826
3959.34282	-0.00827
3957.41426	-0.00834
3955.48569	-0.00840
3953.55713	-0.00837
3951.62856	-0.00829
3949.70000	-0.00830
3947.77144	-0.00838
3945.84287	-0.00835
3943.91431	-0.00819
3941.98574	-0.00813
3940.05718	-0.00830
3938.12861	-0.00850
3936.20005	-0.00854
3934.27148	-0.00841
3932.34292	-0.00822
3930.41436	-0.00808
3928.48579	-0.00802
3926.55723	-0.00799
3924.62866	-0.00798
3922.70010	-0.00803
3920.77153	-0.00814
3918.84297	-0.00820
3916.91440	-0.00814
3914.98584	-0.00804
3913.05728	-0.00808
3911.12871	-0.00828
3909.20015	-0.00847
3907.27158	-0.00850
3905.34302	-0.00837
3903.41445	-0.00818
3901.48589	-0.00805
3899.55732	-0.00801
3897.62876	-0.00812
3895.70020	-0.00833
3893.77163	-0.00856
3891.84307	-0.00873
3889.91450	-0.00875
3887.98594	-0.00867
3886.05737	-0.00857
3884.12881	-0.00853
3882.20024	-0.00852
3880.27168	-0.00841
3878.34312	-0.00824
3876.41455	-0.00810
3874.48599	-0.00809
3872.55742	-0.00832
3870.62886	-0.00865
3868.70029	-0.00878
3866.77173	-0.00877
3864.84316	-0.00878
3862.91460	-0.00884
3860.98604	-0.00888
3859.05747	-0.00892
3857.12891	-0.00899
3855.20034	-0.00905
3853.27178	-0.00889
3851.34321	-0.00861
3849.41465	-0.00850
3847.48608	-0.00857
3845.55752	-0.00869
3843.62896	-0.00880
3841.70039	-0.00896
3839.77183	-0.00926
3837.84326	-0.00953
3835.91470	-0.00953
3833.98613	-0.00931
3832.05757	-0.00907
3830.12900	-0.00894
3828.20044	-0.00893
3826.27187	-0.00895
3824.34331	-0.00898
3822.41475	-0.00902
3820.48618	-0.00907
3818.55762	-0.00916
3816.62905	-0.00914
3814.70049	-0.00888
3812.77192	-0.00863
3810.84336	-0.00872
3808.91479	-0.00906
3806.98623	-0.00932
3805.05767	-0.00935
3803.12910	-0.00921
3801.20054	-0.00888
3799.27197	-0.00858
3797.34341	-0.00854
3795.41484	-0.00867
3793.48628	-0.00877
3791.55771	-0.00884
3789.62915	-0.00886
3787.70059	-0.00883
3785.77202	-0.00878
3783.84346	-0.00880
3781.91489	-0.00888
3779.98633	-0.00889
3778.05776	-0.00875
3776.12920	-0.00860
3774.20063	-0.00864
3772.27207	-0.00890
3770.34351	-0.00918
3768.41494	-0.00929
3766.48638	-0.00931
3764.55781	-0.00934
3762.62925	-0.00938
3760.70068	-0.00941
3758.77212	-0.00945
3756.84355	-0.00954
3754.91499	-0.00972
3752.98643	-0.00999
3751.05786	-0.01029
3749.12930	-0.01042
3747.20073	-0.01032
3745.27217	-0.01017
3743.34360	-0.01004
3741.41504	-0.01014
3739.48647	-0.01044
3737.55791	-0.01064
3735.62935	-0.01066
3733.70078	-0.01081
3731.77222	-0.01115
3729.84365	-0.01140
3727.91509	-0.01136
3725.98652	-0.01105
3724.05796	-0.01071
3722.12939	-0.01047
3720.20083	-0.01036
3718.27227	-0.01034
3716.34370	-0.01039
3714.41514	-0.01037
3712.48657	-0.01017
3710.55801	-0.01009
3708.62944	-0.01002
3706.70088	-0.01001
3704.77231	-0.01008
3702.84375	-0.01018
3700.91519	-0.01027
3698.98662	-0.01029
3697.05806	-0.01024
3695.12949	-0.01027
3693.20093	-0.01036
3691.27236	-0.01039
3689.34380	-0.01006
3687.41523	-0.00958
3685.48667	-0.00924
3683.55811	-0.00913
3681.62954	-0.00908
3679.70098	-0.00909
3677.77241	-0.00919
3675.84385	-0.00921
3673.91528	-0.00894
3671.98672	-0.00855
3670.05815	-0.00820
3668.12959	-0.00792
3666.20103	-0.00779
3664.27246	-0.00782
3662.34390	-0.00790
3660.41533	-0.00789
3658.48677	-0.00773
3656.55820	-0.00752
3654.62964	-0.00752
3652.70107	-0.00778
3650.77251	-0.00798
3648.84395	-0.00774
3646.91538	-0.00717
3644.98682	-0.00680
3643.05825	-0.00674
3641.12969	-0.00677
3639.20112	-0.00679
3637.27256	-0.00684
3635.34399	-0.00693
3633.41543	-0.00698
3631.48687	-0.00699
3629.55830	-0.00700
3627.62974	-0.00694
3625.70117	-0.00689
3623.77261	-0.00691
3621.84404	-0.00668
3619.91548	-0.00608
3617.98691	-0.00559
3616.05835	-0.00538
3614.12979	-0.00532
3612.20122	-0.00518
3610.27266	-0.00488
3608.34409	-0.00462
3606.41553	-0.00457
3604.48696	-0.00472
3602.55840	-0.00478
3600.62983	-0.00468
3598.70127	-0.00453
3596.77271	-0.00429
3594.84414	-0.00412
3592.91558	-0.00407
3590.98701	-0.00414
3589.05845	-0.00412
3587.12988	-0.00403
3585.20132	-0.00387
3583.27275	-0.00364
3581.34419	-0.00334
3579.41562	-0.00309
3577.48706	-0.00295
3575.55850	-0.00285
3573.62993	-0.00276
3571.70137	-0.00265
3569.77280	-0.00237
3567.84424	-0.00189
3565.91567	-0.00155
3563.98711	-0.00142
3562.05854	-0.00122
3560.12998	-0.00099
3558.20142	-0.00096
3556.27285	-0.00104
3554.34429	-0.00092
3552.41572	-0.00057
3550.48716	-0.00025
3548.55859	-0.00002
3546.63003	0.00023
3544.70146	0.00039
3542.77290	0.00039
3540.84434	0.00047
3538.91577	0.00075
3536.98721	0.00106
3535.05864	0.00131
3533.13008	0.00148
3531.20151	0.00157
3529.27295	0.00167
3527.34438	0.00188
3525.41582	0.00217
3523.48726	0.00245
3521.55869	0.00248
3519.63013	0.00226
3517.70156	0.00212
3515.77300	0.00232
3513.84443	0.00268
3511.91587	0.00288
3509.98730	0.00291
3508.05874	0.00305
3506.13018	0.00350
3504.20161	0.00410
3502.27305	0.00439
3500.34448	0.00415
3498.41592	0.00374
3496.48735	0.00367
3494.55879	0.00397
3492.63022	0.00430
3490.70166	0.00450
3488.77310	0.00459
3486.84453	0.00463
3484.91597	0.00470
3482.98740	0.00485
3481.05884	0.00493
3479.13027	0.00488
3477.20171	0.00488
3475.27314	0.00501
3473.34458	0.00527
3471.41602	0.00560
3469.48745	0.00577
3467.55889	0.00570
3465.63032	0.00570
3463.70176	0.00592
3461.77319	0.00613
3459.84463	0.00631
3457.91606	0.00657
3455.98750	0.00673
3454.05894	0.00665
3452.13037	0.00656
3450.20181	0.00671
3448.27324	0.00698
3446.34468	0.00714
3444.41611	0.00715
3442.48755	0.00710
3440.55898	0.00710
3438.63042	0.00726
3436.70186	0.00749
3434.77329	0.00766
3432.84473	0.00779
3430.91616	0.00804
3428.98760	0.00832
3427.05903	0.00833
3425.13047	0.00827
3423.20190	0.00856
3421.27334	0.00893
3419.34478	0.00889
3417.41621	0.00860
3415.48765	0.00852
3413.55908	0.00870
3411.63052	0.00890
3409.70195	0.00897
3407.77339	0.00897
3405.84482	0.00897
3403.91626	0.00901
3401.98770	0.00912
3400.05913	0.00915
3398.13057	0.00893
3396.20200	0.00888
3394.27344	0.00902
3392.34487	0.00927
3390.41631	0.00955
3388.48774	0.00975
3386.55918	0.00974
3384.63062	0.00966
3382.70205	0.00960
3380.77349	0.00958
3378.84492	0.00963
3376.91636	0.00969
3374.98779	0.00965
3373.05923	0.00955
3371.13066	0.00959
3369.20210	0.00982
3367.27354	0.00988
3365.34497	0.00968
3363.41641	0.00963
3361.48784	0.00990
3359.55928	0.01029
3357.63071	0.01047
3355.70215	0.01026
3353.77358	0.00990
3351.84502	0.00974
3349.91646	0.00982
3347.98789	0.00998
3346.05933	0.01007
3344.13076	0.01001
3342.20220	0.00992
3340.27363	0.00985
3338.34507	0.00971
3336.41650	0.00949
3334.48794	0.00942
3332.55937	0.00967
3330.63081	0.01004
3328.70225	0.01016
3326.77368	0.01003
3324.84512	0.00995
3322.91655	0.01002
3320.98799	0.01005
3319.05942	0.00997
3317.13086	0.00982
3315.20229	0.00966
3313.27373	0.00965
3311.34517	0.00972
3309.41660	0.00975
3307.48804	0.00980
3305.55947	0.00995
3303.63091	0.01009
3301.70234	0.01011
3299.77378	0.01003
3297.84521	0.01000
3295.91665	0.01004
3293.98809	0.00994
3292.05952	0.00973
3290.13096	0.00958
3288.20239	0.00946
3286.27383	0.00938
3284.34526	0.00948
3282.41670	0.00964
3280.48813	0.00964
3278.55957	0.00950
3276.63101	0.00925
3274.70244	0.00895
3272.77388	0.00878
3270.84531	0.00872
3268.91675	0.00860
3266.98818	0.00845
3265.05962	0.00831
3263.13105	0.00816
3261.20249	0.00806
3259.27393	0.00805
3257.34536	0.00798
3255.41680	0.00771
3253.48823	0.00739
3251.55967	0.00728
3249.63110	0.00723
3247.70254	0.00710
3245.77397	0.00707
3243.84541	0.00718
3241.91685	0.00711
3239.98828	0.00682
3238.05972	0.00654
3236.13115	0.00632
3234.20259	0.00604
3232.27402	0.00582
3230.34546	0.00579
3228.41689	0.00579
3226.48833	0.00560
3224.55977	0.00535
3222.63120	0.00524
3220.70264	0.00525
3218.77407	0.00537
3216.84551	0.00553
3214.91694	0.00544
3212.98838	0.00510
3211.05981	0.00484
3209.13125	0.00469
3207.20269	0.00451
3205.27412	0.00436
3203.34556	0.00429
3201.41699	0.00429
3199.48843	0.00438
3197.55986	0.00433
3195.63130	0.00407
3193.70273	0.00394
3191.77417	0.00401
3189.84561	0.00399
3187.91704	0.00376
3185.98848	0.00354
3184.05991	0.00346
3182.13135	0.00344
3180.20278	0.00339
3178.27422	0.00322
3176.34565	0.00293
3174.41709	0.00267
3172.48853	0.00253
3170.55996	0.00240
3168.63140	0.00223
3166.70283	0.00210
3164.77427	0.00198
3162.84570	0.00183
3160.91714	0.00173
3158.98857	0.00168
3157.06001	0.00162
3155.13145	0.00148
3153.20288	0.00128
3151.27432	0.00113
3149.34575	0.00105
3147.41719	0.00101
3145.48862	0.00097
3143.56006	0.00087
3141.63149	0.00059
3139.70293	0.00026
3137.77437	0.00017
3135.84580	0.00030
3133.91724	0.00025
3131.98867	-0.00003
3130.06011	-0.00019
3128.13154	-0.00008
3126.20298	0.00008
3124.27441	0.00007
3122.34585	-0.00011
3120.41729	-0.00036
3118.48872	-0.00061
3116.56016	-0.00071
3114.63159	-0.00062
3112.70303	-0.00045
3110.77446	-0.00038
3108.84590	-0.00044
3106.91733	-0.00051
3104.98877	-0.00054
3103.06021	-0.00066
3101.13164	-0.00085
3099.20308	-0.00095
3097.27451	-0.00089
3095.34595	-0.00081
3093.41738	-0.00075
3091.48882	-0.00070
3089.56025	-0.00071
3087.63169	-0.00073
3085.70312	-0.00066
3083.77456	-0.00057
3081.84600	-0.00062
3079.91743	-0.00084
3077.98887	-0.00096
3076.06030	-0.00077
3074.13174	-0.00051
3072.20317	-0.00049
3070.27461	-0.00073
3068.34604	-0.00104
3066.41748	-0.00122
3064.48892	-0.00123
3062.56035	-0.00111
3060.63179	-0.00102
3058.70322	-0.00105
3056.77466	-0.00118
3054.84609	-0.00137
3052.91753	-0.00168
3050.98896	-0.00194
3049.06040	-0.00199
3047.13184	-0.00193
3045.20327	-0.00188
3043.27471	-0.00175
3041.34614	-0.00161
3039.41758	-0.00164
3037.48901	-0.00177
3035.56045	-0.00178
3033.63188	-0.00175
3031.70332	-0.00180
3029.77476	-0.00186
3027.84619	-0.00190
3025.91763	-0.00196
3023.98906	-0.00201
3022.06050	-0.00199
3020.13193	-0.00194
3018.20337	-0.00191
3016.27480	-0.00191
3014.34624	-0.00191
3012.41768	-0.00193
3010.48911	-0.00196
3008.56055	-0.00194
3006.63198	-0.00186
3004.70342	-0.00165
3002.77485	-0.00133
3000.84629	-0.00105
2998.91772	-0.00090
2996.98916	-0.00078
2995.06060	-0.00063
2993.13203	-0.00034
2991.20347	0.00024
2989.27490	0.00097
2987.34634	0.00167
2985.41777	0.00249
2983.48921	0.00350
2981.56064	0.00463
2979.63208	0.00588
2977.70352	0.00742
2975.77495	0.00932
2973.84639	0.01147
2971.91782	0.01383
2969.98926	0.01652
2968.06069	0.01952
2966.13213	0.02282
2964.20356	0.02626
2962.27500	0.02946
2960.34644	0.03220
2958.41787	0.03457
2956.48931	0.03672
2954.56074	0.03873
2952.63218	0.04072
2950.70361	0.04291
2948.77505	0.04579
2946.84648	0.04995
2944.91792	0.05590
2942.98936	0.06391
2941.06079	0.07394
2939.13223	0.08590
2937.20366	0.09991
2935.27510	0.11617
2933.34653	0.13484
2931.41797	0.15636
2929.48940	0.18151
2927.56084	0.21134
2925.63228	0.24704
2923.70371	0.28996
2921.77515	0.34062
2919.84658	0.39632
2917.91802	0.44821
2915.98945	0.48126
2914.06089	0.48284
2912.13232	0.45534
2910.20376	0.41379
2908.27520	0.37196
2906.34663	0.33623
2904.41807	0.30757
2902.48950	0.28491
2900.56094	0.26665
2898.63237	0.25119
2896.70381	0.23732
2894.77524	0.22436
2892.84668	0.21183
2890.91812	0.19935
2888.98955	0.18686
2887.06099	0.17452
2885.13242	0.16257
2883.20386	0.15132
2881.27529	0.14090
2879.34673	0.13110
2877.41816	0.12200
2875.48960	0.11426
2873.56104	0.10828
2871.63247	0.10393
2869.70391	0.10096
2867.77534	0.09965
2865.84678	0.10086
2863.91821	0.10572
2861.98965	0.11548
2860.06108	0.13168
2858.13252	0.15654
2856.20396	0.19366
2854.27539	0.24782
2852.34683	0.32000
2850.41826	0.39494
2848.48970	0.43459
2846.56113	0.41280
2844.63257	0.35190
2842.70400	0.28718
2840.77544	0.23410
2838.84687	0.19416
2836.91831	0.16488
2834.98975	0.14336
2833.06118	0.12708
2831.13262	0.11443
2829.20405	0.10450
2827.27549	0.09651
2825.34692	0.08987
2823.41836	0.08424
2821.48979	0.07942
2819.56123	0.07520
2817.63267	0.07152
2815.70410	0.06835
2813.77554	0.06555
2811.84697	0.06305
2809.91841	0.06082
2807.98984	0.05875
2806.06128	0.05672
2804.13271	0.05484
2802.20415	0.05318
2800.27559	0.05160
2798.34702	0.05000
2796.41846	0.04844
2794.48989	0.04706
2792.56133	0.04579
2790.63276	0.04454
2788.70420	0.04335
2786.77563	0.04225
2784.84707	0.04115
2782.91851	0.04001
2780.98994	0.03895
2779.06138	0.03805
2777.13281	0.03729
2775.20425	0.03650
2773.27568	0.03562
2771.34712	0.03485
2769.41855	0.03424
2767.48999	0.03372
2765.56143	0.03316
2763.63286	0.03254
2761.70430	0.03197
2759.77573	0.03148
2757.84717	0.03102
2755.91860	0.03053
2753.99004	0.03006
2752.06147	0.02972
2750.13291	0.02946
2748.20435	0.02920
2746.27578	0.02893
2744.34722	0.02869
2742.41865	0.02848
2740.49009	0.02832
2738.56152	0.02816
2736.63296	0.02800
2734.70439	0.02785
2732.77583	0.02763
2730.84727	0.02725
2728.91870	0.02683
2726.99014	0.02653
2725.06157	0.02636
2723.13301	0.02617
2721.20444	0.02585
2719.27588	0.02544
2717.34731	0.02508
2715.41875	0.02484
2713.49019	0.02457
2711.56162	0.02423
2709.63306	0.02394
2707.70449	0.02375
2705.77593	0.02358
2703.84736	0.02337
2701.91880	0.02314
2699.99023	0.02293
2698.06167	0.02282
2696.13311	0.02276
2694.20454	0.02260
2692.27598	0.02237
2690.34741	0.02216
2688.41885	0.02204
2686.49028	0.02198
2684.56172	0.02200
2682.63315	0.02204
2680.70459	0.02206
2678.77603	0.02204
2676.84746	0.02200
2674.91890	0.02196
2672.99033	0.02192
2671.06177	0.02185
2669.13320	0.02184
2667.20464	0.02194
2665.27607	0.02208
2663.34751	0.02222
2661.41895	0.02235
2659.49038	0.02241
2657.56182	0.02231
2655.63325	0.02211
2653.70469	0.02196
2651.77612	0.02191
2649.84756	0.02183
2647.91899	0.02166
2645.99043	0.02146
2644.06187	0.02132
2642.13330	0.02124
2640.20474	0.02114
2638.27617	0.02102
2636.34761	0.02088
2634.41904	0.02064
2632.49048	0.02036
2630.56191	0.02019
2628.63335	0.02005
2626.70479	0.01980
2624.77622	0.01946
2622.84766	0.01911
2620.91909	0.01875
2618.99053	0.01836
2617.06196	0.01802
2615.13340	0.01776
2613.20483	0.01753
2611.27627	0.01730
2609.34771	0.01706
2607.41914	0.01681
2605.49058	0.01653
2603.56201	0.01623
2601.63345	0.01589
2599.70488	0.01560
2597.77632	0.01544
2595.84775	0.01535
2593.91919	0.01518
2591.99062	0.01490
2590.06206	0.01461
2588.13350	0.01436
2586.20493	0.01419
2584.27637	0.01400
2582.34780	0.01373
2580.41924	0.01357
2578.49067	0.01354
2576.56211	0.01347
2574.63354	0.01332
2572.70498	0.01312
2570.77642	0.01295
2568.84785	0.01284
2566.91929	0.01267
2564.99072	0.01245
2563.06216	0.01233
2561.13359	0.01229
2559.20503	0.01224
2557.27646	0.01209
2555.34790	0.01186
2553.41934	0.01169
2551.49077	0.01162
2549.56221	0.01150
2547.63364	0.01139
2545.70508	0.01132
2543.77651	0.01111
2541.84795	0.01085
2539.91938	0.01075
2537.99082	0.01078
2536.06226	0.01075
2534.13369	0.01071
2532.20513	0.01075
2530.27656	0.01082
2528.34800	0.01081
2526.41943	0.01071
2524.49087	0.01047
2522.56230	0.01019
2520.63374	0.01000
2518.70518	0.00985
2516.77661	0.00975
2514.84805	0.00974
2512.91948	0.00970
2510.99092	0.00954
2509.06235	0.00941
2507.13379	0.00934
2505.20522	0.00920
2503.27666	0.00906
2501.34810	0.00905
2499.41953	0.00912
2497.49097	0.00908
2495.56240	0.00894
2493.63384	0.00882
2491.70527	0.00873
2489.77671	0.00860
2487.84814	0.00856
2485.91958	0.00861
2483.99102	0.00856
2482.06245	0.00845
2480.13389	0.00839
2478.20532	0.00826
2476.27676	0.00804
2474.34819	0.00786
2472.41963	0.00784
2470.49106	0.00793
2468.56250	0.00795
2466.63394	0.00780
2464.70537	0.00770
2462.77681	0.00776
2460.84824	0.00779
2458.91968	0.00765
2456.99111	0.00755
2455.06255	0.00754
2453.13398	0.00754
2451.20542	0.00755
2449.27686	0.00751
2447.34829	0.00736
2445.41973	0.00726
2443.49116	0.00724
2441.56260	0.00725
2439.63403	0.00722
2437.70547	0.00712
2435.77690	0.00701
2433.84834	0.00691
2431.91978	0.00687
2429.99121	0.00685
2428.06265	0.00684
2426.13408	0.00689
2424.20552	0.00697
2422.27695	0.00697
2420.34839	0.00690
2418.41982	0.00688
2416.49126	0.00692
2414.56270	0.00692
2412.63413	0.00687
2410.70557	0.00682
2408.77700	0.00668
2406.84844	0.00644
2404.91987	0.00631
2402.99131	0.00635
2401.06274	0.00648
2399.13418	0.01002
2397.20562	0.01051
2395.27705	0.00901
2393.34849	0.00734
2391.41992	0.00564
2389.49136	0.00383
2387.56279	0.00188
2385.63423	-0.00018
2383.70566	-0.00217
2381.77710	-0.00375
2379.84854	-0.00458
2377.91997	-0.00438
2375.99141	-0.00336
2374.06284	-0.00221
2372.13428	-0.00168
2370.20571	-0.00207
2368.27715	-0.00246
2366.34858	-0.00308
2364.42002	-0.00460
2362.49146	-0.00509
2360.56289	-0.00622
2358.63433	-0.00767
2356.70576	-0.00625
2354.77720	-0.00942
2352.84863	-0.01446
2350.92007	-0.01819
2348.99150	-0.01978
2347.06294	-0.01484
2345.13437	-0.00847
2343.20581	-0.00753
2341.27725	-0.01122
2339.34868	-0.01270
2337.42012	-0.01102
2335.49155	-0.00746
2333.56299	-0.00493
2331.63442	-0.00484
2329.70586	-0.00632
2327.77729	-0.00817
2325.84873	-0.00730
2323.92017	-0.00400
2321.99160	-0.00106
2320.06304	0.00057
2318.13447	0.00098
2316.20591	0.00074
2314.27734	0.00039
2312.34878	-0.00008
2310.42021	-0.00036
2308.49165	-0.00030
2306.56309	0.00001
2304.63452	0.00050
2302.70596	0.00117
2300.77739	0.00183
2298.84883	0.00234
2296.92026	0.00274
2294.99170	0.00316
2293.06313	0.00373
2291.13457	0.00459
2289.20601	0.00561
2287.27744	0.00678
2285.34888	0.00797
2283.42031	0.00881
2281.49175	0.00923
2279.56318	0.00924
2277.63462	0.00890
2275.70605	0.00842
2273.77749	0.00797
2271.84893	0.00755
2269.92036	0.00707
2267.99180	0.00651
2266.06323	0.00587
2264.13467	0.00523
2262.20610	0.00475
2260.27754	0.00459
2258.34897	0.00463
2256.42041	0.00448
2254.49185	0.00382
2252.56328	0.00277
2250.63472	0.00251
2248.70615	0.00512
2246.77759	0.00536
2244.84902	0.00543
2242.92046	0.00532
2240.99189	0.00512
2239.06333	0.00510
2237.13477	0.00514
2235.20620	0.00518
2233.27764	0.00525
2231.34907	0.00517
2229.42051	0.00493
2227.49194	0.00475
2225.56338	0.00476
2223.63481	0.00486
2221.70625	0.00475
2219.77769	0.00439
2217.84912	0.00408
2215.92056	0.00405
2213.99199	0.00427
2212.06343	0.00457
2210.13486	0.00459
2208.20630	0.00431
2206.27773	0.00418
2204.34917	0.00431
2202.42061	0.00440
2200.49204	0.00438
2198.56348	0.00441
2196.63491	0.00446
2194.70635	0.00443
2192.77778	0.00434
2190.84922	0.00434
2188.92065	0.00438
2186.99209	0.00427
2185.06353	0.00412
2183.13496	0.00403
2181.20640	0.00390
2179.27783	0.00379
2177.34927	0.00355
2175.42070	0.00315
2173.49214	0.00330
2171.56357	0.00408
2169.63501	0.00467
2167.70645	0.00502
2165.77788	0.00563
2163.84932	0.00636
2161.92075	0.00598
2159.99219	0.00312
2158.06362	-0.00036
2156.13506	-0.00132
2154.20649	-0.00043
2152.27793	0.00048
2150.34937	0.00104
2148.42080	0.00123
2146.49224	0.00123
2144.56367	0.00102
2142.63511	0.00060
2140.70654	0.00054
2138.77798	0.00083
2136.84941	0.00071
2134.92085	0.00009
2132.99229	-0.00017
2131.06372	0.00032
2129.13516	0.00098
2127.20659	0.00145
2125.27803	0.00191
2123.34946	0.00243
2121.42090	0.00273
2119.49233	0.00287
2117.56377	0.00316
2115.63521	0.00358
2113.70664	0.00392
2111.77808	0.00409
2109.84951	0.00407
2107.92095	0.00399
2105.99238	0.00395
2104.06382	0.00395
2102.13525	0.00399
2100.20669	0.00394
2098.27812	0.00387
2096.34956	0.00367
2094.42100	0.00343
2092.49243	0.00330
2090.56387	0.00331
2088.63530	0.00346
2086.70674	0.00371
2084.77817	0.00391
2082.84961	0.00420
2080.92104	0.00459
2078.99248	0.00476
2077.06392	0.00466
2075.13535	0.00470
2073.20679	0.00486
2071.27822	0.00487
2069.34966	0.00470
2067.42109	0.00449
2065.49253	0.00423
2063.56396	0.00404
2061.63540	0.00411
2059.70684	0.00419
2057.77827	0.00396
2055.84971	0.00376
2053.92114	0.00435
2051.99258	0.00564
2050.06401	0.00640
2048.13545	0.00595
2046.20688	0.00520
2044.27832	0.00495
2042.34976	0.00507
2040.42119	0.00521
2038.49263	0.00524
2036.56406	0.00503
2034.63550	0.00453
2032.70693	0.00413
2030.77837	0.00429
2028.84980	0.00468
2026.92124	0.00453
2024.99268	0.00392
2023.06411	0.00362
2021.13555	0.00389
2019.20698	0.00435
2017.27842	0.00469
2015.34985	0.00484
2013.42129	0.00469
2011.49272	0.00435
2009.56416	0.00395
2007.63560	0.00337
2005.70703	0.00276
2003.77847	0.00239
2001.84990	0.00218
1999.92134	0.00223
1997.99277	0.00271
1996.06421	0.00337
1994.13564	0.00384
1992.20708	0.00408
1990.27852	0.00412
1988.34995	0.00388
1986.42139	0.00364
1984.49282	0.00394
1982.56426	0.00499
1980.63569	0.00599
1978.70713	0.00578
1976.77856	0.00454
1974.85000	0.00342
1972.92144	0.00287
1970.99287	0.00272
1969.06431	0.00273
1967.13574	0.00254
1965.20718	0.00226
1963.27861	0.00221
1961.35005	0.00213
1959.42148	0.00168
1957.49292	0.00123
1955.56436	0.00125
1953.63579	0.00158
1951.70723	0.00206
1949.77866	0.00263
1947.85010	0.00303
1945.92153	0.00313
1943.99297	0.00316
1942.06440	0.00319
1940.13584	0.00311
1938.20728	0.00300
1936.27871	0.00301
1934.35015	0.00315
1932.42158	0.00336
1930.49302	0.00351
1928.56445	0.00347
1926.63589	0.00325
1924.70732	0.00323
1922.77876	0.00362
1920.85020	0.00410
1918.92163	0.00433
1916.99307	0.00425
1915.06450	0.00403
1913.13594	0.00400
1911.20737	0.00432
1909.27881	0.00472
1907.35024	0.00487
1905.42168	0.00477
1903.49312	0.00469
1901.56455	0.00472
1899.63599	0.00474
1897.70742	0.00473
1895.77886	0.00486
1893.85029	0.00508
1891.92173	0.00518
1889.99316	0.00505
1888.06460	0.00479
1886.13604	0.00456
1884.20747	0.00446
1882.27891	0.00448
1880.35034	0.00457
1878.42178	0.00470
1876.49321	0.00480
1874.56465	0.00476
1872.63608	0.00465
1870.70752	0.00462
1868.77896	0.00469
1866.85039	0.00470
1864.92183	0.00460
1862.99326	0.00453
1861.06470	0.00459
1859.13613	0.00470
1857.20757	0.00477
1855.27900	0.00480
1853.35044	0.00480
1851.42187	0.00480
1849.49331	0.00481
1847.56475	0.00480
1845.63618	0.00480
1843.70762	0.00490
1841.77905	0.00500
1839.85049	0.00501
1837.92192	0.00502
1835.99336	0.00509
1834.06479	0.00517
1832.13623	0.00528
1830.20767	0.00541
1828.27910	0.00557
1826.35054	0.00585
1824.42197	0.00620
1822.49341	0.00637
1820.56484	0.00628
1818.63628	0.00611
1816.70771	0.00604
1814.77915	0.00616
1812.85059	0.00639
1810.92202	0.00660
1808.99346	0.00678
1807.06489	0.00702
1805.13633	0.00731
1803.20776	0.00758
1801.27920	0.00784
1799.35063	0.00813
1797.42207	0.00845
1795.49351	0.00878
1793.56494	0.00924
1791.63638	0.00986
1789.70781	0.01045
1787.77925	0.01091
1785.85068	0.01131
1783.92212	0.01171
1781.99355	0.01204
1780.06499	0.01224
1778.13643	0.01234
1776.20786	0.01236
1774.27930	0.01238
1772.35073	0.01258
1770.42217	0.01305
1768.49360	0.01356
1766.56504	0.01390
1764.63647	0.01408
1762.70791	0.01433
1760.77935	0.01474
1758.85078	0.01528
1756.92222	0.01589
1754.99365	0.01659
1753.06509	0.01749
1751.13652	0.01882
1749.20796	0.02049
1747.27939	0.02221
1745.35083	0.02387
1743.42227	0.02550
1741.49370	0.02710
1739.56514	0.02856
1737.63657	0.02960
1735.70801	0.03020
1733.77944	0.03067
1731.85088	0.03114
1729.92231	0.03170
1727.99375	0.03270
1726.06519	0.03440
1724.13662	0.03659
1722.20806	0.03860
1720.27949	0.04006
1718.35093	0.04136
1716.42236	0.04284
1714.49380	0.04414
1712.56523	0.04474
1710.63667	0.04450
1708.70811	0.04351
1706.77954	0.04192
1704.85098	0.04007
1702.92241	0.03834
1700.99385	0.03675
1699.06528	0.03528
1697.13672	0.03385
1695.20815	0.03238
1693.27959	0.03107
1691.35103	0.03010
1689.42246	0.02940
1687.49390	0.02883
1685.56533	0.02847
1683.63677	0.02849
1681.70820	0.02874
1679.77964	0.02891
1677.85107	0.02900
1675.92251	0.02917
1673.99395	0.02940
1672.06538	0.02959
1670.13682	0.02987
1668.20825	0.03029
1666.27969	0.03068
1664.35112	0.03096
1662.42256	0.03122
1660.49399	0.03144
1658.56543	0.03155
1656.63687	0.03151
1654.70830	0.03132
1652.77974	0.03114
1650.85117	0.03109
1648.92261	0.03107
1646.99404	0.03109
1645.06548	0.03126
1643.13691	0.03144
1641.20835	0.03145
1639.27979	0.03118
1637.35122	0.03068
1635.42266	0.03021
1633.49409	0.02991
1631.56553	0.02963
1629.63696	0.02924
1627.70840	0.02881
1625.77983	0.02842
1623.85127	0.02809
1621.92271	0.02777
1619.99414	0.02734
1618.06558	0.02679
1616.13701	0.02631
1614.20845	0.02603
1612.27988	0.02585
1610.35132	0.02568
1608.42275	0.02556
1606.49419	0.02547
1604.56562	0.02538
1602.63706	0.02527
1600.70850	0.02518
1598.77993	0.02516
1596.85137	0.02521
1594.92280	0.02528
1592.99424	0.02535
1591.06567	0.02542
1589.13711	0.02555
1587.20854	0.02577
1585.27998	0.02602
1583.35142	0.02632
1581.42285	0.02662
1579.49429	0.02680
1577.56572	0.02680
1575.63716	0.02675
1573.70859	0.02670
1571.78003	0.02657
1569.85146	0.02635
1567.92290	0.02612
1565.99434	0.02593
1564.06577	0.02576
1562.13721	0.02560
1560.20864	0.02555
1558.28008	0.02571
1556.35151	0.02592
1554.42295	0.02612
1552.49438	0.02642
1550.56582	0.02681
1548.63726	0.02711
1546.70869	0.02733
1544.78013	0.02736
1542.85156	0.02695
1540.92300	0.02616
1538.99443	0.02544
1537.06587	0.02490
1535.13730	0.02430
1533.20874	0.02358
1531.28018	0.02285
1529.35161	0.02219
1527.42305	0.02152
1525.49448	0.02083
1523.56592	0.02021
1521.63735	0.01975
1519.70879	0.01949
1517.78022	0.01934
1515.85166	0.01914
1513.92310	0.01887
1511.99453	0.01866
1510.06597	0.01851
1508.13740	0.01819
1506.20884	0.01767
1504.28027	0.01730
1502.35171	0.01717
1500.42314	0.01709
1498.49458	0.01699
1496.56602	0.01695
1494.63745	0.01705
1492.70889	0.01728
1490.78032	0.01768
1488.85176	0.01820
1486.92319	0.01882
1484.99463	0.01973
1483.06606	0.02130
1481.13750	0.02439
1479.20894	0.03221
1477.28037	0.05247
1475.35181	0.09179
1473.42324	0.14014
1471.49468	0.16978
1469.56611	0.17052
1467.63755	0.16067
1465.70898	0.15498
1463.78042	0.15213
1461.85186	0.14429
1459.92329	0.12932
1457.99473	0.11177
1456.06616	0.09752
1454.13760	0.08820
1452.20903	0.08129
1450.28047	0.07528
1448.35190	0.07034
1446.42334	0.06674
1444.49478	0.06425
1442.56621	0.06241
1440.63765	0.06091
1438.70908	0.05949
1436.78052	0.05781
1434.85195	0.05574
1432.92339	0.05345
1430.99482	0.05103
1429.06626	0.04866
1427.13770	0.04663
1425.20913	0.04504
1423.28057	0.04383
1421.35200	0.04297
1419.42344	0.04251
1417.49487	0.04233
1415.56631	0.04221
1413.63774	0.04205
1411.70918	0.04179
1409.78062	0.04128
1407.85205	0.04056
1405.92349	0.03971
1403.99492	0.03872
1402.06636	0.03768
1400.13779	0.03675
1398.20923	0.03597
1396.28066	0.03527
1394.35210	0.03464
1392.42354	0.03421
1390.49497	0.03411
1388.56641	0.03440
1386.63784	0.03517
1384.70928	0.03657
1382.78071	0.03894
1380.85215	0.04220
1378.92358	0.04527
1376.99502	0.04686
1375.06646	0.04666
1373.13789	0.04559
1371.20933	0.04468
1369.28076	0.04410
1367.35220	0.04351
1365.42363	0.04272
1363.49507	0.04181
1361.56650	0.04088
1359.63794	0.04010
1357.70937	0.03961
1355.78081	0.03935
1353.85225	0.03915
1351.92368	0.03885
1349.99512	0.03841
1348.06655	0.03785
1346.13799	0.03726
1344.20942	0.03676
1342.28086	0.03643
1340.35229	0.03613
1338.42373	0.03557
1336.49517	0.03482
1334.56660	0.03418
1332.63804	0.03377
1330.70947	0.03357
1328.78091	0.03355
1326.85234	0.03368
1324.92378	0.03391
1322.99521	0.03427
1321.06665	0.03475
1319.13809	0.03524
1317.20952	0.03569
1315.28096	0.03615
1313.35239	0.03664
1311.42383	0.03708
1309.49526	0.03747
1307.56670	0.03782
1305.63813	0.03810
1303.70957	0.03834
1301.78101	0.03857
1299.85244	0.03876
1297.92388	0.03885
1295.99531	0.03884
1294.06675	0.03877
1292.13818	0.03866
1290.20962	0.03850
1288.28105	0.03834
1286.35249	0.03822
1284.42393	0.03815
1282.49536	0.03813
1280.56680	0.03810
1278.63823	0.03803
1276.70967	0.03796
1274.78110	0.03795
1272.85254	0.03800
1270.92397	0.03806
1268.99541	0.03809
1267.06685	0.03814
1265.13828	0.03825
1263.20972	0.03839
1261.28115	0.03846
1259.35259	0.03841
1257.42402	0.03829
1255.49546	0.03818
1253.56689	0.03813
1251.63833	0.03813
1249.70977	0.03813
1247.78120	0.03810
1245.85264	0.03805
1243.92407	0.03795
1241.99551	0.03781
1240.06694	0.03769
1238.13838	0.03763
1236.20981	0.03753
1234.28125	0.03732
1232.35269	0.03711
1230.42412	0.03695
1228.49556	0.03682
1226.56699	0.03669
1224.63843	0.03653
1222.70986	0.03635
1220.78130	0.03619
1218.85273	0.03604
1216.92417	0.03590
1214.99561	0.03582
1213.06704	0.03584
1211.13848	0.03597
1209.20991	0.03615
1207.28135	0.03629
1205.35278	0.03639
1203.42422	0.03655
1201.49565	0.03680
1199.56709	0.03709
1197.63853	0.03730
1195.70996	0.03750
1193.78140	0.03770
1191.85283	0.03791
1189.92427	0.03814
1187.99570	0.03845
1186.06714	0.03886
1184.13857	0.03933
1182.21001	0.03988
1180.28145	0.04052
1178.35288	0.04118
1176.42432	0.04170
1174.49575	0.04211
1172.56719	0.04261
1170.63862	0.04321
1168.71006	0.04370
1166.78149	0.04402
1164.85293	0.04421
1162.92437	0.04430
1160.99580	0.04426
1159.06724	0.04408
1157.13867	0.04384
1155.21011	0.04353
1153.28154	0.04313
1151.35298	0.04270
1149.42441	0.04228
1147.49585	0.04184
1145.56729	0.04148
1143.63872	0.04124
1141.71016	0.04109
1139.78159	0.04102
1137.85303	0.04106
1135.92446	0.04129
1133.99590	0.04171
1132.06733	0.04223
1130.13877	0.04270
1128.21021	0.04310
1126.28164	0.04342
1124.35308	0.04374
1122.42451	0.04421
1120.49595	0.04485
1118.56738	0.04551
1116.63882	0.04613
1114.71025	0.04673
1112.78169	0.04725
1110.85312	0.04764
1108.92456	0.04795
1106.99600	0.04819
1105.06743	0.04845
1103.13887	0.04879
1101.21030	0.04912
1099.28174	0.04937
1097.35317	0.04960
1095.42461	0.04992
1093.49604	0.05035
1091.56748	0.05077
1089.63892	0.05112
1087.71035	0.05145
1085.78179	0.05178
1083.85322	0.05216
1081.92466	0.05257
1079.99609	0.05293
1078.06753	0.05321
1076.13896	0.05334
1074.21040	0.05337
1072.28184	0.05343
1070.35327	0.05357
1068.42471	0.05387
1066.49614	0.05431
1064.56758	0.05477
1062.63901	0.05516
1060.71045	0.05551
1058.78188	0.05580
1056.85332	0.05607
1054.92476	0.05629
1052.99619	0.05645
1051.06763	0.05659
1049.13906	0.05676
1047.21050	0.05686
1045.28193	0.05681
1043.35337	0.05672
1041.42480	0.05667
1039.49624	0.05665
1037.56768	0.05660
1035.63911	0.05647
1033.71055	0.05621
1031.78198	0.05583
1029.85342	0.05539
1027.92485	0.05489
1025.99629	0.05434
1024.06772	0.05376
1022.13916	0.05314
1020.21060	0.05248
1018.28203	0.05182
1016.35347	0.05117
1014.42490	0.05048
1012.49634	0.04972
1010.56777	0.04887
1008.63921	0.04799
1006.71064	0.04718
1004.78208	0.04650
1002.85352	0.04591
1000.92495	0.04535
998.99639	0.04479
997.06782	0.04426
995.13926	0.04381
993.21069	0.04343
991.28213	0.04299
989.35356	0.04231
987.42500	0.04137
985.49644	0.04043
983.56787	0.03967
981.63931	0.03900
979.71074	0.03835
977.78218	0.03773
975.85361	0.03720
973.92505	0.03676
971.99648	0.03645
970.06792	0.03624
968.13936	0.03599
966.21079	0.03570
964.28223	0.03545
962.35366	0.03518
960.42510	0.03479
958.49653	0.03440
956.56797	0.03412
954.63940	0.03391
952.71084	0.03370
950.78228	0.03349
948.85371	0.03336
946.92515	0.03339
944.99658	0.03343
943.06802	0.03337
941.13945	0.03329
939.21089	0.03321
937.28232	0.03306
935.35376	0.03291
933.42520	0.03277
931.49663	0.03251
929.56807	0.03217
927.63950	0.03191
925.71094	0.03176
923.78237	0.03163
921.85381	0.03158
919.92524	0.03168
917.99668	0.03198
916.06812	0.03257
914.13955	0.03358
912.21099	0.03490
910.28242	0.03620
908.35386	0.03680
906.42529	0.03630
904.49673	0.03499
902.56816	0.03350
900.63960	0.03224
898.71104	0.03142
896.78247	0.03090
894.85391	0.03051
892.92534	0.03019
890.99678	0.02996
889.06821	0.02972
887.13965	0.02934
885.21108	0.02880
883.28252	0.02823
881.35396	0.02774
879.42539	0.02738
877.49683	0.02721
875.56826	0.02712
873.63970	0.02689
871.71113	0.02649
869.78257	0.02606
867.85400	0.02572
865.92544	0.02554
863.99687	0.02547
862.06831	0.02533
860.13975	0.02513
858.21118	0.02501
856.28262	0.02490
854.35405	0.02469
852.42549	0.02452
850.49692	0.02455
848.56836	0.02476
846.63979	0.02496
844.71123	0.02501
842.78267	0.02497
840.85410	0.02494
838.92554	0.02495
836.99697	0.02498
835.06841	0.02499
833.13984	0.02498
831.21128	0.02500
829.28271	0.02510
827.35415	0.02518
825.42559	0.02522
823.49702	0.02536
821.56846	0.02564
819.63989	0.02593
817.71133	0.02616
815.78276	0.02640
813.85420	0.02670
811.92563	0.02698
809.99707	0.02720
808.06851	0.02740
806.13994	0.02761
804.21138	0.02784
802.28281	0.02821
800.35425	0.02857
798.42568	0.02866
796.49712	0.02861
794.56855	0.02874
792.63999	0.02900
790.71143	0.02917
788.78286	0.02925
786.85430	0.02940
784.92573	0.02968
782.99717	0.03002
781.06860	0.03036
779.14004	0.03066
777.21147	0.03094
775.28291	0.03114
773.35435	0.03122
771.42578	0.03124
769.49722	0.03127
767.56865	0.03138
765.64009	0.03155
763.71152	0.03165
761.78296	0.03169
759.85439	0.03196
757.92583	0.03250
755.99727	0.03308
754.06870	0.03354
752.14014	0.03384
750.21157	0.03404
748.28301	0.03431
746.35444	0.03475
744.42588	0.03535
742.49731	0.03622
740.56875	0.03768
738.64019	0.04024
736.71162	0.04534
734.78306	0.05693
732.85449	0.07675
730.92593	0.09513
728.99736	0.10048
727.06880	0.09850
725.14023	0.10288
723.21167	0.11936
721.28311	0.15026
719.35454	0.18513
717.42598	0.20428
715.49741	0.19304
713.56885	0.15824
711.64028	0.12145
709.71172	0.09577
707.78315	0.08050
705.85459	0.07085
703.92603	0.06400
701.99746	0.05903
700.06890	0.05539
698.14033	0.05250
696.21177	0.04986
694.28320	0.04728
692.35464	0.04500
690.42607	0.04337
688.49751	0.04235
686.56895	0.04134
684.64038	0.04017
682.71182	0.03911
680.78325	0.03850
678.85469	0.03836
676.92612	0.03805
674.99756	0.03712
673.06899	0.03703
671.14043	0.04281
669.21187	0.05326
667.28330	0.05158
665.35474	0.04573
663.42617	0.03946
661.49761	0.03777
659.56904	0.03821
657.64048	0.03858
655.71191	0.03836
653.78335	0.03784
651.85479	0.03785
649.92622	0.03827
647.99766	0.03835
646.06909	0.03839
644.14053	0.03900
642.21196	0.04001
640.28340	0.04113
638.35483	0.04231
636.42627	0.04324
634.49771	0.04361
632.56914	0.04371
630.64058	0.04392
628.71201	0.04384
626.78345	0.04338
624.85488	0.04305
622.92632	0.04334
620.99775	0.04369
619.06919	0.04362
617.14062	0.04385
615.21206	0.04417
613.28350	0.04369
611.35493	0.04309
609.42637	0.04329
607.49780	0.04426
605.56924	0.04519
603.64067	0.04545
601.71211	0.04542
599.78354	0.04481
