3997.91411	0.03145
3995.98555	0.03140
3994.05698	0.03142
3992.12842	0.03148
3990.19985	0.03147
3988.27129	0.03147
3986.34272	0.03155
3984.41416	0.03162
3982.48560	0.03155
3980.55703	0.03143
3978.62847	0.03137
3976.69990	0.03139
3974.77134	0.03143
3972.84277	0.03141
3970.91421	0.03135
3968.98564	0.03131
3967.05708	0.03125
3965.12852	0.03121
3963.19995	0.03127
3961.27139	0.03138
3959.34282	0.03143
3957.41426	0.03139
3955.48569	0.03131
3953.55713	0.03124
3951.62856	0.03123
3949.70000	0.03132
3947.77144	0.03144
3945.84287	0.03146
3943.91431	0.03141
3941.98574	0.03140
3940.05718	0.03148
3938.12861	0.03155
3936.20005	0.03148
3934.27148	0.03134
3932.34292	0.03131
3930.41436	0.03135
3928.48579	0.03132
3926.55723	0.03129
3924.62866	0.03137
3922.70010	0.03145
3920.77153	0.03148
3918.84297	0.03151
3916.91440	0.03155
3914.98584	0.03147
3913.05728	0.03125
3911.12871	0.03104
3909.20015	0.03092
3907.27158	0.03086
3905.34302	0.03089
3903.41445	0.03108
3901.48589	0.03137
3899.55732	0.03162
3897.62876	0.03160
3895.70020	0.03127
3893.77163	0.03091
3891.84307	0.03075
3889.91450	0.03069
3887.98594	0.03067
3886.05737	0.03080
3884.12881	0.03097
3882.20024	0.03095
3880.27168	0.03091
3878.34312	0.03085
3876.41455	0.03071
3874.48599	0.03056
3872.55742	0.03044
3870.62886	0.03047
3868.70029	0.03057
3866.77173	0.03049
3864.84316	0.03038
3862.91460	0.03050
3860.98604	0.03060
3859.05747	0.03040
3857.12891	0.03005
3855.20034	0.03011
3853.27178	0.03077
3851.34321	0.03126
3849.41465	0.03109
3847.48608	0.03067
3845.55752	0.03035
3843.62896	0.03016
3841.70039	0.03007
3839.77183	0.03014
3837.84326	0.03039
3835.91470	0.03056
3833.98613	0.03046
3832.05757	0.03028
3830.12900	0.03023
3828.20044	0.03029
3826.27187	0.03031
3824.34331	0.03022
3822.41475	0.03018
3820.48618	0.03030
3818.55762	0.03036
3816.62905	0.03040
3814.70049	0.03051
3812.77192	0.03045
3810.84336	0.03012
3808.91479	0.02983
3806.98623	0.02989
3805.05767	0.03016
3803.12910	0.03037
3801.20054	0.03058
3799.27197	0.03067
3797.34341	0.03055
3795.41484	0.03045
3793.48628	0.03045
3791.55771	0.03055
3789.62915	0.03071
3787.70059	0.03079
3785.77202	0.03070
3783.84346	0.03049
3781.91489	0.03033
3779.98633	0.03034
3778.05776	0.03045
3776.12920	0.03056
3774.20063	0.03060
3772.27207	0.03050
3770.34351	0.03033
3768.41494	0.03021
3766.48638	0.03020
3764.55781	0.03019
3762.62925	0.03009
3760.70068	0.02996
3758.77212	0.02991
3756.84355	0.02978
3754.91499	0.02945
3752.98643	0.02912
3751.05786	0.02902
3749.12930	0.02900
3747.20073	0.02889
3745.27217	0.02902
3743.34360	0.02943
3741.41504	0.02941
3739.48647	0.02886
3737.55791	0.02844
3735.62935	0.02851
3733.70078	0.02876
3731.77222	0.02882
3729.84365	0.02864
3727.91509	0.02841
3725.98652	0.02835
3724.05796	0.02849
3722.12939	0.02865
3720.20083	0.02879
3718.27227	0.02900
3716.34370	0.02912
3714.41514	0.02909
3712.48657	0.02909
3710.55801	0.02910
3708.62944	0.02917
3706.70088	0.02915
3704.77231	0.02908
3702.84375	0.02918
3700.91519	0.02944
3698.98662	0.02961
3697.05806	0.02953
3695.12949	0.02926
3693.20093	0.02896
3691.27236	0.02881
3689.34380	0.02909
3687.41523	0.02960
3685.48667	0.02990
3683.55811	0.02986
3681.62954	0.02968
3679.70098	0.02948
3677.77241	0.02945
3675.84385	0.02977
3673.91528	0.03012
3671.98672	0.03023
3670.05815	0.03047
3668.12959	0.03086
3666.20103	0.03096
3664.27246	0.03082
3662.34390	0.03071
3660.41533	0.03068
3658.48677	0.03075
3656.55820	0.03099
3654.62964	0.03128
3652.70107	0.03135
3650.77251	0.03132
3648.84395	0.03156
3646.91538	0.03199
3644.98682	0.03219
3643.05825	0.03206
3641.12969	0.03178
3639.20112	0.03157
3637.27256	0.03147
3635.34399	0.03144
3633.41543	0.03136
3631.48687	0.03123
3629.55830	0.03133
3627.62974	0.03176
3625.70117	0.03207
3623.77261	0.03212
3621.84404	0.03232
3619.91548	0.03275
3617.98691	0.03310
3616.05835	0.03322
3614.12979	0.03319
3612.20122	0.03316
3610.27266	0.03310
3608.34409	0.03306
3606.41553	0.03313
3604.48696	0.03317
3602.55840	0.03316
3600.62983	0.03327
3598.70127	0.03350
3596.77271	0.03380
3594.84414	0.03413
3592.91558	0.03437
3590.98701	0.03440
3589.05845	0.03455
3587.12988	0.03499
3585.20132	0.03533
3583.27275	0.03541
3581.34419	0.03559
3579.41562	0.03605
3577.48706	0.03650
3575.55850	0.03668
3573.62993	0.03668
3571.70137	0.03671
3569.77280	0.03694
3567.84424	0.03740
3565.91567	0.03789
3563.98711	0.03816
3562.05854	0.03827
3560.12998	0.03836
3558.20142	0.03850
3556.27285	0.03880
3554.34429	0.03925
3552.41572	0.03962
3550.48716	0.03974
3548.55859	0.03971
3546.63003	0.03973
3544.70146	0.03985
3542.77290	0.03997
3540.84434	0.04020
3538.91577	0.04065
3536.98721	0.04107
3535.05864	0.04118
3533.13008	0.04120
3531.20151	0.04138
3529.27295	0.04161
3527.34438	0.04185
3525.41582	0.04223
3523.48726	0.04262
3521.55869	0.04273
3519.63013	0.04260
3517.70156	0.04262
3515.77300	0.04287
3513.84443	0.04305
3511.91587	0.04314
3509.98730	0.04331
3508.05874	0.04348
3506.13018	0.04364
3504.20161	0.04398
3502.27305	0.04444
3500.34448	0.04476
3498.41592	0.04482
3496.48735	0.04475
3494.55879	0.04472
3492.63022	0.04489
3490.70166	0.04518
3488.77310	0.04545
3486.84453	0.04571
3484.91597	0.04599
3482.98740	0.04617
3481.05884	0.04612
3479.13027	0.04598
3477.20171	0.04608
3475.27314	0.04645
3473.34458	0.04674
3471.41602	0.04682
3469.48745	0.04694
3467.55889	0.04719
3465.63032	0.04735
3463.70176	0.04736
3461.77319	0.04738
3459.84463	0.04753
3457.91606	0.04776
3455.98750	0.04803
3454.05894	0.04825
3452.13037	0.04840
3450.20181	0.04860
3448.27324	0.04886
3446.34468	0.04899
3444.41611	0.04893
3442.48755	0.04890
3440.55898	0.04900
3438.63042	0.04912
3436.70186	0.04932
3434.77329	0.04955
3432.84473	0.04970
3430.91616	0.04975
3428.98760	0.04972
3427.05903	0.04967
3425.13047	0.04978
3423.20190	0.05002
3421.27334	0.05026
3419.34478	0.05052
3417.41621	0.05065
3415.48765	0.05058
3413.55908	0.05057
3411.63052	0.05070
3409.70195	0.05074
3407.77339	0.05077
3405.84482	0.05096
3403.91626	0.05110
3401.98770	0.05110
3400.05913	0.05119
3398.13057	0.05134
3396.20200	0.05150
3394.27344	0.05141
3392.34487	0.05120
3390.41631	0.05117
3388.48774	0.05145
3386.55918	0.05183
3384.63062	0.05198
3382.70205	0.05190
3380.77349	0.05187
3378.84492	0.05202
3376.91636	0.05216
3374.98779	0.05214
3373.05923	0.05212
3371.13066	0.05225
3369.20210	0.05241
3367.27354	0.05248
3365.34497	0.05257
3363.41641	0.05264
3361.48784	0.05268
3359.55928	0.05280
3357.63071	0.05299
3355.70215	0.05311
3353.77358	0.05313
3351.84502	0.05307
3349.91646	0.05302
3347.98789	0.05308
3346.05933	0.05327
3344.13076	0.05351
3342.20220	0.05368
3340.27363	0.05382
3338.34507	0.05389
3336.41650	0.05386
3334.48794	0.05377
3332.55937	0.05370
3330.63081	0.05370
3328.70225	0.05384
3326.77368	0.05399
3324.84512	0.05406
3322.91655	0.05413
3320.98799	0.05427
3319.05942	0.05438
3317.13086	0.05447
3315.20229	0.05461
3313.27373	0.05467
3311.34517	0.05463
3309.41660	0.05458
3307.48804	0.05464
3305.55947	0.05473
3303.63091	0.05471
3301.70234	0.05465
3299.77378	0.05474
3297.84521	0.05486
3295.91665	0.05483
3293.98809	0.05466
3292.05952	0.05445
3290.13096	0.05445
3288.20239	0.05466
3286.27383	0.05482
3284.34526	0.05479
3282.41670	0.05480
3280.48813	0.05495
3278.55957	0.05504
3276.63101	0.05486
3274.70244	0.05456
3272.77388	0.05446
3270.84531	0.05454
3268.91675	0.05450
3266.98818	0.05429
3265.05962	0.05408
3263.13105	0.05393
3261.20249	0.05377
3259.27393	0.05357
3257.34536	0.05330
3255.41680	0.05297
3253.48823	0.05275
3251.55967	0.05281
3249.63110	0.05298
3247.70254	0.05298
3245.77397	0.05278
3243.84541	0.05255
3241.91685	0.05240
3239.98828	0.05225
3238.05972	0.05202
3236.13115	0.05184
3234.20259	0.05186
3232.27402	0.05195
3230.34546	0.05185
3228.41689	0.05159
3226.48833	0.05142
3224.55977	0.05136
3222.63120	0.05135
3220.70264	0.05131
3218.77407	0.05122
3216.84551	0.05112
3214.91694	0.05108
3212.98838	0.05110
3211.05981	0.05109
3209.13125	0.05098
3207.20269	0.05081
3205.27412	0.05070
3203.34556	0.05069
3201.41699	0.05067
3199.48843	0.05049
3197.55986	0.05016
3195.63130	0.04989
3193.70273	0.04983
3191.77417	0.04981
3189.84561	0.04966
3187.91704	0.04948
3185.98848	0.04938
3184.05991	0.04937
3182.13135	0.04935
3180.20278	0.04918
3178.27422	0.04887
3176.34565	0.04857
3174.41709	0.04838
3172.48853	0.04835
3170.55996	0.04835
3168.63140	0.04826
3166.70283	0.04808
3164.77427	0.04794
3162.84570	0.04789
3160.91714	0.04782
3158.98857	0.04764
3157.06001	0.04741
3155.13145	0.04728
3153.20288	0.04726
3151.27432	0.04716
3149.34575	0.04685
3147.41719	0.04649
3145.48862	0.04632
3143.56006	0.04636
3141.63149	0.04637
3139.70293	0.04624
3137.77437	0.04613
3135.84580	0.04603
3133.91724	0.04580
3131.98867	0.04552
3130.06011	0.04537
3128.13154	0.04536
3126.20298	0.04534
3124.27441	0.04523
3122.34585	0.04513
3120.41729	0.04525
3118.48872	0.04548
3116.56016	0.04560
3114.63159	0.04570
3112.70303	0.04601
3110.77446	0.04662
3108.84590	0.04729
3106.91733	0.04778
3104.98877	0.04809
3103.06021	0.04827
3101.13164	0.04817
3099.20308	0.04780
3097.27451	0.04762
3095.34595	0.04801
3093.41738	0.04888
3091.48882	0.05008
3089.56025	0.05169
3087.63169	0.05363
3085.70312	0.05545
3083.77456	0.05664
3081.84600	0.05688
3079.91743	0.05628
3077.98887	0.05532
3076.06030	0.05453
3074.13174	0.05419
3072.20317	0.05440
3070.27461	0.05516
3068.34604	0.05638
3066.41748	0.05803
3064.48892	0.05997
3062.56035	0.06171
3060.63179	0.06267
3058.70322	0.06260
3056.77466	0.06164
3054.84609	0.06010
3052.91753	0.05829
3050.98896	0.05650
3049.06040	0.05497
3047.13184	0.05393
3045.20327	0.05348
3043.27471	0.05360
3041.34614	0.05436
3039.41758	0.05582
3037.48901	0.05800
3035.56045	0.06103
3033.63188	0.06507
3031.70332	0.06995
3029.77476	0.07502
3027.84619	0.07923
3025.91763	0.08146
3023.98906	0.08103
3022.06050	0.07798
3020.13193	0.07319
3018.20337	0.06810
3016.27480	0.06390
3014.34624	0.06091
3012.41768	0.05895
3010.48911	0.05785
3008.56055	0.05746
3006.63198	0.05761
3004.70342	0.05799
3002.77485	0.05817
3000.84629	0.05779
2998.91772	0.05679
2996.98916	0.05545
2995.06060	0.05418
2993.13203	0.05325
2991.20347	0.05271
2989.27490	0.05240
2987.34634	0.05228
2985.41777	0.05244
2983.48921	0.05287
2981.56064	0.05344
2979.63208	0.05408
2977.70352	0.05484
2975.77495	0.05578
2973.84639	0.05685
2971.91782	0.05803
2969.98926	0.05944
2968.06069	0.06120
2966.13213	0.06321
2964.20356	0.06523
2962.27500	0.06721
2960.34644	0.06920
2958.41787	0.07114
2956.48931	0.07300
2954.56074	0.07472
2952.63218	0.07634
2950.70361	0.07817
2948.77505	0.08052
2946.84648	0.08356
2944.91792	0.08729
2942.98936	0.09173
2941.06079	0.09698
2939.13223	0.10292
2937.20366	0.10930
2935.27510	0.11598
2933.34653	0.12291
2931.41797	0.12971
2929.48940	0.13596
2927.56084	0.14144
2925.63228	0.14593
2923.70371	0.14900
2921.77515	0.15025
2919.84658	0.14959
2917.91802	0.14702
2915.98945	0.14278
2914.06089	0.13758
2912.13232	0.13225
2910.20376	0.12724
2908.27520	0.12262
2906.34663	0.11837
2904.41807	0.11443
2902.48950	0.11063
2900.56094	0.10686
2898.63237	0.10316
2896.70381	0.09969
2894.77524	0.09659
2892.84668	0.09378
2890.91812	0.09116
2888.98955	0.08879
2887.06099	0.08671
2885.13242	0.08486
2883.20386	0.08326
2881.27529	0.08197
2879.34673	0.08114
2877.41816	0.08080
2875.48960	0.08083
2873.56104	0.08102
2871.63247	0.08129
2869.70391	0.08167
2867.77534	0.08233
2865.84678	0.08370
2863.91821	0.08604
2861.98965	0.08944
2860.06108	0.09374
2858.13252	0.09843
2856.20396	0.10283
2854.27539	0.10633
2852.34683	0.10817
2850.41826	0.10741
2848.48970	0.10384
2846.56113	0.09841
2844.63257	0.09236
2842.70400	0.08643
2840.77544	0.08092
2838.84687	0.07610
2836.91831	0.07204
2834.98975	0.06867
2833.06118	0.06594
2831.13262	0.06378
2829.20405	0.06210
2827.27549	0.06075
2825.34692	0.05952
2823.41836	0.05839
2821.48979	0.05756
2819.56123	0.05700
2817.63267	0.05647
2815.70410	0.05591
2813.77554	0.05547
2811.84697	0.05514
2809.91841	0.05467
2807.98984	0.05407
2806.06128	0.05360
2804.13271	0.05331
2802.20415	0.05301
2800.27559	0.05265
2798.34702	0.05237
2796.41846	0.05216
2794.48989	0.05181
2792.56133	0.05139
2790.63276	0.05112
2788.70420	0.05100
2786.77563	0.05085
2784.84707	0.05066
2782.91851	0.05049
2780.98994	0.05029
2779.06138	0.05000
2777.13281	0.04975
2775.20425	0.04961
2773.27568	0.04949
2771.34712	0.04934
2769.41855	0.04913
2767.48999	0.04892
2765.56143	0.04878
2763.63286	0.04869
2761.70430	0.04859
2759.77573	0.04846
2757.84717	0.04829
2755.91860	0.04814
2753.99004	0.04809
2752.06147	0.04813
2750.13291	0.04813
2748.20435	0.04804
2746.27578	0.04795
2744.34722	0.04787
2742.41865	0.04777
2740.49009	0.04768
2738.56152	0.04761
2736.63296	0.04752
2734.70439	0.04743
2732.77583	0.04741
2730.84727	0.04743
2728.91870	0.04740
2726.99014	0.04732
2725.06157	0.04730
2723.13301	0.04736
2721.20444	0.04732
2719.27588	0.04717
2717.34731	0.04702
2715.41875	0.04698
2713.49019	0.04701
2711.56162	0.04702
2709.63306	0.04698
2707.70449	0.04692
2705.77593	0.04686
2703.84736	0.04678
2701.91880	0.04670
2699.99023	0.04662
2698.06167	0.04653
2696.13311	0.04645
2694.20454	0.04646
2692.27598	0.04650
2690.34741	0.04648
2688.41885	0.04644
2686.49028	0.04644
2684.56172	0.04641
2682.63315	0.04636
2680.70459	0.04634
2678.77603	0.04636
2676.84746	0.04633
2674.91890	0.04628
2672.99033	0.04626
2671.06177	0.04622
2669.13320	0.04613
2667.20464	0.04615
2665.27607	0.04637
2663.34751	0.04660
2661.41895	0.04681
2659.49038	0.04704
2657.56182	0.04722
2655.63325	0.04723
2653.70469	0.04707
2651.77612	0.04689
2649.84756	0.04684
2647.91899	0.04687
2645.99043	0.04682
2644.06187	0.04669
2642.13330	0.04662
2640.20474	0.04659
2638.27617	0.04654
2636.34761	0.04653
2634.41904	0.04658
2632.49048	0.04654
2630.56191	0.04627
2628.63335	0.04591
2626.70479	0.04566
2624.77622	0.04553
2622.84766	0.04538
2620.91909	0.04515
2618.99053	0.04491
2617.06196	0.04481
2615.13340	0.04483
2613.20483	0.04482
2611.27627	0.04475
2609.34771	0.04464
2607.41914	0.04448
2605.49058	0.04430
2603.56201	0.04418
2601.63345	0.04408
2599.70488	0.04387
2597.77632	0.04370
2595.84775	0.04369
2593.91919	0.04358
2591.99062	0.04332
2590.06206	0.04314
2588.13350	0.04310
2586.20493	0.04309
2584.27637	0.04305
2582.34780	0.04295
2580.41924	0.04279
2578.49067	0.04265
2576.56211	0.04248
2574.63354	0.04231
2572.70498	0.04224
2570.77642	0.04223
2568.84785	0.04214
2566.91929	0.04205
2564.99072	0.04201
2563.06216	0.04194
2561.13359	0.04182
2559.20503	0.04175
2557.27646	0.04172
2555.34790	0.04166
2553.41934	0.04160
2551.49077	0.04150
2549.56221	0.04137
2547.63364	0.04129
2545.70508	0.04127
2543.77651	0.04122
2541.84795	0.04113
2539.91938	0.04105
2537.99082	0.04099
2536.06226	0.04087
2534.13369	0.04076
2532.20513	0.04073
2530.27656	0.04076
2528.34800	0.04078
2526.41943	0.04079
2524.49087	0.04079
2522.56230	0.04068
2520.63374	0.04052
2518.70518	0.04040
2516.77661	0.04030
2514.84805	0.04027
2512.91948	0.04037
2510.99092	0.04047
2509.06235	0.04039
2507.13379	0.04017
2505.20522	0.04003
2503.27666	0.04002
2501.34810	0.04007
2499.41953	0.04011
2497.49097	0.04003
2495.56240	0.03990
2493.63384	0.03983
2491.70527	0.03975
2489.77671	0.03970
2487.84814	0.03970
2485.91958	0.03963
2483.99102	0.03950
2482.06245	0.03948
2480.13389	0.03948
2478.20532	0.03933
2476.27676	0.03913
2474.34819	0.03908
2472.41963	0.03912
2470.49106	0.03911
2468.56250	0.03901
2466.63394	0.03890
2464.70537	0.03888
2462.77681	0.03905
2460.84824	0.03927
2458.91968	0.03939
2456.99111	0.03946
2455.06255	0.03947
2453.13398	0.03938
2451.20542	0.03930
2449.27686	0.03925
2447.34829	0.03914
2445.41973	0.03898
2443.49116	0.03886
2441.56260	0.03887
2439.63403	0.03891
2437.70547	0.03880
2435.77690	0.03855
2433.84834	0.03834
2431.91978	0.03824
2429.99121	0.03816
2428.06265	0.03800
2426.13408	0.03783
2424.20552	0.03788
2422.27695	0.03806
2420.34839	0.03813
2418.41982	0.03808
2416.49126	0.03798
2414.56270	0.03791
2412.63413	0.03793
2410.70557	0.03793
2408.77700	0.03782
2406.84844	0.03761
2404.91987	0.03740
2402.99131	0.03729
2401.06274	0.03737
2399.13418	0.04002
2397.20562	0.04044
2395.27705	0.03934
2393.34849	0.03806
2391.41992	0.03675
2389.49136	0.03535
2387.56279	0.03383
2385.63423	0.03221
2383.70566	0.03066
2381.77710	0.02950
2379.84854	0.02896
2377.91997	0.02920
2375.99141	0.03005
2374.06284	0.03100
2372.13428	0.03146
2370.20571	0.03112
2368.27715	0.03108
2366.34858	0.03114
2364.42002	0.03037
2362.49146	0.03065
2360.56289	0.02997
2358.63433	0.02851
2356.70576	0.03014
2354.77720	0.02708
2352.84863	0.02294
2350.92007	0.02046
2348.99150	0.01939
2347.06294	0.02331
2345.13437	0.02853
2343.20581	0.02916
2341.27725	0.02563
2339.34868	0.02450
2337.42012	0.02648
2335.49155	0.03009
2333.56299	0.03241
2331.63442	0.03240
2329.70586	0.03139
2327.77729	0.03068
2325.84873	0.03226
2323.92017	0.03501
2321.99160	0.03671
2320.06304	0.03732
2318.13447	0.03706
2316.20591	0.03641
2314.27734	0.03584
2312.34878	0.03531
2310.42021	0.03491
2308.49165	0.03475
2306.56309	0.03476
2304.63452	0.03497
2302.70596	0.03538
2300.77739	0.03582
2298.84883	0.03627
2296.92026	0.03679
2294.99170	0.03740
2293.06313	0.03803
2291.13457	0.03882
2289.20601	0.03970
2287.27744	0.04057
2285.34888	0.04122
2283.42031	0.04146
2281.49175	0.04138
2279.56318	0.04123
2277.63462	0.04109
2275.70605	0.04086
2273.77749	0.04056
2271.84893	0.04030
2269.92036	0.03997
2267.99180	0.03939
2266.06323	0.03865
2264.13467	0.03801
2262.20610	0.03774
2260.27754	0.03782
2258.34897	0.03784
2256.42041	0.03745
2254.49185	0.03674
2252.56328	0.03583
2250.63472	0.03547
2248.70615	0.03733
2246.77759	0.03766
2244.84902	0.03761
2242.92046	0.03724
2240.99189	0.03705
2239.06333	0.03728
2237.13477	0.03759
2235.20620	0.03758
2233.27764	0.03744
2231.34907	0.03748
2229.42051	0.03759
2227.49194	0.03750
2225.56338	0.03732
2223.63481	0.03733
2221.70625	0.03749
2219.77769	0.03752
2217.84912	0.03739
2215.92056	0.03725
2213.99199	0.03723
2212.06343	0.03726
2210.13486	0.03718
2208.20630	0.03729
2206.27773	0.03771
2204.34917	0.03777
2202.42061	0.03734
2200.49204	0.03710
2198.56348	0.03727
2196.63491	0.03743
2194.70635	0.03726
2192.77778	0.03710
2190.84922	0.03736
2188.92065	0.03778
2186.99209	0.03804
2185.06353	0.03790
2183.13496	0.03712
2181.20640	0.03625
2179.27783	0.03585
2177.34927	0.03522
2175.42070	0.03448
2173.49214	0.03489
2171.56357	0.03641
2169.63501	0.03812
2167.70645	0.03940
2165.77788	0.04001
2163.84932	0.04027
2161.92075	0.03894
2159.99219	0.03377
2158.06362	0.02800
2156.13506	0.02648
2154.20649	0.02774
2152.27793	0.02916
2150.34937	0.03003
2148.42080	0.03015
2146.49224	0.02996
2144.56367	0.02987
2142.63511	0.02981
2140.70654	0.02990
2138.77798	0.03002
2136.84941	0.02955
2134.92085	0.02854
2132.99229	0.02817
2131.06372	0.02888
2129.13516	0.02998
2127.20659	0.03114
2125.27803	0.03230
2123.34946	0.03305
2121.42090	0.03326
2119.49233	0.03352
2117.56377	0.03429
2115.63521	0.03523
2113.70664	0.03575
2111.77808	0.03584
2109.84951	0.03581
2107.92095	0.03564
2105.99238	0.03535
2104.06382	0.03524
2102.13525	0.03539
2100.20669	0.03569
2098.27812	0.03566
2096.34956	0.03473
2094.42100	0.03376
2092.49243	0.03384
2090.56387	0.03463
2088.63530	0.03521
2086.70674	0.03540
2084.77817	0.03554
2082.84961	0.03584
2080.92104	0.03612
2078.99248	0.03626
2077.06392	0.03627
2075.13535	0.03618
2073.20679	0.03606
2071.27822	0.03602
2069.34966	0.03601
2067.42109	0.03590
2065.49253	0.03583
2063.56396	0.03591
2061.63540	0.03598
2059.70684	0.03600
2057.77827	0.03588
2055.84971	0.03572
2053.92114	0.03661
2051.99258	0.03869
2050.06401	0.03963
2048.13545	0.03840
2046.20688	0.03698
2044.27832	0.03653
2042.34976	0.03643
2040.42119	0.03647
2038.49263	0.03695
2036.56406	0.03743
2034.63550	0.03693
2032.70693	0.03553
2030.77837	0.03426
2028.84980	0.03372
2026.92124	0.03359
2024.99268	0.03346
2023.06411	0.03345
2021.13555	0.03362
2019.20698	0.03357
2017.27842	0.03315
2015.34985	0.03283
2013.42129	0.03297
2011.49272	0.03334
2009.56416	0.03333
2007.63560	0.03243
2005.70703	0.03115
2003.77847	0.03062
2001.84990	0.03107
1999.92134	0.03191
1997.99277	0.03265
1996.06421	0.03311
1994.13564	0.03336
1992.20708	0.03362
1990.27852	0.03406
1988.34995	0.03454
1986.42139	0.03494
1984.49282	0.03570
1982.56426	0.03739
1980.63569	0.03888
1978.70713	0.03789
1976.77856	0.03486
1974.85000	0.03263
1972.92144	0.03209
1970.99287	0.03225
1969.06431	0.03247
1967.13574	0.03271
1965.20718	0.03300
1963.27861	0.03324
1961.35005	0.03327
1959.42148	0.03316
1957.49292	0.03344
1955.56436	0.03435
1953.63579	0.03541
1951.70723	0.03601
1949.77866	0.03614
1947.85010	0.03635
1945.92153	0.03696
1943.99297	0.03763
1942.06440	0.03774
1940.13584	0.03731
1938.20728	0.03691
1936.27871	0.03666
1934.35015	0.03625
1932.42158	0.03568
1930.49302	0.03520
1928.56445	0.03472
1926.63589	0.03418
1924.70732	0.03386
1922.77876	0.03384
1920.85020	0.03385
1918.92163	0.03375
1916.99307	0.03364
1915.06450	0.03363
1913.13594	0.03359
1911.20737	0.03348
1909.27881	0.03351
1907.35024	0.03371
1905.42168	0.03385
1903.49312	0.03396
1901.56455	0.03415
1899.63599	0.03435
1897.70742	0.03449
1895.77886	0.03467
1893.85029	0.03497
1891.92173	0.03541
1889.99316	0.03588
1888.06460	0.03617
1886.13604	0.03632
1884.20747	0.03653
1882.27891	0.03687
1880.35034	0.03727
1878.42178	0.03760
1876.49321	0.03786
1874.56465	0.03802
1872.63608	0.03805
1870.70752	0.03808
1868.77896	0.03821
1866.85039	0.03819
1864.92183	0.03787
1862.99326	0.03740
1861.06470	0.03690
1859.13613	0.03643
1857.20757	0.03598
1855.27900	0.03554
1853.35044	0.03512
1851.42187	0.03479
1849.49331	0.03452
1847.56475	0.03417
1845.63618	0.03388
1843.70762	0.03384
1841.77905	0.03392
1839.85049	0.03392
1837.92192	0.03388
1835.99336	0.03389
1834.06479	0.03396
1832.13623	0.03413
1830.20767	0.03444
1828.27910	0.03483
1826.35054	0.03528
1824.42197	0.03574
1822.49341	0.03606
1820.56484	0.03615
1818.63628	0.03612
1816.70771	0.03619
1814.77915	0.03654
1812.85059	0.03713
1810.92202	0.03777
1808.99346	0.03832
1807.06489	0.03872
1805.13633	0.03902
1803.20776	0.03928
1801.27920	0.03945
1799.35063	0.03944
1797.42207	0.03915
1795.49351	0.03867
1793.56494	0.03823
1791.63638	0.03789
1789.70781	0.03753
1787.77925	0.03717
1785.85068	0.03695
1783.92212	0.03693
1781.99355	0.03701
1780.06499	0.03706
1778.13643	0.03704
1776.20786	0.03696
1774.27930	0.03697
1772.35073	0.03725
1770.42217	0.03770
1768.49360	0.03811
1766.56504	0.03853
1764.63647	0.03922
1762.70791	0.04046
1760.77935	0.04231
1758.85078	0.04467
1756.92222	0.04760
1754.99365	0.05101
1753.06509	0.05482
1751.13652	0.05926
1749.20796	0.06393
1747.27939	0.06795
1745.35083	0.07101
1743.42227	0.07312
1741.49370	0.07421
1739.56514	0.07430
1737.63657	0.07360
1735.70801	0.07217
1733.77944	0.07011
1731.85088	0.06787
1729.92231	0.06580
1727.99375	0.06393
1726.06519	0.06235
1724.13662	0.06115
1722.20806	0.06024
1720.27949	0.05951
1718.35093	0.05901
1716.42236	0.05879
1714.49380	0.05874
1712.56523	0.05864
1710.63667	0.05836
1708.70811	0.05795
1706.77954	0.05750
1704.85098	0.05704
1702.92241	0.05658
1700.99385	0.05627
1699.06528	0.05620
1697.13672	0.05630
1695.20815	0.05648
1693.27959	0.05663
1691.35103	0.05677
1689.42246	0.05699
1687.49390	0.05725
1685.56533	0.05780
1683.63677	0.05890
1681.70820	0.06010
1679.77964	0.06100
1677.85107	0.06182
1675.92251	0.06279
1673.99395	0.06382
1672.06538	0.06475
1670.13682	0.06570
1668.20825	0.06661
1666.27969	0.06724
1664.35112	0.06772
1662.42256	0.06821
1660.49399	0.06860
1658.56543	0.06879
1656.63687	0.06882
1654.70830	0.06882
1652.77974	0.06887
1650.85117	0.06886
1648.92261	0.06869
1646.99404	0.06854
1645.06548	0.06847
1643.13691	0.06839
1641.20835	0.06826
1639.27979	0.06815
1637.35122	0.06813
1635.42266	0.06831
1633.49409	0.06853
1631.56553	0.06852
1629.63696	0.06829
1627.70840	0.06791
1625.77983	0.06736
1623.85127	0.06664
1621.92271	0.06571
1619.99414	0.06466
1618.06558	0.06376
1616.13701	0.06329
1614.20845	0.06328
1612.27988	0.06396
1610.35132	0.06612
1608.42275	0.07052
1606.49419	0.07702
1604.56562	0.08425
1602.63706	0.08972
1600.70850	0.09105
1598.77993	0.08790
1596.85137	0.08228
1594.92280	0.07665
1592.99424	0.07238
1591.06567	0.06985
1589.13711	0.06909
1587.20854	0.06995
1585.27998	0.07148
1583.35142	0.07207
1581.42285	0.07071
1579.49429	0.06804
1577.56572	0.06537
1575.63716	0.06344
1573.70859	0.06223
1571.78003	0.06144
1569.85146	0.06094
1567.92290	0.06067
1565.99434	0.06053
1564.06577	0.06040
1562.13721	0.06038
1560.20864	0.06079
1558.28008	0.06169
1556.35151	0.06236
1554.42295	0.06268
1552.49438	0.06299
1550.56582	0.06334
1548.63726	0.06357
1546.70869	0.06366
1544.78013	0.06361
1542.85156	0.06333
1540.92300	0.06279
1538.99443	0.06209
1537.06587	0.06128
1535.13730	0.06038
1533.20874	0.05937
1531.28018	0.05828
1529.35161	0.05720
1527.42305	0.05616
1525.49448	0.05511
1523.56592	0.05411
1521.63735	0.05327
1519.70879	0.05262
1517.78022	0.05207
1515.85166	0.05146
1513.92310	0.05073
1511.99453	0.05000
1510.06597	0.04937
1508.13740	0.04896
1506.20884	0.04895
1504.28027	0.04955
1502.35171	0.05146
1500.42314	0.05724
1498.49458	0.07142
1496.56602	0.09540
1494.63745	0.12000
1492.70889	0.13137
1490.78032	0.12415
1488.85176	0.10534
1486.92319	0.08730
1484.99463	0.07532
1483.06606	0.06794
1481.13750	0.06322
1479.20894	0.06045
1477.28037	0.05934
1475.35181	0.05966
1473.42324	0.06136
1471.49468	0.06409
1469.56611	0.06684
1467.63755	0.06903
1465.70898	0.07072
1463.78042	0.07207
1461.85186	0.07369
1459.92329	0.07853
1457.99473	0.09231
1456.06616	0.11568
1454.13760	0.13757
1452.20903	0.14862
1450.28047	0.14791
1448.35190	0.13971
1446.42334	0.12968
1444.49478	0.12093
1442.56621	0.11357
1440.63765	0.10724
1438.70908	0.10146
1436.78052	0.09553
1434.85195	0.08971
1432.92339	0.08465
1430.99482	0.08029
1429.06626	0.07657
1427.13770	0.07377
1425.20913	0.07190
1423.28057	0.07077
1421.35200	0.07017
1419.42344	0.06997
1417.49487	0.06992
1415.56631	0.06972
1413.63774	0.06929
1411.70918	0.06868
1409.78062	0.06799
1407.85205	0.06738
1405.92349	0.06689
1403.99492	0.06642
1402.06636	0.06593
1400.13779	0.06559
1398.20923	0.06557
1396.28066	0.06585
1394.35210	0.06634
1392.42354	0.06704
1390.49497	0.06805
1388.56641	0.06951
1386.63784	0.07134
1384.70928	0.07319
1382.78071	0.07496
1380.85215	0.07671
1378.92358	0.07829
1376.99502	0.07943
1375.06646	0.08002
1373.13789	0.08005
1371.20933	0.07966
1369.28076	0.07910
1367.35220	0.07851
1365.42363	0.07790
1363.49507	0.07727
1361.56650	0.07657
1359.63794	0.07589
1357.70937	0.07526
1355.78081	0.07465
1353.85225	0.07411
1351.92368	0.07372
1349.99512	0.07344
1348.06655	0.07318
1346.13799	0.07288
1344.20942	0.07252
1342.28086	0.07216
1340.35229	0.07184
1338.42373	0.07158
1336.49517	0.07156
1334.56660	0.07191
1332.63804	0.07254
1330.70947	0.07316
1328.78091	0.07353
1326.85234	0.07361
1324.92378	0.07350
1322.99521	0.07334
1321.06665	0.07333
1319.13809	0.07356
1317.20952	0.07401
1315.28096	0.07450
1313.35239	0.07475
1311.42383	0.07466
1309.49526	0.07433
1307.56670	0.07385
1305.63813	0.07330
1303.70957	0.07278
1301.78101	0.07230
1299.85244	0.07183
1297.92388	0.07145
1295.99531	0.07117
1294.06675	0.07094
1292.13818	0.07072
1290.20962	0.07059
1288.28105	0.07063
1286.35249	0.07084
1284.42393	0.07115
1282.49536	0.07140
1280.56680	0.07149
1278.63823	0.07141
1276.70967	0.07121
1274.78110	0.07093
1272.85254	0.07065
1270.92397	0.07047
1268.99541	0.07039
1267.06685	0.07035
1265.13828	0.07033
1263.20972	0.07039
1261.28115	0.07049
1259.35259	0.07062
1257.42402	0.07078
1255.49546	0.07100
1253.56689	0.07128
1251.63833	0.07159
1249.70977	0.07184
1247.78120	0.07199
1245.85264	0.07212
1243.92407	0.07220
1241.99551	0.07214
1240.06694	0.07194
1238.13838	0.07170
1236.20981	0.07141
1234.28125	0.07104
1232.35269	0.07067
1230.42412	0.07037
1228.49556	0.07015
1226.56699	0.07002
1224.63843	0.06995
1222.70986	0.06983
1220.78130	0.06954
1218.85273	0.06915
1216.92417	0.06893
1214.99561	0.06906
1213.06704	0.06952
1211.13848	0.07014
1209.20991	0.07079
1207.28135	0.07146
1205.35278	0.07224
1203.42422	0.07321
1201.49565	0.07426
1199.56709	0.07528
1197.63853	0.07620
1195.70996	0.07708
1193.78140	0.07800
1191.85283	0.07899
1189.92427	0.08020
1187.99570	0.08192
1186.06714	0.08423
1184.13857	0.08675
1182.21001	0.08882
1180.28145	0.08979
1178.35288	0.08941
1176.42432	0.08821
1174.49575	0.08721
1172.56719	0.08695
1170.63862	0.08729
1168.71006	0.08782
1166.78149	0.08842
1164.85293	0.08930
1162.92437	0.09064
1160.99580	0.09242
1159.06724	0.09454
1157.13867	0.09676
1155.21011	0.09823
1153.28154	0.09784
1151.35298	0.09542
1149.42441	0.09218
1147.49585	0.08930
1145.56729	0.08711
1143.63872	0.08542
1141.71016	0.08401
1139.78159	0.08280
1137.85303	0.08179
1135.92446	0.08095
1133.99590	0.08030
1132.06733	0.07995
1130.13877	0.07994
1128.21021	0.08020
1126.28164	0.08069
1124.35308	0.08157
1122.42451	0.08281
1120.49595	0.08408
1118.56738	0.08529
1116.63882	0.08660
1114.71025	0.08790
1112.78169	0.08887
1110.85312	0.08948
1108.92456	0.09000
1106.99600	0.09060
1105.06743	0.09125
1103.13887	0.09192
1101.21030	0.09273
1099.28174	0.09368
1097.35317	0.09466
1095.42461	0.09554
1093.49604	0.09634
1091.56748	0.09716
1089.63892	0.09803
1087.71035	0.09894
1085.78179	0.09997
1083.85322	0.10127
1081.92466	0.10285
1079.99609	0.10442
1078.06753	0.10595
1076.13896	0.10773
1074.21040	0.10980
1072.28184	0.11180
1070.35327	0.11340
1068.42471	0.11432
1066.49614	0.11432
1064.56758	0.11343
1062.63901	0.11199
1060.71045	0.11045
1058.78188	0.10912
1056.85332	0.10796
1054.92476	0.10685
1052.99619	0.10586
1051.06763	0.10509
1049.13906	0.10450
1047.21050	0.10399
1045.28193	0.10362
1043.35337	0.10361
1041.42480	0.10417
1039.49624	0.10553
1037.56768	0.10825
1035.63911	0.11292
1033.71055	0.11939
1031.78198	0.12627
1029.85342	0.13157
1027.92485	0.13354
1025.99629	0.13163
1024.06772	0.12720
1022.13916	0.12240
1020.21060	0.11834
1018.28203	0.11502
1016.35347	0.11221
1014.42490	0.10981
1012.49634	0.10782
1010.56777	0.10630
1008.63921	0.10534
1006.71064	0.10497
1004.78208	0.10479
1002.85352	0.10377
1000.92495	0.10127
998.99639	0.09797
997.06782	0.09506
995.13926	0.09314
993.21069	0.09207
991.28213	0.09144
989.35356	0.09112
987.42500	0.09113
985.49644	0.09143
983.56787	0.09178
981.63931	0.09176
979.71074	0.09115
977.78218	0.09001
975.85361	0.08848
973.92505	0.08693
971.99648	0.08601
970.06792	0.08598
968.13936	0.08643
966.21079	0.08661
964.28223	0.08598
962.35366	0.08435
960.42510	0.08182
958.49653	0.07885
956.56797	0.07610
954.63940	0.07401
952.71084	0.07261
950.78228	0.07170
948.85371	0.07112
946.92515	0.07081
944.99658	0.07059
943.06802	0.07007
941.13945	0.06901
939.21089	0.06752
937.28232	0.06592
935.35376	0.06433
933.42520	0.06282
931.49663	0.06162
929.56807	0.06089
927.63950	0.06064
925.71094	0.06075
923.78237	0.06125
921.85381	0.06223
919.92524	0.06374
917.99668	0.06597
916.06812	0.06909
914.13955	0.07294
912.21099	0.07716
910.28242	0.08121
908.35386	0.08435
906.42529	0.08581
904.49673	0.08505
902.56816	0.08201
900.63960	0.07731
898.71104	0.07203
896.78247	0.06716
894.85391	0.06326
892.92534	0.06039
890.99678	0.05836
889.06821	0.05683
887.13965	0.05548
885.21108	0.05418
883.28252	0.05302
881.35396	0.05209
879.42539	0.05142
877.49683	0.05092
875.56826	0.05049
873.63970	0.05019
871.71113	0.04998
869.78257	0.04962
867.85400	0.04916
865.92544	0.04898
863.99687	0.04907
862.06831	0.04917
860.13975	0.04921
858.21118	0.04941
856.28262	0.04996
854.35405	0.05100
852.42549	0.05270
850.49692	0.05503
848.56836	0.05770
846.63979	0.06018
844.71123	0.06198
842.78267	0.06287
840.85410	0.06289
838.92554	0.06190
836.99697	0.05979
835.06841	0.05701
833.13984	0.05429
831.21128	0.05209
829.28271	0.05053
827.35415	0.04939
825.42559	0.04864
823.49702	0.04830
821.56846	0.04811
819.63989	0.04797
817.71133	0.04797
815.78276	0.04811
813.85420	0.04831
811.92563	0.04857
809.99707	0.04901
808.06851	0.04960
806.13994	0.05014
804.21138	0.05052
802.28281	0.05089
800.35425	0.05143
798.42568	0.05212
796.49712	0.05285
794.56855	0.05369
792.63999	0.05491
790.71143	0.05655
788.78286	0.05839
786.85430	0.06036
784.92573	0.06266
782.99717	0.06569
781.06860	0.06951
779.14004	0.07399
777.21147	0.07944
775.28291	0.08623
773.35435	0.09426
771.42578	0.10333
769.49722	0.11329
767.56865	0.12367
765.64009	0.13393
763.71152	0.14402
761.78296	0.15416
759.85439	0.16406
757.92583	0.17269
755.99727	0.17885
754.06870	0.18223
752.14014	0.18368
750.21157	0.18423
748.28301	0.18354
746.35444	0.18008
744.42588	0.17285
742.49731	0.16241
740.56875	0.15021
738.64019	0.13756
736.71162	0.12522
734.78306	0.11341
732.85449	0.10230
730.92593	0.09248
728.99736	0.08478
727.06880	0.07938
725.14023	0.07558
723.21167	0.07177
721.28311	0.06922
719.35454	0.06715
717.42598	0.06600
715.49741	0.06719
713.56885	0.07208
711.64028	0.08244
709.71172	0.09954
707.78315	0.12407
705.85459	0.15597
703.92603	0.19459
701.99746	0.23915
700.06890	0.28799
698.14033	0.33552
696.21177	0.36776
694.28320	0.36722
692.35464	0.33173
690.42607	0.28009
688.49751	0.23299
686.56895	0.19848
684.64038	0.17485
682.71182	0.15816
680.78325	0.14610
678.85469	0.13756
676.92612	0.13111
674.99756	0.12563
673.06899	0.12181
671.14043	0.12308
669.21187	0.12755
667.28330	0.12176
665.35474	0.11351
663.42617	0.10613
661.49761	0.10227
659.56904	0.09971
657.64048	0.09727
655.71191	0.09512
653.78335	0.09344
651.85479	0.09219
649.92622	0.09116
647.99766	0.09016
646.06909	0.08931
644.14053	0.08920
642.21196	0.09010
640.28340	0.09183
638.35483	0.09448
636.42627	0.09794
634.49771	0.10109
632.56914	0.10302
630.64058	0.10390
628.71201	0.10375
626.78345	0.10280
624.85488	0.10223
622.92632	0.10283
620.99775	0.10336
619.06919	0.10210
617.14062	0.09997
615.21206	0.09899
613.28350	0.09904
611.35493	0.09893
609.42637	0.09836
607.49780	0.09798
605.56924	0.09826
603.64067	0.09896
601.71211	0.09958
599.78354	0.10020
