3997.91411	-0.00387
3995.98555	-0.00385
3994.05698	-0.00375
3992.12842	-0.00368
3990.19985	-0.00378
3988.27129	-0.00398
3986.34272	-0.00413
3984.41416	-0.00416
3982.48560	-0.00409
3980.55703	-0.00389
3978.62847	-0.00367
3976.69990	-0.00360
3974.77134	-0.00369
3972.84277	-0.00381
3970.91421	-0.00390
3968.98564	-0.00395
3967.05708	-0.00388
3965.12852	-0.00372
3963.19995	-0.00359
3961.27139	-0.00353
3959.34282	-0.00353
3957.41426	-0.00365
3955.48569	-0.00382
3953.55713	-0.00386
3951.62856	-0.00376
3949.70000	-0.00368
3947.77144	-0.00370
3945.84287	-0.00365
3943.91431	-0.00349
3941.98574	-0.00345
3940.05718	-0.00365
3938.12861	-0.00385
3936.20005	-0.00388
3934.27148	-0.00375
3932.34292	-0.00359
3930.41436	-0.00350
3928.48579	-0.00346
3926.55723	-0.00340
3924.62866	-0.00333
3922.70010	-0.00337
3920.77153	-0.00352
3918.84297	-0.00358
3916.91440	-0.00346
3914.98584	-0.00337
3913.05728	-0.00345
3911.12871	-0.00363
3909.20015	-0.00377
3907.27158	-0.00379
3905.34302	-0.00368
3903.41445	-0.00351
3901.48589	-0.00338
3899.55732	-0.00338
3897.62876	-0.00356
3895.70020	-0.00386
3893.77163	-0.00410
3891.84307	-0.00419
3889.91450	-0.00422
3887.98594	-0.00426
3886.05737	-0.00420
3884.12881	-0.00402
3882.20024	-0.00384
3880.27168	-0.00366
3878.34312	-0.00352
3876.41455	-0.00349
3874.48599	-0.00360
3872.55742	-0.00388
3870.62886	-0.00416
3868.70029	-0.00421
3866.77173	-0.00416
3864.84316	-0.00415
3862.91460	-0.00424
3860.98604	-0.00446
3859.05747	-0.00471
3857.12891	-0.00490
3855.20034	-0.00485
3853.27178	-0.00437
3851.34321	-0.00387
3849.41465	-0.00383
3847.48608	-0.00406
3845.55752	-0.00426
3843.62896	-0.00435
3841.70039	-0.00453
3839.77183	-0.00483
3837.84326	-0.00496
3835.91470	-0.00480
3833.98613	-0.00459
3832.05757	-0.00447
3830.12900	-0.00444
3828.20044	-0.00449
3826.27187	-0.00460
3824.34331	-0.00471
3822.41475	-0.00472
3820.48618	-0.00465
3818.55762	-0.00468
3816.62905	-0.00464
3814.70049	-0.00436
3812.77192	-0.00417
3810.84336	-0.00439
3808.91479	-0.00473
3806.98623	-0.00480
3805.05767	-0.00462
3803.12910	-0.00443
3801.20054	-0.00427
3799.27197	-0.00424
3797.34341	-0.00434
3795.41484	-0.00442
3793.48628	-0.00442
3791.55771	-0.00439
3789.62915	-0.00435
3787.70059	-0.00436
3785.77202	-0.00441
3783.84346	-0.00449
3781.91489	-0.00449
3779.98633	-0.00435
3778.05776	-0.00418
3776.12920	-0.00417
3774.20063	-0.00431
3772.27207	-0.00456
3770.34351	-0.00480
3768.41494	-0.00489
3766.48638	-0.00485
3764.55781	-0.00482
3762.62925	-0.00490
3760.70068	-0.00501
3758.77212	-0.00502
3756.84355	-0.00499
3754.91499	-0.00507
3752.98643	-0.00532
3751.05786	-0.00562
3749.12930	-0.00578
3747.20073	-0.00584
3745.27217	-0.00582
3743.34360	-0.00565
3741.41504	-0.00568
3739.48647	-0.00603
3737.55791	-0.00636
3735.62935	-0.00648
3733.70078	-0.00664
3731.77222	-0.00689
3729.84365	-0.00694
3727.91509	-0.00680
3725.98652	-0.00654
3724.05796	-0.00644
3722.12939	-0.00636
3720.20083	-0.00614
3718.27227	-0.00598
3716.34370	-0.00607
3714.41514	-0.00626
3712.48657	-0.00625
3710.55801	-0.00611
3708.62944	-0.00581
3706.70088	-0.00570
3704.77231	-0.00580
3702.84375	-0.00586
3700.91519	-0.00587
3698.98662	-0.00589
3697.05806	-0.00589
3695.12949	-0.00591
3693.20093	-0.00580
3691.27236	-0.00557
3689.34380	-0.00513
3687.41523	-0.00474
3685.48667	-0.00453
3683.55811	-0.00450
3681.62954	-0.00449
3679.70098	-0.00454
3677.77241	-0.00463
3675.84385	-0.00451
3673.91528	-0.00416
3671.98672	-0.00386
3670.05815	-0.00356
3668.12959	-0.00326
3666.20103	-0.00318
3664.27246	-0.00330
3662.34390	-0.00340
3660.41533	-0.00334
3658.48677	-0.00311
3656.55820	-0.00286
3654.62964	-0.00287
3652.70107	-0.00311
3650.77251	-0.00313
3648.84395	-0.00265
3646.91538	-0.00201
3644.98682	-0.00178
3643.05825	-0.00194
3641.12969	-0.00219
3639.20112	-0.00229
3637.27256	-0.00219
3635.34399	-0.00208
3633.41543	-0.00210
3631.48687	-0.00223
3629.55830	-0.00214
3627.62974	-0.00175
3625.70117	-0.00147
3623.77261	-0.00156
3621.84404	-0.00154
3619.91548	-0.00095
3617.98691	-0.00028
3616.05835	0.00011
3614.12979	0.00028
3612.20122	0.00037
3610.27266	0.00054
3608.34409	0.00079
3606.41553	0.00093
3604.48696	0.00087
3602.55840	0.00091
3600.62983	0.00112
3598.70127	0.00133
3596.77271	0.00153
3594.84414	0.00158
3592.91558	0.00159
3590.98701	0.00169
3589.05845	0.00205
3587.12988	0.00245
3585.20132	0.00266
3583.27275	0.00279
3581.34419	0.00300
3579.41562	0.00326
3577.48706	0.00357
3575.55850	0.00389
3573.62993	0.00402
3571.70137	0.00386
3569.77280	0.00382
3567.84424	0.00424
3565.91567	0.00477
3563.98711	0.00499
3562.05854	0.00514
3560.12998	0.00546
3558.20142	0.00577
3556.27285	0.00598
3554.34429	0.00625
3552.41572	0.00658
3550.48716	0.00674
3548.55859	0.00682
3546.63003	0.00705
3544.70146	0.00729
3542.77290	0.00738
3540.84434	0.00752
3538.91577	0.00790
3536.98721	0.00838
3535.05864	0.00878
3533.13008	0.00902
3531.20151	0.00919
3529.27295	0.00946
3527.34438	0.00982
3525.41582	0.01011
3523.48726	0.01022
3521.55869	0.01010
3519.63013	0.00984
3517.70156	0.00968
3515.77300	0.00980
3513.84443	0.01016
3511.91587	0.01060
3509.98730	0.01094
3508.05874	0.01108
3506.13018	0.01120
3504.20161	0.01157
3502.27305	0.01200
3500.34448	0.01208
3498.41592	0.01191
3496.48735	0.01194
3494.55879	0.01221
3492.63022	0.01254
3490.70166	0.01281
3488.77310	0.01303
3486.84453	0.01321
3484.91597	0.01336
3482.98740	0.01347
3481.05884	0.01355
3479.13027	0.01364
3477.20171	0.01382
3475.27314	0.01398
3473.34458	0.01407
3471.41602	0.01414
3469.48745	0.01429
3467.55889	0.01448
3465.63032	0.01464
3463.70176	0.01467
3461.77319	0.01466
3459.84463	0.01476
3457.91606	0.01503
3455.98750	0.01533
3454.05894	0.01551
3452.13037	0.01556
3450.20181	0.01561
3448.27324	0.01583
3446.34468	0.01613
3444.41611	0.01621
3442.48755	0.01601
3440.55898	0.01590
3438.63042	0.01601
3436.70186	0.01613
3434.77329	0.01619
3432.84473	0.01642
3430.91616	0.01685
3428.98760	0.01724
3427.05903	0.01735
3425.13047	0.01734
3423.20190	0.01748
3421.27334	0.01773
3419.34478	0.01779
3417.41621	0.01757
3415.48765	0.01732
3413.55908	0.01732
3411.63052	0.01750
3409.70195	0.01769
3407.77339	0.01789
3405.84482	0.01814
3403.91626	0.01831
3401.98770	0.01833
3400.05913	0.01831
3398.13057	0.01821
3396.20200	0.01823
3394.27344	0.01842
3392.34487	0.01882
3390.41631	0.01919
3388.48774	0.01925
3386.55918	0.01908
3384.63062	0.01898
3382.70205	0.01899
3380.77349	0.01908
3378.84492	0.01917
3376.91636	0.01912
3374.98779	0.01903
3373.05923	0.01905
3371.13066	0.01912
3369.20210	0.01925
3367.27354	0.01942
3365.34497	0.01949
3363.41641	0.01944
3361.48784	0.01945
3359.55928	0.01960
3357.63071	0.01975
3355.70215	0.01973
3353.77358	0.01962
3351.84502	0.01954
3349.91646	0.01950
3347.98789	0.01964
3346.05933	0.01989
3344.13076	0.02003
3342.20220	0.01996
3340.27363	0.01980
3338.34507	0.01964
3336.41650	0.01951
3334.48794	0.01948
3332.55937	0.01962
3330.63081	0.01984
3328.70225	0.01995
3326.77368	0.01999
3324.84512	0.02007
3322.91655	0.02017
3320.98799	0.02033
3319.05942	0.02062
3317.13086	0.02076
3315.20229	0.02057
3313.27373	0.02032
3311.34517	0.02025
3309.41660	0.02028
3307.48804	0.02036
3305.55947	0.02047
3303.63091	0.02056
3301.70234	0.02060
3299.77378	0.02058
3297.84521	0.02054
3295.91665	0.02057
3293.98809	0.02057
3292.05952	0.02049
3290.13096	0.02041
3288.20239	0.02041
3286.27383	0.02045
3284.34526	0.02049
3282.41670	0.02050
3280.48813	0.02046
3278.55957	0.02040
3276.63101	0.02027
3274.70244	0.02006
3272.77388	0.01998
3270.84531	0.02008
3268.91675	0.02010
3266.98818	0.01991
3265.05962	0.01968
3263.13105	0.01956
3261.20249	0.01954
3259.27393	0.01952
3257.34536	0.01936
3255.41680	0.01902
3253.48823	0.01870
3251.55967	0.01865
3249.63110	0.01871
3247.70254	0.01866
3245.77397	0.01860
3243.84541	0.01863
3241.91685	0.01856
3239.98828	0.01828
3238.05972	0.01796
3236.13115	0.01781
3234.20259	0.01774
3232.27402	0.01760
3230.34546	0.01747
3228.41689	0.01744
3226.48833	0.01751
3224.55977	0.01759
3222.63120	0.01759
3220.70264	0.01748
3218.77407	0.01743
3216.84551	0.01749
3214.91694	0.01739
3212.98838	0.01699
3211.05981	0.01656
3209.13125	0.01642
3207.20269	0.01650
3205.27412	0.01651
3203.34556	0.01638
3201.41699	0.01632
3199.48843	0.01638
3197.55986	0.01638
3195.63130	0.01626
3193.70273	0.01609
3191.77417	0.01590
3189.84561	0.01566
3187.91704	0.01544
3185.98848	0.01533
3184.05991	0.01525
3182.13135	0.01510
3180.20278	0.01493
3178.27422	0.01478
3176.34565	0.01469
3174.41709	0.01467
3172.48853	0.01455
3170.55996	0.01424
3168.63140	0.01390
3166.70283	0.01372
3164.77427	0.01365
3162.84570	0.01350
3160.91714	0.01335
3158.98857	0.01325
3157.06001	0.01312
3155.13145	0.01290
3153.20288	0.01270
3151.27432	0.01262
3149.34575	0.01261
3147.41719	0.01261
3145.48862	0.01251
3143.56006	0.01223
3141.63149	0.01186
3139.70293	0.01154
3137.77437	0.01138
3135.84580	0.01137
3133.91724	0.01136
3131.98867	0.01121
3130.06011	0.01102
3128.13154	0.01092
3126.20298	0.01096
3124.27441	0.01098
3122.34585	0.01089
3120.41729	0.01074
3118.48872	0.01048
3116.56016	0.01016
3114.63159	0.01003
3112.70303	0.01016
3110.77446	0.01029
3108.84590	0.01034
3106.91733	0.01035
3104.98877	0.01023
3103.06021	0.01002
3101.13164	0.00995
3099.20308	0.00998
3097.27451	0.01000
3095.34595	0.01000
3093.41738	0.00998
3091.48882	0.00982
3089.56025	0.00958
3087.63169	0.00950
3085.70312	0.00956
3083.77456	0.00961
3081.84600	0.00957
3079.91743	0.00940
3077.98887	0.00917
3076.06030	0.00905
3074.13174	0.00905
3072.20317	0.00904
3070.27461	0.00897
3068.34604	0.00879
3066.41748	0.00861
3064.48892	0.00853
3062.56035	0.00848
3060.63179	0.00836
3058.70322	0.00818
3056.77466	0.00803
3054.84609	0.00791
3052.91753	0.00771
3050.98896	0.00749
3049.06040	0.00740
3047.13184	0.00740
3045.20327	0.00733
3043.27471	0.00720
3041.34614	0.00706
3039.41758	0.00687
3037.48901	0.00671
3035.56045	0.00667
3033.63188	0.00661
3031.70332	0.00649
3029.77476	0.00631
3027.84619	0.00606
3025.91763	0.00584
3023.98906	0.00577
3022.06050	0.00582
3020.13193	0.00585
3018.20337	0.00571
3016.27480	0.00544
3014.34624	0.00520
3012.41768	0.00511
3010.48911	0.00510
3008.56055	0.00510
3006.63198	0.00509
3004.70342	0.00512
3002.77485	0.00521
3000.84629	0.00530
2998.91772	0.00532
2996.98916	0.00530
2995.06060	0.00539
2993.13203	0.00568
2991.20347	0.00606
2989.27490	0.00641
2987.34634	0.00688
2985.41777	0.00764
2983.48921	0.00851
2981.56064	0.00935
2979.63208	0.01021
2977.70352	0.01128
2975.77495	0.01269
2973.84639	0.01431
2971.91782	0.01600
2969.98926	0.01784
2968.06069	0.02000
2966.13213	0.02250
2964.20356	0.02512
2962.27500	0.02758
2960.34644	0.02980
2958.41787	0.03196
2956.48931	0.03423
2954.56074	0.03667
2952.63218	0.03942
2950.70361	0.04270
2948.77505	0.04689
2946.84648	0.05246
2944.91792	0.05976
2942.98936	0.06894
2941.06079	0.08004
2939.13223	0.09300
2937.20366	0.10787
2935.27510	0.12494
2933.34653	0.14471
2931.41797	0.16767
2929.48940	0.19439
2927.56084	0.22591
2925.63228	0.26352
2923.70371	0.30806
2921.77515	0.35882
2919.84658	0.41172
2917.91802	0.45731
2915.98945	0.48187
2914.06089	0.47651
2912.13232	0.44658
2910.20376	0.40639
2908.27520	0.36748
2906.34663	0.33473
2904.41807	0.30856
2902.48950	0.28765
2900.56094	0.27059
2898.63237	0.25609
2896.70381	0.24295
2894.77524	0.23051
2892.84668	0.21845
2890.91812	0.20648
2888.98955	0.19448
2887.06099	0.18262
2885.13242	0.17111
2883.20386	0.16007
2881.27529	0.14934
2879.34673	0.13884
2877.41816	0.12900
2875.48960	0.12058
2873.56104	0.11394
2871.63247	0.10900
2869.70391	0.10584
2867.77534	0.10485
2865.84678	0.10669
2863.91821	0.11235
2861.98965	0.12329
2860.06108	0.14139
2858.13252	0.16904
2856.20396	0.20987
2854.27539	0.26777
2852.34683	0.34121
2850.41826	0.41186
2848.48970	0.44336
2846.56113	0.41723
2844.63257	0.35762
2842.70400	0.29550
2840.77544	0.24405
2838.84687	0.20486
2836.91831	0.17589
2834.98975	0.15454
2833.06118	0.13853
2831.13262	0.12614
2829.20405	0.11622
2827.27549	0.10811
2825.34692	0.10145
2823.41836	0.09591
2821.48979	0.09115
2819.56123	0.08693
2817.63267	0.08319
2815.70410	0.07998
2813.77554	0.07715
2811.84697	0.07455
2809.91841	0.07216
2807.98984	0.06995
2806.06128	0.06793
2804.13271	0.06608
2802.20415	0.06428
2800.27559	0.06249
2798.34702	0.06084
2796.41846	0.05942
2794.48989	0.05811
2792.56133	0.05684
2790.63276	0.05558
2788.70420	0.05436
2786.77563	0.05315
2784.84707	0.05194
2782.91851	0.05076
2780.98994	0.04970
2779.06138	0.04876
2777.13281	0.04783
2775.20425	0.04688
2773.27568	0.04597
2771.34712	0.04524
2769.41855	0.04465
2767.48999	0.04406
2765.56143	0.04341
2763.63286	0.04272
2761.70430	0.04203
2759.77573	0.04139
2757.84717	0.04082
2755.91860	0.04029
2753.99004	0.03984
2752.06147	0.03951
2750.13291	0.03919
2748.20435	0.03886
2746.27578	0.03855
2744.34722	0.03822
2742.41865	0.03793
2740.49009	0.03771
2738.56152	0.03750
2736.63296	0.03724
2734.70439	0.03689
2732.77583	0.03649
2730.84727	0.03608
2728.91870	0.03572
2726.99014	0.03543
2725.06157	0.03521
2723.13301	0.03497
2721.20444	0.03467
2719.27588	0.03434
2717.34731	0.03401
2715.41875	0.03370
2713.49019	0.03336
2711.56162	0.03295
2709.63306	0.03261
2707.70449	0.03235
2705.77593	0.03211
2703.84736	0.03190
2701.91880	0.03168
2699.99023	0.03145
2698.06167	0.03126
2696.13311	0.03111
2694.20454	0.03091
2692.27598	0.03072
2690.34741	0.03056
2688.41885	0.03042
2686.49028	0.03029
2684.56172	0.03018
2682.63315	0.03013
2680.70459	0.03011
2678.77603	0.03011
2676.84746	0.03012
2674.91890	0.03013
2672.99033	0.03011
2671.06177	0.03005
2669.13320	0.03002
2667.20464	0.03006
2665.27607	0.03019
2663.34751	0.03042
2661.41895	0.03063
2659.49038	0.03066
2657.56182	0.03056
2655.63325	0.03049
2653.70469	0.03043
2651.77612	0.03028
2649.84756	0.03008
2647.91899	0.02991
2645.99043	0.02975
2644.06187	0.02960
2642.13330	0.02950
2640.20474	0.02940
2638.27617	0.02932
2636.34761	0.02921
2634.41904	0.02903
2632.49048	0.02880
2630.56191	0.02860
2628.63335	0.02837
2626.70479	0.02802
2624.77622	0.02761
2622.84766	0.02722
2620.91909	0.02686
2618.99053	0.02645
2617.06196	0.02601
2615.13340	0.02568
2613.20483	0.02545
2611.27627	0.02517
2609.34771	0.02487
2607.41914	0.02459
2605.49058	0.02430
2603.56201	0.02400
2601.63345	0.02374
2599.70488	0.02348
2597.77632	0.02325
2595.84775	0.02303
2593.91919	0.02276
2591.99062	0.02243
2590.06206	0.02205
2588.13350	0.02174
2586.20493	0.02165
2584.27637	0.02157
2582.34780	0.02132
2580.41924	0.02109
2578.49067	0.02095
2576.56211	0.02075
2574.63354	0.02047
2572.70498	0.02021
2570.77642	0.02003
2568.84785	0.01992
2566.91929	0.01976
2564.99072	0.01960
2563.06216	0.01947
2561.13359	0.01931
2559.20503	0.01913
2557.27646	0.01894
2555.34790	0.01874
2553.41934	0.01860
2551.49077	0.01846
2549.56221	0.01827
2547.63364	0.01818
2545.70508	0.01821
2543.77651	0.01804
2541.84795	0.01766
2539.91938	0.01744
2537.99082	0.01749
2536.06226	0.01752
2534.13369	0.01740
2532.20513	0.01727
2530.27656	0.01714
2528.34800	0.01700
2526.41943	0.01687
2524.49087	0.01669
2522.56230	0.01652
2520.63374	0.01641
2518.70518	0.01633
2516.77661	0.01624
2514.84805	0.01614
2512.91948	0.01605
2510.99092	0.01595
2509.06235	0.01583
2507.13379	0.01564
2505.20522	0.01535
2503.27666	0.01514
2501.34810	0.01517
2499.41953	0.01528
2497.49097	0.01528
2495.56240	0.01514
2493.63384	0.01503
2491.70527	0.01502
2489.77671	0.01495
2487.84814	0.01481
2485.91958	0.01476
2483.99102	0.01479
2482.06245	0.01476
2480.13389	0.01458
2478.20532	0.01438
2476.27676	0.01428
2474.34819	0.01423
2472.41963	0.01412
2470.49106	0.01405
2468.56250	0.01405
2466.63394	0.01399
2464.70537	0.01386
2462.77681	0.01381
2460.84824	0.01382
2458.91968	0.01384
2456.99111	0.01381
2455.06255	0.01369
2453.13398	0.01356
2451.20542	0.01354
2449.27686	0.01348
2447.34829	0.01332
2445.41973	0.01321
2443.49116	0.01318
2441.56260	0.01313
2439.63403	0.01307
2437.70547	0.01305
2435.77690	0.01300
2433.84834	0.01289
2431.91978	0.01279
2429.99121	0.01272
2428.06265	0.01264
2426.13408	0.01258
2424.20552	0.01259
2422.27695	0.01263
2420.34839	0.01262
2418.41982	0.01260
2416.49126	0.01258
2414.56270	0.01258
2412.63413	0.01257
2410.70557	0.01245
2408.77700	0.01217
2406.84844	0.01191
2404.91987	0.01184
2402.99131	0.01185
2401.06274	0.01190
2399.13418	0.01538
2397.20562	0.01593
2395.27705	0.01451
2393.34849	0.01286
2391.41992	0.01112
2389.49136	0.00921
2387.56279	0.00716
2385.63423	0.00503
2383.70566	0.00302
2381.77710	0.00144
2379.84854	0.00063
2377.91997	0.00087
2375.99141	0.00188
2374.06284	0.00300
2372.13428	0.00360
2370.20571	0.00336
2368.27715	0.00251
2366.34858	0.00142
2364.42002	0.00033
2362.49146	-0.00038
2360.56289	-0.00079
2358.63433	-0.00093
2356.70576	-0.00123
2354.77720	-0.00270
2352.84863	-0.00710
2350.92007	-0.01255
2348.99150	-0.01506
2347.06294	-0.01069
2345.13437	-0.00484
2343.20581	-0.00196
2341.27725	-0.00139
2339.34868	-0.00159
2337.42012	-0.00219
2335.49155	-0.00257
2333.56299	-0.00286
2331.63442	-0.00374
2329.70586	-0.00502
2327.77729	-0.00581
2325.84873	-0.00402
2323.92017	-0.00021
2321.99160	0.00301
2320.06304	0.00462
2318.13447	0.00507
2316.20591	0.00510
2314.27734	0.00511
2312.34878	0.00510
2310.42021	0.00542
2308.49165	0.00598
2306.56309	0.00680
2304.63452	0.00750
2302.70596	0.00803
2300.77739	0.00845
2298.84883	0.00872
2296.92026	0.00902
2294.99170	0.00957
2293.06313	0.01033
2291.13457	0.01132
2289.20601	0.01257
2287.27744	0.01388
2285.34888	0.01492
2283.42031	0.01551
2281.49175	0.01572
2279.56318	0.01559
2277.63462	0.01515
2275.70605	0.01460
2273.77749	0.01407
2271.84893	0.01354
2269.92036	0.01297
2267.99180	0.01236
2266.06323	0.01169
2264.13467	0.01105
2262.20610	0.01057
2260.27754	0.01044
2258.34897	0.01052
2256.42041	0.01030
2254.49185	0.00950
2252.56328	0.00841
2250.63472	0.00816
2248.70615	0.01062
2246.77759	0.01068
2244.84902	0.01082
2242.92046	0.01098
2240.99189	0.01103
2239.06333	0.01102
2237.13477	0.01091
2235.20620	0.01088
2233.27764	0.01105
2231.34907	0.01112
2229.42051	0.01097
2227.49194	0.01082
2225.56338	0.01073
2223.63481	0.01059
2221.70625	0.01039
2219.77769	0.01019
2217.84912	0.01008
2215.92056	0.01000
2213.99199	0.01002
2212.06343	0.01017
2210.13486	0.01018
2208.20630	0.00994
2206.27773	0.00974
2204.34917	0.00966
2202.42061	0.00963
2200.49204	0.00972
2198.56348	0.00993
2196.63491	0.01017
2194.70635	0.01031
2192.77778	0.01037
2190.84922	0.01046
2188.92065	0.01051
2186.99209	0.01037
2185.06353	0.00997
2183.13496	0.00944
2181.20640	0.00922
2179.27783	0.00934
2177.34927	0.00902
2175.42070	0.00838
2173.49214	0.00863
2171.56357	0.00985
2169.63501	0.01104
2167.70645	0.01166
2165.77788	0.01202
2163.84932	0.01261
2161.92075	0.01187
2159.99219	0.00744
2158.06362	0.00204
2156.13506	0.00039
2154.20649	0.00171
2152.27793	0.00338
2150.34937	0.00447
2148.42080	0.00489
2146.49224	0.00488
2144.56367	0.00471
2142.63511	0.00467
2140.70654	0.00485
2138.77798	0.00492
2136.84941	0.00454
2134.92085	0.00389
2132.99229	0.00367
2131.06372	0.00420
2129.13516	0.00496
2127.20659	0.00558
2125.27803	0.00616
2123.34946	0.00670
2121.42090	0.00711
2119.49233	0.00757
2117.56377	0.00817
2115.63521	0.00872
2113.70664	0.00906
2111.77808	0.00922
2109.84951	0.00928
2107.92095	0.00935
2105.99238	0.00936
2104.06382	0.00922
2102.13525	0.00905
2100.20669	0.00894
2098.27812	0.00886
2096.34956	0.00851
2094.42100	0.00808
2092.49243	0.00793
2090.56387	0.00810
2088.63530	0.00839
2086.70674	0.00872
2084.77817	0.00916
2082.84961	0.00975
2080.92104	0.01024
2078.99248	0.01036
2077.06392	0.01020
2075.13535	0.01002
2073.20679	0.00992
2071.27822	0.00983
2069.34966	0.00967
2067.42109	0.00952
2065.49253	0.00947
2063.56396	0.00944
2061.63540	0.00933
2059.70684	0.00923
2057.77827	0.00926
2055.84971	0.00937
2053.92114	0.01008
2051.99258	0.01164
2050.06401	0.01257
2048.13545	0.01183
2046.20688	0.01066
2044.27832	0.01022
2042.34976	0.01041
2040.42119	0.01084
2038.49263	0.01131
2036.56406	0.01144
2034.63550	0.01083
2032.70693	0.01003
2030.77837	0.00962
2028.84980	0.00908
2026.92124	0.00835
2024.99268	0.00816
2023.06411	0.00850
2021.13555	0.00887
2019.20698	0.00907
2017.27842	0.00915
2015.34985	0.00925
2013.42129	0.00929
2011.49272	0.00918
2009.56416	0.00877
2007.63560	0.00789
2005.70703	0.00690
2003.77847	0.00650
2001.84990	0.00670
1999.92134	0.00698
1997.99277	0.00724
1996.06421	0.00768
1994.13564	0.00835
1992.20708	0.00901
1990.27852	0.00918
1988.34995	0.00890
1986.42139	0.00891
1984.49282	0.00975
1982.56426	0.01128
1980.63569	0.01245
1978.70713	0.01187
1976.77856	0.00976
1974.85000	0.00788
1972.92144	0.00707
1970.99287	0.00694
1969.06431	0.00694
1967.13574	0.00671
1965.20718	0.00630
1963.27861	0.00603
1961.35005	0.00587
1959.42148	0.00559
1957.49292	0.00534
1955.56436	0.00544
1953.63579	0.00578
1951.70723	0.00624
1949.77866	0.00674
1947.85010	0.00702
1945.92153	0.00698
1943.99297	0.00692
1942.06440	0.00705
1940.13584	0.00703
1938.20728	0.00673
1936.27871	0.00659
1934.35015	0.00679
1932.42158	0.00718
1930.49302	0.00750
1928.56445	0.00751
1926.63589	0.00733
1924.70732	0.00738
1922.77876	0.00780
1920.85020	0.00826
1918.92163	0.00853
1916.99307	0.00857
1915.06450	0.00847
1913.13594	0.00848
1911.20737	0.00868
1909.27881	0.00891
1907.35024	0.00902
1905.42168	0.00904
1903.49312	0.00903
1901.56455	0.00901
1899.63599	0.00894
1897.70742	0.00894
1895.77886	0.00913
1893.85029	0.00939
1891.92173	0.00951
1889.99316	0.00944
1888.06460	0.00921
1886.13604	0.00895
1884.20747	0.00878
1882.27891	0.00874
1880.35034	0.00880
1878.42178	0.00887
1876.49321	0.00893
1874.56465	0.00893
1872.63608	0.00889
1870.70752	0.00889
1868.77896	0.00896
1866.85039	0.00895
1864.92183	0.00884
1862.99326	0.00882
1861.06470	0.00896
1859.13613	0.00906
1857.20757	0.00905
1855.27900	0.00897
1853.35044	0.00889
1851.42187	0.00885
1849.49331	0.00885
1847.56475	0.00883
1845.63618	0.00888
1843.70762	0.00906
1841.77905	0.00914
1839.85049	0.00907
1837.92192	0.00906
1835.99336	0.00916
1834.06479	0.00923
1832.13623	0.00925
1830.20767	0.00930
1828.27910	0.00948
1826.35054	0.00982
1824.42197	0.01020
1822.49341	0.01035
1820.56484	0.01021
1818.63628	0.00994
1816.70771	0.00982
1814.77915	0.00998
1812.85059	0.01029
1810.92202	0.01053
1808.99346	0.01074
1807.06489	0.01098
1805.13633	0.01126
1803.20776	0.01153
1801.27920	0.01184
1799.35063	0.01221
1797.42207	0.01254
1795.49351	0.01281
1793.56494	0.01322
1791.63638	0.01389
1789.70781	0.01459
1787.77925	0.01514
1785.85068	0.01561
1783.92212	0.01608
1781.99355	0.01651
1780.06499	0.01678
1778.13643	0.01683
1776.20786	0.01679
1774.27930	0.01683
1772.35073	0.01712
1770.42217	0.01763
1768.49360	0.01807
1766.56504	0.01832
1764.63647	0.01847
1762.70791	0.01871
1760.77935	0.01911
1758.85078	0.01954
1756.92222	0.02000
1754.99365	0.02056
1753.06509	0.02136
1751.13652	0.02260
1749.20796	0.02418
1747.27939	0.02583
1745.35083	0.02746
1743.42227	0.02909
1741.49370	0.03070
1739.56514	0.03221
1737.63657	0.03339
1735.70801	0.03425
1733.77944	0.03506
1731.85088	0.03587
1729.92231	0.03677
1727.99375	0.03830
1726.06519	0.04095
1724.13662	0.04460
1722.20806	0.04841
1720.27949	0.05176
1718.35093	0.05499
1716.42236	0.05828
1714.49380	0.06092
1712.56523	0.06235
1710.63667	0.06262
1708.70811	0.06189
1706.77954	0.06029
1704.85098	0.05810
1702.92241	0.05578
1700.99385	0.05351
1699.06528	0.05141
1697.13672	0.04952
1695.20815	0.04766
1693.27959	0.04597
1691.35103	0.04461
1689.42246	0.04354
1687.49390	0.04265
1685.56533	0.04211
1683.63677	0.04214
1681.70820	0.04247
1679.77964	0.04270
1677.85107	0.04287
1675.92251	0.04316
1673.99395	0.04351
1672.06538	0.04384
1670.13682	0.04428
1668.20825	0.04483
1666.27969	0.04527
1664.35112	0.04568
1662.42256	0.04619
1660.49399	0.04665
1658.56543	0.04690
1656.63687	0.04699
1654.70830	0.04704
1652.77974	0.04720
1650.85117	0.04731
1648.92261	0.04724
1646.99404	0.04725
1645.06548	0.04742
1643.13691	0.04755
1641.20835	0.04747
1639.27979	0.04723
1637.35122	0.04698
1635.42266	0.04686
1633.49409	0.04673
1631.56553	0.04636
1629.63696	0.04586
1627.70840	0.04538
1625.77983	0.04487
1623.85127	0.04428
1621.92271	0.04368
1619.99414	0.04309
1618.06558	0.04258
1616.13701	0.04220
1614.20845	0.04186
1612.27988	0.04148
1610.35132	0.04115
1608.42275	0.04095
1606.49419	0.04080
1604.56562	0.04063
1602.63706	0.04045
1600.70850	0.04033
1598.77993	0.04033
1596.85137	0.04041
1594.92280	0.04052
1592.99424	0.04061
1591.06567	0.04067
1589.13711	0.04074
1587.20854	0.04083
1585.27998	0.04096
1583.35142	0.04111
1581.42285	0.04125
1579.49429	0.04132
1577.56572	0.04137
1575.63716	0.04148
1573.70859	0.04158
1571.78003	0.04159
1569.85146	0.04158
1567.92290	0.04161
1565.99434	0.04164
1564.06577	0.04162
1562.13721	0.04157
1560.20864	0.04162
1558.28008	0.04190
1556.35151	0.04218
1554.42295	0.04235
1552.49438	0.04253
1550.56582	0.04269
1548.63726	0.04268
1546.70869	0.04249
1544.78013	0.04206
1542.85156	0.04125
1540.92300	0.04022
1538.99443	0.03934
1537.06587	0.03862
1535.13730	0.03784
1533.20874	0.03695
1531.28018	0.03602
1529.35161	0.03511
1527.42305	0.03415
1525.49448	0.03314
1523.56592	0.03218
1521.63735	0.03138
1519.70879	0.03073
1517.78022	0.03019
1515.85166	0.02960
1513.92310	0.02890
1511.99453	0.02826
1510.06597	0.02774
1508.13740	0.02711
1506.20884	0.02625
1504.28027	0.02549
1502.35171	0.02500
1500.42314	0.02461
1498.49458	0.02423
1496.56602	0.02393
1494.63745	0.02373
1492.70889	0.02360
1490.78032	0.02360
1488.85176	0.02369
1486.92319	0.02391
1484.99463	0.02444
1483.06606	0.02571
1481.13750	0.02891
1479.20894	0.03796
1477.28037	0.06133
1475.35181	0.10563
1473.42324	0.15978
1471.49468	0.19356
1469.56611	0.19419
1467.63755	0.18022
1465.70898	0.16852
1463.78042	0.16060
1461.85186	0.15074
1459.92329	0.13607
1457.99473	0.11915
1456.06616	0.10509
1454.13760	0.09587
1452.20903	0.08925
1450.28047	0.08369
1448.35190	0.07926
1446.42334	0.07610
1444.49478	0.07397
1442.56621	0.07242
1440.63765	0.07113
1438.70908	0.06986
1436.78052	0.06835
1434.85195	0.06654
1432.92339	0.06458
1430.99482	0.06257
1429.06626	0.06062
1427.13770	0.05888
1425.20913	0.05749
1423.28057	0.05646
1421.35200	0.05591
1419.42344	0.05595
1417.49487	0.05641
1415.56631	0.05689
1413.63774	0.05729
1411.70918	0.05750
1409.78062	0.05730
1407.85205	0.05660
1405.92349	0.05548
1403.99492	0.05403
1402.06636	0.05242
1400.13779	0.05090
1398.20923	0.04956
1396.28066	0.04834
1394.35210	0.04719
1392.42354	0.04620
1390.49497	0.04556
1388.56641	0.04542
1386.63784	0.04576
1384.70928	0.04661
1382.78071	0.04816
1380.85215	0.05037
1378.92358	0.05253
1376.99502	0.05381
1375.06646	0.05402
1373.13789	0.05370
1371.20933	0.05336
1369.28076	0.05299
1367.35220	0.05238
1365.42363	0.05158
1363.49507	0.05071
1361.56650	0.04981
1359.63794	0.04902
1357.70937	0.04851
1355.78081	0.04825
1353.85225	0.04806
1351.92368	0.04777
1349.99512	0.04732
1348.06655	0.04671
1346.13799	0.04603
1344.20942	0.04540
1342.28086	0.04494
1340.35229	0.04450
1338.42373	0.04386
1336.49517	0.04310
1334.56660	0.04253
1332.63804	0.04222
1330.70947	0.04205
1328.78091	0.04200
1326.85234	0.04209
1324.92378	0.04234
1322.99521	0.04272
1321.06665	0.04321
1319.13809	0.04376
1317.20952	0.04427
1315.28096	0.04472
1313.35239	0.04514
1311.42383	0.04553
1309.49526	0.04594
1307.56670	0.04639
1305.63813	0.04682
1303.70957	0.04713
1301.78101	0.04738
1299.85244	0.04762
1297.92388	0.04778
1295.99531	0.04784
1294.06675	0.04782
1292.13818	0.04775
1290.20962	0.04765
1288.28105	0.04758
1286.35249	0.04756
1284.42393	0.04750
1282.49536	0.04736
1280.56680	0.04718
1278.63823	0.04703
1276.70967	0.04693
1274.78110	0.04686
1272.85254	0.04685
1270.92397	0.04692
1268.99541	0.04701
1267.06685	0.04708
1265.13828	0.04716
1263.20972	0.04723
1261.28115	0.04729
1259.35259	0.04732
1257.42402	0.04731
1255.49546	0.04729
1253.56689	0.04736
1251.63833	0.04751
1249.70977	0.04762
1247.78120	0.04767
1245.85264	0.04771
1243.92407	0.04773
1241.99551	0.04772
1240.06694	0.04771
1238.13838	0.04769
1236.20981	0.04763
1234.28125	0.04750
1232.35269	0.04736
1230.42412	0.04724
1228.49556	0.04715
1226.56699	0.04709
1224.63843	0.04701
1222.70986	0.04692
1220.78130	0.04687
1218.85273	0.04685
1216.92417	0.04683
1214.99561	0.04680
1213.06704	0.04679
1211.13848	0.04682
1209.20991	0.04692
1207.28135	0.04703
1205.35278	0.04715
1203.42422	0.04732
1201.49565	0.04755
1199.56709	0.04782
1197.63853	0.04809
1195.70996	0.04843
1193.78140	0.04881
1191.85283	0.04921
1189.92427	0.04963
1187.99570	0.05008
1186.06714	0.05058
1184.13857	0.05113
1182.21001	0.05179
1180.28145	0.05256
1178.35288	0.05334
1176.42432	0.05401
1174.49575	0.05456
1172.56719	0.05512
1170.63862	0.05570
1168.71006	0.05618
1166.78149	0.05648
1164.85293	0.05665
1162.92437	0.05672
1160.99580	0.05664
1159.06724	0.05634
1157.13867	0.05592
1155.21011	0.05556
1153.28154	0.05530
1151.35298	0.05505
1149.42441	0.05475
1147.49585	0.05449
1145.56729	0.05438
1143.63872	0.05439
1141.71016	0.05447
1139.78159	0.05457
1137.85303	0.05470
1135.92446	0.05495
1133.99590	0.05537
1132.06733	0.05584
1130.13877	0.05631
1128.21021	0.05673
1126.28164	0.05705
1124.35308	0.05737
1122.42451	0.05780
1120.49595	0.05838
1118.56738	0.05896
1116.63882	0.05949
1114.71025	0.06003
1112.78169	0.06059
1110.85312	0.06111
1108.92456	0.06160
1106.99600	0.06212
1105.06743	0.06265
1103.13887	0.06309
1101.21030	0.06351
1099.28174	0.06397
1097.35317	0.06443
1095.42461	0.06494
1093.49604	0.06552
1091.56748	0.06603
1089.63892	0.06648
1087.71035	0.06698
1085.78179	0.06749
1083.85322	0.06786
1081.92466	0.06810
1079.99609	0.06832
1078.06753	0.06862
1076.13896	0.06885
1074.21040	0.06891
1072.28184	0.06892
1070.35327	0.06897
1068.42471	0.06911
1066.49614	0.06928
1064.56758	0.06932
1062.63901	0.06931
1060.71045	0.06932
1058.78188	0.06937
1056.85332	0.06942
1054.92476	0.06944
1052.99619	0.06942
1051.06763	0.06936
1049.13906	0.06926
1047.21050	0.06920
1045.28193	0.06923
1043.35337	0.06926
1041.42480	0.06925
1039.49624	0.06924
1037.56768	0.06921
1035.63911	0.06909
1033.71055	0.06888
1031.78198	0.06864
1029.85342	0.06838
1027.92485	0.06804
1025.99629	0.06757
1024.06772	0.06701
1022.13916	0.06643
1020.21060	0.06596
1018.28203	0.06551
1016.35347	0.06496
1014.42490	0.06440
1012.49634	0.06388
1010.56777	0.06326
1008.63921	0.06250
1006.71064	0.06180
1004.78208	0.06118
1002.85352	0.06064
1000.92495	0.06020
998.99639	0.05974
997.06782	0.05927
995.13926	0.05889
993.21069	0.05852
991.28213	0.05804
989.35356	0.05750
987.42500	0.05693
985.49644	0.05630
983.56787	0.05567
981.63931	0.05510
979.71074	0.05450
977.78218	0.05384
975.85361	0.05317
973.92505	0.05257
971.99648	0.05212
970.06792	0.05176
968.13936	0.05135
966.21079	0.05095
964.28223	0.05064
962.35366	0.05030
960.42510	0.04979
958.49653	0.04922
956.56797	0.04877
954.63940	0.04850
952.71084	0.04834
950.78228	0.04814
948.85371	0.04789
946.92515	0.04767
944.99658	0.04748
943.06802	0.04724
941.13945	0.04697
939.21089	0.04667
937.28232	0.04627
935.35376	0.04584
933.42520	0.04549
931.49663	0.04518
929.56807	0.04480
927.63950	0.04435
925.71094	0.04392
923.78237	0.04353
921.85381	0.04321
919.92524	0.04299
917.99668	0.04292
916.06812	0.04297
914.13955	0.04313
912.21099	0.04340
910.28242	0.04367
908.35386	0.04367
906.42529	0.04323
904.49673	0.04252
902.56816	0.04177
900.63960	0.04112
898.71104	0.04070
896.78247	0.04043
894.85391	0.04016
892.92534	0.03988
890.99678	0.03968
889.06821	0.03944
887.13965	0.03904
885.21108	0.03862
883.28252	0.03831
881.35396	0.03804
879.42539	0.03774
877.49683	0.03747
875.56826	0.03728
873.63970	0.03710
871.71113	0.03691
869.78257	0.03672
867.85400	0.03652
865.92544	0.03633
863.99687	0.03626
862.06831	0.03621
860.13975	0.03612
858.21118	0.03617
856.28262	0.03632
854.35405	0.03637
852.42549	0.03628
850.49692	0.03620
848.56836	0.03622
846.63979	0.03635
844.71123	0.03656
842.78267	0.03678
840.85410	0.03696
838.92554	0.03708
836.99697	0.03714
835.06841	0.03722
833.13984	0.03747
831.21128	0.03786
829.28271	0.03826
827.35415	0.03857
825.42559	0.03873
823.49702	0.03891
821.56846	0.03935
819.63989	0.03992
817.71133	0.04036
815.78276	0.04074
813.85420	0.04123
811.92563	0.04181
809.99707	0.04242
808.06851	0.04315
806.13994	0.04405
804.21138	0.04489
802.28281	0.04567
800.35425	0.04642
798.42568	0.04685
796.49712	0.04703
794.56855	0.04721
792.63999	0.04746
790.71143	0.04777
788.78286	0.04815
786.85430	0.04866
784.92573	0.04936
782.99717	0.05021
781.06860	0.05113
779.14004	0.05190
777.21147	0.05234
775.28291	0.05260
773.35435	0.05292
771.42578	0.05333
769.49722	0.05377
767.56865	0.05427
765.64009	0.05501
763.71152	0.05595
761.78296	0.05689
759.85439	0.05788
757.92583	0.05905
755.99727	0.06037
754.06870	0.06173
752.14014	0.06301
750.21157	0.06421
748.28301	0.06536
746.35444	0.06655
744.42588	0.06786
742.49731	0.06928
740.56875	0.07102
738.64019	0.07377
736.71162	0.07925
734.78306	0.09022
732.85449	0.10609
730.92593	0.11913
728.99736	0.12374
727.06880	0.12562
725.14023	0.13332
723.21167	0.15044
721.28311	0.18070
719.35454	0.21664
717.42598	0.24090
715.49741	0.23723
713.56885	0.20827
711.64028	0.17396
709.71172	0.14867
707.78315	0.13339
705.85459	0.12434
703.92603	0.11861
701.99746	0.11457
700.06890	0.11141
698.14033	0.10898
696.21177	0.10717
694.28320	0.10586
692.35464	0.10495
690.42607	0.10415
688.49751	0.10320
686.56895	0.10230
684.64038	0.10172
682.71182	0.10142
680.78325	0.10111
678.85469	0.10080
676.92612	0.10070
674.99756	0.10075
673.06899	0.10167
671.14043	0.10716
669.21187	0.11649
667.28330	0.11670
665.35474	0.11169
663.42617	0.10613
661.49761	0.10515
659.56904	0.10597
657.64048	0.10646
655.71191	0.10656
653.78335	0.10653
651.85479	0.10670
649.92622	0.10693
647.99766	0.10709
646.06909	0.10745
644.14053	0.10793
642.21196	0.10845
640.28340	0.10937
638.35483	0.11067
636.42627	0.11179
634.49771	0.11219
632.56914	0.11219
630.64058	0.11260
628.71201	0.11303
626.78345	0.11253
624.85488	0.11136
622.92632	0.11061
620.99775	0.10979
619.06919	0.10853
617.14062	0.10834
615.21206	0.10961
613.28350	0.11024
611.35493	0.10934
609.42637	0.10832
607.49780	0.10822
605.56924	0.10821
603.64067	0.10784
601.71211	0.10837
599.78354	0.10949
