3997.91411	0.01295
3995.98555	0.01302
3994.05698	0.01308
3992.12842	0.01312
3990.19985	0.01305
3988.27129	0.01289
3986.34272	0.01277
3984.41416	0.01274
3982.48560	0.01277
3980.55703	0.01285
3978.62847	0.01293
3976.69990	0.01296
3974.77134	0.01296
3972.84277	0.01294
3970.91421	0.01286
3968.98564	0.01272
3967.05708	0.01262
3965.12852	0.01263
3963.19995	0.01272
3961.27139	0.01279
3959.34282	0.01284
3957.41426	0.01292
3955.48569	0.01296
3953.55713	0.01295
3951.62856	0.01294
3949.70000	0.01294
3947.77144	0.01292
3945.84287	0.01288
3943.91431	0.01287
3941.98574	0.01281
3940.05718	0.01273
3938.12861	0.01272
3936.20005	0.01278
3934.27148	0.01286
3932.34292	0.01286
3930.41436	0.01272
3928.48579	0.01261
3926.55723	0.01271
3924.62866	0.01295
3922.70010	0.01312
3920.77153	0.01323
3918.84297	0.01336
3916.91440	0.01337
3914.98584	0.01314
3913.05728	0.01286
3911.12871	0.01273
3909.20015	0.01280
3907.27158	0.01302
3905.34302	0.01321
3903.41445	0.01322
3901.48589	0.01308
3899.55732	0.01292
3897.62876	0.01281
3895.70020	0.01277
3893.77163	0.01283
3891.84307	0.01297
3889.91450	0.01307
3887.98594	0.01310
3886.05737	0.01307
3884.12881	0.01299
3882.20024	0.01289
3880.27168	0.01283
3878.34312	0.01282
3876.41455	0.01281
3874.48599	0.01279
3872.55742	0.01270
3870.62886	0.01256
3868.70029	0.01252
3866.77173	0.01256
3864.84316	0.01257
3862.91460	0.01256
3860.98604	0.01258
3859.05747	0.01258
3857.12891	0.01246
3855.20034	0.01219
3853.27178	0.01202
3851.34321	0.01215
3849.41465	0.01234
3847.48608	0.01241
3845.55752	0.01239
3843.62896	0.01240
3841.70039	0.01243
3839.77183	0.01244
3837.84326	0.01240
3835.91470	0.01236
3833.98613	0.01238
3832.05757	0.01247
3830.12900	0.01256
3828.20044	0.01255
3826.27187	0.01245
3824.34331	0.01234
3822.41475	0.01229
3820.48618	0.01224
3818.55762	0.01215
3816.62905	0.01210
3814.70049	0.01225
3812.77192	0.01243
3810.84336	0.01243
3808.91479	0.01226
3806.98623	0.01212
3805.05767	0.01203
3803.12910	0.01192
3801.20054	0.01189
3799.27197	0.01195
3797.34341	0.01194
3795.41484	0.01192
3793.48628	0.01199
3791.55771	0.01205
3789.62915	0.01202
3787.70059	0.01194
3785.77202	0.01188
3783.84346	0.01187
3781.91489	0.01187
3779.98633	0.01189
3778.05776	0.01196
3776.12920	0.01197
3774.20063	0.01186
3772.27207	0.01172
3770.34351	0.01163
3768.41494	0.01164
3766.48638	0.01176
3764.55781	0.01185
3762.62925	0.01188
3760.70068	0.01191
3758.77212	0.01196
3756.84355	0.01196
3754.91499	0.01181
3752.98643	0.01156
3751.05786	0.01134
3749.12930	0.01132
3747.20073	0.01142
3745.27217	0.01149
3743.34360	0.01156
3741.41504	0.01160
3739.48647	0.01167
3737.55791	0.01184
3735.62935	0.01200
3733.70078	0.01191
3731.77222	0.01176
3729.84365	0.01180
3727.91509	0.01198
3725.98652	0.01204
3724.05796	0.01191
3722.12939	0.01174
3720.20083	0.01168
3718.27227	0.01174
3716.34370	0.01179
3714.41514	0.01167
3712.48657	0.01137
3710.55801	0.01121
3708.62944	0.01142
3706.70088	0.01177
3704.77231	0.01203
3702.84375	0.01214
3700.91519	0.01213
3698.98662	0.01212
3697.05806	0.01213
3695.12949	0.01208
3693.20093	0.01195
3691.27236	0.01179
3689.34380	0.01176
3687.41523	0.01197
3685.48667	0.01221
3683.55811	0.01231
3681.62954	0.01232
3679.70098	0.01233
3677.77241	0.01236
3675.84385	0.01249
3673.91528	0.01278
3671.98672	0.01303
3670.05815	0.01318
3668.12959	0.01334
3666.20103	0.01346
3664.27246	0.01351
3662.34390	0.01358
3660.41533	0.01369
3658.48677	0.01373
3656.55820	0.01379
3654.62964	0.01404
3652.70107	0.01444
3650.77251	0.01483
3648.84395	0.01510
3646.91538	0.01524
3644.98682	0.01525
3643.05825	0.01520
3641.12969	0.01521
3639.20112	0.01536
3637.27256	0.01558
3635.34399	0.01583
3633.41543	0.01614
3631.48687	0.01646
3629.55830	0.01671
3627.62974	0.01685
3625.70117	0.01698
3623.77261	0.01720
3621.84404	0.01752
3619.91548	0.01793
3617.98691	0.01832
3616.05835	0.01860
3614.12979	0.01880
3612.20122	0.01909
3610.27266	0.01956
3608.34409	0.02009
3606.41553	0.02053
3604.48696	0.02082
3602.55840	0.02107
3600.62983	0.02144
3598.70127	0.02191
3596.77271	0.02225
3594.84414	0.02238
3592.91558	0.02247
3590.98701	0.02274
3589.05845	0.02328
3587.12988	0.02394
3585.20132	0.02438
3583.27275	0.02455
3581.34419	0.02460
3579.41562	0.02467
3577.48706	0.02485
3575.55850	0.02524
3573.62993	0.02574
3571.70137	0.02620
3569.77280	0.02658
3567.84424	0.02688
3565.91567	0.02712
3563.98711	0.02733
3562.05854	0.02761
3560.12998	0.02802
3558.20142	0.02844
3556.27285	0.02870
3554.34429	0.02886
3552.41572	0.02904
3550.48716	0.02922
3548.55859	0.02950
3546.63003	0.02995
3544.70146	0.03027
3542.77290	0.03023
3540.84434	0.03019
3538.91577	0.03052
3536.98721	0.03098
3535.05864	0.03118
3533.13008	0.03116
3531.20151	0.03122
3529.27295	0.03143
3527.34438	0.03161
3525.41582	0.03173
3523.48726	0.03182
3521.55869	0.03189
3519.63013	0.03202
3517.70156	0.03234
3515.77300	0.03269
3513.84443	0.03280
3511.91587	0.03264
3509.98730	0.03249
3508.05874	0.03253
3506.13018	0.03266
3504.20161	0.03279
3502.27305	0.03295
3500.34448	0.03317
3498.41592	0.03337
3496.48735	0.03344
3494.55879	0.03351
3492.63022	0.03374
3490.70166	0.03409
3488.77310	0.03438
3486.84453	0.03456
3484.91597	0.03473
3482.98740	0.03500
3481.05884	0.03523
3479.13027	0.03516
3477.20171	0.03495
3475.27314	0.03494
3473.34458	0.03507
3471.41602	0.03513
3469.48745	0.03515
3467.55889	0.03516
3465.63032	0.03515
3463.70176	0.03531
3461.77319	0.03564
3459.84463	0.03592
3457.91606	0.03617
3455.98750	0.03641
3454.05894	0.03653
3452.13037	0.03666
3450.20181	0.03682
3448.27324	0.03685
3446.34468	0.03695
3444.41611	0.03728
3442.48755	0.03755
3440.55898	0.03763
3438.63042	0.03769
3436.70186	0.03786
3434.77329	0.03813
3432.84473	0.03830
3430.91616	0.03834
3428.98760	0.03840
3427.05903	0.03863
3425.13047	0.03901
3423.20190	0.03921
3421.27334	0.03909
3419.34478	0.03896
3417.41621	0.03906
3415.48765	0.03929
3413.55908	0.03959
3411.63052	0.03993
3409.70195	0.04008
3407.77339	0.04001
3405.84482	0.03989
3403.91626	0.03980
3401.98770	0.03991
3400.05913	0.04027
3398.13057	0.04065
3396.20200	0.04076
3394.27344	0.04074
3392.34487	0.04071
3390.41631	0.04065
3388.48774	0.04055
3386.55918	0.04042
3384.63062	0.04027
3382.70205	0.04016
3380.77349	0.04008
3378.84492	0.04010
3376.91636	0.04025
3374.98779	0.04025
3373.05923	0.03993
3371.13066	0.03966
3369.20210	0.03976
3367.27354	0.04001
3365.34497	0.04020
3363.41641	0.04031
3361.48784	0.04022
3359.55928	0.03995
3357.63071	0.03974
3355.70215	0.03966
3353.77358	0.03962
3351.84502	0.03962
3349.91646	0.03961
3347.98789	0.03952
3346.05933	0.03940
3344.13076	0.03928
3342.20220	0.03919
3340.27363	0.03917
3338.34507	0.03917
3336.41650	0.03916
3334.48794	0.03915
3332.55937	0.03922
3330.63081	0.03930
3328.70225	0.03926
3326.77368	0.03914
3324.84512	0.03904
3322.91655	0.03890
3320.98799	0.03865
3319.05942	0.03842
3317.13086	0.03834
3315.20229	0.03824
3313.27373	0.03800
3311.34517	0.03774
3309.41660	0.03761
3307.48804	0.03767
3305.55947	0.03784
3303.63091	0.03790
3301.70234	0.03788
3299.77378	0.03787
3297.84521	0.03782
3295.91665	0.03760
3293.98809	0.03729
3292.05952	0.03710
3290.13096	0.03700
3288.20239	0.03686
3286.27383	0.03677
3284.34526	0.03687
3282.41670	0.03708
3280.48813	0.03716
3278.55957	0.03693
3276.63101	0.03648
3274.70244	0.03614
3272.77388	0.03593
3270.84531	0.03574
3268.91675	0.03563
3266.98818	0.03557
3265.05962	0.03543
3263.13105	0.03523
3261.20249	0.03507
3259.27393	0.03495
3257.34536	0.03482
3255.41680	0.03462
3253.48823	0.03439
3251.55967	0.03417
3249.63110	0.03399
3247.70254	0.03388
3245.77397	0.03378
3243.84541	0.03353
3241.91685	0.03328
3239.98828	0.03315
3238.05972	0.03291
3236.13115	0.03250
3234.20259	0.03224
3232.27402	0.03226
3230.34546	0.03237
3228.41689	0.03236
3226.48833	0.03214
3224.55977	0.03171
3222.63120	0.03132
3220.70264	0.03119
3218.77407	0.03116
3216.84551	0.03106
3214.91694	0.03096
3212.98838	0.03086
3211.05981	0.03065
3209.13125	0.03033
3207.20269	0.03002
3205.27412	0.02977
3203.34556	0.02960
3201.41699	0.02951
3199.48843	0.02938
3197.55986	0.02912
3195.63130	0.02895
3193.70273	0.02899
3191.77417	0.02889
3189.84561	0.02847
3187.91704	0.02807
3185.98848	0.02794
3184.05991	0.02796
3182.13135	0.02789
3180.20278	0.02768
3178.27422	0.02744
3176.34565	0.02726
3174.41709	0.02704
3172.48853	0.02677
3170.55996	0.02664
3168.63140	0.02670
3166.70283	0.02674
3164.77427	0.02657
3162.84570	0.02626
3160.91714	0.02594
3158.98857	0.02567
3157.06001	0.02544
3155.13145	0.02518
3153.20288	0.02486
3151.27432	0.02463
3149.34575	0.02461
3147.41719	0.02468
3145.48862	0.02468
3143.56006	0.02455
3141.63149	0.02436
3139.70293	0.02415
3137.77437	0.02403
3135.84580	0.02394
3133.91724	0.02368
3131.98867	0.02333
3130.06011	0.02307
3128.13154	0.02291
3126.20298	0.02276
3124.27441	0.02254
3122.34585	0.02228
3120.41729	0.02209
3118.48872	0.02205
3116.56016	0.02209
3114.63159	0.02218
3112.70303	0.02226
3110.77446	0.02216
3108.84590	0.02195
3106.91733	0.02182
3104.98877	0.02179
3103.06021	0.02175
3101.13164	0.02166
3099.20308	0.02155
3097.27451	0.02151
3095.34595	0.02157
3093.41738	0.02161
3091.48882	0.02157
3089.56025	0.02154
3087.63169	0.02144
3085.70312	0.02112
3083.77456	0.02082
3081.84600	0.02080
3079.91743	0.02089
3077.98887	0.02091
3076.06030	0.02089
3074.13174	0.02084
3072.20317	0.02071
3070.27461	0.02055
3068.34604	0.02044
3066.41748	0.02042
3064.48892	0.02041
3062.56035	0.02033
3060.63179	0.02022
3058.70322	0.02008
3056.77466	0.01991
3054.84609	0.01970
3052.91753	0.01950
3050.98896	0.01939
3049.06040	0.01933
3047.13184	0.01926
3045.20327	0.01913
3043.27471	0.01896
3041.34614	0.01885
3039.41758	0.01888
3037.48901	0.01899
3035.56045	0.01898
3033.63188	0.01893
3031.70332	0.01896
3029.77476	0.01902
3027.84619	0.01900
3025.91763	0.01888
3023.98906	0.01874
3022.06050	0.01865
3020.13193	0.01860
3018.20337	0.01845
3016.27480	0.01831
3014.34624	0.01833
3012.41768	0.01843
3010.48911	0.01847
3008.56055	0.01842
3006.63198	0.01830
3004.70342	0.01813
3002.77485	0.01809
3000.84629	0.01833
2998.91772	0.01865
2996.98916	0.01886
2995.06060	0.01903
2993.13203	0.01923
2991.20347	0.01949
2989.27490	0.01990
2987.34634	0.02047
2985.41777	0.02116
2983.48921	0.02203
2981.56064	0.02311
2979.63208	0.02427
2977.70352	0.02541
2975.77495	0.02669
2973.84639	0.02833
2971.91782	0.03027
2969.98926	0.03247
2968.06069	0.03505
2966.13213	0.03798
2964.20356	0.04116
2962.27500	0.04455
2960.34644	0.04804
2958.41787	0.05126
2956.48931	0.05346
2954.56074	0.05404
2952.63218	0.05333
2950.70361	0.05254
2948.77505	0.05274
2946.84648	0.05440
2944.91792	0.05756
2942.98936	0.06202
2941.06079	0.06765
2939.13223	0.07450
2937.20366	0.08270
2935.27510	0.09243
2933.34653	0.10397
2931.41797	0.11761
2929.48940	0.13390
2927.56084	0.15380
2925.63228	0.17831
2923.70371	0.20809
2921.77515	0.24300
2919.84658	0.28130
2917.91802	0.31795
2915.98945	0.34340
2914.06089	0.34773
2912.13232	0.33042
2910.20376	0.30174
2908.27520	0.27247
2906.34663	0.24768
2904.41807	0.22803
2902.48950	0.21247
2900.56094	0.19968
2898.63237	0.18879
2896.70381	0.17931
2894.77524	0.17073
2892.84668	0.16249
2890.91812	0.15427
2888.98955	0.14611
2887.06099	0.13830
2885.13242	0.13096
2883.20386	0.12406
2881.27529	0.11768
2879.34673	0.11201
2877.41816	0.10708
2875.48960	0.10275
2873.56104	0.09858
2871.63247	0.09419
2869.70391	0.08995
2867.77534	0.08697
2865.84678	0.08631
2863.91821	0.08856
2861.98965	0.09410
2860.06108	0.10354
2858.13252	0.11827
2856.20396	0.14087
2854.27539	0.17463
2852.34683	0.22070
2850.41826	0.27115
2848.48970	0.30487
2846.56113	0.30288
2844.63257	0.27097
2842.70400	0.22968
2840.77544	0.19262
2838.84687	0.16359
2836.91831	0.14195
2834.98975	0.12588
2833.06118	0.11368
2831.13262	0.10415
2829.20405	0.09656
2827.27549	0.09044
2825.34692	0.08534
2823.41836	0.08092
2821.48979	0.07711
2819.56123	0.07393
2817.63267	0.07123
2815.70410	0.06879
2813.77554	0.06661
2811.84697	0.06467
2809.91841	0.06294
2807.98984	0.06131
2806.06128	0.05972
2804.13271	0.05825
2802.20415	0.05695
2800.27559	0.05572
2798.34702	0.05450
2796.41846	0.05339
2794.48989	0.05237
2792.56133	0.05133
2790.63276	0.05030
2788.70420	0.04939
2786.77563	0.04854
2784.84707	0.04770
2782.91851	0.04694
2780.98994	0.04628
2779.06138	0.04562
2777.13281	0.04492
2775.20425	0.04427
2773.27568	0.04367
2771.34712	0.04308
2769.41855	0.04252
2767.48999	0.04207
2765.56143	0.04166
2763.63286	0.04124
2761.70430	0.04080
2759.77573	0.04033
2757.84717	0.03987
2755.91860	0.03949
2753.99004	0.03916
2752.06147	0.03886
2750.13291	0.03866
2748.20435	0.03850
2746.27578	0.03834
2744.34722	0.03823
2742.41865	0.03814
2740.49009	0.03799
2738.56152	0.03777
2736.63296	0.03753
2734.70439	0.03729
2732.77583	0.03709
2730.84727	0.03687
2728.91870	0.03658
2726.99014	0.03629
2725.06157	0.03603
2723.13301	0.03578
2721.20444	0.03554
2719.27588	0.03532
2717.34731	0.03507
2715.41875	0.03482
2713.49019	0.03463
2711.56162	0.03447
2709.63306	0.03428
2707.70449	0.03403
2705.77593	0.03373
2703.84736	0.03349
2701.91880	0.03333
2699.99023	0.03317
2698.06167	0.03299
2696.13311	0.03285
2694.20454	0.03271
2692.27598	0.03256
2690.34741	0.03241
2688.41885	0.03225
2686.49028	0.03209
2684.56172	0.03201
2682.63315	0.03206
2680.70459	0.03213
2678.77603	0.03207
2676.84746	0.03194
2674.91890	0.03185
2672.99033	0.03184
2671.06177	0.03191
2669.13320	0.03201
2667.20464	0.03206
2665.27607	0.03205
2663.34751	0.03202
2661.41895	0.03199
2659.49038	0.03193
2657.56182	0.03181
2655.63325	0.03164
2653.70469	0.03152
2651.77612	0.03142
2649.84756	0.03129
2647.91899	0.03118
2645.99043	0.03108
2644.06187	0.03096
2642.13330	0.03084
2640.20474	0.03076
2638.27617	0.03067
2636.34761	0.03057
2634.41904	0.03044
2632.49048	0.03025
2630.56191	0.03010
2628.63335	0.02995
2626.70479	0.02970
2624.77622	0.02944
2622.84766	0.02924
2620.91909	0.02901
2618.99053	0.02873
2617.06196	0.02852
2615.13340	0.02833
2613.20483	0.02811
2611.27627	0.02792
2609.34771	0.02780
2607.41914	0.02769
2605.49058	0.02756
2603.56201	0.02738
2601.63345	0.02720
2599.70488	0.02704
2597.77632	0.02685
2595.84775	0.02658
2593.91919	0.02631
2591.99062	0.02612
2590.06206	0.02596
2588.13350	0.02582
2586.20493	0.02572
2584.27637	0.02570
2582.34780	0.02571
2580.41924	0.02564
2578.49067	0.02540
2576.56211	0.02512
2574.63354	0.02493
2572.70498	0.02486
2570.77642	0.02482
2568.84785	0.02475
2566.91929	0.02464
2564.99072	0.02458
2563.06216	0.02463
2561.13359	0.02471
2559.20503	0.02462
2557.27646	0.02438
2555.34790	0.02421
2553.41934	0.02417
2551.49077	0.02410
2549.56221	0.02391
2547.63364	0.02371
2545.70508	0.02367
2543.77651	0.02369
2541.84795	0.02355
2539.91938	0.02331
2537.99082	0.02316
2536.06226	0.02315
2534.13369	0.02317
2532.20513	0.02312
2530.27656	0.02299
2528.34800	0.02291
2526.41943	0.02297
2524.49087	0.02306
2522.56230	0.02307
2520.63374	0.02301
2518.70518	0.02289
2516.77661	0.02272
2514.84805	0.02254
2512.91948	0.02241
2510.99092	0.02236
2509.06235	0.02239
2507.13379	0.02251
2505.20522	0.02255
2503.27666	0.02243
2501.34810	0.02227
2499.41953	0.02223
2497.49097	0.02225
2495.56240	0.02222
2493.63384	0.02209
2491.70527	0.02193
2489.77671	0.02184
2487.84814	0.02184
2485.91958	0.02191
2483.99102	0.02199
2482.06245	0.02199
2480.13389	0.02195
2478.20532	0.02188
2476.27676	0.02179
2474.34819	0.02170
2472.41963	0.02157
2470.49106	0.02140
2468.56250	0.02132
2466.63394	0.02138
2464.70537	0.02144
2462.77681	0.02134
2460.84824	0.02122
2458.91968	0.02118
2456.99111	0.02118
2455.06255	0.02116
2453.13398	0.02116
2451.20542	0.02116
2449.27686	0.02107
2447.34829	0.02092
2445.41973	0.02080
2443.49116	0.02071
2441.56260	0.02066
2439.63403	0.02064
2437.70547	0.02065
2435.77690	0.02072
2433.84834	0.02079
2431.91978	0.02084
2429.99121	0.02091
2428.06265	0.02087
2426.13408	0.02068
2424.20552	0.02053
2422.27695	0.02053
2420.34839	0.02060
2418.41982	0.02064
2416.49126	0.02065
2414.56270	0.02068
2412.63413	0.02071
2410.70557	0.02067
2408.77700	0.02057
2406.84844	0.02048
2404.91987	0.02044
2402.99131	0.02044
2401.06274	0.02045
2399.13418	0.02065
2397.20562	0.02064
2395.27705	0.02055
2393.34849	0.02049
2391.41992	0.02042
2389.49136	0.02033
2387.56279	0.02027
2385.63423	0.02026
2383.70566	0.02020
2381.77710	0.02011
2379.84854	0.02005
2377.91997	0.02002
2375.99141	0.01997
2374.06284	0.01985
2372.13428	0.01961
2370.20571	0.01931
2368.27715	0.01905
2366.34858	0.01881
2364.42002	0.01856
2362.49146	0.01834
2360.56289	0.01825
2358.63433	0.01838
2356.70576	0.01863
2354.77720	0.01886
2352.84863	0.01905
2350.92007	0.01920
2348.99150	0.01929
2347.06294	0.01945
2345.13437	0.01955
2343.20581	0.01952
2341.27725	0.01941
2339.34868	0.01932
2337.42012	0.01939
2335.49155	0.01954
2333.56299	0.01963
2331.63442	0.01967
2329.70586	0.01980
2327.77729	0.02011
2325.84873	0.02064
2323.92017	0.02107
2321.99160	0.02113
2320.06304	0.02099
2318.13447	0.02092
2316.20591	0.02096
2314.27734	0.02094
2312.34878	0.02083
2310.42021	0.02076
2308.49165	0.02078
2306.56309	0.02079
2304.63452	0.02073
2302.70596	0.02067
2300.77739	0.02063
2298.84883	0.02053
2296.92026	0.02042
2294.99170	0.02037
2293.06313	0.02036
2291.13457	0.02040
2289.20601	0.02046
2287.27744	0.02050
2285.34888	0.02045
2283.42031	0.02031
2281.49175	0.02023
2279.56318	0.02026
2277.63462	0.02016
2275.70605	0.01997
2273.77749	0.01989
2271.84893	0.01989
2269.92036	0.01984
2267.99180	0.01972
2266.06323	0.01946
2264.13467	0.01917
2262.20610	0.01909
2260.27754	0.01920
2258.34897	0.01931
2256.42041	0.01930
2254.49185	0.01907
2252.56328	0.01879
2250.63472	0.01870
2248.70615	0.01887
2246.77759	0.01891
2244.84902	0.01898
2242.92046	0.01910
2240.99189	0.01915
2239.06333	0.01909
2237.13477	0.01901
2235.20620	0.01886
2233.27764	0.01862
2231.34907	0.01846
2229.42051	0.01863
2227.49194	0.01892
2225.56338	0.01896
2223.63481	0.01883
2221.70625	0.01877
2219.77769	0.01881
2217.84912	0.01875
2215.92056	0.01854
2213.99199	0.01839
2212.06343	0.01829
2210.13486	0.01813
2208.20630	0.01808
2206.27773	0.01818
2204.34917	0.01821
2202.42061	0.01832
2200.49204	0.01849
2198.56348	0.01857
2196.63491	0.01869
2194.70635	0.01891
2192.77778	0.01910
2190.84922	0.01918
2188.92065	0.01918
2186.99209	0.01912
2185.06353	0.01894
2183.13496	0.01870
2181.20640	0.01859
2179.27783	0.01862
2177.34927	0.01858
2175.42070	0.01832
2173.49214	0.01805
2171.56357	0.01814
2169.63501	0.01847
2167.70645	0.01876
2165.77788	0.01888
2163.84932	0.01893
2161.92075	0.01892
2159.99219	0.01806
2158.06362	0.01636
2156.13506	0.01535
2154.20649	0.01546
2152.27793	0.01602
2150.34937	0.01664
2148.42080	0.01719
2146.49224	0.01736
2144.56367	0.01722
2142.63511	0.01714
2140.70654	0.01709
2138.77798	0.01707
2136.84941	0.01709
2134.92085	0.01700
2132.99229	0.01688
2131.06372	0.01692
2129.13516	0.01711
2127.20659	0.01729
2125.27803	0.01743
2123.34946	0.01765
2121.42090	0.01790
2119.49233	0.01799
2117.56377	0.01795
2115.63521	0.01804
2113.70664	0.01818
2111.77808	0.01812
2109.84951	0.01798
2107.92095	0.01805
2105.99238	0.01819
2104.06382	0.01818
2102.13525	0.01810
2100.20669	0.01805
2098.27812	0.01794
2096.34956	0.01768
2094.42100	0.01740
2092.49243	0.01743
2090.56387	0.01773
2088.63530	0.01796
2086.70674	0.01808
2084.77817	0.01825
2082.84961	0.01834
2080.92104	0.01823
2078.99248	0.01812
2077.06392	0.01811
2075.13535	0.01802
2073.20679	0.01777
2071.27822	0.01753
2069.34966	0.01745
2067.42109	0.01753
2065.49253	0.01763
2063.56396	0.01773
2061.63540	0.01793
2059.70684	0.01805
2057.77827	0.01785
2055.84971	0.01754
2053.92114	0.01762
2051.99258	0.01812
2050.06401	0.01842
2048.13545	0.01828
2046.20688	0.01807
2044.27832	0.01809
2042.34976	0.01829
2040.42119	0.01836
2038.49263	0.01820
2036.56406	0.01804
2034.63550	0.01790
2032.70693	0.01773
2030.77837	0.01783
2028.84980	0.01820
2026.92124	0.01848
2024.99268	0.01829
2023.06411	0.01788
2021.13555	0.01786
2019.20698	0.01835
2017.27842	0.01876
2015.34985	0.01856
2013.42129	0.01799
2011.49272	0.01759
2009.56416	0.01737
2007.63560	0.01706
2005.70703	0.01676
2003.77847	0.01671
2001.84990	0.01692
1999.92134	0.01729
1997.99277	0.01751
1996.06421	0.01748
1994.13564	0.01748
1992.20708	0.01750
1990.27852	0.01741
1988.34995	0.01744
1986.42139	0.01769
1984.49282	0.01786
1982.56426	0.01791
1980.63569	0.01795
1978.70713	0.01780
1976.77856	0.01736
1974.85000	0.01709
1972.92144	0.01706
1970.99287	0.01702
1969.06431	0.01690
1967.13574	0.01669
1965.20718	0.01646
1963.27861	0.01630
1961.35005	0.01614
1959.42148	0.01592
1957.49292	0.01589
1955.56436	0.01616
1953.63579	0.01646
1951.70723	0.01653
1949.77866	0.01637
1947.85010	0.01617
1945.92153	0.01608
1943.99297	0.01610
1942.06440	0.01619
1940.13584	0.01639
1938.20728	0.01672
1936.27871	0.01690
1934.35015	0.01678
1932.42158	0.01666
1930.49302	0.01672
1928.56445	0.01685
1926.63589	0.01693
1924.70732	0.01695
1922.77876	0.01700
1920.85020	0.01708
1918.92163	0.01713
1916.99307	0.01709
1915.06450	0.01701
1913.13594	0.01698
1911.20737	0.01707
1909.27881	0.01727
1907.35024	0.01737
1905.42168	0.01730
1903.49312	0.01725
1901.56455	0.01728
1899.63599	0.01734
1897.70742	0.01741
1895.77886	0.01748
1893.85029	0.01751
1891.92173	0.01748
1889.99316	0.01736
1888.06460	0.01720
1886.13604	0.01714
1884.20747	0.01718
1882.27891	0.01719
1880.35034	0.01716
1878.42178	0.01710
1876.49321	0.01702
1874.56465	0.01701
1872.63608	0.01706
1870.70752	0.01709
1868.77896	0.01704
1866.85039	0.01695
1864.92183	0.01689
1862.99326	0.01690
1861.06470	0.01698
1859.13613	0.01707
1857.20757	0.01704
1855.27900	0.01695
1853.35044	0.01693
1851.42187	0.01702
1849.49331	0.01716
1847.56475	0.01724
1845.63618	0.01725
1843.70762	0.01722
1841.77905	0.01722
1839.85049	0.01720
1837.92192	0.01718
1835.99336	0.01718
1834.06479	0.01718
1832.13623	0.01715
1830.20767	0.01714
1828.27910	0.01722
1826.35054	0.01732
1824.42197	0.01741
1822.49341	0.01746
1820.56484	0.01749
1818.63628	0.01751
1816.70771	0.01758
1814.77915	0.01770
1812.85059	0.01784
1810.92202	0.01796
1808.99346	0.01805
1807.06489	0.01809
1805.13633	0.01816
1803.20776	0.01829
1801.27920	0.01839
1799.35063	0.01846
1797.42207	0.01855
1795.49351	0.01866
1793.56494	0.01875
1791.63638	0.01883
1789.70781	0.01887
1787.77925	0.01894
1785.85068	0.01906
1783.92212	0.01911
1781.99355	0.01912
1780.06499	0.01920
1778.13643	0.01933
1776.20786	0.01937
1774.27930	0.01932
1772.35073	0.01934
1770.42217	0.01958
1768.49360	0.01992
1766.56504	0.02015
1764.63647	0.02030
1762.70791	0.02048
1760.77935	0.02075
1758.85078	0.02104
1756.92222	0.02132
1754.99365	0.02165
1753.06509	0.02212
1751.13652	0.02271
1749.20796	0.02330
1747.27939	0.02387
1745.35083	0.02447
1743.42227	0.02500
1741.49370	0.02545
1739.56514	0.02590
1737.63657	0.02632
1735.70801	0.02666
1733.77944	0.02707
1731.85088	0.02749
1729.92231	0.02780
1727.99375	0.02804
1726.06519	0.02836
1724.13662	0.02871
1722.20806	0.02889
1720.27949	0.02877
1718.35093	0.02853
1716.42236	0.02851
1714.49380	0.02876
1712.56523	0.02904
1710.63667	0.02922
1708.70811	0.02932
1706.77954	0.02943
1704.85098	0.02954
1702.92241	0.02962
1700.99385	0.02978
1699.06528	0.03019
1697.13672	0.03082
1695.20815	0.03154
1693.27959	0.03222
1691.35103	0.03289
1689.42246	0.03358
1687.49390	0.03420
1685.56533	0.03477
1683.63677	0.03556
1681.70820	0.03648
1679.77964	0.03720
1677.85107	0.03772
1675.92251	0.03825
1673.99395	0.03890
1672.06538	0.03958
1670.13682	0.04031
1668.20825	0.04114
1666.27969	0.04190
1664.35112	0.04254
1662.42256	0.04325
1660.49399	0.04404
1658.56543	0.04468
1656.63687	0.04502
1654.70830	0.04516
1652.77974	0.04539
1650.85117	0.04584
1648.92261	0.04634
1646.99404	0.04695
1645.06548	0.04778
1643.13691	0.04869
1641.20835	0.04952
1639.27979	0.05019
1637.35122	0.05090
1635.42266	0.05205
1633.49409	0.05352
1631.56553	0.05478
1629.63696	0.05565
1627.70840	0.05626
1625.77983	0.05672
1623.85127	0.05703
1621.92271	0.05710
1619.99414	0.05683
1618.06558	0.05615
1616.13701	0.05527
1614.20845	0.05445
1612.27988	0.05361
1610.35132	0.05268
1608.42275	0.05188
1606.49419	0.05144
1604.56562	0.05134
1602.63706	0.05157
1600.70850	0.05217
1598.77993	0.05321
1596.85137	0.05473
1594.92280	0.05683
1592.99424	0.05965
1591.06567	0.06347
1589.13711	0.06869
1587.20854	0.07576
1585.27998	0.08512
1583.35142	0.09686
1581.42285	0.11017
1579.49429	0.12330
1577.56572	0.13471
1575.63716	0.14240
1573.70859	0.14403
1571.78003	0.13953
1569.85146	0.13036
1567.92290	0.11940
1565.99434	0.10945
1564.06577	0.10143
1562.13721	0.09523
1560.20864	0.09020
1558.28008	0.08648
1556.35151	0.08536
1554.42295	0.08672
1552.49438	0.09022
1550.56582	0.09611
1548.63726	0.10449
1546.70869	0.11517
1544.78013	0.12797
1542.85156	0.14176
1540.92300	0.15393
1538.99443	0.16049
1537.06587	0.15881
1535.13730	0.14968
1533.20874	0.13543
1531.28018	0.12040
1529.35161	0.10746
1527.42305	0.09623
1525.49448	0.08658
1523.56592	0.07892
1521.63735	0.07290
1519.70879	0.06836
1517.78022	0.06509
1515.85166	0.06243
1513.92310	0.06005
1511.99453	0.05788
1510.06597	0.05578
1508.13740	0.05342
1506.20884	0.05094
1504.28027	0.04927
1502.35171	0.04845
1500.42314	0.04789
1498.49458	0.04749
1496.56602	0.04746
1494.63745	0.04786
1492.70889	0.04873
1490.78032	0.05038
1488.85176	0.05323
1486.92319	0.05734
1484.99463	0.06278
1483.06606	0.06994
1481.13750	0.07927
1479.20894	0.09181
1477.28037	0.11169
1475.35181	0.14433
1473.42324	0.18538
1471.49468	0.21476
1469.56611	0.21971
1467.63755	0.21137
1465.70898	0.20367
1463.78042	0.19877
1461.85186	0.19060
1459.92329	0.17549
1457.99473	0.15649
1456.06616	0.14027
1454.13760	0.12979
1452.20903	0.12238
1450.28047	0.11588
1448.35190	0.11028
1446.42334	0.10609
1444.49478	0.10355
1442.56621	0.10258
1440.63765	0.10309
1438.70908	0.10519
1436.78052	0.10857
1434.85195	0.11146
1432.92339	0.11210
1430.99482	0.11059
1429.06626	0.10833
1427.13770	0.10692
1425.20913	0.10718
1423.28057	0.10878
1421.35200	0.11068
1419.42344	0.11174
1417.49487	0.11107
1415.56631	0.10855
1413.63774	0.10475
1411.70918	0.10020
1409.78062	0.09526
1407.85205	0.09023
1405.92349	0.08526
1403.99492	0.08061
1402.06636	0.07661
1400.13779	0.07328
1398.20923	0.07047
1396.28066	0.06810
1394.35210	0.06610
1392.42354	0.06445
1390.49497	0.06314
1388.56641	0.06211
1386.63784	0.06141
1384.70928	0.06138
1382.78071	0.06238
1380.85215	0.06421
1378.92358	0.06578
1376.99502	0.06590
1375.06646	0.06448
1373.13789	0.06254
1371.20933	0.06100
1369.28076	0.05998
1367.35220	0.05919
1365.42363	0.05844
1363.49507	0.05761
1361.56650	0.05665
1359.63794	0.05574
1357.70937	0.05521
1355.78081	0.05521
1353.85225	0.05555
1351.92368	0.05576
1349.99512	0.05549
1348.06655	0.05477
1346.13799	0.05396
1344.20942	0.05340
1342.28086	0.05332
1340.35229	0.05367
1338.42373	0.05406
1336.49517	0.05403
1334.56660	0.05349
1332.63804	0.05269
1330.70947	0.05196
1328.78091	0.05147
1326.85234	0.05140
1324.92378	0.05197
1322.99521	0.05327
1321.06665	0.05489
1319.13809	0.05592
1317.20952	0.05564
1315.28096	0.05448
1313.35239	0.05342
1311.42383	0.05293
1309.49526	0.05287
1307.56670	0.05308
1305.63813	0.05361
1303.70957	0.05454
1301.78101	0.05553
1299.85244	0.05603
1297.92388	0.05581
1295.99531	0.05521
1294.06675	0.05474
1292.13818	0.05460
1290.20962	0.05457
1288.28105	0.05428
1286.35249	0.05370
1284.42393	0.05321
1282.49536	0.05330
1280.56680	0.05401
1278.63823	0.05480
1276.70967	0.05492
1274.78110	0.05425
1272.85254	0.05332
1270.92397	0.05259
1268.99541	0.05219
1267.06685	0.05211
1265.13828	0.05229
1263.20972	0.05274
1261.28115	0.05343
1259.35259	0.05418
1257.42402	0.05457
1255.49546	0.05436
1253.56689	0.05372
1251.63833	0.05308
1249.70977	0.05270
1247.78120	0.05251
1245.85264	0.05242
1243.92407	0.05242
1241.99551	0.05257
1240.06694	0.05303
1238.13838	0.05381
1236.20981	0.05463
1234.28125	0.05504
1232.35269	0.05479
1230.42412	0.05405
1228.49556	0.05326
1226.56699	0.05268
1224.63843	0.05225
1222.70986	0.05192
1220.78130	0.05177
1218.85273	0.05188
1216.92417	0.05229
1214.99561	0.05285
1213.06704	0.05322
1211.13848	0.05308
1209.20991	0.05250
1207.28135	0.05188
1205.35278	0.05143
1203.42422	0.05112
1201.49565	0.05097
1199.56709	0.05098
1197.63853	0.05113
1195.70996	0.05142
1193.78140	0.05193
1191.85283	0.05252
1189.92427	0.05284
1187.99570	0.05275
1186.06714	0.05251
1184.13857	0.05246
1182.21001	0.05273
1180.28145	0.05331
1178.35288	0.05416
1176.42432	0.05519
1174.49575	0.05629
1172.56719	0.05746
1170.63862	0.05881
1168.71006	0.06033
1166.78149	0.06192
1164.85293	0.06339
1162.92437	0.06468
1160.99580	0.06581
1159.06724	0.06681
1157.13867	0.06767
1155.21011	0.06841
1153.28154	0.06914
1151.35298	0.06986
1149.42441	0.07044
1147.49585	0.07085
1145.56729	0.07103
1143.63872	0.07105
1141.71016	0.07105
1139.78159	0.07108
1137.85303	0.07115
1135.92446	0.07132
1133.99590	0.07177
1132.06733	0.07258
1130.13877	0.07361
1128.21021	0.07459
1126.28164	0.07548
1124.35308	0.07653
1122.42451	0.07792
1120.49595	0.07985
1118.56738	0.08259
1116.63882	0.08601
1114.71025	0.08921
1112.78169	0.09106
1110.85312	0.09088
1108.92456	0.08907
1106.99600	0.08687
1105.06743	0.08523
1103.13887	0.08438
1101.21030	0.08421
1099.28174	0.08441
1097.35317	0.08455
1095.42461	0.08440
1093.49604	0.08412
1091.56748	0.08397
1089.63892	0.08405
1087.71035	0.08430
1085.78179	0.08463
1083.85322	0.08502
1081.92466	0.08548
1079.99609	0.08600
1078.06753	0.08650
1076.13896	0.08678
1074.21040	0.08681
1072.28184	0.08677
1070.35327	0.08676
1068.42471	0.08684
1066.49614	0.08704
1064.56758	0.08735
1062.63901	0.08770
1060.71045	0.08795
1058.78188	0.08811
1056.85332	0.08830
1054.92476	0.08851
1052.99619	0.08866
1051.06763	0.08880
1049.13906	0.08897
1047.21050	0.08920
1045.28193	0.08945
1043.35337	0.08966
1041.42480	0.08978
1039.49624	0.08975
1037.56768	0.08955
1035.63911	0.08927
1033.71055	0.08899
1031.78198	0.08875
1029.85342	0.08846
1027.92485	0.08803
1025.99629	0.08751
1024.06772	0.08691
1022.13916	0.08618
1020.21060	0.08528
1018.28203	0.08431
1016.35347	0.08343
1014.42490	0.08271
1012.49634	0.08201
1010.56777	0.08115
1008.63921	0.08010
1006.71064	0.07900
1004.78208	0.07789
1002.85352	0.07677
1000.92495	0.07573
998.99639	0.07481
997.06782	0.07392
995.13926	0.07299
993.21069	0.07208
991.28213	0.07127
989.35356	0.07043
987.42500	0.06944
985.49644	0.06841
983.56787	0.06749
981.63931	0.06670
979.71074	0.06604
977.78218	0.06554
975.85361	0.06515
973.92505	0.06489
971.99648	0.06480
970.06792	0.06491
968.13936	0.06534
966.21079	0.06597
964.28223	0.06628
962.35366	0.06569
960.42510	0.06419
958.49653	0.06242
956.56797	0.06079
954.63940	0.05916
952.71084	0.05738
950.78228	0.05566
948.85371	0.05431
946.92515	0.05338
944.99658	0.05278
943.06802	0.05252
941.13945	0.05266
939.21089	0.05306
937.28232	0.05340
935.35376	0.05345
933.42520	0.05314
931.49663	0.05253
929.56807	0.05171
927.63950	0.05080
925.71094	0.05004
923.78237	0.04955
921.85381	0.04918
919.92524	0.04890
917.99668	0.04883
916.06812	0.04899
914.13955	0.04949
912.21099	0.05043
910.28242	0.05145
908.35386	0.05188
906.42529	0.05127
904.49673	0.04988
902.56816	0.04841
900.63960	0.04736
898.71104	0.04679
896.78247	0.04660
894.85391	0.04669
892.92534	0.04703
890.99678	0.04743
889.06821	0.04741
887.13965	0.04681
885.21108	0.04609
883.28252	0.04573
881.35396	0.04590
879.42539	0.04655
877.49683	0.04738
875.56826	0.04779
873.63970	0.04734
871.71113	0.04617
869.78257	0.04490
867.85400	0.04396
865.92544	0.04339
863.99687	0.04314
862.06831	0.04310
860.13975	0.04314
858.21118	0.04323
856.28262	0.04332
854.35405	0.04345
852.42549	0.04385
850.49692	0.04436
848.56836	0.04453
846.63979	0.04434
844.71123	0.04416
842.78267	0.04418
840.85410	0.04425
838.92554	0.04426
836.99697	0.04433
835.06841	0.04450
833.13984	0.04467
831.21128	0.04481
829.28271	0.04510
827.35415	0.04558
825.42559	0.04599
823.49702	0.04620
821.56846	0.04642
819.63989	0.04683
817.71133	0.04726
815.78276	0.04757
813.85420	0.04804
811.92563	0.04872
809.99707	0.04927
808.06851	0.04962
806.13994	0.04998
804.21138	0.05034
802.28281	0.05061
800.35425	0.05085
798.42568	0.05108
796.49712	0.05128
794.56855	0.05137
792.63999	0.05135
790.71143	0.05139
788.78286	0.05183
786.85430	0.05284
784.92573	0.05425
782.99717	0.05556
781.06860	0.05621
779.14004	0.05618
777.21147	0.05601
775.28291	0.05621
773.35435	0.05670
771.42578	0.05726
769.49722	0.05789
767.56865	0.05852
765.64009	0.05889
763.71152	0.05896
761.78296	0.05886
759.85439	0.05884
757.92583	0.05903
755.99727	0.05935
754.06870	0.05965
752.14014	0.05985
750.21157	0.06005
748.28301	0.06049
746.35444	0.06118
744.42588	0.06204
742.49731	0.06300
740.56875	0.06396
738.64019	0.06519
736.71162	0.06787
734.78306	0.07530
732.85449	0.09015
730.92593	0.10679
728.99736	0.11499
727.06880	0.11526
725.14023	0.11750
723.21167	0.12888
721.28311	0.14989
719.35454	0.17238
717.42598	0.18293
715.49741	0.17483
713.56885	0.15397
711.64028	0.13191
709.71172	0.11582
707.78315	0.10597
705.85459	0.09992
703.92603	0.09594
701.99746	0.09326
700.06890	0.09141
698.14033	0.09015
696.21177	0.08926
694.28320	0.08857
692.35464	0.08810
690.42607	0.08787
688.49751	0.08778
686.56895	0.08791
684.64038	0.08848
682.71182	0.08935
680.78325	0.09031
678.85469	0.09151
676.92612	0.09302
674.99756	0.09460
673.06899	0.09606
671.14043	0.09728
669.21187	0.09784
667.28330	0.09708
665.35474	0.09557
663.42617	0.09365
661.49761	0.09161
659.56904	0.08960
657.64048	0.08793
655.71191	0.08682
653.78335	0.08605
651.85479	0.08526
649.92622	0.08445
647.99766	0.08395
646.06909	0.08403
644.14053	0.08467
642.21196	0.08560
640.28340	0.08649
638.35483	0.08726
636.42627	0.08813
634.49771	0.08931
632.56914	0.09052
630.64058	0.09144
628.71201	0.09207
626.78345	0.09252
624.85488	0.09269
622.92632	0.09242
620.99775	0.09187
619.06919	0.09148
617.14062	0.09148
615.21206	0.09199
613.28350	0.09266
611.35493	0.09260
609.42637	0.09175
607.49780	0.09120
605.56924	0.09189
603.64067	0.09316
601.71211	0.09325
599.78354	0.09192
