3997.91411	-0.00909
3995.98555	-0.00914
3994.05698	-0.00916
3992.12842	-0.00915
3990.19985	-0.00920
3988.27129	-0.00931
3986.34272	-0.00935
3984.41416	-0.00932
3982.48560	-0.00926
3980.55703	-0.00915
3978.62847	-0.00898
3976.69990	-0.00883
3974.77134	-0.00873
3972.84277	-0.00874
3970.91421	-0.00885
3968.98564	-0.00889
3967.05708	-0.00881
3965.12852	-0.00871
3963.19995	-0.00868
3961.27139	-0.00868
3959.34282	-0.00869
3957.41426	-0.00875
3955.48569	-0.00885
3953.55713	-0.00891
3951.62856	-0.00892
3949.70000	-0.00896
3947.77144	-0.00901
3945.84287	-0.00897
3943.91431	-0.00888
3941.98574	-0.00890
3940.05718	-0.00906
3938.12861	-0.00917
3936.20005	-0.00915
3934.27148	-0.00902
3932.34292	-0.00882
3930.41436	-0.00865
3928.48579	-0.00856
3926.55723	-0.00851
3924.62866	-0.00851
3922.70010	-0.00866
3920.77153	-0.00886
3918.84297	-0.00892
3916.91440	-0.00881
3914.98584	-0.00874
3913.05728	-0.00877
3911.12871	-0.00883
3909.20015	-0.00881
3907.27158	-0.00874
3905.34302	-0.00866
3903.41445	-0.00863
3901.48589	-0.00862
3899.55732	-0.00866
3897.62876	-0.00879
3895.70020	-0.00891
3893.77163	-0.00894
3891.84307	-0.00900
3889.91450	-0.00918
3887.98594	-0.00932
3886.05737	-0.00927
3884.12881	-0.00919
3882.20024	-0.00916
3880.27168	-0.00907
3878.34312	-0.00886
3876.41455	-0.00862
3874.48599	-0.00852
3872.55742	-0.00871
3870.62886	-0.00901
3868.70029	-0.00914
3866.77173	-0.00919
3864.84316	-0.00932
3862.91460	-0.00950
3860.98604	-0.00963
3859.05747	-0.00971
3857.12891	-0.00983
3855.20034	-0.00981
3853.27178	-0.00944
3851.34321	-0.00908
3849.41465	-0.00908
3847.48608	-0.00926
3845.55752	-0.00937
3843.62896	-0.00934
3841.70039	-0.00929
3839.77183	-0.00940
3837.84326	-0.00959
3835.91470	-0.00968
3833.98613	-0.00960
3832.05757	-0.00943
3830.12900	-0.00926
3828.20044	-0.00919
3826.27187	-0.00927
3824.34331	-0.00943
3822.41475	-0.00946
3820.48618	-0.00935
3818.55762	-0.00932
3816.62905	-0.00936
3814.70049	-0.00931
3812.77192	-0.00926
3810.84336	-0.00932
3808.91479	-0.00939
3806.98623	-0.00935
3805.05767	-0.00926
3803.12910	-0.00926
3801.20054	-0.00924
3799.27197	-0.00912
3797.34341	-0.00904
3795.41484	-0.00908
3793.48628	-0.00918
3791.55771	-0.00926
3789.62915	-0.00932
3787.70059	-0.00936
3785.77202	-0.00938
3783.84346	-0.00940
3781.91489	-0.00943
3779.98633	-0.00937
3778.05776	-0.00926
3776.12920	-0.00924
3774.20063	-0.00935
3772.27207	-0.00952
3770.34351	-0.00962
3768.41494	-0.00964
3766.48638	-0.00967
3764.55781	-0.00982
3762.62925	-0.01001
3760.70068	-0.01008
3758.77212	-0.00992
3756.84355	-0.00970
3754.91499	-0.00965
3752.98643	-0.00986
3751.05786	-0.01019
3749.12930	-0.01039
3747.20073	-0.01034
3745.27217	-0.01016
3743.34360	-0.00999
3741.41504	-0.01012
3739.48647	-0.01053
3737.55791	-0.01087
3735.62935	-0.01098
3733.70078	-0.01111
3731.77222	-0.01132
3729.84365	-0.01142
3727.91509	-0.01135
3725.98652	-0.01118
3724.05796	-0.01097
3722.12939	-0.01076
3720.20083	-0.01054
3718.27227	-0.01037
3716.34370	-0.01035
3714.41514	-0.01036
3712.48657	-0.01023
3710.55801	-0.01018
3708.62944	-0.01012
3706.70088	-0.01009
3704.77231	-0.01002
3702.84375	-0.00984
3700.91519	-0.00972
3698.98662	-0.00977
3697.05806	-0.00986
3695.12949	-0.00993
3693.20093	-0.00991
3691.27236	-0.00984
3689.34380	-0.00960
3687.41523	-0.00929
3685.48667	-0.00905
3683.55811	-0.00896
3681.62954	-0.00885
3679.70098	-0.00875
3677.77241	-0.00875
3675.84385	-0.00873
3673.91528	-0.00850
3671.98672	-0.00815
3670.05815	-0.00775
3668.12959	-0.00735
3666.20103	-0.00704
3664.27246	-0.00689
3662.34390	-0.00683
3660.41533	-0.00673
3658.48677	-0.00648
3656.55820	-0.00622
3654.62964	-0.00614
3652.70107	-0.00620
3650.77251	-0.00609
3648.84395	-0.00561
3646.91538	-0.00499
3644.98682	-0.00460
3643.05825	-0.00445
3641.12969	-0.00442
3639.20112	-0.00441
3637.27256	-0.00434
3635.34399	-0.00418
3633.41543	-0.00398
3631.48687	-0.00378
3629.55830	-0.00346
3627.62974	-0.00302
3625.70117	-0.00275
3623.77261	-0.00275
3621.84404	-0.00260
3619.91548	-0.00205
3617.98691	-0.00137
3616.05835	-0.00078
3614.12979	-0.00031
3612.20122	0.00009
3610.27266	0.00047
3608.34409	0.00072
3606.41553	0.00078
3604.48696	0.00081
3602.55840	0.00105
3600.62983	0.00149
3598.70127	0.00192
3596.77271	0.00229
3594.84414	0.00252
3592.91558	0.00272
3590.98701	0.00299
3589.05845	0.00342
3587.12988	0.00382
3585.20132	0.00410
3583.27275	0.00434
3581.34419	0.00456
3579.41562	0.00482
3577.48706	0.00529
3575.55850	0.00585
3573.62993	0.00624
3571.70137	0.00642
3569.77280	0.00669
3567.84424	0.00723
3565.91567	0.00786
3563.98711	0.00832
3562.05854	0.00868
3560.12998	0.00905
3558.20142	0.00939
3556.27285	0.00963
3554.34429	0.00984
3552.41572	0.01009
3550.48716	0.01041
3548.55859	0.01088
3546.63003	0.01139
3544.70146	0.01159
3542.77290	0.01150
3540.84434	0.01161
3538.91577	0.01212
3536.98721	0.01276
3535.05864	0.01331
3533.13008	0.01376
3531.20151	0.01419
3529.27295	0.01463
3527.34438	0.01498
3525.41582	0.01526
3523.48726	0.01552
3521.55869	0.01571
3519.63013	0.01582
3517.70156	0.01599
3515.77300	0.01629
3513.84443	0.01658
3511.91587	0.01677
3509.98730	0.01700
3508.05874	0.01734
3506.13018	0.01780
3504.20161	0.01831
3502.27305	0.01866
3500.34448	0.01871
3498.41592	0.01861
3496.48735	0.01866
3494.55879	0.01901
3492.63022	0.01951
3490.70166	0.01991
3488.77310	0.02021
3486.84453	0.02043
3484.91597	0.02065
3482.98740	0.02098
3481.05884	0.02135
3479.13027	0.02162
3477.20171	0.02181
3475.27314	0.02197
3473.34458	0.02215
3471.41602	0.02239
3469.48745	0.02259
3467.55889	0.02267
3465.63032	0.02272
3463.70176	0.02282
3461.77319	0.02299
3459.84463	0.02330
3457.91606	0.02374
3455.98750	0.02413
3454.05894	0.02437
3452.13037	0.02449
3450.20181	0.02463
3448.27324	0.02484
3446.34468	0.02500
3444.41611	0.02495
3442.48755	0.02480
3440.55898	0.02483
3438.63042	0.02508
3436.70186	0.02535
3434.77329	0.02554
3432.84473	0.02571
3430.91616	0.02612
3428.98760	0.02663
3427.05903	0.02676
3425.13047	0.02661
3423.20190	0.02668
3421.27334	0.02697
3419.34478	0.02710
3417.41621	0.02698
3415.48765	0.02683
3413.55908	0.02680
3411.63052	0.02688
3409.70195	0.02699
3407.77339	0.02706
3405.84482	0.02714
3403.91626	0.02719
3401.98770	0.02712
3400.05913	0.02707
3398.13057	0.02711
3396.20200	0.02736
3394.27344	0.02758
3392.34487	0.02780
3390.41631	0.02800
3388.48774	0.02800
3386.55918	0.02769
3384.63062	0.02738
3382.70205	0.02727
3380.77349	0.02724
3378.84492	0.02728
3376.91636	0.02740
3374.98779	0.02743
3373.05923	0.02734
3371.13066	0.02731
3369.20210	0.02738
3367.27354	0.02743
3365.34497	0.02737
3363.41641	0.02740
3361.48784	0.02753
3359.55928	0.02758
3357.63071	0.02748
3355.70215	0.02728
3353.77358	0.02717
3351.84502	0.02714
3349.91646	0.02705
3347.98789	0.02695
3346.05933	0.02697
3344.13076	0.02699
3342.20220	0.02694
3340.27363	0.02687
3338.34507	0.02672
3336.41650	0.02642
3334.48794	0.02619
3332.55937	0.02632
3330.63081	0.02658
3328.70225	0.02653
3326.77368	0.02629
3324.84512	0.02631
3322.91655	0.02645
3320.98799	0.02636
3319.05942	0.02619
3317.13086	0.02613
3315.20229	0.02601
3313.27373	0.02579
3311.34517	0.02565
3309.41660	0.02573
3307.48804	0.02592
3305.55947	0.02597
3303.63091	0.02579
3301.70234	0.02557
3299.77378	0.02552
3297.84521	0.02563
3295.91665	0.02573
3293.98809	0.02564
3292.05952	0.02537
3290.13096	0.02511
3288.20239	0.02494
3286.27383	0.02482
3284.34526	0.02485
3282.41670	0.02494
3280.48813	0.02486
3278.55957	0.02460
3276.63101	0.02428
3274.70244	0.02409
3272.77388	0.02400
3270.84531	0.02381
3268.91675	0.02345
3266.98818	0.02306
3265.05962	0.02269
3263.13105	0.02249
3261.20249	0.02257
3259.27393	0.02272
3257.34536	0.02258
3255.41680	0.02210
3253.48823	0.02157
3251.55967	0.02122
3249.63110	0.02095
3247.70254	0.02072
3245.77397	0.02065
3243.84541	0.02061
3241.91685	0.02040
3239.98828	0.02013
3238.05972	0.02000
3236.13115	0.01993
3234.20259	0.01971
3232.27402	0.01941
3230.34546	0.01914
3228.41689	0.01885
3226.48833	0.01849
3224.55977	0.01814
3222.63120	0.01790
3220.70264	0.01777
3218.77407	0.01775
3216.84551	0.01767
3214.91694	0.01734
3212.98838	0.01683
3211.05981	0.01641
3209.13125	0.01612
3207.20269	0.01593
3205.27412	0.01575
3203.34556	0.01549
3201.41699	0.01528
3199.48843	0.01530
3197.55986	0.01531
3195.63130	0.01512
3193.70273	0.01486
3191.77417	0.01462
3189.84561	0.01431
3187.91704	0.01390
3185.98848	0.01355
3184.05991	0.01341
3182.13135	0.01333
3180.20278	0.01311
3178.27422	0.01282
3176.34565	0.01259
3174.41709	0.01244
3172.48853	0.01221
3170.55996	0.01182
3168.63140	0.01146
3166.70283	0.01122
3164.77427	0.01100
3162.84570	0.01078
3160.91714	0.01067
3158.98857	0.01057
3157.06001	0.01034
3155.13145	0.01000
3153.20288	0.00970
3151.27432	0.00946
3149.34575	0.00923
3147.41719	0.00902
3145.48862	0.00882
3143.56006	0.00863
3141.63149	0.00843
3139.70293	0.00819
3137.77437	0.00801
3135.84580	0.00788
3133.91724	0.00766
3131.98867	0.00727
3130.06011	0.00688
3128.13154	0.00675
3126.20298	0.00689
3124.27441	0.00694
3122.34585	0.00670
3120.41729	0.00635
3118.48872	0.00604
3116.56016	0.00582
3114.63159	0.00573
3112.70303	0.00578
3110.77446	0.00580
3108.84590	0.00566
3106.91733	0.00550
3104.98877	0.00543
3103.06021	0.00544
3101.13164	0.00547
3099.20308	0.00547
3097.27451	0.00540
3095.34595	0.00529
3093.41738	0.00514
3091.48882	0.00504
3089.56025	0.00497
3087.63169	0.00494
3085.70312	0.00496
3083.77456	0.00500
3081.84600	0.00492
3079.91743	0.00464
3077.98887	0.00440
3076.06030	0.00446
3074.13174	0.00464
3072.20317	0.00461
3070.27461	0.00431
3068.34604	0.00400
3066.41748	0.00384
3064.48892	0.00378
3062.56035	0.00373
3060.63179	0.00361
3058.70322	0.00341
3056.77466	0.00326
3054.84609	0.00319
3052.91753	0.00306
3050.98896	0.00285
3049.06040	0.00272
3047.13184	0.00269
3045.20327	0.00264
3043.27471	0.00256
3041.34614	0.00246
3039.41758	0.00234
3037.48901	0.00225
3035.56045	0.00216
3033.63188	0.00197
3031.70332	0.00176
3029.77476	0.00165
3027.84619	0.00157
3025.91763	0.00144
3023.98906	0.00138
3022.06050	0.00149
3020.13193	0.00158
3018.20337	0.00156
3016.27480	0.00149
3014.34624	0.00144
3012.41768	0.00142
3010.48911	0.00145
3008.56055	0.00153
3006.63198	0.00162
3004.70342	0.00173
3002.77485	0.00190
3000.84629	0.00209
2998.91772	0.00225
2996.98916	0.00238
2995.06060	0.00255
2993.13203	0.00287
2991.20347	0.00336
2989.27490	0.00391
2987.34634	0.00450
2985.41777	0.00520
2983.48921	0.00599
2981.56064	0.00692
2979.63208	0.00804
2977.70352	0.00939
2975.77495	0.01090
2973.84639	0.01247
2971.91782	0.01416
2969.98926	0.01624
2968.06069	0.01879
2966.13213	0.02163
2964.20356	0.02447
2962.27500	0.02713
2960.34644	0.02956
2958.41787	0.03178
2956.48931	0.03375
2954.56074	0.03551
2952.63218	0.03726
2950.70361	0.03935
2948.77505	0.04223
2946.84648	0.04633
2944.91792	0.05204
2942.98936	0.05970
2941.06079	0.06936
2939.13223	0.08084
2937.20366	0.09408
2935.27510	0.10921
2933.34653	0.12661
2931.41797	0.14692
2929.48940	0.17077
2927.56084	0.19900
2925.63228	0.23303
2923.70371	0.27459
2921.77515	0.32453
2919.84658	0.38077
2917.91802	0.43517
2915.98945	0.47169
2914.06089	0.47530
2912.13232	0.44789
2910.20376	0.40594
2908.27520	0.36410
2906.34663	0.32874
2904.41807	0.30060
2902.48950	0.27829
2900.56094	0.26026
2898.63237	0.24518
2896.70381	0.23182
2894.77524	0.21929
2892.84668	0.20703
2890.91812	0.19486
2888.98955	0.18283
2887.06099	0.17101
2885.13242	0.15946
2883.20386	0.14839
2881.27529	0.13788
2879.34673	0.12790
2877.41816	0.11875
2875.48960	0.11103
2873.56104	0.10491
2871.63247	0.10030
2869.70391	0.09714
2867.77534	0.09563
2865.84678	0.09655
2863.91821	0.10101
2861.98965	0.11020
2860.06108	0.12568
2858.13252	0.14975
2856.20396	0.18607
2854.27539	0.23938
2852.34683	0.31085
2850.41826	0.38617
2848.48970	0.42831
2846.56113	0.40978
2844.63257	0.35073
2842.70400	0.28640
2840.77544	0.23309
2838.84687	0.19294
2836.91831	0.16372
2834.98975	0.14239
2833.06118	0.12633
2831.13262	0.11383
2829.20405	0.10396
2827.27549	0.09603
2825.34692	0.08947
2823.41836	0.08387
2821.48979	0.07902
2819.56123	0.07485
2817.63267	0.07128
2815.70410	0.06825
2813.77554	0.06555
2811.84697	0.06302
2809.91841	0.06066
2807.98984	0.05849
2806.06128	0.05651
2804.13271	0.05470
2802.20415	0.05299
2800.27559	0.05134
2798.34702	0.04978
2796.41846	0.04827
2794.48989	0.04684
2792.56133	0.04558
2790.63276	0.04444
2788.70420	0.04336
2786.77563	0.04229
2784.84707	0.04121
2782.91851	0.04012
2780.98994	0.03910
2779.06138	0.03814
2777.13281	0.03724
2775.20425	0.03639
2773.27568	0.03559
2771.34712	0.03487
2769.41855	0.03425
2767.48999	0.03372
2765.56143	0.03316
2763.63286	0.03254
2761.70430	0.03195
2759.77573	0.03149
2757.84717	0.03110
2755.91860	0.03064
2753.99004	0.03014
2752.06147	0.02974
2750.13291	0.02938
2748.20435	0.02904
2746.27578	0.02879
2744.34722	0.02865
2742.41865	0.02851
2740.49009	0.02831
2738.56152	0.02808
2736.63296	0.02788
2734.70439	0.02768
2732.77583	0.02739
2730.84727	0.02703
2728.91870	0.02668
2726.99014	0.02637
2725.06157	0.02608
2723.13301	0.02583
2721.20444	0.02555
2719.27588	0.02520
2717.34731	0.02485
2715.41875	0.02459
2713.49019	0.02436
2711.56162	0.02406
2709.63306	0.02374
2707.70449	0.02345
2705.77593	0.02323
2703.84736	0.02308
2701.91880	0.02294
2699.99023	0.02276
2698.06167	0.02261
2696.13311	0.02248
2694.20454	0.02233
2692.27598	0.02220
2690.34741	0.02210
2688.41885	0.02200
2686.49028	0.02190
2684.56172	0.02183
2682.63315	0.02177
2680.70459	0.02173
2678.77603	0.02175
2676.84746	0.02175
2674.91890	0.02172
2672.99033	0.02166
2671.06177	0.02158
2669.13320	0.02149
2667.20464	0.02150
2665.27607	0.02165
2663.34751	0.02183
2661.41895	0.02190
2659.49038	0.02182
2657.56182	0.02166
2655.63325	0.02149
2653.70469	0.02136
2651.77612	0.02125
2649.84756	0.02113
2647.91899	0.02099
2645.99043	0.02082
2644.06187	0.02065
2642.13330	0.02056
2640.20474	0.02048
2638.27617	0.02035
2636.34761	0.02022
2634.41904	0.02003
2632.49048	0.01981
2630.56191	0.01962
2628.63335	0.01942
2626.70479	0.01912
2624.77622	0.01881
2622.84766	0.01853
2620.91909	0.01819
2618.99053	0.01778
2617.06196	0.01742
2615.13340	0.01718
2613.20483	0.01696
2611.27627	0.01669
2609.34771	0.01640
2607.41914	0.01613
2605.49058	0.01593
2603.56201	0.01574
2601.63345	0.01542
2599.70488	0.01501
2597.77632	0.01484
2595.84775	0.01486
2593.91919	0.01480
2591.99062	0.01459
2590.06206	0.01425
2588.13350	0.01391
2586.20493	0.01371
2584.27637	0.01356
2582.34780	0.01333
2580.41924	0.01313
2578.49067	0.01300
2576.56211	0.01284
2574.63354	0.01265
2572.70498	0.01249
2570.77642	0.01242
2568.84785	0.01236
2566.91929	0.01214
2564.99072	0.01182
2563.06216	0.01166
2561.13359	0.01172
2559.20503	0.01175
2557.27646	0.01156
2555.34790	0.01136
2553.41934	0.01134
2551.49077	0.01127
2549.56221	0.01110
2547.63364	0.01103
2545.70508	0.01097
2543.77651	0.01074
2541.84795	0.01047
2539.91938	0.01038
2537.99082	0.01039
2536.06226	0.01036
2534.13369	0.01031
2532.20513	0.01029
2530.27656	0.01030
2528.34800	0.01032
2526.41943	0.01022
2524.49087	0.00992
2522.56230	0.00964
2520.63374	0.00960
2518.70518	0.00960
2516.77661	0.00948
2514.84805	0.00934
2512.91948	0.00923
2510.99092	0.00910
2509.06235	0.00901
2507.13379	0.00891
2505.20522	0.00872
2503.27666	0.00861
2501.34810	0.00864
2499.41953	0.00864
2497.49097	0.00856
2495.56240	0.00848
2493.63384	0.00844
2491.70527	0.00841
2489.77671	0.00831
2487.84814	0.00821
2485.91958	0.00821
2483.99102	0.00824
2482.06245	0.00819
2480.13389	0.00811
2478.20532	0.00802
2476.27676	0.00790
2474.34819	0.00781
2472.41963	0.00777
2470.49106	0.00767
2468.56250	0.00753
2466.63394	0.00745
2464.70537	0.00743
2462.77681	0.00747
2460.84824	0.00749
2458.91968	0.00739
2456.99111	0.00725
2455.06255	0.00707
2453.13398	0.00693
2451.20542	0.00699
2449.27686	0.00705
2447.34829	0.00690
2445.41973	0.00672
2443.49116	0.00672
2441.56260	0.00680
2439.63403	0.00678
2437.70547	0.00664
2435.77690	0.00648
2433.84834	0.00640
2431.91978	0.00643
2429.99121	0.00644
2428.06265	0.00636
2426.13408	0.00640
2424.20552	0.00654
2422.27695	0.00661
2420.34839	0.00657
2418.41982	0.00654
2416.49126	0.00654
2414.56270	0.00652
2412.63413	0.00650
2410.70557	0.00645
2408.77700	0.00628
2406.84844	0.00607
2404.91987	0.00606
2402.99131	0.00614
2401.06274	0.00624
2399.13418	0.00961
2397.20562	0.01013
2395.27705	0.00871
2393.34849	0.00709
2391.41992	0.00550
2389.49136	0.00384
2387.56279	0.00203
2385.63423	0.00009
2383.70566	-0.00176
2381.77710	-0.00312
2379.84854	-0.00361
2377.91997	-0.00304
2375.99141	-0.00174
2374.06284	-0.00035
2372.13428	0.00045
2370.20571	0.00035
2368.27715	0.00025
2366.34858	-0.00010
2364.42002	-0.00141
2362.49146	-0.00174
2360.56289	-0.00282
2358.63433	-0.00429
2356.70576	-0.00282
2354.77720	-0.00619
2352.84863	-0.01151
2350.92007	-0.01536
2348.99150	-0.01684
2347.06294	-0.01174
2345.13437	-0.00524
2343.20581	-0.00432
2341.27725	-0.00820
2339.34868	-0.00980
2337.42012	-0.00811
2335.49155	-0.00450
2333.56299	-0.00191
2331.63442	-0.00174
2329.70586	-0.00327
2327.77729	-0.00542
2325.84873	-0.00506
2323.92017	-0.00222
2321.99160	0.00044
2320.06304	0.00185
2318.13447	0.00202
2316.20591	0.00163
2314.27734	0.00124
2312.34878	0.00074
2310.42021	0.00034
2308.49165	0.00029
2306.56309	0.00050
2304.63452	0.00083
2302.70596	0.00127
2300.77739	0.00175
2298.84883	0.00218
2296.92026	0.00253
2294.99170	0.00287
2293.06313	0.00332
2291.13457	0.00409
2289.20601	0.00508
2287.27744	0.00623
2285.34888	0.00727
2283.42031	0.00789
2281.49175	0.00821
2279.56318	0.00831
2277.63462	0.00807
2275.70605	0.00762
2273.77749	0.00720
2271.84893	0.00689
2269.92036	0.00655
2267.99180	0.00606
2266.06323	0.00547
2264.13467	0.00488
2262.20610	0.00438
2260.27754	0.00417
2258.34897	0.00423
2256.42041	0.00410
2254.49185	0.00342
2252.56328	0.00242
2250.63472	0.00224
2248.70615	0.00469
2246.77759	0.00475
2244.84902	0.00470
2242.92046	0.00472
2240.99189	0.00472
2239.06333	0.00467
2237.13477	0.00455
2235.20620	0.00450
2233.27764	0.00465
2231.34907	0.00485
2229.42051	0.00483
2227.49194	0.00462
2225.56338	0.00441
2223.63481	0.00426
2221.70625	0.00412
2219.77769	0.00389
2217.84912	0.00369
2215.92056	0.00363
2213.99199	0.00378
2212.06343	0.00407
2210.13486	0.00415
2208.20630	0.00388
2206.27773	0.00366
2204.34917	0.00370
2202.42061	0.00374
2200.49204	0.00367
2198.56348	0.00371
2196.63491	0.00397
2194.70635	0.00418
2192.77778	0.00419
2190.84922	0.00408
2188.92065	0.00397
2186.99209	0.00385
2185.06353	0.00380
2183.13496	0.00375
2181.20640	0.00345
2179.27783	0.00314
2177.34927	0.00313
2175.42070	0.00325
2173.49214	0.00358
2171.56357	0.00413
2169.63501	0.00440
2167.70645	0.00448
2165.77788	0.00493
2163.84932	0.00550
2161.92075	0.00513
2159.99219	0.00304
2158.06362	0.00030
2156.13506	-0.00099
2154.20649	-0.00073
2152.27793	0.00003
2150.34937	0.00063
2148.42080	0.00090
2146.49224	0.00114
2144.56367	0.00140
2142.63511	0.00140
2140.70654	0.00147
2138.77798	0.00178
2136.84941	0.00171
2134.92085	0.00109
2132.99229	0.00075
2131.06372	0.00104
2129.13516	0.00150
2127.20659	0.00181
2125.27803	0.00200
2123.34946	0.00217
2121.42090	0.00233
2119.49233	0.00260
2117.56377	0.00294
2115.63521	0.00321
2113.70664	0.00347
2111.77808	0.00375
2109.84951	0.00384
2107.92095	0.00367
2105.99238	0.00339
2104.06382	0.00317
2102.13525	0.00316
2100.20669	0.00329
2098.27812	0.00350
2096.34956	0.00354
2094.42100	0.00345
2092.49243	0.00336
2090.56387	0.00330
2088.63530	0.00330
2086.70674	0.00340
2084.77817	0.00358
2082.84961	0.00393
2080.92104	0.00436
2078.99248	0.00448
2077.06392	0.00422
2075.13535	0.00393
2073.20679	0.00388
2071.27822	0.00396
2069.34966	0.00395
2067.42109	0.00386
2065.49253	0.00379
2063.56396	0.00373
2061.63540	0.00370
2059.70684	0.00358
2057.77827	0.00332
2055.84971	0.00322
2053.92114	0.00376
2051.99258	0.00487
2050.06401	0.00562
2048.13545	0.00543
2046.20688	0.00482
2044.27832	0.00433
2042.34976	0.00403
2040.42119	0.00415
2038.49263	0.00466
2036.56406	0.00493
2034.63550	0.00458
2032.70693	0.00397
2030.77837	0.00365
2028.84980	0.00369
2026.92124	0.00379
2024.99268	0.00374
2023.06411	0.00358
2021.13555	0.00376
2019.20698	0.00441
2017.27842	0.00493
2015.34985	0.00500
2013.42129	0.00471
2011.49272	0.00423
2009.56416	0.00373
2007.63560	0.00315
2005.70703	0.00253
2003.77847	0.00215
2001.84990	0.00213
1999.92134	0.00221
1997.99277	0.00233
1996.06421	0.00257
1994.13564	0.00287
1992.20708	0.00309
1990.27852	0.00318
1988.34995	0.00321
1986.42139	0.00326
1984.49282	0.00358
1982.56426	0.00437
1980.63569	0.00521
1978.70713	0.00519
1976.77856	0.00423
1974.85000	0.00323
1972.92144	0.00275
1970.99287	0.00265
1969.06431	0.00258
1967.13574	0.00224
1965.20718	0.00181
1963.27861	0.00171
1961.35005	0.00181
1959.42148	0.00169
1957.49292	0.00149
1955.56436	0.00149
1953.63579	0.00157
1951.70723	0.00177
1949.77866	0.00205
1947.85010	0.00218
1945.92153	0.00222
1943.99297	0.00243
1942.06440	0.00264
1940.13584	0.00253
1938.20728	0.00225
1936.27871	0.00216
1934.35015	0.00229
1932.42158	0.00247
1930.49302	0.00263
1928.56445	0.00267
1926.63589	0.00252
1924.70732	0.00249
1922.77876	0.00285
1920.85020	0.00328
1918.92163	0.00352
1916.99307	0.00357
1915.06450	0.00354
1913.13594	0.00363
1911.20737	0.00389
1909.27881	0.00407
1907.35024	0.00402
1905.42168	0.00388
1903.49312	0.00385
1901.56455	0.00391
1899.63599	0.00392
1897.70742	0.00397
1895.77886	0.00415
1893.85029	0.00435
1891.92173	0.00446
1889.99316	0.00449
1888.06460	0.00445
1886.13604	0.00433
1884.20747	0.00417
1882.27891	0.00407
1880.35034	0.00405
1878.42178	0.00406
1876.49321	0.00404
1874.56465	0.00397
1872.63608	0.00390
1870.70752	0.00396
1868.77896	0.00408
1866.85039	0.00409
1864.92183	0.00399
1862.99326	0.00396
1861.06470	0.00406
1859.13613	0.00417
1857.20757	0.00421
1855.27900	0.00424
1853.35044	0.00426
1851.42187	0.00428
1849.49331	0.00433
1847.56475	0.00439
1845.63618	0.00443
1843.70762	0.00447
1841.77905	0.00448
1839.85049	0.00448
1837.92192	0.00453
1835.99336	0.00464
1834.06479	0.00473
1832.13623	0.00480
1830.20767	0.00491
1828.27910	0.00511
1826.35054	0.00540
1824.42197	0.00565
1822.49341	0.00570
1820.56484	0.00562
1818.63628	0.00556
1816.70771	0.00564
1814.77915	0.00584
1812.85059	0.00606
1810.92202	0.00625
1808.99346	0.00644
1807.06489	0.00672
1805.13633	0.00708
1803.20776	0.00743
1801.27920	0.00776
1799.35063	0.00814
1797.42207	0.00858
1795.49351	0.00905
1793.56494	0.00965
1791.63638	0.01039
1789.70781	0.01109
1787.77925	0.01162
1785.85068	0.01202
1783.92212	0.01239
1781.99355	0.01277
1780.06499	0.01307
1778.13643	0.01323
1776.20786	0.01330
1774.27930	0.01343
1772.35073	0.01375
1770.42217	0.01418
1768.49360	0.01457
1766.56504	0.01488
1764.63647	0.01516
1762.70791	0.01552
1760.77935	0.01602
1758.85078	0.01656
1756.92222	0.01716
1754.99365	0.01788
1753.06509	0.01885
1751.13652	0.02020
1749.20796	0.02180
1747.27939	0.02337
1745.35083	0.02485
1743.42227	0.02627
1741.49370	0.02764
1739.56514	0.02891
1737.63657	0.02988
1735.70801	0.03051
1733.77944	0.03097
1731.85088	0.03134
1729.92231	0.03164
1727.99375	0.03212
1726.06519	0.03301
1724.13662	0.03432
1722.20806	0.03578
1720.27949	0.03734
1718.35093	0.03941
1716.42236	0.04209
1714.49380	0.04457
1712.56523	0.04612
1710.63667	0.04661
1708.70811	0.04623
1706.77954	0.04515
1704.85098	0.04367
1702.92241	0.04223
1700.99385	0.04098
1699.06528	0.03978
1697.13672	0.03846
1695.20815	0.03701
1693.27959	0.03575
1691.35103	0.03490
1689.42246	0.03439
1687.49390	0.03408
1685.56533	0.03399
1683.63677	0.03425
1681.70820	0.03473
1679.77964	0.03519
1677.85107	0.03570
1675.92251	0.03636
1673.99395	0.03706
1672.06538	0.03770
1670.13682	0.03842
1668.20825	0.03919
1666.27969	0.03983
1664.35112	0.04043
1662.42256	0.04116
1660.49399	0.04184
1658.56543	0.04230
1656.63687	0.04256
1654.70830	0.04265
1652.77974	0.04263
1650.85117	0.04261
1648.92261	0.04264
1646.99404	0.04283
1645.06548	0.04319
1643.13691	0.04349
1641.20835	0.04351
1639.27979	0.04317
1637.35122	0.04255
1635.42266	0.04192
1633.49409	0.04141
1631.56553	0.04093
1629.63696	0.04038
1627.70840	0.03972
1625.77983	0.03896
1623.85127	0.03809
1621.92271	0.03717
1619.99414	0.03631
1618.06558	0.03546
1616.13701	0.03464
1614.20845	0.03394
1612.27988	0.03334
1610.35132	0.03281
1608.42275	0.03237
1606.49419	0.03200
1604.56562	0.03164
1602.63706	0.03129
1600.70850	0.03100
1598.77993	0.03080
1596.85137	0.03065
1594.92280	0.03049
1592.99424	0.03030
1591.06567	0.03014
1589.13711	0.03011
1587.20854	0.03016
1585.27998	0.03021
1583.35142	0.03028
1581.42285	0.03040
1579.49429	0.03051
1577.56572	0.03049
1575.63716	0.03032
1573.70859	0.03008
1571.78003	0.02980
1569.85146	0.02948
1567.92290	0.02915
1565.99434	0.02892
1564.06577	0.02877
1562.13721	0.02870
1560.20864	0.02872
1558.28008	0.02885
1556.35151	0.02902
1554.42295	0.02921
1552.49438	0.02950
1550.56582	0.02981
1548.63726	0.03003
1546.70869	0.03016
1544.78013	0.03020
1542.85156	0.02998
1540.92300	0.02944
1538.99443	0.02876
1537.06587	0.02808
1535.13730	0.02735
1533.20874	0.02652
1531.28018	0.02569
1529.35161	0.02498
1527.42305	0.02431
1525.49448	0.02362
1523.56592	0.02298
1521.63735	0.02247
1519.70879	0.02207
1517.78022	0.02174
1515.85166	0.02136
1513.92310	0.02093
1511.99453	0.02054
1510.06597	0.02023
1508.13740	0.01983
1506.20884	0.01926
1504.28027	0.01878
1502.35171	0.01853
1500.42314	0.01839
1498.49458	0.01828
1496.56602	0.01823
1494.63745	0.01825
1492.70889	0.01840
1490.78032	0.01876
1488.85176	0.01925
1486.92319	0.01987
1484.99463	0.02079
1483.06606	0.02240
1481.13750	0.02552
1479.20894	0.03327
1477.28037	0.05319
1475.35181	0.09202
1473.42324	0.14049
1471.49468	0.17116
1469.56611	0.17268
1467.63755	0.16239
1465.70898	0.15488
1463.78042	0.14939
1461.85186	0.13964
1459.92329	0.12459
1457.99473	0.10830
1456.06616	0.09544
1454.13760	0.08703
1452.20903	0.08073
1450.28047	0.07526
1448.35190	0.07086
1446.42334	0.06777
1444.49478	0.06572
1442.56621	0.06425
1440.63765	0.06303
1438.70908	0.06182
1436.78052	0.06034
1434.85195	0.05853
1432.92339	0.05659
1430.99482	0.05460
1429.06626	0.05262
1427.13770	0.05084
1425.20913	0.04939
1423.28057	0.04825
1421.35200	0.04744
1419.42344	0.04698
1417.49487	0.04674
1415.56631	0.04653
1413.63774	0.04628
1411.70918	0.04595
1409.78062	0.04542
1407.85205	0.04470
1405.92349	0.04380
1403.99492	0.04277
1402.06636	0.04171
1400.13779	0.04079
1398.20923	0.04004
1396.28066	0.03939
1394.35210	0.03881
1392.42354	0.03837
1390.49497	0.03820
1388.56641	0.03838
1386.63784	0.03895
1384.70928	0.04002
1382.78071	0.04183
1380.85215	0.04432
1378.92358	0.04665
1376.99502	0.04779
1375.06646	0.04761
1373.13789	0.04688
1371.20933	0.04631
1369.28076	0.04590
1367.35220	0.04535
1365.42363	0.04457
1363.49507	0.04367
1361.56650	0.04273
1359.63794	0.04200
1357.70937	0.04162
1355.78081	0.04154
1353.85225	0.04155
1351.92368	0.04150
1349.99512	0.04132
1348.06655	0.04098
1346.13799	0.04056
1344.20942	0.04015
1342.28086	0.03985
1340.35229	0.03956
1338.42373	0.03909
1336.49517	0.03849
1334.56660	0.03802
1332.63804	0.03778
1330.70947	0.03770
1328.78091	0.03775
1326.85234	0.03791
1324.92378	0.03815
1322.99521	0.03854
1321.06665	0.03908
1319.13809	0.03968
1317.20952	0.04020
1315.28096	0.04061
1313.35239	0.04097
1311.42383	0.04135
1309.49526	0.04176
1307.56670	0.04224
1305.63813	0.04275
1303.70957	0.04323
1301.78101	0.04366
1299.85244	0.04407
1297.92388	0.04446
1295.99531	0.04483
1294.06675	0.04517
1292.13818	0.04550
1290.20962	0.04581
1288.28105	0.04615
1286.35249	0.04657
1284.42393	0.04707
1282.49536	0.04758
1280.56680	0.04806
1278.63823	0.04853
1276.70967	0.04903
1274.78110	0.04960
1272.85254	0.05020
1270.92397	0.05075
1268.99541	0.05127
1267.06685	0.05179
1265.13828	0.05228
1263.20972	0.05273
1261.28115	0.05316
1259.35259	0.05352
1257.42402	0.05380
1255.49546	0.05399
1253.56689	0.05414
1251.63833	0.05429
1249.70977	0.05442
1247.78120	0.05451
1245.85264	0.05456
1243.92407	0.05460
1241.99551	0.05463
1240.06694	0.05465
1238.13838	0.05469
1236.20981	0.05466
1234.28125	0.05453
1232.35269	0.05440
1230.42412	0.05437
1228.49556	0.05439
1226.56699	0.05440
1224.63843	0.05437
1222.70986	0.05430
1220.78130	0.05415
1218.85273	0.05397
1216.92417	0.05375
1214.99561	0.05348
1213.06704	0.05320
1211.13848	0.05292
1209.20991	0.05258
1207.28135	0.05222
1205.35278	0.05184
1203.42422	0.05145
1201.49565	0.05108
1199.56709	0.05075
1197.63853	0.05045
1195.70996	0.05022
1193.78140	0.05002
1191.85283	0.04979
1189.92427	0.04961
1187.99570	0.04958
1186.06714	0.04974
1184.13857	0.05001
1182.21001	0.05040
1180.28145	0.05093
1178.35288	0.05150
1176.42432	0.05199
1174.49575	0.05242
1172.56719	0.05291
1170.63862	0.05343
1168.71006	0.05383
1166.78149	0.05413
1164.85293	0.05438
1162.92437	0.05458
1160.99580	0.05471
1159.06724	0.05477
1157.13867	0.05482
1155.21011	0.05490
1153.28154	0.05496
1151.35298	0.05499
1149.42441	0.05503
1147.49585	0.05511
1145.56729	0.05526
1143.63872	0.05549
1141.71016	0.05580
1139.78159	0.05616
1137.85303	0.05654
1135.92446	0.05699
1133.99590	0.05756
1132.06733	0.05823
1130.13877	0.05891
1128.21021	0.05954
1126.28164	0.06012
1124.35308	0.06072
1122.42451	0.06141
1120.49595	0.06217
1118.56738	0.06299
1116.63882	0.06395
1114.71025	0.06502
1112.78169	0.06603
1110.85312	0.06694
1108.92456	0.06788
1106.99600	0.06887
1105.06743	0.06982
1103.13887	0.07071
1101.21030	0.07157
1099.28174	0.07237
1097.35317	0.07310
1095.42461	0.07383
1093.49604	0.07459
1091.56748	0.07529
1089.63892	0.07592
1087.71035	0.07651
1085.78179	0.07700
1083.85322	0.07741
1081.92466	0.07784
1079.99609	0.07824
1078.06753	0.07857
1076.13896	0.07887
1074.21040	0.07917
1072.28184	0.07950
1070.35327	0.07974
1068.42471	0.07985
1066.49614	0.07996
1064.56758	0.08008
1062.63901	0.08010
1060.71045	0.07995
1058.78188	0.07981
1056.85332	0.07981
1054.92476	0.07983
1052.99619	0.07980
1051.06763	0.07976
1049.13906	0.07975
1047.21050	0.07987
1045.28193	0.08000
1043.35337	0.07990
1041.42480	0.07966
1039.49624	0.07943
1037.56768	0.07914
1035.63911	0.07871
1033.71055	0.07816
1031.78198	0.07749
1029.85342	0.07667
1027.92485	0.07574
1025.99629	0.07472
1024.06772	0.07359
1022.13916	0.07242
1020.21060	0.07137
1018.28203	0.07045
1016.35347	0.06949
1014.42490	0.06848
1012.49634	0.06749
1010.56777	0.06649
1008.63921	0.06550
1006.71064	0.06450
1004.78208	0.06354
1002.85352	0.06274
1000.92495	0.06202
998.99639	0.06126
997.06782	0.06051
995.13926	0.05987
993.21069	0.05921
991.28213	0.05837
989.35356	0.05721
987.42500	0.05566
985.49644	0.05394
983.56787	0.05241
981.63931	0.05118
979.71074	0.05015
977.78218	0.04920
975.85361	0.04834
973.92505	0.04761
971.99648	0.04702
970.06792	0.04656
968.13936	0.04612
966.21079	0.04564
964.28223	0.04507
962.35366	0.04431
960.42510	0.04337
958.49653	0.04250
956.56797	0.04186
954.63940	0.04142
952.71084	0.04109
950.78228	0.04084
948.85371	0.04070
946.92515	0.04069
944.99658	0.04071
943.06802	0.04067
941.13945	0.04061
939.21089	0.04056
937.28232	0.04053
935.35376	0.04052
933.42520	0.04053
931.49663	0.04051
929.56807	0.04044
927.63950	0.04038
925.71094	0.04042
923.78237	0.04049
921.85381	0.04060
919.92524	0.04090
917.99668	0.04154
916.06812	0.04259
914.13955	0.04429
912.21099	0.04670
910.28242	0.04917
908.35386	0.05030
906.42529	0.04923
904.49673	0.04668
902.56816	0.04387
900.63960	0.04154
898.71104	0.04003
896.78247	0.03916
894.85391	0.03852
892.92534	0.03796
890.99678	0.03748
889.06821	0.03706
887.13965	0.03665
885.21108	0.03620
883.28252	0.03573
881.35396	0.03526
879.42539	0.03482
877.49683	0.03441
875.56826	0.03404
873.63970	0.03369
871.71113	0.03337
869.78257	0.03315
867.85400	0.03309
865.92544	0.03313
863.99687	0.03321
862.06831	0.03324
860.13975	0.03318
858.21118	0.03312
856.28262	0.03312
854.35405	0.03308
852.42549	0.03295
850.49692	0.03280
848.56836	0.03274
846.63979	0.03276
844.71123	0.03283
842.78267	0.03289
840.85410	0.03289
838.92554	0.03285
836.99697	0.03289
835.06841	0.03310
833.13984	0.03340
831.21128	0.03367
829.28271	0.03389
827.35415	0.03404
825.42559	0.03415
823.49702	0.03438
821.56846	0.03473
819.63989	0.03504
817.71133	0.03521
815.78276	0.03529
813.85420	0.03537
811.92563	0.03537
809.99707	0.03529
808.06851	0.03532
806.13994	0.03551
804.21138	0.03567
802.28281	0.03576
800.35425	0.03583
798.42568	0.03587
796.49712	0.03602
794.56855	0.03632
792.63999	0.03655
790.71143	0.03659
788.78286	0.03656
786.85430	0.03666
784.92573	0.03697
782.99717	0.03739
781.06860	0.03780
779.14004	0.03809
777.21147	0.03819
775.28291	0.03813
773.35435	0.03800
771.42578	0.03783
769.49722	0.03768
767.56865	0.03765
765.64009	0.03770
763.71152	0.03780
761.78296	0.03808
759.85439	0.03846
757.92583	0.03872
755.99727	0.03895
754.06870	0.03934
752.14014	0.03984
750.21157	0.04036
748.28301	0.04098
746.35444	0.04179
744.42588	0.04265
742.49731	0.04360
740.56875	0.04501
738.64019	0.04734
736.71162	0.05167
734.78306	0.06131
732.85449	0.07833
730.92593	0.09541
728.99736	0.10238
727.06880	0.10286
725.14023	0.10851
723.21167	0.12508
721.28311	0.15552
719.35454	0.19042
717.42598	0.21035
715.49741	0.19941
713.56885	0.16425
711.64028	0.12746
709.71172	0.10197
707.78315	0.08639
705.85459	0.07628
703.92603	0.06939
701.99746	0.06451
700.06890	0.06061
698.14033	0.05722
696.21177	0.05425
694.28320	0.05158
692.35464	0.04931
690.42607	0.04763
688.49751	0.04636
686.56895	0.04502
684.64038	0.04364
682.71182	0.04243
680.78325	0.04140
678.85469	0.04059
676.92612	0.03976
674.99756	0.03865
673.06899	0.03852
671.14043	0.04418
669.21187	0.05433
667.28330	0.05234
665.35474	0.04631
663.42617	0.04023
661.49761	0.03872
659.56904	0.03923
657.64048	0.03968
655.71191	0.03960
653.78335	0.03917
651.85479	0.03909
649.92622	0.03927
647.99766	0.03926
646.06909	0.03953
644.14053	0.04062
642.21196	0.04193
640.28340	0.04285
638.35483	0.04373
636.42627	0.04494
634.49771	0.04611
632.56914	0.04692
630.64058	0.04754
628.71201	0.04773
626.78345	0.04746
624.85488	0.04703
622.92632	0.04689
620.99775	0.04677
619.06919	0.04613
617.14062	0.04603
615.21206	0.04691
613.28350	0.04710
611.35493	0.04609
609.42637	0.04500
607.49780	0.04458
605.56924	0.04483
603.64067	0.04538
601.71211	0.04577
599.78354	0.04532
