3997.91411	0.00396
3995.98555	0.00400
3994.05698	0.00406
3992.12842	0.00411
3990.19985	0.00413
3988.27129	0.00413
3986.34272	0.00415
3984.41416	0.00416
3982.48560	0.00413
3980.55703	0.00411
3978.62847	0.00413
3976.69990	0.00419
3974.77134	0.00425
3972.84277	0.00426
3970.91421	0.00428
3968.98564	0.00428
3967.05708	0.00416
3965.12852	0.00403
3963.19995	0.00402
3961.27139	0.00405
3959.34282	0.00404
3957.41426	0.00404
3955.48569	0.00404
3953.55713	0.00400
3951.62856	0.00399
3949.70000	0.00407
3947.77144	0.00413
3945.84287	0.00413
3943.91431	0.00410
3941.98574	0.00406
3940.05718	0.00409
3938.12861	0.00416
3936.20005	0.00416
3934.27148	0.00405
3932.34292	0.00399
3930.41436	0.00405
3928.48579	0.00416
3926.55723	0.00431
3924.62866	0.00443
3922.70010	0.00438
3920.77153	0.00418
3918.84297	0.00403
3916.91440	0.00406
3914.98584	0.00414
3913.05728	0.00414
3911.12871	0.00412
3909.20015	0.00407
3907.27158	0.00394
3905.34302	0.00380
3903.41445	0.00379
3901.48589	0.00398
3899.55732	0.00423
3897.62876	0.00421
3895.70020	0.00389
3893.77163	0.00351
3891.84307	0.00328
3889.91450	0.00321
3887.98594	0.00325
3886.05737	0.00342
3884.12881	0.00355
3882.20024	0.00347
3880.27168	0.00337
3878.34312	0.00332
3876.41455	0.00323
3874.48599	0.00310
3872.55742	0.00292
3870.62886	0.00286
3868.70029	0.00292
3866.77173	0.00284
3864.84316	0.00264
3862.91460	0.00254
3860.98604	0.00245
3859.05747	0.00228
3857.12891	0.00211
3855.20034	0.00218
3853.27178	0.00261
3851.34321	0.00299
3849.41465	0.00297
3847.48608	0.00275
3845.55752	0.00260
3843.62896	0.00248
3841.70039	0.00233
3839.77183	0.00220
3837.84326	0.00224
3835.91470	0.00240
3833.98613	0.00244
3832.05757	0.00239
3830.12900	0.00239
3828.20044	0.00243
3826.27187	0.00243
3824.34331	0.00235
3822.41475	0.00227
3820.48618	0.00227
3818.55762	0.00223
3816.62905	0.00223
3814.70049	0.00247
3812.77192	0.00267
3810.84336	0.00258
3808.91479	0.00241
3806.98623	0.00240
3805.05767	0.00246
3803.12910	0.00245
3801.20054	0.00253
3799.27197	0.00275
3797.34341	0.00293
3795.41484	0.00313
3793.48628	0.00335
3791.55771	0.00349
3789.62915	0.00352
3787.70059	0.00346
3785.77202	0.00338
3783.84346	0.00334
3781.91489	0.00336
3779.98633	0.00340
3778.05776	0.00339
3776.12920	0.00335
3774.20063	0.00330
3772.27207	0.00324
3770.34351	0.00315
3768.41494	0.00309
3766.48638	0.00301
3764.55781	0.00283
3762.62925	0.00254
3760.70068	0.00224
3758.77212	0.00201
3756.84355	0.00177
3754.91499	0.00139
3752.98643	0.00089
3751.05786	0.00059
3749.12930	0.00057
3747.20073	0.00061
3745.27217	0.00079
3743.34360	0.00125
3741.41504	0.00136
3739.48647	0.00096
3737.55791	0.00058
3735.62935	0.00049
3733.70078	0.00060
3731.77222	0.00074
3729.84365	0.00082
3727.91509	0.00084
3725.98652	0.00088
3724.05796	0.00104
3722.12939	0.00120
3720.20083	0.00132
3718.27227	0.00146
3716.34370	0.00152
3714.41514	0.00150
3712.48657	0.00157
3710.55801	0.00174
3708.62944	0.00195
3706.70088	0.00207
3704.77231	0.00212
3702.84375	0.00230
3700.91519	0.00259
3698.98662	0.00277
3697.05806	0.00273
3695.12949	0.00255
3693.20093	0.00235
3691.27236	0.00219
3689.34380	0.00231
3687.41523	0.00272
3685.48667	0.00308
3683.55811	0.00308
3681.62954	0.00287
3679.70098	0.00257
3677.77241	0.00241
3675.84385	0.00267
3673.91528	0.00307
3671.98672	0.00320
3670.05815	0.00343
3668.12959	0.00389
3666.20103	0.00415
3664.27246	0.00419
3662.34390	0.00425
3660.41533	0.00436
3658.48677	0.00446
3656.55820	0.00463
3654.62964	0.00480
3652.70107	0.00482
3650.77251	0.00474
3648.84395	0.00483
3646.91538	0.00520
3644.98682	0.00554
3643.05825	0.00577
3641.12969	0.00595
3639.20112	0.00604
3637.27256	0.00603
3635.34399	0.00602
3633.41543	0.00608
3631.48687	0.00618
3629.55830	0.00644
3627.62974	0.00688
3625.70117	0.00722
3623.77261	0.00742
3621.84404	0.00772
3619.91548	0.00810
3617.98691	0.00841
3616.05835	0.00863
3614.12979	0.00887
3612.20122	0.00923
3610.27266	0.00959
3608.34409	0.00993
3606.41553	0.01021
3604.48696	0.01036
3602.55840	0.01048
3600.62983	0.01070
3598.70127	0.01096
3596.77271	0.01120
3594.84414	0.01146
3592.91558	0.01170
3590.98701	0.01175
3589.05845	0.01181
3587.12988	0.01211
3585.20132	0.01248
3583.27275	0.01279
3581.34419	0.01309
3579.41562	0.01337
3577.48706	0.01361
3575.55850	0.01385
3573.62993	0.01407
3571.70137	0.01424
3569.77280	0.01450
3567.84424	0.01499
3565.91567	0.01555
3563.98711	0.01587
3562.05854	0.01597
3560.12998	0.01607
3558.20142	0.01629
3556.27285	0.01663
3554.34429	0.01705
3552.41572	0.01745
3550.48716	0.01774
3548.55859	0.01792
3546.63003	0.01810
3544.70146	0.01831
3542.77290	0.01856
3540.84434	0.01897
3538.91577	0.01954
3536.98721	0.02000
3535.05864	0.02022
3533.13008	0.02040
3531.20151	0.02066
3529.27295	0.02093
3527.34438	0.02118
3525.41582	0.02151
3523.48726	0.02188
3521.55869	0.02212
3519.63013	0.02225
3517.70156	0.02240
3515.77300	0.02257
3513.84443	0.02274
3511.91587	0.02294
3509.98730	0.02318
3508.05874	0.02345
3506.13018	0.02385
3504.20161	0.02434
3502.27305	0.02464
3500.34448	0.02467
3498.41592	0.02456
3496.48735	0.02451
3494.55879	0.02471
3492.63022	0.02509
3490.70166	0.02547
3488.77310	0.02574
3486.84453	0.02588
3484.91597	0.02607
3482.98740	0.02638
3481.05884	0.02655
3479.13027	0.02654
3477.20171	0.02663
3475.27314	0.02690
3473.34458	0.02717
3471.41602	0.02738
3469.48745	0.02770
3467.55889	0.02807
3465.63032	0.02831
3463.70176	0.02843
3461.77319	0.02858
3459.84463	0.02883
3457.91606	0.02908
3455.98750	0.02926
3454.05894	0.02945
3452.13037	0.02964
3450.20181	0.02979
3448.27324	0.02992
3446.34468	0.03005
3444.41611	0.03023
3442.48755	0.03037
3440.55898	0.03041
3438.63042	0.03047
3436.70186	0.03071
3434.77329	0.03103
3432.84473	0.03116
3430.91616	0.03110
3428.98760	0.03112
3427.05903	0.03136
3425.13047	0.03164
3423.20190	0.03178
3421.27334	0.03186
3419.34478	0.03198
3417.41621	0.03207
3415.48765	0.03220
3413.55908	0.03248
3411.63052	0.03275
3409.70195	0.03283
3407.77339	0.03284
3405.84482	0.03293
3403.91626	0.03302
3401.98770	0.03311
3400.05913	0.03301
3398.13057	0.03251
3396.20200	0.03250
3394.27344	0.03264
3392.34487	0.03266
3390.41631	0.03272
3388.48774	0.03296
3386.55918	0.03331
3384.63062	0.03348
3382.70205	0.03334
3380.77349	0.03315
3378.84492	0.03309
3376.91636	0.03304
3374.98779	0.03294
3373.05923	0.03292
3371.13066	0.03299
3369.20210	0.03299
3367.27354	0.03290
3365.34497	0.03289
3363.41641	0.03290
3361.48784	0.03290
3359.55928	0.03302
3357.63071	0.03325
3355.70215	0.03345
3353.77358	0.03352
3351.84502	0.03341
3349.91646	0.03326
3347.98789	0.03322
3346.05933	0.03324
3344.13076	0.03325
3342.20220	0.03320
3340.27363	0.03322
3338.34507	0.03334
3336.41650	0.03337
3334.48794	0.03334
3332.55937	0.03341
3330.63081	0.03350
3328.70225	0.03353
3326.77368	0.03359
3324.84512	0.03368
3322.91655	0.03375
3320.98799	0.03383
3319.05942	0.03390
3317.13086	0.03388
3315.20229	0.03383
3313.27373	0.03391
3311.34517	0.03401
3309.41660	0.03395
3307.48804	0.03391
3305.55947	0.03401
3303.63091	0.03403
3301.70234	0.03386
3299.77378	0.03379
3297.84521	0.03394
3295.91665	0.03405
3293.98809	0.03391
3292.05952	0.03371
3290.13096	0.03373
3288.20239	0.03389
3286.27383	0.03389
3284.34526	0.03375
3282.41670	0.03362
3280.48813	0.03348
3278.55957	0.03319
3276.63101	0.03278
3274.70244	0.03248
3272.77388	0.03243
3270.84531	0.03239
3268.91675	0.03219
3266.98818	0.03192
3265.05962	0.03173
3263.13105	0.03154
3261.20249	0.03129
3259.27393	0.03107
3257.34536	0.03081
3255.41680	0.03038
3253.48823	0.02998
3251.55967	0.02982
3249.63110	0.02987
3247.70254	0.02991
3245.77397	0.02984
3243.84541	0.02963
3241.91685	0.02928
3239.98828	0.02893
3238.05972	0.02859
3236.13115	0.02820
3234.20259	0.02780
3232.27402	0.02748
3230.34546	0.02724
3228.41689	0.02712
3226.48833	0.02712
3224.55977	0.02709
3222.63120	0.02691
3220.70264	0.02669
3218.77407	0.02645
3216.84551	0.02629
3214.91694	0.02625
3212.98838	0.02620
3211.05981	0.02594
3209.13125	0.02554
3207.20269	0.02511
3205.27412	0.02483
3203.34556	0.02482
3201.41699	0.02481
3199.48843	0.02455
3197.55986	0.02415
3195.63130	0.02387
3193.70273	0.02376
3191.77417	0.02373
3189.84561	0.02355
3187.91704	0.02322
3185.98848	0.02295
3184.05991	0.02283
3182.13135	0.02268
3180.20278	0.02232
3178.27422	0.02193
3176.34565	0.02168
3174.41709	0.02142
3172.48853	0.02114
3170.55996	0.02095
3168.63140	0.02068
3166.70283	0.02030
3164.77427	0.02004
3162.84570	0.01997
3160.91714	0.01995
3158.98857	0.01979
3157.06001	0.01952
3155.13145	0.01928
3153.20288	0.01910
3151.27432	0.01888
3149.34575	0.01859
3147.41719	0.01826
3145.48862	0.01800
3143.56006	0.01792
3141.63149	0.01794
3139.70293	0.01784
3137.77437	0.01763
3135.84580	0.01739
3133.91724	0.01715
3131.98867	0.01690
3130.06011	0.01674
3128.13154	0.01666
3126.20298	0.01658
3124.27441	0.01640
3122.34585	0.01617
3120.41729	0.01601
3118.48872	0.01592
3116.56016	0.01582
3114.63159	0.01571
3112.70303	0.01569
3110.77446	0.01577
3108.84590	0.01581
3106.91733	0.01576
3104.98877	0.01573
3103.06021	0.01575
3101.13164	0.01563
3099.20308	0.01530
3097.27451	0.01502
3095.34595	0.01502
3093.41738	0.01507
3091.48882	0.01502
3089.56025	0.01499
3087.63169	0.01502
3085.70312	0.01492
3083.77456	0.01466
3081.84600	0.01437
3079.91743	0.01419
3077.98887	0.01425
3076.06030	0.01445
3074.13174	0.01460
3072.20317	0.01462
3070.27461	0.01452
3068.34604	0.01427
3066.41748	0.01392
3064.48892	0.01368
3062.56035	0.01353
3060.63179	0.01333
3058.70322	0.01309
3056.77466	0.01293
3054.84609	0.01290
3052.91753	0.01285
3050.98896	0.01267
3049.06040	0.01244
3047.13184	0.01225
3045.20327	0.01211
3043.27471	0.01202
3041.34614	0.01195
3039.41758	0.01186
3037.48901	0.01172
3035.56045	0.01157
3033.63188	0.01143
3031.70332	0.01127
3029.77476	0.01107
3027.84619	0.01082
3025.91763	0.01058
3023.98906	0.01049
3022.06050	0.01054
3020.13193	0.01047
3018.20337	0.01017
3016.27480	0.00995
3014.34624	0.00999
3012.41768	0.01010
3010.48911	0.01008
3008.56055	0.01003
3006.63198	0.01012
3004.70342	0.01031
3002.77485	0.01048
3000.84629	0.01054
2998.91772	0.01063
2996.98916	0.01088
2995.06060	0.01125
2993.13203	0.01160
2991.20347	0.01202
2989.27490	0.01260
2987.34634	0.01329
2985.41777	0.01401
2983.48921	0.01482
2981.56064	0.01586
2979.63208	0.01710
2977.70352	0.01848
2975.77495	0.02007
2973.84639	0.02185
2971.91782	0.02379
2969.98926	0.02599
2968.06069	0.02846
2966.13213	0.03096
2964.20356	0.03314
2962.27500	0.03489
2960.34644	0.03633
2958.41787	0.03767
2956.48931	0.03898
2954.56074	0.04028
2952.63218	0.04187
2950.70361	0.04423
2948.77505	0.04770
2946.84648	0.05241
2944.91792	0.05837
2942.98936	0.06576
2941.06079	0.07468
2939.13223	0.08500
2937.20366	0.09673
2935.27510	0.11013
2933.34653	0.12543
2931.41797	0.14283
2929.48940	0.16259
2927.56084	0.18529
2925.63228	0.21184
2923.70371	0.24289
2921.77515	0.27788
2919.84658	0.31436
2917.91802	0.34709
2915.98945	0.36804
2914.06089	0.37097
2912.13232	0.35718
2910.20376	0.33402
2908.27520	0.30862
2906.34663	0.28536
2904.41807	0.26600
2902.48950	0.25025
2900.56094	0.23709
2898.63237	0.22568
2896.70381	0.21530
2894.77524	0.20535
2892.84668	0.19540
2890.91812	0.18527
2888.98955	0.17519
2887.06099	0.16536
2885.13242	0.15576
2883.20386	0.14641
2881.27529	0.13746
2879.34673	0.12898
2877.41816	0.12102
2875.48960	0.11377
2873.56104	0.10755
2871.63247	0.10264
2869.70391	0.09919
2867.77534	0.09752
2865.84678	0.09833
2863.91821	0.10245
2861.98965	0.11071
2860.06108	0.12427
2858.13252	0.14464
2856.20396	0.17392
2854.27539	0.21484
2852.34683	0.26772
2850.41826	0.32294
2848.48970	0.35721
2846.56113	0.35150
2844.63257	0.31402
2842.70400	0.26716
2840.77544	0.22505
2838.84687	0.19168
2836.91831	0.16642
2834.98975	0.14740
2833.06118	0.13287
2831.13262	0.12154
2829.20405	0.11254
2827.27549	0.10522
2825.34692	0.09904
2823.41836	0.09374
2821.48979	0.08925
2819.56123	0.08545
2817.63267	0.08207
2815.70410	0.07901
2813.77554	0.07636
2811.84697	0.07398
2809.91841	0.07169
2807.98984	0.06950
2806.06128	0.06752
2804.13271	0.06581
2802.20415	0.06434
2800.27559	0.06294
2798.34702	0.06154
2796.41846	0.06017
2794.48989	0.05876
2792.56133	0.05736
2790.63276	0.05611
2788.70420	0.05506
2786.77563	0.05406
2784.84707	0.05309
2782.91851	0.05213
2780.98994	0.05108
2779.06138	0.04989
2777.13281	0.04879
2775.20425	0.04793
2773.27568	0.04727
2771.34712	0.04666
2769.41855	0.04600
2767.48999	0.04536
2765.56143	0.04486
2763.63286	0.04439
2761.70430	0.04384
2759.77573	0.04327
2757.84717	0.04278
2755.91860	0.04236
2753.99004	0.04191
2752.06147	0.04143
2750.13291	0.04106
2748.20435	0.04079
2746.27578	0.04053
2744.34722	0.04024
2742.41865	0.03996
2740.49009	0.03973
2738.56152	0.03953
2736.63296	0.03926
2734.70439	0.03893
2732.77583	0.03860
2730.84727	0.03827
2728.91870	0.03795
2726.99014	0.03767
2725.06157	0.03744
2723.13301	0.03721
2721.20444	0.03691
2719.27588	0.03655
2717.34731	0.03619
2715.41875	0.03587
2713.49019	0.03560
2711.56162	0.03536
2709.63306	0.03512
2707.70449	0.03492
2705.77593	0.03476
2703.84736	0.03455
2701.91880	0.03431
2699.99023	0.03410
2698.06167	0.03391
2696.13311	0.03368
2694.20454	0.03347
2692.27598	0.03334
2690.34741	0.03328
2688.41885	0.03325
2686.49028	0.03318
2684.56172	0.03308
2682.63315	0.03298
2680.70459	0.03284
2678.77603	0.03271
2676.84746	0.03266
2674.91890	0.03265
2672.99033	0.03268
2671.06177	0.03273
2669.13320	0.03271
2667.20464	0.03266
2665.27607	0.03271
2663.34751	0.03287
2661.41895	0.03305
2659.49038	0.03322
2657.56182	0.03331
2655.63325	0.03321
2653.70469	0.03295
2651.77612	0.03270
2649.84756	0.03258
2647.91899	0.03252
2645.99043	0.03243
2644.06187	0.03234
2642.13330	0.03233
2640.20474	0.03231
2638.27617	0.03220
2636.34761	0.03206
2634.41904	0.03195
2632.49048	0.03180
2630.56191	0.03150
2628.63335	0.03116
2626.70479	0.03086
2624.77622	0.03057
2622.84766	0.03022
2620.91909	0.02986
2618.99053	0.02955
2617.06196	0.02931
2615.13340	0.02914
2613.20483	0.02893
2611.27627	0.02862
2609.34771	0.02830
2607.41914	0.02806
2605.49058	0.02782
2603.56201	0.02752
2601.63345	0.02720
2599.70488	0.02689
2597.77632	0.02667
2595.84775	0.02658
2593.91919	0.02648
2591.99062	0.02628
2590.06206	0.02600
2588.13350	0.02572
2586.20493	0.02549
2584.27637	0.02531
2582.34780	0.02508
2580.41924	0.02480
2578.49067	0.02461
2576.56211	0.02447
2574.63354	0.02428
2572.70498	0.02411
2570.77642	0.02403
2568.84785	0.02393
2566.91929	0.02375
2564.99072	0.02356
2563.06216	0.02346
2561.13359	0.02335
2559.20503	0.02308
2557.27646	0.02272
2555.34790	0.02254
2553.41934	0.02255
2551.49077	0.02249
2549.56221	0.02231
2547.63364	0.02219
2545.70508	0.02212
2543.77651	0.02194
2541.84795	0.02165
2539.91938	0.02142
2537.99082	0.02134
2536.06226	0.02130
2534.13369	0.02124
2532.20513	0.02121
2530.27656	0.02118
2528.34800	0.02106
2526.41943	0.02089
2524.49087	0.02077
2522.56230	0.02071
2520.63374	0.02066
2518.70518	0.02051
2516.77661	0.02025
2514.84805	0.02013
2512.91948	0.02016
2510.99092	0.02016
2509.06235	0.02002
2507.13379	0.01981
2505.20522	0.01959
2503.27666	0.01941
2501.34810	0.01933
2499.41953	0.01935
2497.49097	0.01944
2495.56240	0.01948
2493.63384	0.01935
2491.70527	0.01916
2489.77671	0.01913
2487.84814	0.01922
2485.91958	0.01923
2483.99102	0.01906
2482.06245	0.01894
2480.13389	0.01900
2478.20532	0.01901
2476.27676	0.01887
2474.34819	0.01875
2472.41963	0.01870
2470.49106	0.01861
2468.56250	0.01844
2466.63394	0.01824
2464.70537	0.01814
2462.77681	0.01819
2460.84824	0.01825
2458.91968	0.01829
2456.99111	0.01840
2455.06255	0.01844
2453.13398	0.01834
2451.20542	0.01822
2449.27686	0.01811
2447.34829	0.01802
2445.41973	0.01796
2443.49116	0.01797
2441.56260	0.01806
2439.63403	0.01810
2437.70547	0.01797
2435.77690	0.01772
2433.84834	0.01749
2431.91978	0.01739
2429.99121	0.01735
2428.06265	0.01729
2426.13408	0.01719
2424.20552	0.01721
2422.27695	0.01738
2420.34839	0.01749
2418.41982	0.01745
2416.49126	0.01733
2414.56270	0.01720
2412.63413	0.01715
2410.70557	0.01715
2408.77700	0.01712
2406.84844	0.01701
2404.91987	0.01687
2402.99131	0.01672
2401.06274	0.01666
2399.13418	0.01889
2397.20562	0.01920
2395.27705	0.01823
2393.34849	0.01712
2391.41992	0.01598
2389.49136	0.01474
2387.56279	0.01339
2385.63423	0.01197
2383.70566	0.01064
2381.77710	0.00967
2379.84854	0.00931
2377.91997	0.00970
2375.99141	0.01059
2374.06284	0.01151
2372.13428	0.01194
2370.20571	0.01169
2368.27715	0.01181
2366.34858	0.01192
2364.42002	0.01106
2362.49146	0.01130
2360.56289	0.01063
2358.63433	0.00924
2356.70576	0.01115
2354.77720	0.00837
2352.84863	0.00465
2350.92007	0.00263
2348.99150	0.00173
2347.06294	0.00536
2345.13437	0.01016
2343.20581	0.01033
2341.27725	0.00629
2339.34868	0.00487
2337.42012	0.00692
2335.49155	0.01080
2333.56299	0.01342
2331.63442	0.01376
2329.70586	0.01301
2327.77729	0.01225
2325.84873	0.01349
2323.92017	0.01589
2321.99160	0.01734
2320.06304	0.01779
2318.13447	0.01744
2316.20591	0.01672
2314.27734	0.01605
2312.34878	0.01540
2310.42021	0.01481
2308.49165	0.01449
2306.56309	0.01440
2304.63452	0.01460
2302.70596	0.01498
2300.77739	0.01528
2298.84883	0.01556
2296.92026	0.01594
2294.99170	0.01644
2293.06313	0.01699
2291.13457	0.01766
2289.20601	0.01838
2287.27744	0.01920
2285.34888	0.01994
2283.42031	0.02023
2281.49175	0.02018
2279.56318	0.02000
2277.63462	0.01967
2275.70605	0.01924
2273.77749	0.01885
2271.84893	0.01857
2269.92036	0.01825
2267.99180	0.01781
2266.06323	0.01725
2264.13467	0.01669
2262.20610	0.01627
2260.27754	0.01614
2258.34897	0.01608
2256.42041	0.01576
2254.49185	0.01521
2252.56328	0.01445
2250.63472	0.01400
2248.70615	0.01550
2246.77759	0.01590
2244.84902	0.01616
2242.92046	0.01607
2240.99189	0.01585
2239.06333	0.01574
2237.13477	0.01575
2235.20620	0.01573
2233.27764	0.01570
2231.34907	0.01580
2229.42051	0.01594
2227.49194	0.01589
2225.56338	0.01578
2223.63481	0.01580
2221.70625	0.01587
2219.77769	0.01575
2217.84912	0.01548
2215.92056	0.01530
2213.99199	0.01518
2212.06343	0.01509
2210.13486	0.01518
2208.20630	0.01549
2206.27773	0.01566
2204.34917	0.01536
2202.42061	0.01493
2200.49204	0.01493
2198.56348	0.01525
2196.63491	0.01538
2194.70635	0.01523
2192.77778	0.01522
2190.84922	0.01546
2188.92065	0.01573
2186.99209	0.01597
2185.06353	0.01585
2183.13496	0.01485
2181.20640	0.01378
2179.27783	0.01364
2177.34927	0.01361
2175.42070	0.01322
2173.49214	0.01344
2171.56357	0.01454
2169.63501	0.01590
2167.70645	0.01705
2165.77788	0.01766
2163.84932	0.01773
2161.92075	0.01636
2159.99219	0.01217
2158.06362	0.00769
2156.13506	0.00654
2154.20649	0.00770
2152.27793	0.00909
2150.34937	0.00993
2148.42080	0.00999
2146.49224	0.00955
2144.56367	0.00916
2142.63511	0.00910
2140.70654	0.00937
2138.77798	0.00971
2136.84941	0.00950
2134.92085	0.00877
2132.99229	0.00861
2131.06372	0.00925
2129.13516	0.01004
2127.20659	0.01091
2125.27803	0.01188
2123.34946	0.01250
2121.42090	0.01264
2119.49233	0.01278
2117.56377	0.01330
2115.63521	0.01395
2113.70664	0.01429
2111.77808	0.01437
2109.84951	0.01434
2107.92095	0.01416
2105.99238	0.01395
2104.06382	0.01396
2102.13525	0.01417
2100.20669	0.01440
2098.27812	0.01447
2096.34956	0.01369
2094.42100	0.01287
2092.49243	0.01296
2090.56387	0.01361
2088.63530	0.01408
2086.70674	0.01435
2084.77817	0.01458
2082.84961	0.01485
2080.92104	0.01509
2078.99248	0.01534
2077.06392	0.01561
2075.13535	0.01574
2073.20679	0.01568
2071.27822	0.01560
2069.34966	0.01565
2067.42109	0.01570
2065.49253	0.01557
2063.56396	0.01534
2061.63540	0.01515
2059.70684	0.01509
2057.77827	0.01504
2055.84971	0.01489
2053.92114	0.01547
2051.99258	0.01729
2050.06401	0.01863
2048.13545	0.01801
2046.20688	0.01674
2044.27832	0.01624
2042.34976	0.01637
2040.42119	0.01673
2038.49263	0.01727
2036.56406	0.01763
2034.63550	0.01717
2032.70693	0.01610
2030.77837	0.01530
2028.84980	0.01501
2026.92124	0.01493
2024.99268	0.01495
2023.06411	0.01512
2021.13555	0.01524
2019.20698	0.01497
2017.27842	0.01446
2015.34985	0.01419
2013.42129	0.01430
2011.49272	0.01467
2009.56416	0.01484
2007.63560	0.01403
2005.70703	0.01244
2003.77847	0.01149
2001.84990	0.01174
1999.92134	0.01236
1997.99277	0.01271
1996.06421	0.01287
1994.13564	0.01304
1992.20708	0.01315
1990.27852	0.01327
1988.34995	0.01350
1986.42139	0.01384
1984.49282	0.01461
1982.56426	0.01654
1980.63569	0.01884
1978.70713	0.01898
1976.77856	0.01664
1974.85000	0.01438
1972.92144	0.01342
1970.99287	0.01306
1969.06431	0.01282
1967.13574	0.01279
1965.20718	0.01288
1963.27861	0.01264
1961.35005	0.01185
1959.42148	0.01079
1957.49292	0.01022
1955.56436	0.01050
1953.63579	0.01113
1951.70723	0.01147
1949.77866	0.01151
1947.85010	0.01157
1945.92153	0.01184
1943.99297	0.01219
1942.06440	0.01229
1940.13584	0.01214
1938.20728	0.01212
1936.27871	0.01239
1934.35015	0.01274
1932.42158	0.01300
1930.49302	0.01316
1928.56445	0.01318
1926.63589	0.01301
1924.70732	0.01285
1922.77876	0.01286
1920.85020	0.01298
1918.92163	0.01308
1916.99307	0.01321
1915.06450	0.01343
1913.13594	0.01375
1911.20737	0.01404
1909.27881	0.01422
1907.35024	0.01431
1905.42168	0.01442
1903.49312	0.01453
1901.56455	0.01463
1899.63599	0.01465
1897.70742	0.01459
1895.77886	0.01450
1893.85029	0.01444
1891.92173	0.01451
1889.99316	0.01462
1888.06460	0.01453
1886.13604	0.01428
1884.20747	0.01416
1882.27891	0.01420
1880.35034	0.01425
1878.42178	0.01426
1876.49321	0.01423
1874.56465	0.01417
1872.63608	0.01407
1870.70752	0.01403
1868.77896	0.01409
1866.85039	0.01411
1864.92183	0.01407
1862.99326	0.01404
1861.06470	0.01404
1859.13613	0.01405
1857.20757	0.01406
1855.27900	0.01400
1853.35044	0.01391
1851.42187	0.01393
1849.49331	0.01401
1847.56475	0.01395
1845.63618	0.01381
1843.70762	0.01382
1841.77905	0.01394
1839.85049	0.01398
1837.92192	0.01398
1835.99336	0.01404
1834.06479	0.01415
1832.13623	0.01425
1830.20767	0.01433
1828.27910	0.01454
1826.35054	0.01496
1824.42197	0.01541
1822.49341	0.01563
1820.56484	0.01556
1818.63628	0.01524
1816.70771	0.01485
1814.77915	0.01467
1812.85059	0.01480
1810.92202	0.01505
1808.99346	0.01521
1807.06489	0.01528
1805.13633	0.01531
1803.20776	0.01539
1801.27920	0.01563
1799.35063	0.01600
1797.42207	0.01633
1795.49351	0.01657
1793.56494	0.01687
1791.63638	0.01728
1789.70781	0.01769
1787.77925	0.01802
1785.85068	0.01834
1783.92212	0.01870
1781.99355	0.01908
1780.06499	0.01931
1778.13643	0.01932
1776.20786	0.01917
1774.27930	0.01907
1772.35073	0.01923
1770.42217	0.01953
1768.49360	0.01974
1766.56504	0.01988
1764.63647	0.01999
1762.70791	0.02013
1760.77935	0.02031
1758.85078	0.02056
1756.92222	0.02095
1754.99365	0.02147
1753.06509	0.02211
1751.13652	0.02300
1749.20796	0.02409
1747.27939	0.02512
1745.35083	0.02609
1743.42227	0.02706
1741.49370	0.02800
1739.56514	0.02885
1737.63657	0.02954
1735.70801	0.03014
1733.77944	0.03082
1731.85088	0.03151
1729.92231	0.03213
1727.99375	0.03292
1726.06519	0.03423
1724.13662	0.03594
1722.20806	0.03756
1720.27949	0.03889
1718.35093	0.04020
1716.42236	0.04169
1714.49380	0.04309
1712.56523	0.04400
1710.63667	0.04440
1708.70811	0.04436
1706.77954	0.04398
1704.85098	0.04342
1702.92241	0.04284
1700.99385	0.04232
1699.06528	0.04188
1697.13672	0.04153
1695.20815	0.04121
1693.27959	0.04087
1691.35103	0.04060
1689.42246	0.04057
1687.49390	0.04072
1685.56533	0.04113
1683.63677	0.04193
1681.70820	0.04275
1679.77964	0.04340
1677.85107	0.04408
1675.92251	0.04496
1673.99395	0.04584
1672.06538	0.04660
1670.13682	0.04744
1668.20825	0.04832
1666.27969	0.04904
1664.35112	0.04975
1662.42256	0.05058
1660.49399	0.05131
1658.56543	0.05185
1656.63687	0.05242
1654.70830	0.05324
1652.77974	0.05443
1650.85117	0.05557
1648.92261	0.05639
1646.99404	0.05711
1645.06548	0.05755
1643.13691	0.05742
1641.20835	0.05686
1639.27979	0.05616
1637.35122	0.05546
1635.42266	0.05488
1633.49409	0.05446
1631.56553	0.05404
1629.63696	0.05352
1627.70840	0.05293
1625.77983	0.05232
1623.85127	0.05177
1621.92271	0.05116
1619.99414	0.05045
1618.06558	0.04977
1616.13701	0.04923
1614.20845	0.04878
1612.27988	0.04834
1610.35132	0.04801
1608.42275	0.04781
1606.49419	0.04765
1604.56562	0.04753
1602.63706	0.04749
1600.70850	0.04754
1598.77993	0.04763
1596.85137	0.04773
1594.92280	0.04781
1592.99424	0.04792
1591.06567	0.04814
1589.13711	0.04854
1587.20854	0.04906
1585.27998	0.04962
1583.35142	0.05017
1581.42285	0.05063
1579.49429	0.05088
1577.56572	0.05099
1575.63716	0.05105
1573.70859	0.05094
1571.78003	0.05063
1569.85146	0.05024
1567.92290	0.04988
1565.99434	0.04957
1564.06577	0.04936
1562.13721	0.04930
1560.20864	0.04946
1558.28008	0.04974
1556.35151	0.04985
1554.42295	0.04993
1552.49438	0.05024
1550.56582	0.05069
1548.63726	0.05100
1546.70869	0.05108
1544.78013	0.05090
1542.85156	0.05020
1540.92300	0.04893
1538.99443	0.04736
1537.06587	0.04585
1535.13730	0.04443
1533.20874	0.04294
1531.28018	0.04143
1529.35161	0.04008
1527.42305	0.03881
1525.49448	0.03752
1523.56592	0.03629
1521.63735	0.03525
1519.70879	0.03442
1517.78022	0.03378
1515.85166	0.03309
1513.92310	0.03233
1511.99453	0.03165
1510.06597	0.03108
1508.13740	0.03044
1506.20884	0.02972
1504.28027	0.02912
1502.35171	0.02869
1500.42314	0.02835
1498.49458	0.02808
1496.56602	0.02792
1494.63745	0.02784
1492.70889	0.02785
1490.78032	0.02796
1488.85176	0.02821
1486.92319	0.02868
1484.99463	0.02946
1483.06606	0.03085
1481.13750	0.03374
1479.20894	0.04120
1477.28037	0.06020
1475.35181	0.09669
1473.42324	0.14191
1471.49468	0.17035
1469.56611	0.17064
1467.63755	0.15944
1465.70898	0.15356
1463.78042	0.15416
1461.85186	0.15192
1459.92329	0.14084
1457.99473	0.12397
1456.06616	0.10880
1454.13760	0.09895
1452.20903	0.09221
1450.28047	0.08676
1448.35190	0.08250
1446.42334	0.07942
1444.49478	0.07717
1442.56621	0.07541
1440.63765	0.07397
1438.70908	0.07269
1436.78052	0.07123
1434.85195	0.06937
1432.92339	0.06725
1430.99482	0.06506
1429.06626	0.06294
1427.13770	0.06108
1425.20913	0.05965
1423.28057	0.05865
1421.35200	0.05805
1419.42344	0.05775
1417.49487	0.05760
1415.56631	0.05747
1413.63774	0.05736
1411.70918	0.05715
1409.78062	0.05666
1407.85205	0.05588
1405.92349	0.05484
1403.99492	0.05352
1402.06636	0.05206
1400.13779	0.05064
1398.20923	0.04935
1396.28066	0.04821
1394.35210	0.04724
1392.42354	0.04651
1390.49497	0.04617
1388.56641	0.04632
1386.63784	0.04704
1384.70928	0.04840
1382.78071	0.05048
1380.85215	0.05285
1378.92358	0.05448
1376.99502	0.05466
1375.06646	0.05381
1373.13789	0.05287
1371.20933	0.05228
1369.28076	0.05184
1367.35220	0.05123
1365.42363	0.05041
1363.49507	0.04953
1361.56650	0.04870
1359.63794	0.04813
1357.70937	0.04787
1355.78081	0.04779
1353.85225	0.04776
1351.92368	0.04767
1349.99512	0.04744
1348.06655	0.04706
1346.13799	0.04662
1344.20942	0.04619
1342.28086	0.04579
1340.35229	0.04531
1338.42373	0.04466
1336.49517	0.04393
1334.56660	0.04333
1332.63804	0.04295
1330.70947	0.04276
1328.78091	0.04276
1326.85234	0.04296
1324.92378	0.04334
1322.99521	0.04380
1321.06665	0.04428
1319.13809	0.04477
1317.20952	0.04530
1315.28096	0.04585
1313.35239	0.04636
1311.42383	0.04678
1309.49526	0.04716
1307.56670	0.04751
1305.63813	0.04782
1303.70957	0.04813
1301.78101	0.04846
1299.85244	0.04875
1297.92388	0.04899
1295.99531	0.04920
1294.06675	0.04936
1292.13818	0.04945
1290.20962	0.04953
1288.28105	0.04969
1286.35249	0.04995
1284.42393	0.05030
1282.49536	0.05073
1280.56680	0.05117
1278.63823	0.05159
1276.70967	0.05200
1274.78110	0.05233
1272.85254	0.05261
1270.92397	0.05295
1268.99541	0.05334
1267.06685	0.05368
1265.13828	0.05392
1263.20972	0.05408
1261.28115	0.05413
1259.35259	0.05406
1257.42402	0.05394
1255.49546	0.05382
1253.56689	0.05375
1251.63833	0.05374
1249.70977	0.05367
1247.78120	0.05352
1245.85264	0.05338
1243.92407	0.05332
1241.99551	0.05330
1240.06694	0.05326
1238.13838	0.05319
1236.20981	0.05307
1234.28125	0.05287
1232.35269	0.05267
1230.42412	0.05248
1228.49556	0.05230
1226.56699	0.05219
1224.63843	0.05214
1222.70986	0.05201
1220.78130	0.05166
1218.85273	0.05111
1216.92417	0.05060
1214.99561	0.05035
1213.06704	0.05026
1211.13848	0.05014
1209.20991	0.04993
1207.28135	0.04970
1205.35278	0.04953
1203.42422	0.04948
1201.49565	0.04952
1199.56709	0.04964
1197.63853	0.04966
1195.70996	0.04964
1193.78140	0.04955
1191.85283	0.04940
1189.92427	0.04927
1187.99570	0.04930
1186.06714	0.04950
1184.13857	0.04977
1182.21001	0.05003
1180.28145	0.05040
1178.35288	0.05092
1176.42432	0.05144
1174.49575	0.05190
1172.56719	0.05239
1170.63862	0.05289
1168.71006	0.05332
1166.78149	0.05371
1164.85293	0.05409
1162.92437	0.05441
1160.99580	0.05462
1159.06724	0.05479
1157.13867	0.05498
1155.21011	0.05511
1153.28154	0.05502
1151.35298	0.05475
1149.42441	0.05451
1147.49585	0.05435
1145.56729	0.05416
1143.63872	0.05403
1141.71016	0.05406
1139.78159	0.05420
1137.85303	0.05441
1135.92446	0.05468
1133.99590	0.05498
1132.06733	0.05532
1130.13877	0.05566
1128.21021	0.05590
1126.28164	0.05610
1124.35308	0.05646
1122.42451	0.05696
1120.49595	0.05741
1118.56738	0.05782
1116.63882	0.05836
1114.71025	0.05898
1112.78169	0.05950
1110.85312	0.05990
1108.92456	0.06024
1106.99600	0.06056
1105.06743	0.06095
1103.13887	0.06141
1101.21030	0.06193
1099.28174	0.06250
1097.35317	0.06307
1095.42461	0.06361
1093.49604	0.06413
1091.56748	0.06467
1089.63892	0.06527
1087.71035	0.06585
1085.78179	0.06635
1083.85322	0.06677
1081.92466	0.06720
1079.99609	0.06758
1078.06753	0.06776
1076.13896	0.06785
1074.21040	0.06797
1072.28184	0.06799
1070.35327	0.06784
1068.42471	0.06775
1066.49614	0.06786
1064.56758	0.06799
1062.63901	0.06800
1060.71045	0.06803
1058.78188	0.06815
1056.85332	0.06829
1054.92476	0.06846
1052.99619	0.06871
1051.06763	0.06904
1049.13906	0.06928
1047.21050	0.06928
1045.28193	0.06904
1043.35337	0.06866
1041.42480	0.06821
1039.49624	0.06770
1037.56768	0.06709
1035.63911	0.06653
1033.71055	0.06606
1031.78198	0.06553
1029.85342	0.06487
1027.92485	0.06422
1025.99629	0.06360
1024.06772	0.06291
1022.13916	0.06215
1020.21060	0.06135
1018.28203	0.06042
1016.35347	0.05932
1014.42490	0.05808
1012.49634	0.05680
1010.56777	0.05559
1008.63921	0.05444
1006.71064	0.05329
1004.78208	0.05218
1002.85352	0.05129
1000.92495	0.05065
998.99639	0.05007
997.06782	0.04948
995.13926	0.04896
993.21069	0.04844
991.28213	0.04776
989.35356	0.04686
987.42500	0.04584
985.49644	0.04492
983.56787	0.04419
981.63931	0.04350
979.71074	0.04279
977.78218	0.04219
975.85361	0.04167
973.92505	0.04118
971.99648	0.04081
970.06792	0.04060
968.13936	0.04042
966.21079	0.04020
964.28223	0.03991
962.35366	0.03957
960.42510	0.03919
958.49653	0.03875
956.56797	0.03833
954.63940	0.03806
952.71084	0.03792
950.78228	0.03773
948.85371	0.03755
946.92515	0.03760
944.99658	0.03776
943.06802	0.03776
941.13945	0.03752
939.21089	0.03714
937.28232	0.03677
935.35376	0.03645
933.42520	0.03610
931.49663	0.03571
929.56807	0.03543
927.63950	0.03531
925.71094	0.03512
923.78237	0.03485
921.85381	0.03474
919.92524	0.03483
917.99668	0.03503
916.06812	0.03541
914.13955	0.03615
912.21099	0.03727
910.28242	0.03836
908.35386	0.03875
906.42529	0.03817
904.49673	0.03695
902.56816	0.03564
900.63960	0.03458
898.71104	0.03389
896.78247	0.03343
894.85391	0.03299
892.92534	0.03253
890.99678	0.03213
889.06821	0.03174
887.13965	0.03133
885.21108	0.03087
883.28252	0.03040
881.35396	0.03005
879.42539	0.02982
877.49683	0.02966
875.56826	0.02958
873.63970	0.02959
871.71113	0.02960
869.78257	0.02943
867.85400	0.02911
865.92544	0.02895
863.99687	0.02909
862.06831	0.02923
860.13975	0.02914
858.21118	0.02903
856.28262	0.02902
854.35405	0.02905
852.42549	0.02924
850.49692	0.02957
848.56836	0.02979
846.63979	0.02978
844.71123	0.02966
842.78267	0.02958
840.85410	0.02963
838.92554	0.02982
836.99697	0.03001
835.06841	0.03011
833.13984	0.03027
831.21128	0.03055
829.28271	0.03083
827.35415	0.03097
825.42559	0.03108
823.49702	0.03127
821.56846	0.03154
819.63989	0.03185
817.71133	0.03208
815.78276	0.03219
813.85420	0.03232
811.92563	0.03255
809.99707	0.03282
808.06851	0.03302
806.13994	0.03309
804.21138	0.03313
802.28281	0.03327
800.35425	0.03351
798.42568	0.03363
796.49712	0.03355
794.56855	0.03353
792.63999	0.03388
790.71143	0.03448
788.78286	0.03487
786.85430	0.03501
784.92573	0.03527
782.99717	0.03587
781.06860	0.03650
779.14004	0.03685
777.21147	0.03704
775.28291	0.03732
773.35435	0.03770
771.42578	0.03801
769.49722	0.03814
767.56865	0.03812
765.64009	0.03791
763.71152	0.03751
761.78296	0.03719
759.85439	0.03712
757.92583	0.03711
755.99727	0.03705
754.06870	0.03719
752.14014	0.03773
750.21157	0.03844
748.28301	0.03905
746.35444	0.03967
744.42588	0.04064
742.49731	0.04199
740.56875	0.04360
738.64019	0.04636
736.71162	0.05315
734.78306	0.06762
732.85449	0.08817
730.92593	0.10355
728.99736	0.10559
727.06880	0.10236
725.14023	0.10611
723.21167	0.12235
721.28311	0.15308
719.35454	0.18803
717.42598	0.20762
715.49741	0.19869
713.56885	0.16730
711.64028	0.13182
709.71172	0.10473
707.78315	0.08716
705.85459	0.07580
703.92603	0.06795
701.99746	0.06216
700.06890	0.05759
698.14033	0.05398
696.21177	0.05128
694.28320	0.04923
692.35464	0.04739
690.42607	0.04587
688.49751	0.04490
686.56895	0.04417
684.64038	0.04324
682.71182	0.04200
680.78325	0.04093
678.85469	0.04046
676.92612	0.03999
674.99756	0.03895
673.06899	0.03851
671.14043	0.04262
669.21187	0.05035
667.28330	0.04866
665.35474	0.04422
663.42617	0.04011
661.49761	0.03921
659.56904	0.03931
657.64048	0.03924
655.71191	0.03915
653.78335	0.03918
651.85479	0.03952
649.92622	0.04005
647.99766	0.04022
646.06909	0.04012
644.14053	0.04048
642.21196	0.04134
640.28340	0.04244
638.35483	0.04407
636.42627	0.04615
634.49771	0.04774
632.56914	0.04847
630.64058	0.04877
628.71201	0.04833
626.78345	0.04676
624.85488	0.04476
622.92632	0.04365
620.99775	0.04387
619.06919	0.04450
617.14062	0.04471
615.21206	0.04465
613.28350	0.04464
611.35493	0.04469
609.42637	0.04448
607.49780	0.04444
605.56924	0.04508
603.64067	0.04526
601.71211	0.04423
599.78354	0.04342
