3997.91411	0.01041
3995.98555	0.01043
3994.05698	0.01076
3992.12842	0.01107
3990.19985	0.01106
3988.27129	0.01079
3986.34272	0.01053
3984.41416	0.01045
3982.48560	0.01056
3980.55703	0.01069
3978.62847	0.01071
3976.69990	0.01066
3974.77134	0.01067
3972.84277	0.01077
3970.91421	0.01084
3968.98564	0.01074
3967.05708	0.01061
3965.12852	0.01061
3963.19995	0.01072
3961.27139	0.01085
3959.34282	0.01087
3957.41426	0.01075
3955.48569	0.01055
3953.55713	0.01053
3951.62856	0.01069
3949.70000	0.01084
3947.77144	0.01095
3945.84287	0.01104
3943.91431	0.01106
3941.98574	0.01100
3940.05718	0.01096
3938.12861	0.01094
3936.20005	0.01091
3934.27148	0.01097
3932.34292	0.01117
3930.41436	0.01135
3928.48579	0.01136
3926.55723	0.01127
3924.62866	0.01117
3922.70010	0.01104
3920.77153	0.01088
3918.84297	0.01079
3916.91440	0.01073
3914.98584	0.01071
3913.05728	0.01070
3911.12871	0.01070
3909.20015	0.01079
3907.27158	0.01095
3905.34302	0.01108
3903.41445	0.01116
3901.48589	0.01118
3899.55732	0.01119
3897.62876	0.01115
3895.70020	0.01101
3893.77163	0.01085
3891.84307	0.01087
3889.91450	0.01103
3887.98594	0.01109
3886.05737	0.01114
3884.12881	0.01122
3882.20024	0.01122
3880.27168	0.01117
3878.34312	0.01101
3876.41455	0.01083
3874.48599	0.01089
3872.55742	0.01109
3870.62886	0.01115
3868.70029	0.01102
3866.77173	0.01080
3864.84316	0.01075
3862.91460	0.01081
3860.98604	0.01076
3859.05747	0.01072
3857.12891	0.01066
3855.20034	0.01058
3853.27178	0.01079
3851.34321	0.01097
3849.41465	0.01084
3847.48608	0.01065
3845.55752	0.01053
3843.62896	0.01049
3841.70039	0.01044
3839.77183	0.01036
3837.84326	0.01042
3835.91470	0.01051
3833.98613	0.01046
3832.05757	0.01043
3830.12900	0.01049
3828.20044	0.01054
3826.27187	0.01057
3824.34331	0.01045
3822.41475	0.01022
3820.48618	0.01015
3818.55762	0.01015
3816.62905	0.01013
3814.70049	0.01025
3812.77192	0.01039
3810.84336	0.01038
3808.91479	0.01022
3806.98623	0.01012
3805.05767	0.01006
3803.12910	0.00992
3801.20054	0.00997
3799.27197	0.01012
3797.34341	0.01006
3795.41484	0.01002
3793.48628	0.01010
3791.55771	0.01023
3789.62915	0.01040
3787.70059	0.01057
3785.77202	0.01067
3783.84346	0.01066
3781.91489	0.01051
3779.98633	0.01027
3778.05776	0.01011
3776.12920	0.01013
3774.20063	0.01020
3772.27207	0.01015
3770.34351	0.01006
3768.41494	0.01005
3766.48638	0.01017
3764.55781	0.01036
3762.62925	0.01035
3760.70068	0.01017
3758.77212	0.01009
3756.84355	0.01008
3754.91499	0.00994
3752.98643	0.00982
3751.05786	0.01005
3749.12930	0.01017
3747.20073	0.00978
3745.27217	0.00936
3743.34360	0.00939
3741.41504	0.00944
3739.48647	0.00918
3737.55791	0.00891
3735.62935	0.00890
3733.70078	0.00885
3731.77222	0.00866
3729.84365	0.00857
3727.91509	0.00856
3725.98652	0.00861
3724.05796	0.00867
3722.12939	0.00865
3720.20083	0.00880
3718.27227	0.00918
3716.34370	0.00946
3714.41514	0.00946
3712.48657	0.00933
3710.55801	0.00925
3708.62944	0.00921
3706.70088	0.00910
3704.77231	0.00884
3702.84375	0.00877
3700.91519	0.00904
3698.98662	0.00916
3697.05806	0.00904
3695.12949	0.00900
3693.20093	0.00911
3691.27236	0.00926
3689.34380	0.00949
3687.41523	0.00971
3685.48667	0.00976
3683.55811	0.00964
3681.62954	0.00943
3679.70098	0.00922
3677.77241	0.00915
3675.84385	0.00961
3673.91528	0.01030
3671.98672	0.01045
3670.05815	0.01040
3668.12959	0.01034
3666.20103	0.01024
3664.27246	0.01019
3662.34390	0.01013
3660.41533	0.01005
3658.48677	0.01003
3656.55820	0.01015
3654.62964	0.01024
3652.70107	0.01004
3650.77251	0.00982
3648.84395	0.01012
3646.91538	0.01063
3644.98682	0.01082
3643.05825	0.01076
3641.12969	0.01057
3639.20112	0.01037
3637.27256	0.01027
3635.34399	0.01014
3633.41543	0.00993
3631.48687	0.00980
3629.55830	0.00986
3627.62974	0.01007
3625.70117	0.01027
3623.77261	0.01045
3621.84404	0.01057
3619.91548	0.01070
3617.98691	0.01092
3616.05835	0.01113
3614.12979	0.01141
3612.20122	0.01173
3610.27266	0.01180
3608.34409	0.01171
3606.41553	0.01172
3604.48696	0.01179
3602.55840	0.01172
3600.62983	0.01143
3598.70127	0.01112
3596.77271	0.01109
3594.84414	0.01123
3592.91558	0.01129
3590.98701	0.01135
3589.05845	0.01156
3587.12988	0.01177
3585.20132	0.01165
3583.27275	0.01142
3581.34419	0.01136
3579.41562	0.01134
3577.48706	0.01123
3575.55850	0.01119
3573.62993	0.01125
3571.70137	0.01122
3569.77280	0.01122
3567.84424	0.01151
3565.91567	0.01184
3563.98711	0.01188
3562.05854	0.01188
3560.12998	0.01195
3558.20142	0.01196
3556.27285	0.01194
3554.34429	0.01194
3552.41572	0.01189
3550.48716	0.01184
3548.55859	0.01197
3546.63003	0.01233
3544.70146	0.01258
3542.77290	0.01255
3540.84434	0.01248
3538.91577	0.01244
3536.98721	0.01244
3535.05864	0.01250
3533.13008	0.01272
3531.20151	0.01310
3529.27295	0.01327
3527.34438	0.01307
3525.41582	0.01284
3523.48726	0.01282
3521.55869	0.01292
3519.63013	0.01305
3517.70156	0.01309
3515.77300	0.01298
3513.84443	0.01298
3511.91587	0.01326
3509.98730	0.01353
3508.05874	0.01358
3506.13018	0.01359
3504.20161	0.01355
3502.27305	0.01337
3500.34448	0.01311
3498.41592	0.01297
3496.48735	0.01309
3494.55879	0.01334
3492.63022	0.01347
3490.70166	0.01353
3488.77310	0.01370
3486.84453	0.01390
3484.91597	0.01396
3482.98740	0.01379
3481.05884	0.01353
3479.13027	0.01351
3477.20171	0.01371
3475.27314	0.01380
3473.34458	0.01380
3471.41602	0.01378
3469.48745	0.01362
3467.55889	0.01346
3465.63032	0.01362
3463.70176	0.01401
3461.77319	0.01430
3459.84463	0.01433
3457.91606	0.01426
3455.98750	0.01431
3454.05894	0.01436
3452.13037	0.01428
3450.20181	0.01416
3448.27324	0.01413
3446.34468	0.01422
3444.41611	0.01429
3442.48755	0.01419
3440.55898	0.01408
3438.63042	0.01406
3436.70186	0.01402
3434.77329	0.01403
3432.84473	0.01425
3430.91616	0.01447
3428.98760	0.01444
3427.05903	0.01429
3425.13047	0.01424
3423.20190	0.01441
3421.27334	0.01465
3419.34478	0.01462
3417.41621	0.01432
3415.48765	0.01408
3413.55908	0.01407
3411.63052	0.01428
3409.70195	0.01444
3407.77339	0.01434
3405.84482	0.01420
3403.91626	0.01421
3401.98770	0.01420
3400.05913	0.01410
3398.13057	0.01412
3396.20200	0.01429
3394.27344	0.01443
3392.34487	0.01450
3390.41631	0.01454
3388.48774	0.01448
3386.55918	0.01430
3384.63062	0.01430
3382.70205	0.01446
3380.77349	0.01449
3378.84492	0.01445
3376.91636	0.01438
3374.98779	0.01420
3373.05923	0.01399
3371.13066	0.01391
3369.20210	0.01400
3367.27354	0.01411
3365.34497	0.01415
3363.41641	0.01420
3361.48784	0.01419
3359.55928	0.01406
3357.63071	0.01403
3355.70215	0.01414
3353.77358	0.01414
3351.84502	0.01401
3349.91646	0.01398
3347.98789	0.01404
3346.05933	0.01404
3344.13076	0.01391
3342.20220	0.01374
3340.27363	0.01374
3338.34507	0.01390
3336.41650	0.01403
3334.48794	0.01393
3332.55937	0.01381
3330.63081	0.01390
3328.70225	0.01395
3326.77368	0.01383
3324.84512	0.01369
3322.91655	0.01361
3320.98799	0.01365
3319.05942	0.01379
3317.13086	0.01390
3315.20229	0.01389
3313.27373	0.01386
3311.34517	0.01382
3309.41660	0.01367
3307.48804	0.01357
3305.55947	0.01368
3303.63091	0.01377
3301.70234	0.01363
3299.77378	0.01339
3297.84521	0.01323
3295.91665	0.01322
3293.98809	0.01336
3292.05952	0.01346
3290.13096	0.01345
3288.20239	0.01351
3286.27383	0.01356
3284.34526	0.01348
3282.41670	0.01339
3280.48813	0.01327
3278.55957	0.01308
3276.63101	0.01292
3274.70244	0.01277
3272.77388	0.01267
3270.84531	0.01273
3268.91675	0.01287
3266.98818	0.01292
3265.05962	0.01279
3263.13105	0.01270
3261.20249	0.01283
3259.27393	0.01292
3257.34536	0.01276
3255.41680	0.01255
3253.48823	0.01244
3251.55967	0.01241
3249.63110	0.01246
3247.70254	0.01251
3245.77397	0.01247
3243.84541	0.01236
3241.91685	0.01232
3239.98828	0.01238
3238.05972	0.01238
3236.13115	0.01215
3234.20259	0.01194
3232.27402	0.01207
3230.34546	0.01235
3228.41689	0.01237
3226.48833	0.01221
3224.55977	0.01209
3222.63120	0.01207
3220.70264	0.01209
3218.77407	0.01209
3216.84551	0.01199
3214.91694	0.01184
3212.98838	0.01168
3211.05981	0.01155
3209.13125	0.01144
3207.20269	0.01143
3205.27412	0.01151
3203.34556	0.01152
3201.41699	0.01139
3199.48843	0.01123
3197.55986	0.01121
3195.63130	0.01129
3193.70273	0.01137
3191.77417	0.01136
3189.84561	0.01118
3187.91704	0.01097
3185.98848	0.01084
3184.05991	0.01072
3182.13135	0.01062
3180.20278	0.01057
3178.27422	0.01050
3176.34565	0.01045
3174.41709	0.01041
3172.48853	0.01032
3170.55996	0.01017
3168.63140	0.00999
3166.70283	0.00985
3164.77427	0.00983
3162.84570	0.00993
3160.91714	0.00998
3158.98857	0.00997
3157.06001	0.01001
3155.13145	0.01005
3153.20288	0.01005
3151.27432	0.01000
3149.34575	0.00986
3147.41719	0.00969
3145.48862	0.00957
3143.56006	0.00947
3141.63149	0.00940
3139.70293	0.00946
3137.77437	0.00949
3135.84580	0.00940
3133.91724	0.00940
3131.98867	0.00949
3130.06011	0.00943
3128.13154	0.00924
3126.20298	0.00914
3124.27441	0.00911
3122.34585	0.00905
3120.41729	0.00900
3118.48872	0.00891
3116.56016	0.00874
3114.63159	0.00862
3112.70303	0.00870
3110.77446	0.00879
3108.84590	0.00875
3106.91733	0.00876
3104.98877	0.00895
3103.06021	0.00914
3101.13164	0.00921
3099.20308	0.00926
3097.27451	0.00931
3095.34595	0.00934
3093.41738	0.00940
3091.48882	0.00946
3089.56025	0.00942
3087.63169	0.00938
3085.70312	0.00939
3083.77456	0.00935
3081.84600	0.00929
3079.91743	0.00933
3077.98887	0.00939
3076.06030	0.00940
3074.13174	0.00937
3072.20317	0.00930
3070.27461	0.00915
3068.34604	0.00901
3066.41748	0.00896
3064.48892	0.00894
3062.56035	0.00891
3060.63179	0.00888
3058.70322	0.00889
3056.77466	0.00885
3054.84609	0.00871
3052.91753	0.00858
3050.98896	0.00852
3049.06040	0.00845
3047.13184	0.00840
3045.20327	0.00839
3043.27471	0.00847
3041.34614	0.00858
3039.41758	0.00868
3037.48901	0.00871
3035.56045	0.00860
3033.63188	0.00839
3031.70332	0.00828
3029.77476	0.00831
3027.84619	0.00835
3025.91763	0.00824
3023.98906	0.00800
3022.06050	0.00778
3020.13193	0.00766
3018.20337	0.00761
3016.27480	0.00750
3014.34624	0.00738
3012.41768	0.00736
3010.48911	0.00737
3008.56055	0.00732
3006.63198	0.00727
3004.70342	0.00732
3002.77485	0.00750
3000.84629	0.00763
2998.91772	0.00757
2996.98916	0.00745
2995.06060	0.00741
2993.13203	0.00744
2991.20347	0.00749
2989.27490	0.00761
2987.34634	0.00787
2985.41777	0.00819
2983.48921	0.00851
2981.56064	0.00884
2979.63208	0.00921
2977.70352	0.00970
2975.77495	0.01035
2973.84639	0.01104
2971.91782	0.01175
2969.98926	0.01258
2968.06069	0.01350
2966.13213	0.01450
2964.20356	0.01572
2962.27500	0.01720
2960.34644	0.01884
2958.41787	0.02044
2956.48931	0.02202
2954.56074	0.02376
2952.63218	0.02577
2950.70361	0.02814
2948.77505	0.03119
2946.84648	0.03521
2944.91792	0.04048
2942.98936	0.04733
2941.06079	0.05580
2939.13223	0.06580
2937.20366	0.07758
2935.27510	0.09158
2933.34653	0.10818
2931.41797	0.12788
2929.48940	0.15152
2927.56084	0.18049
2925.63228	0.21704
2923.70371	0.26396
2921.77515	0.32295
2919.84658	0.39267
2917.91802	0.46623
2915.98945	0.52731
2914.06089	0.55332
2912.13232	0.53567
2910.20376	0.49036
2908.27520	0.43901
2906.34663	0.39354
2904.41807	0.35715
2902.48950	0.32902
2900.56094	0.30720
2898.63237	0.28960
2896.70381	0.27430
2894.77524	0.25998
2892.84668	0.24596
2890.91812	0.23198
2888.98955	0.21808
2887.06099	0.20431
2885.13242	0.19065
2883.20386	0.17701
2881.27529	0.16328
2879.34673	0.14935
2877.41816	0.13563
2875.48960	0.12305
2873.56104	0.11236
2871.63247	0.10397
2869.70391	0.09795
2867.77534	0.09432
2865.84678	0.09344
2863.91821	0.09607
2861.98965	0.10355
2860.06108	0.11766
2858.13252	0.14117
2856.20396	0.17917
2854.27539	0.23902
2852.34683	0.32683
2850.41826	0.43459
2848.48970	0.51882
2846.56113	0.52074
2844.63257	0.45005
2842.70400	0.36426
2840.77544	0.29390
2838.84687	0.24274
2836.91831	0.20648
2834.98975	0.18048
2833.06118	0.16128
2831.13262	0.14652
2829.20405	0.13468
2827.27549	0.12497
2825.34692	0.11701
2823.41836	0.11047
2821.48979	0.10499
2819.56123	0.10029
2817.63267	0.09618
2815.70410	0.09253
2813.77554	0.08923
2811.84697	0.08620
2809.91841	0.08347
2807.98984	0.08099
2806.06128	0.07866
2804.13271	0.07651
2802.20415	0.07462
2800.27559	0.07290
2798.34702	0.07130
2796.41846	0.06979
2794.48989	0.06827
2792.56133	0.06679
2790.63276	0.06541
2788.70420	0.06404
2786.77563	0.06262
2784.84707	0.06122
2782.91851	0.05991
2780.98994	0.05875
2779.06138	0.05773
2777.13281	0.05671
2775.20425	0.05566
2773.27568	0.05472
2771.34712	0.05392
2769.41855	0.05318
2767.48999	0.05248
2765.56143	0.05180
2763.63286	0.05118
2761.70430	0.05056
2759.77573	0.04989
2757.84717	0.04927
2755.91860	0.04871
2753.99004	0.04820
2752.06147	0.04775
2750.13291	0.04740
2748.20435	0.04713
2746.27578	0.04694
2744.34722	0.04676
2742.41865	0.04649
2740.49009	0.04612
2738.56152	0.04572
2736.63296	0.04534
2734.70439	0.04499
2732.77583	0.04470
2730.84727	0.04444
2728.91870	0.04412
2726.99014	0.04373
2725.06157	0.04331
2723.13301	0.04288
2721.20444	0.04245
2719.27588	0.04210
2717.34731	0.04183
2715.41875	0.04153
2713.49019	0.04124
2711.56162	0.04100
2709.63306	0.04073
2707.70449	0.04045
2705.77593	0.04024
2703.84736	0.04009
2701.91880	0.03993
2699.99023	0.03971
2698.06167	0.03948
2696.13311	0.03919
2694.20454	0.03882
2692.27598	0.03850
2690.34741	0.03831
2688.41885	0.03821
2686.49028	0.03811
2684.56172	0.03796
2682.63315	0.03781
2680.70459	0.03768
2678.77603	0.03759
2676.84746	0.03763
2674.91890	0.03775
2672.99033	0.03784
2671.06177	0.03792
2669.13320	0.03798
2667.20464	0.03807
2665.27607	0.03825
2663.34751	0.03844
2661.41895	0.03848
2659.49038	0.03837
2657.56182	0.03821
2655.63325	0.03803
2653.70469	0.03787
2651.77612	0.03777
2649.84756	0.03771
2647.91899	0.03763
2645.99043	0.03747
2644.06187	0.03735
2642.13330	0.03735
2640.20474	0.03743
2638.27617	0.03744
2636.34761	0.03737
2634.41904	0.03728
2632.49048	0.03717
2630.56191	0.03695
2628.63335	0.03660
2626.70479	0.03618
2624.77622	0.03572
2622.84766	0.03528
2620.91909	0.03486
2618.99053	0.03446
2617.06196	0.03411
2615.13340	0.03379
2613.20483	0.03344
2611.27627	0.03305
2609.34771	0.03269
2607.41914	0.03248
2605.49058	0.03234
2603.56201	0.03211
2601.63345	0.03188
2599.70488	0.03175
2597.77632	0.03160
2595.84775	0.03140
2593.91919	0.03118
2591.99062	0.03088
2590.06206	0.03064
2588.13350	0.03052
2586.20493	0.03034
2584.27637	0.03001
2582.34780	0.02971
2580.41924	0.02965
2578.49067	0.02966
2576.56211	0.02945
2574.63354	0.02910
2572.70498	0.02888
2570.77642	0.02880
2568.84785	0.02874
2566.91929	0.02863
2564.99072	0.02851
2563.06216	0.02845
2561.13359	0.02832
2559.20503	0.02805
2557.27646	0.02790
2555.34790	0.02789
2553.41934	0.02781
2551.49077	0.02772
2549.56221	0.02773
2547.63364	0.02766
2545.70508	0.02738
2543.77651	0.02706
2541.84795	0.02681
2539.91938	0.02656
2537.99082	0.02627
2536.06226	0.02607
2534.13369	0.02613
2532.20513	0.02643
2530.27656	0.02667
2528.34800	0.02662
2526.41943	0.02647
2524.49087	0.02643
2522.56230	0.02642
2520.63374	0.02625
2518.70518	0.02591
2516.77661	0.02557
2514.84805	0.02535
2512.91948	0.02530
2510.99092	0.02535
2509.06235	0.02531
2507.13379	0.02513
2505.20522	0.02499
2503.27666	0.02491
2501.34810	0.02485
2499.41953	0.02482
2497.49097	0.02481
2495.56240	0.02480
2493.63384	0.02474
2491.70527	0.02465
2489.77671	0.02451
2487.84814	0.02434
2485.91958	0.02420
2483.99102	0.02414
2482.06245	0.02414
2480.13389	0.02421
2478.20532	0.02435
2476.27676	0.02449
2474.34819	0.02448
2472.41963	0.02426
2470.49106	0.02401
2468.56250	0.02390
2466.63394	0.02388
2464.70537	0.02374
2462.77681	0.02358
2460.84824	0.02355
2458.91968	0.02360
2456.99111	0.02364
2455.06255	0.02360
2453.13398	0.02349
2451.20542	0.02338
2449.27686	0.02329
2447.34829	0.02315
2445.41973	0.02299
2443.49116	0.02289
2441.56260	0.02284
2439.63403	0.02290
2437.70547	0.02302
2435.77690	0.02298
2433.84834	0.02286
2431.91978	0.02285
2429.99121	0.02289
2428.06265	0.02292
2426.13408	0.02301
2424.20552	0.02308
2422.27695	0.02304
2420.34839	0.02294
2418.41982	0.02292
2416.49126	0.02301
2414.56270	0.02306
2412.63413	0.02304
2410.70557	0.02295
2408.77700	0.02280
2406.84844	0.02268
2404.91987	0.02265
2402.99131	0.02265
2401.06274	0.02260
2399.13418	0.02252
2397.20562	0.02247
2395.27705	0.02245
2393.34849	0.02248
2391.41992	0.02251
2389.49136	0.02247
2387.56279	0.02223
2385.63423	0.02169
2383.70566	0.02069
2381.77710	0.01903
2379.84854	0.01665
2377.91997	0.01380
2375.99141	0.01073
2374.06284	0.00758
2372.13428	0.00455
2370.20571	0.00173
2368.27715	-0.00097
2366.34858	-0.00343
2364.42002	-0.00524
2362.49146	-0.00624
2360.56289	-0.00655
2358.63433	-0.00598
2356.70576	-0.00429
2354.77720	-0.00128
2352.84863	0.00300
2350.92007	0.00723
2348.99150	0.00918
2347.06294	0.00793
2345.13437	0.00500
2343.20581	0.00300
2341.27725	0.00256
2339.34868	0.00287
2337.42012	0.00343
2335.49155	0.00400
2333.56299	0.00441
2331.63442	0.00471
2329.70586	0.00546
2327.77729	0.00694
2325.84873	0.00859
2323.92017	0.00968
2321.99160	0.01033
2320.06304	0.01125
2318.13447	0.01257
2316.20591	0.01371
2314.27734	0.01441
2312.34878	0.01511
2310.42021	0.01613
2308.49165	0.01723
2306.56309	0.01809
2304.63452	0.01873
2302.70596	0.01932
2300.77739	0.01990
2298.84883	0.02043
2296.92026	0.02082
2294.99170	0.02101
2293.06313	0.02116
2291.13457	0.02142
2289.20601	0.02173
2287.27744	0.02201
2285.34888	0.02228
2283.42031	0.02234
2281.49175	0.02211
2279.56318	0.02185
2277.63462	0.02168
2275.70605	0.02148
2273.77749	0.02126
2271.84893	0.02111
2269.92036	0.02108
2267.99180	0.02107
2266.06323	0.02092
2264.13467	0.02071
2262.20610	0.02065
2260.27754	0.02075
2258.34897	0.02078
2256.42041	0.02072
2254.49185	0.02067
2252.56328	0.02068
2250.63472	0.02072
2248.70615	0.02076
2246.77759	0.02091
2244.84902	0.02109
2242.92046	0.02100
2240.99189	0.02066
2239.06333	0.02034
2237.13477	0.02012
2235.20620	0.02003
2233.27764	0.02002
2231.34907	0.02010
2229.42051	0.02032
2227.49194	0.02045
2225.56338	0.02020
2223.63481	0.01974
2221.70625	0.01946
2219.77769	0.01947
2217.84912	0.01976
2215.92056	0.02025
2213.99199	0.02063
2212.06343	0.02070
2210.13486	0.02060
2208.20630	0.02038
2206.27773	0.02011
2204.34917	0.02008
2202.42061	0.02024
2200.49204	0.02006
2198.56348	0.01955
2196.63491	0.01940
2194.70635	0.01976
2192.77778	0.02019
2190.84922	0.02049
2188.92065	0.02034
2186.99209	0.01978
2185.06353	0.01946
2183.13496	0.01946
2181.20640	0.01953
2179.27783	0.01977
2177.34927	0.02001
2175.42070	0.02007
2173.49214	0.02015
2171.56357	0.02017
2169.63501	0.01993
2167.70645	0.01962
2165.77788	0.01975
2163.84932	0.02039
2161.92075	0.02081
2159.99219	0.01992
2158.06362	0.01820
2156.13506	0.01735
2154.20649	0.01743
2152.27793	0.01769
2150.34937	0.01786
2148.42080	0.01799
2146.49224	0.01817
2144.56367	0.01821
2142.63511	0.01802
2140.70654	0.01789
2138.77798	0.01787
2136.84941	0.01782
2134.92085	0.01775
2132.99229	0.01775
2131.06372	0.01792
2129.13516	0.01820
2127.20659	0.01847
2125.27803	0.01862
2123.34946	0.01868
2121.42090	0.01877
2119.49233	0.01896
2117.56377	0.01920
2115.63521	0.01939
2113.70664	0.01948
2111.77808	0.01945
2109.84951	0.01932
2107.92095	0.01922
2105.99238	0.01923
2104.06382	0.01922
2102.13525	0.01917
2100.20669	0.01912
2098.27812	0.01903
2096.34956	0.01886
2094.42100	0.01880
2092.49243	0.01897
2090.56387	0.01919
2088.63530	0.01928
2086.70674	0.01923
2084.77817	0.01924
2082.84961	0.01952
2080.92104	0.01978
2078.99248	0.01978
2077.06392	0.01960
2075.13535	0.01930
2073.20679	0.01913
2071.27822	0.01930
2069.34966	0.01949
2067.42109	0.01943
2065.49253	0.01926
2063.56396	0.01908
2061.63540	0.01895
2059.70684	0.01907
2057.77827	0.01936
2055.84971	0.01944
2053.92114	0.01937
2051.99258	0.01964
2050.06401	0.02009
2048.13545	0.02005
2046.20688	0.01970
2044.27832	0.01977
2042.34976	0.02013
2040.42119	0.02025
2038.49263	0.02013
2036.56406	0.01989
2034.63550	0.01952
2032.70693	0.01932
2030.77837	0.01944
2028.84980	0.01962
2026.92124	0.01968
2024.99268	0.01966
2023.06411	0.01979
2021.13555	0.02005
2019.20698	0.02004
2017.27842	0.01975
2015.34985	0.01946
2013.42129	0.01945
2011.49272	0.01981
2009.56416	0.01996
2007.63560	0.01952
2005.70703	0.01901
2003.77847	0.01898
2001.84990	0.01917
1999.92134	0.01911
1997.99277	0.01882
1996.06421	0.01857
1994.13564	0.01846
1992.20708	0.01857
1990.27852	0.01882
1988.34995	0.01886
1986.42139	0.01884
1984.49282	0.01923
1982.56426	0.01962
1980.63569	0.01945
1978.70713	0.01881
1976.77856	0.01811
1974.85000	0.01799
1972.92144	0.01879
1970.99287	0.01952
1969.06431	0.01914
1967.13574	0.01835
1965.20718	0.01821
1963.27861	0.01836
1961.35005	0.01799
1959.42148	0.01742
1957.49292	0.01748
1955.56436	0.01797
1953.63579	0.01835
1951.70723	0.01857
1949.77866	0.01859
1947.85010	0.01848
1945.92153	0.01832
1943.99297	0.01821
1942.06440	0.01823
1940.13584	0.01820
1938.20728	0.01813
1936.27871	0.01813
1934.35015	0.01825
1932.42158	0.01850
1930.49302	0.01879
1928.56445	0.01892
1926.63589	0.01887
1924.70732	0.01877
1922.77876	0.01875
1920.85020	0.01881
1918.92163	0.01893
1916.99307	0.01912
1915.06450	0.01922
1913.13594	0.01914
1911.20737	0.01899
1909.27881	0.01898
1907.35024	0.01920
1905.42168	0.01946
1903.49312	0.01961
1901.56455	0.01970
1899.63599	0.01983
1897.70742	0.01994
1895.77886	0.01996
1893.85029	0.01986
1891.92173	0.01976
1889.99316	0.01976
1888.06460	0.01970
1886.13604	0.01940
1884.20747	0.01905
1882.27891	0.01893
1880.35034	0.01903
1878.42178	0.01908
1876.49321	0.01896
1874.56465	0.01890
1872.63608	0.01901
1870.70752	0.01910
1868.77896	0.01913
1866.85039	0.01919
1864.92183	0.01915
1862.99326	0.01902
1861.06470	0.01901
1859.13613	0.01914
1857.20757	0.01921
1855.27900	0.01916
1853.35044	0.01906
1851.42187	0.01906
1849.49331	0.01919
1847.56475	0.01934
1845.63618	0.01940
1843.70762	0.01937
1841.77905	0.01935
1839.85049	0.01931
1837.92192	0.01922
1835.99336	0.01915
1834.06479	0.01920
1832.13623	0.01926
1830.20767	0.01927
1828.27910	0.01940
1826.35054	0.01967
1824.42197	0.01997
1822.49341	0.02017
1820.56484	0.02021
1818.63628	0.02017
1816.70771	0.02016
1814.77915	0.02024
1812.85059	0.02036
1810.92202	0.02051
1808.99346	0.02073
1807.06489	0.02097
1805.13633	0.02115
1803.20776	0.02133
1801.27920	0.02163
1799.35063	0.02196
1797.42207	0.02219
1795.49351	0.02240
1793.56494	0.02273
1791.63638	0.02321
1789.70781	0.02356
1787.77925	0.02373
1785.85068	0.02392
1783.92212	0.02415
1781.99355	0.02434
1780.06499	0.02460
1778.13643	0.02490
1776.20786	0.02508
1774.27930	0.02516
1772.35073	0.02533
1770.42217	0.02563
1768.49360	0.02589
1766.56504	0.02611
1764.63647	0.02629
1762.70791	0.02648
1760.77935	0.02671
1758.85078	0.02694
1756.92222	0.02726
1754.99365	0.02764
1753.06509	0.02799
1751.13652	0.02852
1749.20796	0.02935
1747.27939	0.03032
1745.35083	0.03136
1743.42227	0.03246
1741.49370	0.03378
1739.56514	0.03539
1737.63657	0.03641
1735.70801	0.03640
1733.77944	0.03594
1731.85088	0.03581
1729.92231	0.03593
1727.99375	0.03615
1726.06519	0.03658
1724.13662	0.03739
1722.20806	0.03842
1720.27949	0.03948
1718.35093	0.04095
1716.42236	0.04290
1714.49380	0.04425
1712.56523	0.04467
1710.63667	0.04437
1708.70811	0.04359
1706.77954	0.04250
1704.85098	0.04128
1702.92241	0.04023
1700.99385	0.03942
1699.06528	0.03878
1697.13672	0.03789
1695.20815	0.03659
1693.27959	0.03541
1691.35103	0.03445
1689.42246	0.03355
1687.49390	0.03277
1685.56533	0.03212
1683.63677	0.03174
1681.70820	0.03162
1679.77964	0.03141
1677.85107	0.03107
1675.92251	0.03080
1673.99395	0.03073
1672.06538	0.03067
1670.13682	0.03057
1668.20825	0.03053
1666.27969	0.03049
1664.35112	0.03038
1662.42256	0.03035
1660.49399	0.03039
1658.56543	0.03035
1656.63687	0.03023
1654.70830	0.03009
1652.77974	0.03016
1650.85117	0.03028
1648.92261	0.03026
1646.99404	0.03043
1645.06548	0.03083
1643.13691	0.03112
1641.20835	0.03121
1639.27979	0.03106
1637.35122	0.03070
1635.42266	0.03038
1633.49409	0.03031
1631.56553	0.03023
1629.63696	0.03009
1627.70840	0.02993
1625.77983	0.02976
1623.85127	0.02960
1621.92271	0.02943
1619.99414	0.02920
1618.06558	0.02893
1616.13701	0.02883
1614.20845	0.02887
1612.27988	0.02883
1610.35132	0.02873
1608.42275	0.02863
1606.49419	0.02853
1604.56562	0.02843
1602.63706	0.02834
1600.70850	0.02824
1598.77993	0.02820
1596.85137	0.02821
1594.92280	0.02824
1592.99424	0.02827
1591.06567	0.02826
1589.13711	0.02819
1587.20854	0.02810
1585.27998	0.02807
1583.35142	0.02803
1581.42285	0.02792
1579.49429	0.02775
1577.56572	0.02754
1575.63716	0.02738
1573.70859	0.02734
1571.78003	0.02726
1569.85146	0.02715
1567.92290	0.02707
1565.99434	0.02699
1564.06577	0.02689
1562.13721	0.02673
1560.20864	0.02652
1558.28008	0.02661
1556.35151	0.02684
1554.42295	0.02689
1552.49438	0.02693
1550.56582	0.02693
1548.63726	0.02686
1546.70869	0.02678
1544.78013	0.02667
1542.85156	0.02636
1540.92300	0.02599
1538.99443	0.02598
1537.06587	0.02604
1535.13730	0.02600
1533.20874	0.02597
1531.28018	0.02595
1529.35161	0.02584
1527.42305	0.02567
1525.49448	0.02554
1523.56592	0.02535
1521.63735	0.02518
1519.70879	0.02508
1517.78022	0.02507
1515.85166	0.02502
1513.92310	0.02490
1511.99453	0.02487
1510.06597	0.02489
1508.13740	0.02476
1506.20884	0.02450
1504.28027	0.02443
1502.35171	0.02439
1500.42314	0.02427
1498.49458	0.02415
1496.56602	0.02411
1494.63745	0.02421
1492.70889	0.02431
1490.78032	0.02441
1488.85176	0.02457
1486.92319	0.02487
1484.99463	0.02548
1483.06606	0.02690
1481.13750	0.03036
1479.20894	0.03898
1477.28037	0.06206
1475.35181	0.11269
1473.42324	0.18635
1471.49468	0.22279
1469.56611	0.19985
1467.63755	0.16967
1465.70898	0.15784
1463.78042	0.16425
1461.85186	0.16309
1459.92329	0.14236
1457.99473	0.11038
1456.06616	0.08570
1454.13760	0.07538
1452.20903	0.06946
1450.28047	0.06460
1448.35190	0.06090
1446.42334	0.05841
1444.49478	0.05685
1442.56621	0.05564
1440.63765	0.05448
1438.70908	0.05338
1436.78052	0.05221
1434.85195	0.05092
1432.92339	0.04958
1430.99482	0.04811
1429.06626	0.04655
1427.13770	0.04511
1425.20913	0.04390
1423.28057	0.04290
1421.35200	0.04220
1419.42344	0.04180
1417.49487	0.04165
1415.56631	0.04152
1413.63774	0.04131
1411.70918	0.04104
1409.78062	0.04073
1407.85205	0.04044
1405.92349	0.04010
1403.99492	0.03958
1402.06636	0.03899
1400.13779	0.03846
1398.20923	0.03810
1396.28066	0.03782
1394.35210	0.03755
1392.42354	0.03728
1390.49497	0.03709
1388.56641	0.03704
1386.63784	0.03709
1384.70928	0.03721
1382.78071	0.03757
1380.85215	0.03828
1378.92358	0.03903
1376.99502	0.03949
1375.06646	0.03976
1373.13789	0.04008
1371.20933	0.04044
1369.28076	0.04071
1367.35220	0.04079
1365.42363	0.04059
1363.49507	0.04021
1361.56650	0.03973
1359.63794	0.03931
1357.70937	0.03905
1355.78081	0.03899
1353.85225	0.03905
1351.92368	0.03909
1349.99512	0.03897
1348.06655	0.03866
1346.13799	0.03830
1344.20942	0.03797
1342.28086	0.03772
1340.35229	0.03756
1338.42373	0.03729
1336.49517	0.03687
1334.56660	0.03652
1332.63804	0.03630
1330.70947	0.03613
1328.78091	0.03600
1326.85234	0.03598
1324.92378	0.03607
1322.99521	0.03621
1321.06665	0.03643
1319.13809	0.03670
1317.20952	0.03697
1315.28096	0.03730
1313.35239	0.03768
1311.42383	0.03797
1309.49526	0.03823
1307.56670	0.03855
1305.63813	0.03883
1303.70957	0.03902
1301.78101	0.03919
1299.85244	0.03944
1297.92388	0.03964
1295.99531	0.03968
1294.06675	0.03957
1292.13818	0.03947
1290.20962	0.03939
1288.28105	0.03930
1286.35249	0.03920
1284.42393	0.03912
1282.49536	0.03905
1280.56680	0.03901
1278.63823	0.03898
1276.70967	0.03895
1274.78110	0.03888
1272.85254	0.03880
1270.92397	0.03874
1268.99541	0.03871
1267.06685	0.03874
1265.13828	0.03879
1263.20972	0.03878
1261.28115	0.03877
1259.35259	0.03874
1257.42402	0.03870
1255.49546	0.03870
1253.56689	0.03869
1251.63833	0.03866
1249.70977	0.03868
1247.78120	0.03874
1245.85264	0.03880
1243.92407	0.03885
1241.99551	0.03885
1240.06694	0.03876
1238.13838	0.03868
1236.20981	0.03865
1234.28125	0.03863
1232.35269	0.03863
1230.42412	0.03863
1228.49556	0.03864
1226.56699	0.03863
1224.63843	0.03860
1222.70986	0.03854
1220.78130	0.03852
1218.85273	0.03853
1216.92417	0.03852
1214.99561	0.03852
1213.06704	0.03856
1211.13848	0.03861
1209.20991	0.03866
1207.28135	0.03871
1205.35278	0.03881
1203.42422	0.03901
1201.49565	0.03924
1199.56709	0.03940
1197.63853	0.03950
1195.70996	0.03962
1193.78140	0.03981
1191.85283	0.04002
1189.92427	0.04024
1187.99570	0.04044
1186.06714	0.04067
1184.13857	0.04092
1182.21001	0.04112
1180.28145	0.04130
1178.35288	0.04163
1176.42432	0.04206
1174.49575	0.04233
1172.56719	0.04241
1170.63862	0.04253
1168.71006	0.04274
1166.78149	0.04288
1164.85293	0.04291
1162.92437	0.04281
1160.99580	0.04250
1159.06724	0.04203
1157.13867	0.04153
1155.21011	0.04105
1153.28154	0.04060
1151.35298	0.04023
1149.42441	0.03993
1147.49585	0.03969
1145.56729	0.03955
1143.63872	0.03951
1141.71016	0.03944
1139.78159	0.03933
1137.85303	0.03932
1135.92446	0.03947
1133.99590	0.03969
1132.06733	0.03989
1130.13877	0.04004
1128.21021	0.04015
1126.28164	0.04020
1124.35308	0.04023
1122.42451	0.04029
1120.49595	0.04044
1118.56738	0.04063
1116.63882	0.04072
1114.71025	0.04077
1112.78169	0.04090
1110.85312	0.04110
1108.92456	0.04129
1106.99600	0.04143
1105.06743	0.04150
1103.13887	0.04148
1101.21030	0.04144
1099.28174	0.04145
1097.35317	0.04151
1095.42461	0.04158
1093.49604	0.04169
1091.56748	0.04182
1089.63892	0.04189
1087.71035	0.04197
1085.78179	0.04212
1083.85322	0.04222
1081.92466	0.04217
1079.99609	0.04207
1078.06753	0.04205
1076.13896	0.04209
1074.21040	0.04211
1072.28184	0.04211
1070.35327	0.04210
1068.42471	0.04206
1066.49614	0.04206
1064.56758	0.04207
1062.63901	0.04200
1060.71045	0.04189
1058.78188	0.04187
1056.85332	0.04188
1054.92476	0.04186
1052.99619	0.04184
1051.06763	0.04183
1049.13906	0.04176
1047.21050	0.04167
1045.28193	0.04157
1043.35337	0.04141
1041.42480	0.04123
1039.49624	0.04110
1037.56768	0.04099
1035.63911	0.04087
1033.71055	0.04076
1031.78198	0.04060
1029.85342	0.04041
1027.92485	0.04030
1025.99629	0.04024
1024.06772	0.04006
1022.13916	0.03972
1020.21060	0.03939
1018.28203	0.03917
1016.35347	0.03904
1014.42490	0.03891
1012.49634	0.03874
1010.56777	0.03863
1008.63921	0.03856
1006.71064	0.03837
1004.78208	0.03813
1002.85352	0.03798
1000.92495	0.03794
998.99639	0.03804
997.06782	0.03823
995.13926	0.03842
993.21069	0.03861
991.28213	0.03872
989.35356	0.03863
987.42500	0.03827
985.49644	0.03773
983.56787	0.03719
981.63931	0.03686
979.71074	0.03672
977.78218	0.03659
975.85361	0.03642
973.92505	0.03639
971.99648	0.03650
970.06792	0.03669
968.13936	0.03692
966.21079	0.03709
964.28223	0.03722
962.35366	0.03731
960.42510	0.03733
958.49653	0.03733
956.56797	0.03736
954.63940	0.03741
952.71084	0.03749
950.78228	0.03754
948.85371	0.03757
946.92515	0.03768
944.99658	0.03776
943.06802	0.03776
941.13945	0.03780
939.21089	0.03791
937.28232	0.03797
935.35376	0.03790
933.42520	0.03778
931.49663	0.03774
929.56807	0.03784
927.63950	0.03798
925.71094	0.03808
923.78237	0.03814
921.85381	0.03825
919.92524	0.03847
917.99668	0.03892
916.06812	0.03973
914.13955	0.04096
912.21099	0.04259
910.28242	0.04432
908.35386	0.04522
906.42529	0.04458
904.49673	0.04286
902.56816	0.04106
900.63960	0.03963
898.71104	0.03856
896.78247	0.03785
894.85391	0.03743
892.92534	0.03721
890.99678	0.03711
889.06821	0.03711
887.13965	0.03704
885.21108	0.03672
883.28252	0.03624
881.35396	0.03587
879.42539	0.03567
877.49683	0.03557
875.56826	0.03550
873.63970	0.03535
871.71113	0.03516
869.78257	0.03502
867.85400	0.03495
865.92544	0.03496
863.99687	0.03500
862.06831	0.03495
860.13975	0.03482
858.21118	0.03469
856.28262	0.03459
854.35405	0.03452
852.42549	0.03449
850.49692	0.03444
848.56836	0.03430
846.63979	0.03407
844.71123	0.03393
842.78267	0.03398
840.85410	0.03396
838.92554	0.03383
836.99697	0.03375
835.06841	0.03382
833.13984	0.03396
831.21128	0.03404
829.28271	0.03400
827.35415	0.03389
825.42559	0.03380
823.49702	0.03386
821.56846	0.03392
819.63989	0.03379
817.71133	0.03371
815.78276	0.03381
813.85420	0.03395
811.92563	0.03402
809.99707	0.03403
808.06851	0.03409
806.13994	0.03413
804.21138	0.03401
802.28281	0.03379
800.35425	0.03368
798.42568	0.03361
796.49712	0.03348
794.56855	0.03336
792.63999	0.03329
790.71143	0.03324
788.78286	0.03320
786.85430	0.03314
784.92573	0.03323
782.99717	0.03349
781.06860	0.03372
779.14004	0.03375
777.21147	0.03357
775.28291	0.03337
773.35435	0.03327
771.42578	0.03327
769.49722	0.03321
767.56865	0.03300
765.64009	0.03282
763.71152	0.03282
761.78296	0.03291
759.85439	0.03300
757.92583	0.03314
755.99727	0.03326
754.06870	0.03321
752.14014	0.03313
750.21157	0.03328
748.28301	0.03360
746.35444	0.03403
744.42588	0.03467
742.49731	0.03563
740.56875	0.03726
738.64019	0.04030
736.71162	0.04700
734.78306	0.06373
732.85449	0.09390
730.92593	0.12106
728.99736	0.12265
727.06880	0.10808
725.14023	0.10280
723.21167	0.11970
721.28311	0.16167
719.35454	0.21623
717.42598	0.24956
715.49741	0.23535
713.56885	0.18770
711.64028	0.14032
709.71172	0.10907
707.78315	0.09092
705.85459	0.07977
703.92603	0.07228
701.99746	0.06669
700.06890	0.06221
698.14033	0.05872
696.21177	0.05607
694.28320	0.05390
692.35464	0.05198
690.42607	0.05046
688.49751	0.04934
686.56895	0.04822
684.64038	0.04703
682.71182	0.04610
680.78325	0.04537
678.85469	0.04456
676.92612	0.04376
674.99756	0.04305
673.06899	0.04211
671.14043	0.03968
669.21187	0.03577
667.28330	0.03522
665.35474	0.03861
663.42617	0.04074
661.49761	0.04112
659.56904	0.04078
657.64048	0.04025
655.71191	0.03988
653.78335	0.03953
651.85479	0.03919
649.92622	0.03921
647.99766	0.03962
646.06909	0.03987
644.14053	0.03974
642.21196	0.03966
640.28340	0.04023
638.35483	0.04143
636.42627	0.04233
634.49771	0.04242
632.56914	0.04210
630.64058	0.04179
628.71201	0.04148
626.78345	0.04125
624.85488	0.04124
622.92632	0.04142
620.99775	0.04178
619.06919	0.04221
617.14062	0.04211
615.21206	0.04170
613.28350	0.04205
611.35493	0.04249
609.42637	0.04179
607.49780	0.04119
605.56924	0.04167
603.64067	0.04214
601.71211	0.04157
599.78354	0.03987
