3997.91411	0.01428
3995.98555	0.01408
3994.05698	0.01395
3992.12842	0.01393
3990.19985	0.01400
3988.27129	0.01410
3986.34272	0.01416
3984.41416	0.01416
3982.48560	0.01418
3980.55703	0.01425
3978.62847	0.01423
3976.69990	0.01407
3974.77134	0.01390
3972.84277	0.01382
3970.91421	0.01384
3968.98564	0.01398
3967.05708	0.01418
3965.12852	0.01422
3963.19995	0.01399
3961.27139	0.01377
3959.34282	0.01378
3957.41426	0.01385
3955.48569	0.01390
3953.55713	0.01382
3951.62856	0.01346
3949.70000	0.01308
3947.77144	0.01310
3945.84287	0.01313
3943.91431	0.01281
3941.98574	0.01286
3940.05718	0.01348
3938.12861	0.01396
3936.20005	0.01392
3934.27148	0.01327
3932.34292	0.01254
3930.41436	0.01266
3928.48579	0.01318
3926.55723	0.01311
3924.62866	0.01285
3922.70010	0.01296
3920.77153	0.01285
3918.84297	0.01237
3916.91440	0.01244
3914.98584	0.01331
3913.05728	0.01411
3911.12871	0.01438
3909.20015	0.01402
3907.27158	0.01254
3905.34302	0.01023
3903.41445	0.00861
3901.48589	0.00854
3899.55732	0.00988
3897.62876	0.01192
3895.70020	0.01301
3893.77163	0.01231
3891.84307	0.01138
3889.91450	0.01169
3887.98594	0.01157
3886.05737	0.01056
3884.12881	0.01026
3882.20024	0.01021
3880.27168	0.01055
3878.34312	0.01177
3876.41455	0.01183
3874.48599	0.01045
3872.55742	0.00906
3870.62886	0.00827
3868.70029	0.00878
3866.77173	0.00946
3864.84316	0.00934
3862.91460	0.00993
3860.98604	0.01128
3859.05747	0.01161
3857.12891	0.00995
3855.20034	0.00646
3853.27178	0.00467
3851.34321	0.00775
3849.41465	0.01113
3847.48608	0.01232
3845.55752	0.01163
3843.62896	0.01012
3841.70039	0.00855
3839.77183	0.00720
3837.84326	0.00698
3835.91470	0.00820
3833.98613	0.00946
3832.05757	0.01045
3830.12900	0.01134
3828.20044	0.01162
3826.27187	0.01128
3824.34331	0.01010
3822.41475	0.00786
3820.48618	0.00705
3818.55762	0.00821
3816.62905	0.00921
3814.70049	0.01086
3812.77192	0.01275
3810.84336	0.01300
3808.91479	0.01142
3806.98623	0.00984
3805.05767	0.00926
3803.12910	0.00819
3801.20054	0.00771
3799.27197	0.00900
3797.34341	0.01020
3795.41484	0.01148
3793.48628	0.01304
3791.55771	0.01390
3789.62915	0.01389
3787.70059	0.01331
3785.77202	0.01266
3783.84346	0.01241
3781.91489	0.01194
3779.98633	0.01130
3778.05776	0.01182
3776.12920	0.01297
3774.20063	0.01314
3772.27207	0.01201
3770.34351	0.01065
3768.41494	0.01035
3766.48638	0.01083
3764.55781	0.01148
3762.62925	0.01147
3760.70068	0.01034
3758.77212	0.00958
3756.84355	0.00970
3754.91499	0.00889
3752.98643	0.00629
3751.05786	0.00409
3749.12930	0.00477
3747.20073	0.00560
3745.27217	0.00552
3743.34360	0.00745
3741.41504	0.01021
3739.48647	0.01074
3737.55791	0.00917
3735.62935	0.00779
3733.70078	0.00909
3731.77222	0.01248
3729.84365	0.01519
3727.91509	0.01577
3725.98652	0.01497
3724.05796	0.01426
3722.12939	0.01403
3720.20083	0.01407
3718.27227	0.01403
3716.34370	0.01326
3714.41514	0.01133
3712.48657	0.00927
3710.55801	0.00967
3708.62944	0.01244
3706.70088	0.01488
3704.77231	0.01546
3702.84375	0.01477
3700.91519	0.01484
3698.98662	0.01579
3697.05806	0.01608
3695.12949	0.01523
3693.20093	0.01319
3691.27236	0.01026
3689.34380	0.00870
3687.41523	0.01040
3685.48667	0.01278
3683.55811	0.01361
3681.62954	0.01286
3679.70098	0.01084
3677.77241	0.00768
3675.84385	0.00522
3673.91528	0.00593
3671.98672	0.00700
3670.05815	0.00751
3668.12959	0.00980
3666.20103	0.01239
3664.27246	0.01343
3662.34390	0.01336
3660.41533	0.01284
3658.48677	0.01177
3656.55820	0.01081
3654.62964	0.01050
3652.70107	0.00891
3650.77251	0.00547
3648.84395	0.00410
3646.91538	0.00719
3644.98682	0.01099
3643.05825	0.01317
3641.12969	0.01413
3639.20112	0.01455
3637.27256	0.01454
3635.34399	0.01416
3633.41543	0.01353
3631.48687	0.01206
3629.55830	0.01048
3627.62974	0.01194
3625.70117	0.01493
3623.77261	0.01596
3621.84404	0.01454
3619.91548	0.01223
3617.98691	0.01146
3616.05835	0.01172
3614.12979	0.01156
3612.20122	0.01160
3610.27266	0.01207
3608.34409	0.01301
3606.41553	0.01481
3604.48696	0.01636
3602.55840	0.01670
3600.62983	0.01643
3598.70127	0.01614
3596.77271	0.01565
3594.84414	0.01530
3592.91558	0.01548
3590.98701	0.01512
3589.05845	0.01352
3587.12988	0.01261
3585.20132	0.01374
3583.27275	0.01504
3581.34419	0.01546
3579.41562	0.01542
3577.48706	0.01534
3575.55850	0.01538
3573.62993	0.01547
3571.70137	0.01498
3569.77280	0.01320
3567.84424	0.01125
3565.91567	0.01151
3563.98711	0.01336
3562.05854	0.01467
3560.12998	0.01527
3558.20142	0.01575
3556.27285	0.01593
3554.34429	0.01558
3552.41572	0.01517
3550.48716	0.01503
3548.55859	0.01473
3546.63003	0.01444
3544.70146	0.01495
3542.77290	0.01599
3540.84434	0.01664
3538.91577	0.01668
3536.98721	0.01658
3535.05864	0.01672
3533.13008	0.01693
3531.20151	0.01685
3529.27295	0.01649
3527.34438	0.01632
3525.41582	0.01642
3523.48726	0.01656
3521.55869	0.01692
3519.63013	0.01743
3517.70156	0.01767
3515.77300	0.01762
3513.84443	0.01751
3511.91587	0.01741
3509.98730	0.01735
3508.05874	0.01735
3506.13018	0.01719
3504.20161	0.01692
3502.27305	0.01707
3500.34448	0.01769
3498.41592	0.01816
3496.48735	0.01836
3494.55879	0.01854
3492.63022	0.01865
3490.70166	0.01858
3488.77310	0.01844
3486.84453	0.01845
3484.91597	0.01844
3482.98740	0.01820
3481.05884	0.01815
3479.13027	0.01850
3477.20171	0.01874
3475.27314	0.01879
3473.34458	0.01893
3471.41602	0.01914
3469.48745	0.01914
3467.55889	0.01895
3465.63032	0.01883
3463.70176	0.01889
3461.77319	0.01918
3459.84463	0.01958
3457.91606	0.01972
3455.98750	0.01967
3454.05894	0.01979
3452.13037	0.01990
3450.20181	0.01962
3448.27324	0.01918
3446.34468	0.01920
3444.41611	0.01963
3442.48755	0.01994
3440.55898	0.02001
3438.63042	0.02009
3436.70186	0.02030
3434.77329	0.02047
3432.84473	0.02046
3430.91616	0.02038
3428.98760	0.02047
3427.05903	0.02071
3425.13047	0.02083
3423.20190	0.02073
3421.27334	0.02059
3419.34478	0.02070
3417.41621	0.02104
3415.48765	0.02128
3413.55908	0.02115
3411.63052	0.02082
3409.70195	0.02075
3407.77339	0.02108
3405.84482	0.02141
3403.91626	0.02135
3401.98770	0.02105
3400.05913	0.02091
3398.13057	0.02101
3396.20200	0.02118
3394.27344	0.02120
3392.34487	0.02122
3390.41631	0.02135
3388.48774	0.02147
3386.55918	0.02149
3384.63062	0.02141
3382.70205	0.02137
3380.77349	0.02150
3378.84492	0.02176
3376.91636	0.02202
3374.98779	0.02213
3373.05923	0.02207
3371.13066	0.02202
3369.20210	0.02209
3367.27354	0.02215
3365.34497	0.02212
3363.41641	0.02207
3361.48784	0.02216
3359.55928	0.02239
3357.63071	0.02255
3355.70215	0.02252
3353.77358	0.02240
3351.84502	0.02233
3349.91646	0.02245
3347.98789	0.02261
3346.05933	0.02253
3344.13076	0.02239
3342.20220	0.02252
3340.27363	0.02264
3338.34507	0.02253
3336.41650	0.02253
3334.48794	0.02275
3332.55937	0.02284
3330.63081	0.02283
3328.70225	0.02293
3326.77368	0.02301
3324.84512	0.02300
3322.91655	0.02307
3320.98799	0.02316
3319.05942	0.02315
3317.13086	0.02309
3315.20229	0.02307
3313.27373	0.02301
3311.34517	0.02290
3309.41660	0.02294
3307.48804	0.02316
3305.55947	0.02333
3303.63091	0.02333
3301.70234	0.02331
3299.77378	0.02332
3297.84521	0.02322
3295.91665	0.02297
3293.98809	0.02275
3292.05952	0.02276
3290.13096	0.02294
3288.20239	0.02306
3286.27383	0.02305
3284.34526	0.02299
3282.41670	0.02286
3280.48813	0.02266
3278.55957	0.02251
3276.63101	0.02237
3274.70244	0.02226
3272.77388	0.02227
3270.84531	0.02236
3268.91675	0.02241
3266.98818	0.02248
3265.05962	0.02256
3263.13105	0.02251
3261.20249	0.02232
3259.27393	0.02210
3257.34536	0.02187
3255.41680	0.02165
3253.48823	0.02150
3251.55967	0.02141
3249.63110	0.02140
3247.70254	0.02148
3245.77397	0.02158
3243.84541	0.02158
3241.91685	0.02139
3239.98828	0.02115
3238.05972	0.02107
3236.13115	0.02100
3234.20259	0.02075
3232.27402	0.02052
3230.34546	0.02047
3228.41689	0.02045
3226.48833	0.02039
3224.55977	0.02038
3222.63120	0.02039
3220.70264	0.02041
3218.77407	0.02043
3216.84551	0.02039
3214.91694	0.02016
3212.98838	0.01981
3211.05981	0.01960
3209.13125	0.01964
3207.20269	0.01976
3205.27412	0.01977
3203.34556	0.01966
3201.41699	0.01947
3199.48843	0.01929
3197.55986	0.01923
3195.63130	0.01917
3193.70273	0.01900
3191.77417	0.01891
3189.84561	0.01901
3187.91704	0.01913
3185.98848	0.01916
3184.05991	0.01911
3182.13135	0.01893
3180.20278	0.01867
3178.27422	0.01844
3176.34565	0.01834
3174.41709	0.01837
3172.48853	0.01843
3170.55996	0.01835
3168.63140	0.01815
3166.70283	0.01793
3164.77427	0.01783
3162.84570	0.01785
3160.91714	0.01783
3158.98857	0.01772
3157.06001	0.01751
3155.13145	0.01732
3153.20288	0.01730
3151.27432	0.01742
3149.34575	0.01750
3147.41719	0.01741
3145.48862	0.01720
3143.56006	0.01702
3141.63149	0.01696
3139.70293	0.01694
3137.77437	0.01692
3135.84580	0.01689
3133.91724	0.01673
3131.98867	0.01646
3130.06011	0.01628
3128.13154	0.01628
3126.20298	0.01647
3124.27441	0.01656
3122.34585	0.01630
3120.41729	0.01590
3118.48872	0.01569
3116.56016	0.01578
3114.63159	0.01606
3112.70303	0.01629
3110.77446	0.01632
3108.84590	0.01620
3106.91733	0.01609
3104.98877	0.01604
3103.06021	0.01603
3101.13164	0.01601
3099.20308	0.01596
3097.27451	0.01592
3095.34595	0.01604
3093.41738	0.01626
3091.48882	0.01637
3089.56025	0.01630
3087.63169	0.01616
3085.70312	0.01600
3083.77456	0.01580
3081.84600	0.01563
3079.91743	0.01561
3077.98887	0.01573
3076.06030	0.01592
3074.13174	0.01607
3072.20317	0.01607
3070.27461	0.01592
3068.34604	0.01574
3066.41748	0.01562
3064.48892	0.01557
3062.56035	0.01550
3060.63179	0.01538
3058.70322	0.01533
3056.77466	0.01529
3054.84609	0.01517
3052.91753	0.01501
3050.98896	0.01492
3049.06040	0.01488
3047.13184	0.01487
3045.20327	0.01485
3043.27471	0.01479
3041.34614	0.01472
3039.41758	0.01468
3037.48901	0.01448
3035.56045	0.01416
3033.63188	0.01388
3031.70332	0.01363
3029.77476	0.01345
3027.84619	0.01345
3025.91763	0.01338
3023.98906	0.01321
3022.06050	0.01314
3020.13193	0.01316
3018.20337	0.01313
3016.27480	0.01302
3014.34624	0.01289
3012.41768	0.01279
3010.48911	0.01276
3008.56055	0.01276
3006.63198	0.01272
3004.70342	0.01268
3002.77485	0.01276
3000.84629	0.01299
2998.91772	0.01329
2996.98916	0.01346
2995.06060	0.01350
2993.13203	0.01356
2991.20347	0.01378
2989.27490	0.01411
2987.34634	0.01448
2985.41777	0.01488
2983.48921	0.01534
2981.56064	0.01582
2979.63208	0.01627
2977.70352	0.01679
2975.77495	0.01742
2973.84639	0.01800
2971.91782	0.01850
2969.98926	0.01943
2968.06069	0.02110
2966.13213	0.02302
2964.20356	0.02472
2962.27500	0.02617
2960.34644	0.02756
2958.41787	0.02899
2956.48931	0.03046
2954.56074	0.03192
2952.63218	0.03350
2950.70361	0.03554
2948.77505	0.03833
2946.84648	0.04197
2944.91792	0.04663
2942.98936	0.05250
2941.06079	0.05962
2939.13223	0.06796
2937.20366	0.07745
2935.27510	0.08818
2933.34653	0.10034
2931.41797	0.11428
2929.48940	0.13036
2927.56084	0.14882
2925.63228	0.16985
2923.70371	0.19335
2921.77515	0.21826
2919.84658	0.24222
2917.91802	0.26146
2915.98945	0.27166
2914.06089	0.27062
2912.13232	0.26023
2910.20376	0.24485
2908.27520	0.22846
2906.34663	0.21343
2904.41807	0.20074
2902.48950	0.19032
2900.56094	0.18149
2898.63237	0.17354
2896.70381	0.16619
2894.77524	0.15923
2892.84668	0.15240
2890.91812	0.14555
2888.98955	0.13854
2887.06099	0.13142
2885.13242	0.12447
2883.20386	0.11765
2881.27529	0.11083
2879.34673	0.10414
2877.41816	0.09780
2875.48960	0.09205
2873.56104	0.08719
2871.63247	0.08347
2869.70391	0.08100
2867.77534	0.07995
2865.84678	0.08067
2863.91821	0.08387
2861.98965	0.09049
2860.06108	0.10149
2858.13252	0.11821
2856.20396	0.14239
2854.27539	0.17491
2852.34683	0.21291
2850.41826	0.24610
2848.48970	0.25963
2846.56113	0.24784
2844.63257	0.22024
2842.70400	0.18964
2840.77544	0.16285
2838.84687	0.14157
2836.91831	0.12528
2834.98975	0.11288
2833.06118	0.10336
2831.13262	0.09597
2829.20405	0.09002
2827.27549	0.08506
2825.34692	0.08097
2823.41836	0.07756
2821.48979	0.07447
2819.56123	0.07164
2817.63267	0.06923
2815.70410	0.06716
2813.77554	0.06527
2811.84697	0.06352
2809.91841	0.06189
2807.98984	0.06037
2806.06128	0.05905
2804.13271	0.05790
2802.20415	0.05681
2800.27559	0.05571
2798.34702	0.05463
2796.41846	0.05367
2794.48989	0.05283
2792.56133	0.05196
2790.63276	0.05100
2788.70420	0.05008
2786.77563	0.04928
2784.84707	0.04850
2782.91851	0.04773
2780.98994	0.04700
2779.06138	0.04635
2777.13281	0.04576
2775.20425	0.04521
2773.27568	0.04464
2771.34712	0.04403
2769.41855	0.04345
2767.48999	0.04297
2765.56143	0.04257
2763.63286	0.04218
2761.70430	0.04174
2759.77573	0.04128
2757.84717	0.04087
2755.91860	0.04051
2753.99004	0.04017
2752.06147	0.03989
2750.13291	0.03963
2748.20435	0.03938
2746.27578	0.03913
2744.34722	0.03893
2742.41865	0.03880
2740.49009	0.03868
2738.56152	0.03852
2736.63296	0.03832
2734.70439	0.03808
2732.77583	0.03789
2730.84727	0.03775
2728.91870	0.03751
2726.99014	0.03713
2725.06157	0.03676
2723.13301	0.03645
2721.20444	0.03619
2719.27588	0.03596
2717.34731	0.03579
2715.41875	0.03567
2713.49019	0.03553
2711.56162	0.03539
2709.63306	0.03523
2707.70449	0.03499
2705.77593	0.03467
2703.84736	0.03440
2701.91880	0.03422
2699.99023	0.03408
2698.06167	0.03392
2696.13311	0.03380
2694.20454	0.03376
2692.27598	0.03370
2690.34741	0.03361
2688.41885	0.03355
2686.49028	0.03350
2684.56172	0.03343
2682.63315	0.03340
2680.70459	0.03340
2678.77603	0.03338
2676.84746	0.03331
2674.91890	0.03323
2672.99033	0.03321
2671.06177	0.03325
2669.13320	0.03331
2667.20464	0.03341
2665.27607	0.03357
2663.34751	0.03380
2661.41895	0.03404
2659.49038	0.03418
2657.56182	0.03419
2655.63325	0.03415
2653.70469	0.03411
2651.77612	0.03405
2649.84756	0.03395
2647.91899	0.03388
2645.99043	0.03385
2644.06187	0.03380
2642.13330	0.03378
2640.20474	0.03381
2638.27617	0.03380
2636.34761	0.03374
2634.41904	0.03367
2632.49048	0.03357
2630.56191	0.03335
2628.63335	0.03301
2626.70479	0.03268
2624.77622	0.03239
2622.84766	0.03207
2620.91909	0.03170
2618.99053	0.03137
2617.06196	0.03115
2615.13340	0.03103
2613.20483	0.03090
2611.27627	0.03068
2609.34771	0.03044
2607.41914	0.03019
2605.49058	0.02991
2603.56201	0.02965
2601.63345	0.02943
2599.70488	0.02920
2597.77632	0.02903
2595.84775	0.02890
2593.91919	0.02871
2591.99062	0.02851
2590.06206	0.02830
2588.13350	0.02807
2586.20493	0.02784
2584.27637	0.02762
2582.34780	0.02741
2580.41924	0.02729
2578.49067	0.02720
2576.56211	0.02712
2574.63354	0.02704
2572.70498	0.02685
2570.77642	0.02655
2568.84785	0.02629
2566.91929	0.02617
2564.99072	0.02612
2563.06216	0.02603
2561.13359	0.02586
2559.20503	0.02565
2557.27646	0.02555
2555.34790	0.02551
2553.41934	0.02543
2551.49077	0.02535
2549.56221	0.02534
2547.63364	0.02530
2545.70508	0.02509
2543.77651	0.02482
2541.84795	0.02463
2539.91938	0.02448
2537.99082	0.02434
2536.06226	0.02433
2534.13369	0.02448
2532.20513	0.02459
2530.27656	0.02454
2528.34800	0.02440
2526.41943	0.02426
2524.49087	0.02415
2522.56230	0.02410
2520.63374	0.02405
2518.70518	0.02396
2516.77661	0.02386
2514.84805	0.02378
2512.91948	0.02365
2510.99092	0.02348
2509.06235	0.02335
2507.13379	0.02329
2505.20522	0.02333
2503.27666	0.02339
2501.34810	0.02338
2499.41953	0.02324
2497.49097	0.02304
2495.56240	0.02285
2493.63384	0.02270
2491.70527	0.02269
2489.77671	0.02274
2487.84814	0.02274
2485.91958	0.02274
2483.99102	0.02282
2482.06245	0.02284
2480.13389	0.02270
2478.20532	0.02256
2476.27676	0.02255
2474.34819	0.02255
2472.41963	0.02247
2470.49106	0.02236
2468.56250	0.02225
2466.63394	0.02212
2464.70537	0.02203
2462.77681	0.02201
2460.84824	0.02207
2458.91968	0.02221
2456.99111	0.02233
2455.06255	0.02235
2453.13398	0.02227
2451.20542	0.02212
2449.27686	0.02199
2447.34829	0.02193
2445.41973	0.02187
2443.49116	0.02180
2441.56260	0.02178
2439.63403	0.02172
2437.70547	0.02153
2435.77690	0.02138
2433.84834	0.02138
2431.91978	0.02144
2429.99121	0.02146
2428.06265	0.02140
2426.13408	0.02131
2424.20552	0.02122
2422.27695	0.02116
2420.34839	0.02118
2418.41982	0.02123
2416.49126	0.02124
2414.56270	0.02124
2412.63413	0.02123
2410.70557	0.02116
2408.77700	0.02105
2406.84844	0.02090
2404.91987	0.02070
2402.99131	0.02052
2401.06274	0.02045
2399.13418	0.02045
2397.20562	0.02044
2395.27705	0.02044
2393.34849	0.02049
2391.41992	0.02063
2389.49136	0.02100
2387.56279	0.02189
2385.63423	0.02385
2383.70566	0.02754
2381.77710	0.03345
2379.84854	0.04154
2377.91997	0.05100
2375.99141	0.06087
2374.06284	0.07068
2372.13428	0.08041
2370.20571	0.09009
2368.27715	0.09942
2366.34858	0.10800
2364.42002	0.11515
2362.49146	0.11996
2360.56289	0.12198
2358.63433	0.12076
2356.70576	0.11570
2354.77720	0.10677
2352.84863	0.09423
2350.92007	0.08143
2348.99150	0.07545
2347.06294	0.07988
2345.13437	0.08985
2343.20581	0.09621
2341.27725	0.09725
2339.34868	0.09608
2337.42012	0.09417
2335.49155	0.09244
2333.56299	0.09164
2331.63442	0.09112
2329.70586	0.08937
2327.77729	0.08695
2325.84873	0.08532
2323.92017	0.08359
2321.99160	0.07986
2320.06304	0.07408
2318.13447	0.06771
2316.20591	0.06231
2314.27734	0.05844
2312.34878	0.05516
2310.42021	0.05154
2308.49165	0.04770
2306.56309	0.04399
2304.63452	0.04058
2302.70596	0.03767
2300.77739	0.03533
2298.84883	0.03338
2296.92026	0.03174
2294.99170	0.03053
2293.06313	0.02965
2291.13457	0.02886
2289.20601	0.02809
2287.27744	0.02725
2285.34888	0.02623
2283.42031	0.02532
2281.49175	0.02486
2279.56318	0.02480
2277.63462	0.02490
2275.70605	0.02497
2273.77749	0.02480
2271.84893	0.02432
2269.92036	0.02382
2267.99180	0.02353
2266.06323	0.02336
2264.13467	0.02315
2262.20610	0.02296
2260.27754	0.02295
2258.34897	0.02288
2256.42041	0.02228
2254.49185	0.02138
2252.56328	0.02095
2250.63472	0.02105
2248.70615	0.02115
2246.77759	0.02099
2244.84902	0.02069
2242.92046	0.02051
2240.99189	0.02049
2239.06333	0.02043
2237.13477	0.02036
2235.20620	0.02050
2233.27764	0.02081
2231.34907	0.02090
2229.42051	0.02066
2227.49194	0.02045
2225.56338	0.02041
2223.63481	0.02035
2221.70625	0.02016
2219.77769	0.01992
2217.84912	0.01968
2215.92056	0.01959
2213.99199	0.01976
2212.06343	0.01984
2210.13486	0.01960
2208.20630	0.01932
2206.27773	0.01921
2204.34917	0.01930
2202.42061	0.01947
2200.49204	0.01958
2198.56348	0.01982
2196.63491	0.02025
2194.70635	0.02049
2192.77778	0.02051
2190.84922	0.02065
2188.92065	0.02078
2186.99209	0.02068
2185.06353	0.02042
2183.13496	0.02002
2181.20640	0.01978
2179.27783	0.01992
2177.34927	0.01962
2175.42070	0.01884
2173.49214	0.01876
2171.56357	0.01957
2169.63501	0.02080
2167.70645	0.02211
2165.77788	0.02299
2163.84932	0.02336
2161.92075	0.02218
2159.99219	0.01765
2158.06362	0.01242
2156.13506	0.01086
2154.20649	0.01191
2152.27793	0.01313
2150.34937	0.01394
2148.42080	0.01440
2146.49224	0.01463
2144.56367	0.01477
2142.63511	0.01487
2140.70654	0.01481
2138.77798	0.01454
2136.84941	0.01394
2134.92085	0.01304
2132.99229	0.01263
2131.06372	0.01318
2129.13516	0.01410
2127.20659	0.01488
2125.27803	0.01548
2123.34946	0.01606
2121.42090	0.01662
2119.49233	0.01705
2117.56377	0.01743
2115.63521	0.01798
2113.70664	0.01848
2111.77808	0.01858
2109.84951	0.01845
2107.92095	0.01841
2105.99238	0.01857
2104.06382	0.01875
2102.13525	0.01874
2100.20669	0.01859
2098.27812	0.01815
2096.34956	0.01737
2094.42100	0.01690
2092.49243	0.01724
2090.56387	0.01793
2088.63530	0.01838
2086.70674	0.01865
2084.77817	0.01893
2082.84961	0.01918
2080.92104	0.01929
2078.99248	0.01932
2077.06392	0.01943
2075.13535	0.01964
2073.20679	0.01965
2071.27822	0.01926
2069.34966	0.01879
2067.42109	0.01850
2065.49253	0.01834
2063.56396	0.01834
2061.63540	0.01849
2059.70684	0.01871
2057.77827	0.01896
2055.84971	0.01923
2053.92114	0.01996
2051.99258	0.02128
2050.06401	0.02164
2048.13545	0.02042
2046.20688	0.01939
2044.27832	0.01941
2042.34976	0.01978
2040.42119	0.02017
2038.49263	0.02059
2036.56406	0.02059
2034.63550	0.01976
2032.70693	0.01874
2030.77837	0.01817
2028.84980	0.01784
2026.92124	0.01766
2024.99268	0.01780
2023.06411	0.01812
2021.13555	0.01812
2019.20698	0.01773
2017.27842	0.01737
2015.34985	0.01712
2013.42129	0.01696
2011.49272	0.01716
2009.56416	0.01732
2007.63560	0.01674
2005.70703	0.01602
2003.77847	0.01608
2001.84990	0.01661
1999.92134	0.01710
1997.99277	0.01746
1996.06421	0.01749
1994.13564	0.01706
1992.20708	0.01671
1990.27852	0.01706
1988.34995	0.01771
1986.42139	0.01839
1984.49282	0.01936
1982.56426	0.02055
1980.63569	0.02117
1978.70713	0.01984
1976.77856	0.01712
1974.85000	0.01553
1972.92144	0.01547
1970.99287	0.01565
1969.06431	0.01552
1967.13574	0.01529
1965.20718	0.01510
1963.27861	0.01467
1961.35005	0.01401
1959.42148	0.01367
1957.49292	0.01389
1955.56436	0.01445
1953.63579	0.01512
1951.70723	0.01563
1949.77866	0.01578
1947.85010	0.01575
1945.92153	0.01553
1943.99297	0.01500
1942.06440	0.01483
1940.13584	0.01533
1938.20728	0.01581
1936.27871	0.01600
1934.35015	0.01606
1932.42158	0.01613
1930.49302	0.01620
1928.56445	0.01624
1926.63589	0.01605
1924.70732	0.01556
1922.77876	0.01537
1920.85020	0.01556
1918.92163	0.01562
1916.99307	0.01596
1915.06450	0.01663
1913.13594	0.01684
1911.20737	0.01666
1909.27881	0.01670
1907.35024	0.01718
1905.42168	0.01775
1903.49312	0.01805
1901.56455	0.01812
1899.63599	0.01809
1897.70742	0.01789
1895.77886	0.01765
1893.85029	0.01753
1891.92173	0.01715
1889.99316	0.01666
1888.06460	0.01690
1886.13604	0.01747
1884.20747	0.01757
1882.27891	0.01742
1880.35034	0.01734
1878.42178	0.01729
1876.49321	0.01730
1874.56465	0.01733
1872.63608	0.01693
1870.70752	0.01575
1868.77896	0.01483
1866.85039	0.01543
1864.92183	0.01670
1862.99326	0.01742
1861.06470	0.01757
1859.13613	0.01756
1857.20757	0.01765
1855.27900	0.01784
1853.35044	0.01790
1851.42187	0.01768
1849.49331	0.01710
1847.56475	0.01610
1845.63618	0.01488
1843.70762	0.01479
1841.77905	0.01610
1839.85049	0.01713
1837.92192	0.01738
1835.99336	0.01743
1834.06479	0.01720
1832.13623	0.01614
1830.20767	0.01505
1828.27910	0.01526
1826.35054	0.01603
1824.42197	0.01686
1822.49341	0.01784
1820.56484	0.01828
1818.63628	0.01801
1816.70771	0.01777
1814.77915	0.01774
1812.85059	0.01744
1810.92202	0.01718
1808.99346	0.01762
1807.06489	0.01838
1805.13633	0.01853
1803.20776	0.01776
1801.27920	0.01685
1799.35063	0.01689
1797.42207	0.01745
1795.49351	0.01713
1793.56494	0.01591
1791.63638	0.01590
1789.70781	0.01770
1787.77925	0.01901
1785.85068	0.01909
1783.92212	0.01875
1781.99355	0.01839
1780.06499	0.01828
1778.13643	0.01832
1776.20786	0.01752
1774.27930	0.01547
1772.35073	0.01382
1770.42217	0.01443
1768.49360	0.01605
1766.56504	0.01715
1764.63647	0.01701
1762.70791	0.01590
1760.77935	0.01536
1758.85078	0.01549
1756.92222	0.01556
1754.99365	0.01556
1753.06509	0.01468
1751.13652	0.01311
1749.20796	0.01290
1747.27939	0.01433
1745.35083	0.01571
1743.42227	0.01623
1741.49370	0.01614
1739.56514	0.01629
1737.63657	0.01639
1735.70801	0.01527
1733.77944	0.01482
1731.85088	0.01707
1729.92231	0.01945
1727.99375	0.02111
1726.06519	0.02220
1724.13662	0.02271
1722.20806	0.02261
1720.27949	0.02110
1718.35093	0.01890
1716.42236	0.01977
1714.49380	0.02400
1712.56523	0.02797
1710.63667	0.03005
1708.70811	0.02999
1706.77954	0.02871
1704.85098	0.02776
1702.92241	0.02655
1700.99385	0.02423
1699.06528	0.02334
1697.13672	0.02463
1695.20815	0.02720
1693.27959	0.02993
1691.35103	0.03076
1689.42246	0.02999
1687.49390	0.02811
1685.56533	0.02491
1683.63677	0.02413
1681.70820	0.02762
1679.77964	0.03050
1677.85107	0.03102
1675.92251	0.03028
1673.99395	0.03006
1672.06538	0.02989
1670.13682	0.02966
1668.20825	0.03150
1666.27969	0.03383
1664.35112	0.03427
1662.42256	0.03445
1660.49399	0.03596
1658.56543	0.03685
1656.63687	0.03500
1654.70830	0.03040
1652.77974	0.02865
1650.85117	0.03202
1648.92261	0.03304
1646.99404	0.03276
1645.06548	0.03547
1643.13691	0.03873
1641.20835	0.03961
1639.27979	0.03792
1637.35122	0.03449
1635.42266	0.03304
1633.49409	0.03569
1631.56553	0.03772
1629.63696	0.03735
1627.70840	0.03615
1625.77983	0.03506
1623.85127	0.03414
1621.92271	0.03434
1619.99414	0.03443
1618.06558	0.03293
1616.13701	0.03230
1614.20845	0.03395
1612.27988	0.03510
1610.35132	0.03498
1608.42275	0.03469
1606.49419	0.03478
1604.56562	0.03488
1602.63706	0.03486
1600.70850	0.03497
1598.77993	0.03507
1596.85137	0.03487
1594.92280	0.03462
1592.99424	0.03465
1591.06567	0.03478
1589.13711	0.03487
1587.20854	0.03491
1585.27998	0.03487
1583.35142	0.03476
1581.42285	0.03439
1579.49429	0.03300
1577.56572	0.03055
1575.63716	0.02975
1573.70859	0.03109
1571.78003	0.03101
1569.85146	0.02985
1567.92290	0.03022
1565.99434	0.03118
1564.06577	0.03102
1562.13721	0.02853
1560.20864	0.02292
1558.28008	0.02063
1556.35151	0.02526
1554.42295	0.02916
1552.49438	0.03093
1550.56582	0.03159
1548.63726	0.03179
1546.70869	0.03083
1544.78013	0.02794
1542.85156	0.02380
1540.92300	0.02077
1538.99443	0.02317
1537.06587	0.02724
1535.13730	0.02801
1533.20874	0.02749
1531.28018	0.02820
1529.35161	0.02823
1527.42305	0.02660
1525.49448	0.02463
1523.56592	0.02252
1521.63735	0.02098
1519.70879	0.02138
1517.78022	0.02247
1515.85166	0.02385
1513.92310	0.02516
1511.99453	0.02476
1510.06597	0.02178
1508.13740	0.01731
1506.20884	0.01713
1504.28027	0.02210
1502.35171	0.02494
1500.42314	0.02451
1498.49458	0.02285
1496.56602	0.02265
1494.63745	0.02388
1492.70889	0.02361
1490.78032	0.02153
1488.85176	0.02077
1486.92319	0.02284
1484.99463	0.02539
1483.06606	0.02727
1481.13750	0.02977
1479.20894	0.03570
1477.28037	0.05043
1475.35181	0.07959
1473.42324	0.11781
1471.49468	0.14034
1469.56611	0.13705
1467.63755	0.12489
1465.70898	0.11527
1463.78042	0.11089
1461.85186	0.10525
1459.92329	0.09278
1457.99473	0.07664
1456.06616	0.06699
1454.13760	0.06461
1452.20903	0.06233
1450.28047	0.05870
1448.35190	0.05529
1446.42334	0.05356
1444.49478	0.05301
1442.56621	0.05225
1440.63765	0.05056
1438.70908	0.04767
1436.78052	0.04477
1434.85195	0.04397
1432.92339	0.04359
1430.99482	0.04204
1429.06626	0.04043
1427.13770	0.03918
1425.20913	0.03753
1423.28057	0.03571
1421.35200	0.03376
1419.42344	0.03198
1417.49487	0.03241
1415.56631	0.03426
1413.63774	0.03523
1411.70918	0.03520
1409.78062	0.03486
1407.85205	0.03420
1405.92349	0.03316
1403.99492	0.03244
1402.06636	0.03181
1400.13779	0.03049
1398.20923	0.02907
1396.28066	0.02826
1394.35210	0.02841
1392.42354	0.02931
1390.49497	0.02947
1388.56641	0.02858
1386.63784	0.02822
1384.70928	0.02913
1382.78071	0.03026
1380.85215	0.03109
1378.92358	0.03141
1376.99502	0.03073
1375.06646	0.02953
1373.13789	0.02937
1371.20933	0.03016
1369.28076	0.03050
1367.35220	0.03000
1365.42363	0.02880
1363.49507	0.02755
1361.56650	0.02742
1359.63794	0.02824
1357.70937	0.02885
1355.78081	0.02903
1353.85225	0.02917
1351.92368	0.02934
1349.99512	0.02947
1348.06655	0.02963
1346.13799	0.02977
1344.20942	0.02967
1342.28086	0.02906
1340.35229	0.02822
1338.42373	0.02802
1336.49517	0.02858
1334.56660	0.02911
1332.63804	0.02932
1330.70947	0.02944
1328.78091	0.02964
1326.85234	0.02987
1324.92378	0.03006
1322.99521	0.03023
1321.06665	0.03037
1319.13809	0.03060
1317.20952	0.03109
1315.28096	0.03169
1313.35239	0.03225
1311.42383	0.03284
1309.49526	0.03338
1307.56670	0.03381
1305.63813	0.03415
1303.70957	0.03440
1301.78101	0.03457
1299.85244	0.03467
1297.92388	0.03468
1295.99531	0.03460
1294.06675	0.03451
1292.13818	0.03443
1290.20962	0.03432
1288.28105	0.03423
1286.35249	0.03419
1284.42393	0.03419
1282.49536	0.03419
1280.56680	0.03420
1278.63823	0.03424
1276.70967	0.03428
1274.78110	0.03426
1272.85254	0.03419
1270.92397	0.03417
1268.99541	0.03424
1267.06685	0.03436
1265.13828	0.03446
1263.20972	0.03447
1261.28115	0.03443
1259.35259	0.03448
1257.42402	0.03461
1255.49546	0.03470
1253.56689	0.03471
1251.63833	0.03461
1249.70977	0.03448
1247.78120	0.03440
1245.85264	0.03430
1243.92407	0.03404
1241.99551	0.03357
1240.06694	0.03285
1238.13838	0.03189
1236.20981	0.03074
1234.28125	0.02959
1232.35269	0.02859
1230.42412	0.02790
1228.49556	0.02765
1226.56699	0.02782
1224.63843	0.02823
1222.70986	0.02845
1220.78130	0.02785
1218.85273	0.02656
1216.92417	0.02581
1214.99561	0.02620
1213.06704	0.02699
1211.13848	0.02742
1209.20991	0.02745
1207.28135	0.02733
1205.35278	0.02729
1203.42422	0.02746
1201.49565	0.02786
1199.56709	0.02849
1197.63853	0.02931
1195.70996	0.03020
1193.78140	0.03103
1191.85283	0.03178
1189.92427	0.03242
1187.99570	0.03298
1186.06714	0.03347
1184.13857	0.03388
1182.21001	0.03422
1180.28145	0.03464
1178.35288	0.03519
1176.42432	0.03562
1174.49575	0.03576
1172.56719	0.03577
1170.63862	0.03582
1168.71006	0.03591
1166.78149	0.03596
1164.85293	0.03592
1162.92437	0.03577
1160.99580	0.03562
1159.06724	0.03557
1157.13867	0.03549
1155.21011	0.03527
1153.28154	0.03502
1151.35298	0.03488
1149.42441	0.03479
1147.49585	0.03473
1145.56729	0.03472
1143.63872	0.03468
1141.71016	0.03462
1139.78159	0.03463
1137.85303	0.03475
1135.92446	0.03497
1133.99590	0.03527
1132.06733	0.03558
1130.13877	0.03580
1128.21021	0.03592
1126.28164	0.03606
1124.35308	0.03622
1122.42451	0.03632
1120.49595	0.03637
1118.56738	0.03643
1116.63882	0.03651
1114.71025	0.03667
1112.78169	0.03687
1110.85312	0.03701
1108.92456	0.03712
1106.99600	0.03724
1105.06743	0.03732
1103.13887	0.03743
1101.21030	0.03768
1099.28174	0.03796
1097.35317	0.03809
1095.42461	0.03809
1093.49604	0.03813
1091.56748	0.03835
1089.63892	0.03875
1087.71035	0.03911
1085.78179	0.03927
1083.85322	0.03935
1081.92466	0.03942
1079.99609	0.03944
1078.06753	0.03945
1076.13896	0.03945
1074.21040	0.03943
1072.28184	0.03933
1070.35327	0.03913
1068.42471	0.03899
1066.49614	0.03905
1064.56758	0.03920
1062.63901	0.03922
1060.71045	0.03913
1058.78188	0.03905
1056.85332	0.03894
1054.92476	0.03873
1052.99619	0.03852
1051.06763	0.03835
1049.13906	0.03818
1047.21050	0.03798
1045.28193	0.03777
1043.35337	0.03749
1041.42480	0.03717
1039.49624	0.03689
1037.56768	0.03665
1035.63911	0.03642
1033.71055	0.03617
1031.78198	0.03590
1029.85342	0.03556
1027.92485	0.03513
1025.99629	0.03458
1024.06772	0.03405
1022.13916	0.03365
1020.21060	0.03323
1018.28203	0.03272
1016.35347	0.03228
1014.42490	0.03190
1012.49634	0.03144
1010.56777	0.03090
1008.63921	0.03036
1006.71064	0.02981
1004.78208	0.02933
1002.85352	0.02907
1000.92495	0.02900
998.99639	0.02899
997.06782	0.02907
995.13926	0.02924
993.21069	0.02931
991.28213	0.02903
989.35356	0.02836
987.42500	0.02746
985.49644	0.02657
983.56787	0.02579
981.63931	0.02518
979.71074	0.02480
977.78218	0.02457
975.85361	0.02432
973.92505	0.02408
971.99648	0.02394
970.06792	0.02393
968.13936	0.02397
966.21079	0.02394
964.28223	0.02366
962.35366	0.02310
960.42510	0.02248
958.49653	0.02198
956.56797	0.02162
954.63940	0.02137
952.71084	0.02119
950.78228	0.02114
948.85371	0.02113
946.92515	0.02098
944.99658	0.02075
943.06802	0.02060
941.13945	0.02052
939.21089	0.02044
937.28232	0.02035
935.35376	0.02024
933.42520	0.02014
931.49663	0.02006
929.56807	0.01998
927.63950	0.01984
925.71094	0.01973
923.78237	0.01973
921.85381	0.01988
919.92524	0.02021
917.99668	0.02078
916.06812	0.02176
914.13955	0.02331
912.21099	0.02539
910.28242	0.02747
908.35386	0.02848
906.42529	0.02765
904.49673	0.02545
902.56816	0.02309
900.63960	0.02130
898.71104	0.02015
896.78247	0.01939
894.85391	0.01879
892.92534	0.01837
890.99678	0.01817
889.06821	0.01797
887.13965	0.01764
885.21108	0.01729
883.28252	0.01701
881.35396	0.01670
879.42539	0.01641
877.49683	0.01625
875.56826	0.01617
873.63970	0.01605
871.71113	0.01598
869.78257	0.01598
867.85400	0.01588
865.92544	0.01568
863.99687	0.01552
862.06831	0.01542
860.13975	0.01537
858.21118	0.01542
856.28262	0.01542
854.35405	0.01529
852.42549	0.01516
850.49692	0.01510
848.56836	0.01500
846.63979	0.01496
844.71123	0.01507
842.78267	0.01521
840.85410	0.01526
838.92554	0.01520
836.99697	0.01522
835.06841	0.01539
833.13984	0.01549
831.21128	0.01546
829.28271	0.01538
827.35415	0.01533
825.42559	0.01538
823.49702	0.01555
821.56846	0.01576
819.63989	0.01597
817.71133	0.01621
815.78276	0.01643
813.85420	0.01647
811.92563	0.01638
809.99707	0.01639
808.06851	0.01654
806.13994	0.01669
804.21138	0.01675
802.28281	0.01669
800.35425	0.01660
798.42568	0.01660
796.49712	0.01666
794.56855	0.01668
792.63999	0.01670
790.71143	0.01679
788.78286	0.01686
786.85430	0.01694
784.92573	0.01718
782.99717	0.01754
781.06860	0.01777
779.14004	0.01776
777.21147	0.01765
775.28291	0.01771
773.35435	0.01796
771.42578	0.01810
769.49722	0.01806
767.56865	0.01806
765.64009	0.01820
763.71152	0.01839
761.78296	0.01850
759.85439	0.01859
757.92583	0.01879
755.99727	0.01910
754.06870	0.01947
752.14014	0.01995
750.21157	0.02057
748.28301	0.02124
746.35444	0.02195
744.42588	0.02277
742.49731	0.02385
740.56875	0.02557
738.64019	0.02872
736.71162	0.03507
734.78306	0.04646
732.85449	0.06062
730.92593	0.06988
728.99736	0.07090
727.06880	0.07023
725.14023	0.07534
723.21167	0.08946
721.28311	0.11283
719.35454	0.13971
717.42598	0.15725
715.49741	0.15350
713.56885	0.12936
711.64028	0.09939
709.71172	0.07580
707.78315	0.06048
705.85459	0.05103
703.92603	0.04508
701.99746	0.04102
700.06890	0.03818
698.14033	0.03640
696.21177	0.03550
694.28320	0.03517
692.35464	0.03517
690.42607	0.03526
688.49751	0.03536
686.56895	0.03557
684.64038	0.03580
682.71182	0.03581
680.78325	0.03547
678.85469	0.03497
676.92612	0.03435
674.99756	0.03349
673.06899	0.03402
671.14043	0.04050
669.21187	0.05130
667.28330	0.04884
665.35474	0.03508
663.42617	0.02871
661.49761	0.02883
659.56904	0.03013
657.64048	0.03138
655.71191	0.03217
653.78335	0.03213
651.85479	0.03174
649.92622	0.03129
647.99766	0.03033
646.06909	0.02901
644.14053	0.02842
642.21196	0.02881
640.28340	0.02923
638.35483	0.02935
636.42627	0.03001
634.49771	0.03119
632.56914	0.03179
630.64058	0.03154
628.71201	0.03072
626.78345	0.02932
624.85488	0.02793
622.92632	0.02731
620.99775	0.02761
619.06919	0.02849
617.14062	0.02860
615.21206	0.02747
613.28350	0.02664
611.35493	0.02705
609.42637	0.02830
607.49780	0.02969
605.56924	0.03041
603.64067	0.03042
601.71211	0.03069
599.78354	0.03109
