3997.91411	0.01378
3995.98555	0.01376
3994.05698	0.01383
3992.12842	0.01389
3990.19985	0.01387
3988.27129	0.01388
3986.34272	0.01389
3984.41416	0.01391
3982.48560	0.01395
3980.55703	0.01394
3978.62847	0.01393
3976.69990	0.01402
3974.77134	0.01411
3972.84277	0.01405
3970.91421	0.01391
3968.98564	0.01386
3967.05708	0.01388
3965.12852	0.01388
3963.19995	0.01384
3961.27139	0.01388
3959.34282	0.01399
3957.41426	0.01408
3955.48569	0.01409
3953.55713	0.01398
3951.62856	0.01385
3949.70000	0.01381
3947.77144	0.01382
3945.84287	0.01381
3943.91431	0.01375
3941.98574	0.01371
3940.05718	0.01370
3938.12861	0.01370
3936.20005	0.01365
3934.27148	0.01357
3932.34292	0.01357
3930.41436	0.01362
3928.48579	0.01366
3926.55723	0.01368
3924.62866	0.01368
3922.70010	0.01364
3920.77153	0.01355
3918.84297	0.01342
3916.91440	0.01334
3914.98584	0.01334
3913.05728	0.01337
3911.12871	0.01340
3909.20015	0.01338
3907.27158	0.01330
3905.34302	0.01322
3903.41445	0.01321
3901.48589	0.01329
3899.55732	0.01345
3897.62876	0.01362
3895.70020	0.01369
3893.77163	0.01360
3891.84307	0.01343
3889.91450	0.01332
3887.98594	0.01326
3886.05737	0.01323
3884.12881	0.01321
3882.20024	0.01321
3880.27168	0.01326
3878.34312	0.01330
3876.41455	0.01326
3874.48599	0.01318
3872.55742	0.01307
3870.62886	0.01293
3868.70029	0.01282
3866.77173	0.01279
3864.84316	0.01288
3862.91460	0.01300
3860.98604	0.01298
3859.05747	0.01282
3857.12891	0.01266
3855.20034	0.01264
3853.27178	0.01280
3851.34321	0.01297
3849.41465	0.01295
3847.48608	0.01277
3845.55752	0.01254
3843.62896	0.01236
3841.70039	0.01234
3839.77183	0.01250
3837.84326	0.01272
3835.91470	0.01283
3833.98613	0.01283
3832.05757	0.01285
3830.12900	0.01289
3828.20044	0.01290
3826.27187	0.01280
3824.34331	0.01262
3822.41475	0.01253
3820.48618	0.01267
3818.55762	0.01281
3816.62905	0.01276
3814.70049	0.01269
3812.77192	0.01264
3810.84336	0.01251
3808.91479	0.01235
3806.98623	0.01237
3805.05767	0.01257
3803.12910	0.01267
3801.20054	0.01262
3799.27197	0.01255
3797.34341	0.01252
3795.41484	0.01249
3793.48628	0.01245
3791.55771	0.01247
3789.62915	0.01252
3787.70059	0.01250
3785.77202	0.01242
3783.84346	0.01233
3781.91489	0.01228
3779.98633	0.01225
3778.05776	0.01222
3776.12920	0.01220
3774.20063	0.01217
3772.27207	0.01216
3770.34351	0.01222
3768.41494	0.01230
3766.48638	0.01234
3764.55781	0.01231
3762.62925	0.01218
3760.70068	0.01203
3758.77212	0.01196
3756.84355	0.01192
3754.91499	0.01184
3752.98643	0.01180
3751.05786	0.01189
3749.12930	0.01203
3747.20073	0.01208
3745.27217	0.01202
3743.34360	0.01192
3741.41504	0.01172
3739.48647	0.01140
3737.55791	0.01113
3735.62935	0.01108
3733.70078	0.01121
3731.77222	0.01130
3729.84365	0.01117
3727.91509	0.01094
3725.98652	0.01080
3724.05796	0.01098
3722.12939	0.01125
3720.20083	0.01138
3718.27227	0.01152
3716.34370	0.01163
3714.41514	0.01161
3712.48657	0.01157
3710.55801	0.01150
3708.62944	0.01143
3706.70088	0.01129
3704.77231	0.01113
3702.84375	0.01103
3700.91519	0.01103
3698.98662	0.01110
3697.05806	0.01120
3695.12949	0.01134
3693.20093	0.01152
3691.27236	0.01170
3689.34380	0.01200
3687.41523	0.01226
3685.48667	0.01225
3683.55811	0.01212
3681.62954	0.01212
3679.70098	0.01214
3677.77241	0.01213
3675.84385	0.01223
3673.91528	0.01256
3671.98672	0.01296
3670.05815	0.01332
3668.12959	0.01356
3666.20103	0.01371
3664.27246	0.01384
3662.34390	0.01405
3660.41533	0.01429
3658.48677	0.01448
3656.55820	0.01466
3654.62964	0.01494
3652.70107	0.01520
3650.77251	0.01538
3648.84395	0.01553
3646.91538	0.01582
3644.98682	0.01627
3643.05825	0.01671
3641.12969	0.01695
3639.20112	0.01705
3637.27256	0.01714
3635.34399	0.01728
3633.41543	0.01753
3631.48687	0.01795
3629.55830	0.01853
3627.62974	0.01918
3625.70117	0.01970
3623.77261	0.02000
3621.84404	0.02041
3619.91548	0.02103
3617.98691	0.02171
3616.05835	0.02227
3614.12979	0.02274
3612.20122	0.02326
3610.27266	0.02380
3608.34409	0.02425
3606.41553	0.02465
3604.48696	0.02495
3602.55840	0.02522
3600.62983	0.02559
3598.70127	0.02604
3596.77271	0.02649
3594.84414	0.02677
3592.91558	0.02696
3590.98701	0.02724
3589.05845	0.02775
3587.12988	0.02831
3585.20132	0.02872
3583.27275	0.02910
3581.34419	0.02957
3579.41562	0.03004
3577.48706	0.03051
3575.55850	0.03112
3573.62993	0.03177
3571.70137	0.03226
3569.77280	0.03257
3567.84424	0.03291
3565.91567	0.03340
3563.98711	0.03403
3562.05854	0.03476
3560.12998	0.03543
3558.20142	0.03582
3556.27285	0.03602
3554.34429	0.03632
3552.41572	0.03677
3550.48716	0.03713
3548.55859	0.03732
3546.63003	0.03769
3544.70146	0.03843
3542.77290	0.03920
3540.84434	0.03969
3538.91577	0.03994
3536.98721	0.04022
3535.05864	0.04064
3533.13008	0.04109
3531.20151	0.04146
3529.27295	0.04181
3527.34438	0.04223
3525.41582	0.04271
3523.48726	0.04322
3521.55869	0.04370
3519.63013	0.04412
3517.70156	0.04449
3515.77300	0.04479
3513.84443	0.04517
3511.91587	0.04566
3509.98730	0.04599
3508.05874	0.04609
3506.13018	0.04625
3504.20161	0.04670
3502.27305	0.04726
3500.34448	0.04762
3498.41592	0.04783
3496.48735	0.04824
3494.55879	0.04889
3492.63022	0.04943
3490.70166	0.04973
3488.77310	0.05003
3486.84453	0.05044
3484.91597	0.05072
3482.98740	0.05089
3481.05884	0.05111
3479.13027	0.05137
3477.20171	0.05159
3475.27314	0.05183
3473.34458	0.05221
3471.41602	0.05274
3469.48745	0.05328
3467.55889	0.05371
3465.63032	0.05401
3463.70176	0.05414
3461.77319	0.05420
3459.84463	0.05429
3457.91606	0.05450
3455.98750	0.05492
3454.05894	0.05545
3452.13037	0.05577
3450.20181	0.05581
3448.27324	0.05592
3446.34468	0.05632
3444.41611	0.05684
3442.48755	0.05718
3440.55898	0.05737
3438.63042	0.05754
3436.70186	0.05775
3434.77329	0.05801
3432.84473	0.05821
3430.91616	0.05833
3428.98760	0.05842
3427.05903	0.05863
3425.13047	0.05906
3423.20190	0.05947
3421.27334	0.05973
3419.34478	0.06007
3417.41621	0.06038
3415.48765	0.06039
3413.55908	0.06024
3411.63052	0.06023
3409.70195	0.06042
3407.77339	0.06062
3405.84482	0.06070
3403.91626	0.06073
3401.98770	0.06079
3400.05913	0.06089
3398.13057	0.06112
3396.20200	0.06143
3394.27344	0.06165
3392.34487	0.06178
3390.41631	0.06183
3388.48774	0.06186
3386.55918	0.06193
3384.63062	0.06200
3382.70205	0.06199
3380.77349	0.06200
3378.84492	0.06215
3376.91636	0.06228
3374.98779	0.06213
3373.05923	0.06189
3371.13066	0.06194
3369.20210	0.06224
3367.27354	0.06250
3365.34497	0.06263
3363.41641	0.06277
3361.48784	0.06285
3359.55928	0.06267
3357.63071	0.06245
3355.70215	0.06250
3353.77358	0.06274
3351.84502	0.06288
3349.91646	0.06277
3347.98789	0.06252
3346.05933	0.06225
3344.13076	0.06205
3342.20220	0.06197
3340.27363	0.06190
3338.34507	0.06179
3336.41650	0.06168
3334.48794	0.06162
3332.55937	0.06164
3330.63081	0.06180
3328.70225	0.06202
3326.77368	0.06220
3324.84512	0.06224
3322.91655	0.06202
3320.98799	0.06156
3319.05942	0.06114
3317.13086	0.06106
3315.20229	0.06130
3313.27373	0.06154
3311.34517	0.06159
3309.41660	0.06148
3307.48804	0.06132
3305.55947	0.06116
3303.63091	0.06107
3301.70234	0.06100
3299.77378	0.06087
3297.84521	0.06071
3295.91665	0.06063
3293.98809	0.06055
3292.05952	0.06045
3290.13096	0.06051
3288.20239	0.06067
3286.27383	0.06062
3284.34526	0.06048
3282.41670	0.06055
3280.48813	0.06070
3278.55957	0.06065
3276.63101	0.06043
3274.70244	0.06024
3272.77388	0.06008
3270.84531	0.05985
3268.91675	0.05954
3266.98818	0.05919
3265.05962	0.05889
3263.13105	0.05877
3261.20249	0.05882
3259.27393	0.05886
3257.34536	0.05878
3255.41680	0.05855
3253.48823	0.05827
3251.55967	0.05805
3249.63110	0.05789
3247.70254	0.05769
3245.77397	0.05748
3243.84541	0.05736
3241.91685	0.05734
3239.98828	0.05735
3238.05972	0.05724
3236.13115	0.05692
3234.20259	0.05646
3232.27402	0.05611
3230.34546	0.05601
3228.41689	0.05595
3226.48833	0.05577
3224.55977	0.05557
3222.63120	0.05535
3220.70264	0.05506
3218.77407	0.05481
3216.84551	0.05459
3214.91694	0.05432
3212.98838	0.05394
3211.05981	0.05351
3209.13125	0.05317
3207.20269	0.05298
3205.27412	0.05277
3203.34556	0.05238
3201.41699	0.05207
3199.48843	0.05204
3197.55986	0.05199
3195.63130	0.05154
3193.70273	0.05082
3191.77417	0.05023
3189.84561	0.04990
3187.91704	0.04974
3185.98848	0.04964
3184.05991	0.04954
3182.13135	0.04931
3180.20278	0.04893
3178.27422	0.04846
3176.34565	0.04802
3174.41709	0.04767
3172.48853	0.04731
3170.55996	0.04693
3168.63140	0.04663
3166.70283	0.04632
3164.77427	0.04598
3162.84570	0.04568
3160.91714	0.04537
3158.98857	0.04495
3157.06001	0.04456
3155.13145	0.04434
3153.20288	0.04421
3151.27432	0.04403
3149.34575	0.04365
3147.41719	0.04317
3145.48862	0.04275
3143.56006	0.04228
3141.63149	0.04175
3139.70293	0.04141
3137.77437	0.04121
3135.84580	0.04094
3133.91724	0.04061
3131.98867	0.04030
3130.06011	0.04006
3128.13154	0.03983
3126.20298	0.03944
3124.27441	0.03888
3122.34585	0.03842
3120.41729	0.03816
3118.48872	0.03803
3116.56016	0.03787
3114.63159	0.03762
3112.70303	0.03735
3110.77446	0.03713
3108.84590	0.03689
3106.91733	0.03664
3104.98877	0.03644
3103.06021	0.03623
3101.13164	0.03598
3099.20308	0.03578
3097.27451	0.03556
3095.34595	0.03518
3093.41738	0.03476
3091.48882	0.03444
3089.56025	0.03422
3087.63169	0.03407
3085.70312	0.03397
3083.77456	0.03389
3081.84600	0.03373
3079.91743	0.03352
3077.98887	0.03337
3076.06030	0.03324
3074.13174	0.03306
3072.20317	0.03279
3070.27461	0.03248
3068.34604	0.03223
3066.41748	0.03206
3064.48892	0.03190
3062.56035	0.03172
3060.63179	0.03158
3058.70322	0.03143
3056.77466	0.03116
3054.84609	0.03080
3052.91753	0.03047
3050.98896	0.03021
3049.06040	0.02996
3047.13184	0.02963
3045.20327	0.02930
3043.27471	0.02909
3041.34614	0.02893
3039.41758	0.02887
3037.48901	0.02885
3035.56045	0.02865
3033.63188	0.02828
3031.70332	0.02804
3029.77476	0.02797
3027.84619	0.02786
3025.91763	0.02770
3023.98906	0.02758
3022.06050	0.02747
3020.13193	0.02728
3018.20337	0.02709
3016.27480	0.02699
3014.34624	0.02700
3012.41768	0.02699
3010.48911	0.02685
3008.56055	0.02667
3006.63198	0.02662
3004.70342	0.02675
3002.77485	0.02696
3000.84629	0.02709
2998.91772	0.02713
2996.98916	0.02719
2995.06060	0.02729
2993.13203	0.02739
2991.20347	0.02759
2989.27490	0.02802
2987.34634	0.02870
2985.41777	0.02950
2983.48921	0.03019
2981.56064	0.03077
2979.63208	0.03151
2977.70352	0.03269
2975.77495	0.03412
2973.84639	0.03561
2971.91782	0.03725
2969.98926	0.03914
2968.06069	0.04113
2966.13213	0.04319
2964.20356	0.04538
2962.27500	0.04765
2960.34644	0.04991
2958.41787	0.05200
2956.48931	0.05372
2954.56074	0.05513
2952.63218	0.05657
2950.70361	0.05848
2948.77505	0.06110
2946.84648	0.06471
2944.91792	0.06973
2942.98936	0.07639
2941.06079	0.08457
2939.13223	0.09422
2937.20366	0.10556
2935.27510	0.11878
2933.34653	0.13412
2931.41797	0.15197
2929.48940	0.17276
2927.56084	0.19700
2925.63228	0.22541
2923.70371	0.25850
2921.77515	0.29568
2919.84658	0.33429
2917.91802	0.36825
2915.98945	0.38825
2914.06089	0.38750
2912.13232	0.36853
2910.20376	0.34082
2908.27520	0.31281
2906.34663	0.28847
2904.41807	0.26861
2902.48950	0.25263
2900.56094	0.23949
2898.63237	0.22827
2896.70381	0.21810
2894.77524	0.20822
2892.84668	0.19834
2890.91812	0.18844
2888.98955	0.17855
2887.06099	0.16877
2885.13242	0.15919
2883.20386	0.15004
2881.27529	0.14141
2879.34673	0.13315
2877.41816	0.12530
2875.48960	0.11839
2873.56104	0.11293
2871.63247	0.10892
2869.70391	0.10620
2867.77534	0.10501
2865.84678	0.10598
2863.91821	0.10998
2861.98965	0.11819
2860.06108	0.13216
2858.13252	0.15374
2856.20396	0.18520
2854.27539	0.22834
2852.34683	0.28098
2850.41826	0.33124
2848.48970	0.35814
2846.56113	0.34912
2844.63257	0.31375
2842.70400	0.27004
2840.77544	0.22933
2838.84687	0.19586
2836.91831	0.17008
2834.98975	0.15063
2833.06118	0.13580
2831.13262	0.12429
2829.20405	0.11518
2827.27549	0.10779
2825.34692	0.10168
2823.41836	0.09658
2821.48979	0.09226
2819.56123	0.08851
2817.63267	0.08516
2815.70410	0.08211
2813.77554	0.07938
2811.84697	0.07700
2809.91841	0.07486
2807.98984	0.07286
2806.06128	0.07093
2804.13271	0.06911
2802.20415	0.06751
2800.27559	0.06612
2798.34702	0.06473
2796.41846	0.06328
2794.48989	0.06193
2792.56133	0.06070
2790.63276	0.05945
2788.70420	0.05831
2786.77563	0.05732
2784.84707	0.05633
2782.91851	0.05533
2780.98994	0.05439
2779.06138	0.05349
2777.13281	0.05268
2775.20425	0.05192
2773.27568	0.05117
2771.34712	0.05049
2769.41855	0.04988
2767.48999	0.04925
2765.56143	0.04867
2763.63286	0.04816
2761.70430	0.04761
2759.77573	0.04707
2757.84717	0.04667
2755.91860	0.04632
2753.99004	0.04590
2752.06147	0.04543
2750.13291	0.04505
2748.20435	0.04480
2746.27578	0.04460
2744.34722	0.04436
2742.41865	0.04414
2740.49009	0.04398
2738.56152	0.04377
2736.63296	0.04347
2734.70439	0.04315
2732.77583	0.04286
2730.84727	0.04255
2728.91870	0.04220
2726.99014	0.04186
2725.06157	0.04160
2723.13301	0.04131
2721.20444	0.04100
2719.27588	0.04073
2717.34731	0.04052
2715.41875	0.04031
2713.49019	0.04010
2711.56162	0.03990
2709.63306	0.03963
2707.70449	0.03928
2705.77593	0.03896
2703.84736	0.03870
2701.91880	0.03846
2699.99023	0.03826
2698.06167	0.03812
2696.13311	0.03801
2694.20454	0.03788
2692.27598	0.03773
2690.34741	0.03760
2688.41885	0.03753
2686.49028	0.03749
2684.56172	0.03745
2682.63315	0.03739
2680.70459	0.03735
2678.77603	0.03730
2676.84746	0.03717
2674.91890	0.03702
2672.99033	0.03694
2671.06177	0.03690
2669.13320	0.03692
2667.20464	0.03701
2665.27607	0.03713
2663.34751	0.03718
2661.41895	0.03710
2659.49038	0.03693
2657.56182	0.03673
2655.63325	0.03657
2653.70469	0.03651
2651.77612	0.03647
2649.84756	0.03636
2647.91899	0.03622
2645.99043	0.03605
2644.06187	0.03590
2642.13330	0.03579
2640.20474	0.03569
2638.27617	0.03552
2636.34761	0.03531
2634.41904	0.03514
2632.49048	0.03494
2630.56191	0.03462
2628.63335	0.03426
2626.70479	0.03396
2624.77622	0.03369
2622.84766	0.03344
2620.91909	0.03323
2618.99053	0.03299
2617.06196	0.03274
2615.13340	0.03250
2613.20483	0.03221
2611.27627	0.03192
2609.34771	0.03173
2607.41914	0.03154
2605.49058	0.03126
2603.56201	0.03101
2601.63345	0.03086
2599.70488	0.03072
2597.77632	0.03051
2595.84775	0.03022
2593.91919	0.02990
2591.99062	0.02971
2590.06206	0.02962
2588.13350	0.02945
2586.20493	0.02923
2584.27637	0.02907
2582.34780	0.02892
2580.41924	0.02869
2578.49067	0.02851
2576.56211	0.02841
2574.63354	0.02825
2572.70498	0.02805
2570.77642	0.02786
2568.84785	0.02772
2566.91929	0.02766
2564.99072	0.02762
2563.06216	0.02744
2561.13359	0.02715
2559.20503	0.02691
2557.27646	0.02675
2555.34790	0.02672
2553.41934	0.02678
2551.49077	0.02675
2549.56221	0.02657
2547.63364	0.02637
2545.70508	0.02619
2543.77651	0.02599
2541.84795	0.02579
2539.91938	0.02560
2537.99082	0.02544
2536.06226	0.02533
2534.13369	0.02533
2532.20513	0.02537
2530.27656	0.02535
2528.34800	0.02530
2526.41943	0.02521
2524.49087	0.02507
2522.56230	0.02496
2520.63374	0.02492
2518.70518	0.02477
2516.77661	0.02448
2514.84805	0.02424
2512.91948	0.02414
2510.99092	0.02409
2509.06235	0.02400
2507.13379	0.02389
2505.20522	0.02381
2503.27666	0.02377
2501.34810	0.02375
2499.41953	0.02374
2497.49097	0.02368
2495.56240	0.02359
2493.63384	0.02359
2491.70527	0.02368
2489.77671	0.02370
2487.84814	0.02361
2485.91958	0.02347
2483.99102	0.02335
2482.06245	0.02326
2480.13389	0.02328
2478.20532	0.02336
2476.27676	0.02332
2474.34819	0.02316
2472.41963	0.02302
2470.49106	0.02296
2468.56250	0.02291
2466.63394	0.02283
2464.70537	0.02272
2462.77681	0.02262
2460.84824	0.02259
2458.91968	0.02272
2456.99111	0.02287
2455.06255	0.02286
2453.13398	0.02279
2451.20542	0.02276
2449.27686	0.02265
2447.34829	0.02239
2445.41973	0.02212
2443.49116	0.02201
2441.56260	0.02204
2439.63403	0.02208
2437.70547	0.02205
2435.77690	0.02194
2433.84834	0.02184
2431.91978	0.02182
2429.99121	0.02175
2428.06265	0.02160
2426.13408	0.02154
2424.20552	0.02154
2422.27695	0.02151
2420.34839	0.02142
2418.41982	0.02135
2416.49126	0.02131
2414.56270	0.02133
2412.63413	0.02141
2410.70557	0.02139
2408.77700	0.02113
2406.84844	0.02086
2404.91987	0.02081
2402.99131	0.02093
2401.06274	0.02105
2399.13418	0.02257
2397.20562	0.02266
2395.27705	0.02191
2393.34849	0.02114
2391.41992	0.02042
2389.49136	0.01964
2387.56279	0.01874
2385.63423	0.01772
2383.70566	0.01674
2381.77710	0.01604
2379.84854	0.01578
2377.91997	0.01602
2375.99141	0.01652
2374.06284	0.01679
2372.13428	0.01650
2370.20571	0.01595
2368.27715	0.01570
2366.34858	0.01559
2364.42002	0.01484
2362.49146	0.01482
2360.56289	0.01419
2358.63433	0.01317
2356.70576	0.01461
2354.77720	0.01263
2352.84863	0.01049
2350.92007	0.01030
2348.99150	0.01067
2347.06294	0.01333
2345.13437	0.01622
2343.20581	0.01491
2341.27725	0.01019
2339.34868	0.00864
2337.42012	0.01117
2335.49155	0.01560
2333.56299	0.01885
2331.63442	0.01994
2329.70586	0.01978
2327.77729	0.01906
2325.84873	0.01994
2323.92017	0.02173
2321.99160	0.02274
2320.06304	0.02290
2318.13447	0.02261
2316.20591	0.02195
2314.27734	0.02127
2312.34878	0.02045
2310.42021	0.01952
2308.49165	0.01893
2306.56309	0.01857
2304.63452	0.01860
2302.70596	0.01891
2300.77739	0.01923
2298.84883	0.01958
2296.92026	0.02001
2294.99170	0.02037
2293.06313	0.02065
2291.13457	0.02107
2289.20601	0.02152
2287.27744	0.02200
2285.34888	0.02246
2283.42031	0.02271
2281.49175	0.02275
2279.56318	0.02261
2277.63462	0.02225
2275.70605	0.02177
2273.77749	0.02138
2271.84893	0.02118
2269.92036	0.02110
2267.99180	0.02105
2266.06323	0.02074
2264.13467	0.02019
2262.20610	0.01978
2260.27754	0.01973
2258.34897	0.01979
2256.42041	0.01956
2254.49185	0.01898
2252.56328	0.01835
2250.63472	0.01813
2248.70615	0.01917
2246.77759	0.01942
2244.84902	0.01978
2242.92046	0.02004
2240.99189	0.02002
2239.06333	0.01973
2237.13477	0.01949
2235.20620	0.01947
2233.27764	0.01945
2231.34907	0.01939
2229.42051	0.01931
2227.49194	0.01911
2225.56338	0.01895
2223.63481	0.01898
2221.70625	0.01898
2219.77769	0.01879
2217.84912	0.01871
2215.92056	0.01880
2213.99199	0.01886
2212.06343	0.01876
2210.13486	0.01845
2208.20630	0.01819
2206.27773	0.01831
2204.34917	0.01854
2202.42061	0.01856
2200.49204	0.01855
2198.56348	0.01862
2196.63491	0.01868
2194.70635	0.01887
2192.77778	0.01916
2190.84922	0.01926
2188.92065	0.01929
2186.99209	0.01944
2185.06353	0.01933
2183.13496	0.01859
2181.20640	0.01776
2179.27783	0.01747
2177.34927	0.01747
2175.42070	0.01750
2173.49214	0.01788
2171.56357	0.01883
2169.63501	0.01999
2167.70645	0.02067
2165.77788	0.02070
2163.84932	0.02068
2161.92075	0.01996
2159.99219	0.01671
2158.06362	0.01271
2156.13506	0.01173
2154.20649	0.01294
2152.27793	0.01388
2150.34937	0.01425
2148.42080	0.01438
2146.49224	0.01423
2144.56367	0.01405
2142.63511	0.01428
2140.70654	0.01476
2138.77798	0.01483
2136.84941	0.01421
2134.92085	0.01352
2132.99229	0.01366
2131.06372	0.01445
2129.13516	0.01516
2127.20659	0.01565
2125.27803	0.01596
2123.34946	0.01612
2121.42090	0.01632
2119.49233	0.01663
2117.56377	0.01711
2115.63521	0.01766
2113.70664	0.01789
2111.77808	0.01775
2109.84951	0.01761
2107.92095	0.01761
2105.99238	0.01752
2104.06382	0.01732
2102.13525	0.01724
2100.20669	0.01729
2098.27812	0.01710
2096.34956	0.01643
2094.42100	0.01589
2092.49243	0.01610
2090.56387	0.01663
2088.63530	0.01692
2086.70674	0.01705
2084.77817	0.01723
2082.84961	0.01742
2080.92104	0.01761
2078.99248	0.01777
2077.06392	0.01785
2075.13535	0.01791
2073.20679	0.01801
2071.27822	0.01801
2069.34966	0.01780
2067.42109	0.01742
2065.49253	0.01714
2063.56396	0.01707
2061.63540	0.01699
2059.70684	0.01690
2057.77827	0.01697
2055.84971	0.01724
2053.92114	0.01791
2051.99258	0.01894
2050.06401	0.01925
2048.13545	0.01839
2046.20688	0.01734
2044.27832	0.01687
2042.34976	0.01698
2040.42119	0.01723
2038.49263	0.01719
2036.56406	0.01694
2034.63550	0.01660
2032.70693	0.01612
2030.77837	0.01567
2028.84980	0.01545
2026.92124	0.01544
2024.99268	0.01562
2023.06411	0.01581
2021.13555	0.01575
2019.20698	0.01562
2017.27842	0.01554
2015.34985	0.01529
2013.42129	0.01508
2011.49272	0.01534
2009.56416	0.01576
2007.63560	0.01557
2005.70703	0.01480
2003.77847	0.01397
2001.84990	0.01344
1999.92134	0.01371
1997.99277	0.01460
1996.06421	0.01520
1994.13564	0.01537
1992.20708	0.01562
1990.27852	0.01607
1988.34995	0.01640
1986.42139	0.01648
1984.49282	0.01685
1982.56426	0.01788
1980.63569	0.01846
1978.70713	0.01735
1976.77856	0.01530
1974.85000	0.01395
1972.92144	0.01348
1970.99287	0.01331
1969.06431	0.01324
1967.13574	0.01332
1965.20718	0.01348
1963.27861	0.01344
1961.35005	0.01291
1959.42148	0.01221
1957.49292	0.01203
1955.56436	0.01247
1953.63579	0.01307
1951.70723	0.01355
1949.77866	0.01372
1947.85010	0.01348
1945.92153	0.01318
1943.99297	0.01315
1942.06440	0.01334
1940.13584	0.01359
1938.20728	0.01379
1936.27871	0.01391
1934.35015	0.01396
1932.42158	0.01391
1930.49302	0.01380
1928.56445	0.01378
1926.63589	0.01392
1924.70732	0.01419
1922.77876	0.01454
1920.85020	0.01475
1918.92163	0.01477
1916.99307	0.01479
1915.06450	0.01481
1913.13594	0.01477
1911.20737	0.01484
1909.27881	0.01506
1907.35024	0.01529
1905.42168	0.01534
1903.49312	0.01527
1901.56455	0.01526
1899.63599	0.01531
1897.70742	0.01537
1895.77886	0.01543
1893.85029	0.01549
1891.92173	0.01550
1889.99316	0.01545
1888.06460	0.01529
1886.13604	0.01507
1884.20747	0.01495
1882.27891	0.01502
1880.35034	0.01518
1878.42178	0.01528
1876.49321	0.01528
1874.56465	0.01523
1872.63608	0.01517
1870.70752	0.01512
1868.77896	0.01511
1866.85039	0.01518
1864.92183	0.01522
1862.99326	0.01519
1861.06470	0.01518
1859.13613	0.01521
1857.20757	0.01526
1855.27900	0.01531
1853.35044	0.01533
1851.42187	0.01533
1849.49331	0.01526
1847.56475	0.01509
1845.63618	0.01492
1843.70762	0.01494
1841.77905	0.01515
1839.85049	0.01533
1837.92192	0.01540
1835.99336	0.01544
1834.06479	0.01553
1832.13623	0.01562
1830.20767	0.01569
1828.27910	0.01579
1826.35054	0.01593
1824.42197	0.01609
1822.49341	0.01617
1820.56484	0.01613
1818.63628	0.01603
1816.70771	0.01606
1814.77915	0.01629
1812.85059	0.01663
1810.92202	0.01697
1808.99346	0.01727
1807.06489	0.01753
1805.13633	0.01770
1803.20776	0.01784
1801.27920	0.01806
1799.35063	0.01845
1797.42207	0.01895
1795.49351	0.01944
1793.56494	0.01988
1791.63638	0.02032
1789.70781	0.02078
1787.77925	0.02122
1785.85068	0.02163
1783.92212	0.02196
1781.99355	0.02225
1780.06499	0.02255
1778.13643	0.02283
1776.20786	0.02303
1774.27930	0.02324
1772.35073	0.02360
1770.42217	0.02405
1768.49360	0.02437
1766.56504	0.02457
1764.63647	0.02475
1762.70791	0.02497
1760.77935	0.02528
1758.85078	0.02567
1756.92222	0.02611
1754.99365	0.02656
1753.06509	0.02700
1751.13652	0.02759
1749.20796	0.02841
1747.27939	0.02934
1745.35083	0.03021
1743.42227	0.03102
1741.49370	0.03183
1739.56514	0.03265
1737.63657	0.03330
1735.70801	0.03382
1733.77944	0.03439
1731.85088	0.03507
1729.92231	0.03580
1727.99375	0.03669
1726.06519	0.03777
1724.13662	0.03897
1722.20806	0.04007
1720.27949	0.04089
1718.35093	0.04158
1716.42236	0.04240
1714.49380	0.04329
1712.56523	0.04398
1710.63667	0.04435
1708.70811	0.04436
1706.77954	0.04406
1704.85098	0.04357
1702.92241	0.04301
1700.99385	0.04254
1699.06528	0.04229
1697.13672	0.04228
1695.20815	0.04248
1693.27959	0.04272
1691.35103	0.04290
1689.42246	0.04311
1687.49390	0.04348
1685.56533	0.04415
1683.63677	0.04520
1681.70820	0.04629
1679.77964	0.04716
1677.85107	0.04792
1675.92251	0.04884
1673.99395	0.04993
1672.06538	0.05096
1670.13682	0.05198
1668.20825	0.05307
1666.27969	0.05408
1664.35112	0.05495
1662.42256	0.05581
1660.49399	0.05665
1658.56543	0.05733
1656.63687	0.05774
1654.70830	0.05808
1652.77974	0.05859
1650.85117	0.05907
1648.92261	0.05931
1646.99404	0.05950
1645.06548	0.05980
1643.13691	0.06005
1641.20835	0.06014
1639.27979	0.06010
1637.35122	0.06001
1635.42266	0.05999
1633.49409	0.05998
1631.56553	0.05978
1629.63696	0.05933
1627.70840	0.05870
1625.77983	0.05794
1623.85127	0.05703
1621.92271	0.05599
1619.99414	0.05488
1618.06558	0.05363
1616.13701	0.05224
1614.20845	0.05097
1612.27988	0.04989
1610.35132	0.04889
1608.42275	0.04794
1606.49419	0.04707
1604.56562	0.04625
1602.63706	0.04549
1600.70850	0.04480
1598.77993	0.04418
1596.85137	0.04362
1594.92280	0.04311
1592.99424	0.04263
1591.06567	0.04216
1589.13711	0.04172
1587.20854	0.04130
1585.27998	0.04090
1583.35142	0.04055
1581.42285	0.04021
1579.49429	0.03983
1577.56572	0.03946
1575.63716	0.03919
1573.70859	0.03900
1571.78003	0.03880
1569.85146	0.03859
1567.92290	0.03844
1565.99434	0.03835
1564.06577	0.03824
1562.13721	0.03804
1560.20864	0.03776
1558.28008	0.03763
1556.35151	0.03775
1554.42295	0.03783
1552.49438	0.03778
1550.56582	0.03767
1548.63726	0.03756
1546.70869	0.03739
1544.78013	0.03708
1542.85156	0.03664
1540.92300	0.03623
1538.99443	0.03601
1537.06587	0.03587
1535.13730	0.03562
1533.20874	0.03528
1531.28018	0.03496
1529.35161	0.03462
1527.42305	0.03422
1525.49448	0.03380
1523.56592	0.03343
1521.63735	0.03311
1519.70879	0.03284
1517.78022	0.03255
1515.85166	0.03224
1513.92310	0.03193
1511.99453	0.03162
1510.06597	0.03126
1508.13740	0.03085
1506.20884	0.03047
1504.28027	0.03024
1502.35171	0.03011
1500.42314	0.03000
1498.49458	0.02992
1496.56602	0.02991
1494.63745	0.02997
1492.70889	0.03003
1490.78032	0.03018
1488.85176	0.03058
1486.92319	0.03128
1484.99463	0.03226
1483.06606	0.03368
1481.13750	0.03623
1479.20894	0.04209
1477.28037	0.05625
1475.35181	0.08392
1473.42324	0.12198
1471.49468	0.15469
1469.56611	0.16956
1467.63755	0.17028
1465.70898	0.16336
1463.78042	0.15142
1461.85186	0.13747
1459.92329	0.12417
1457.99473	0.11249
1456.06616	0.10318
1454.13760	0.09629
1452.20903	0.09053
1450.28047	0.08533
1448.35190	0.08114
1446.42334	0.07826
1444.49478	0.07641
1442.56621	0.07502
1440.63765	0.07374
1438.70908	0.07246
1436.78052	0.07109
1434.85195	0.06967
1432.92339	0.06816
1430.99482	0.06652
1429.06626	0.06485
1427.13770	0.06329
1425.20913	0.06191
1423.28057	0.06073
1421.35200	0.05978
1419.42344	0.05912
1417.49487	0.05876
1415.56631	0.05853
1413.63774	0.05824
1411.70918	0.05776
1409.78062	0.05713
1407.85205	0.05644
1405.92349	0.05573
1403.99492	0.05496
1402.06636	0.05414
1400.13779	0.05333
1398.20923	0.05263
1396.28066	0.05215
1394.35210	0.05189
1392.42354	0.05171
1390.49497	0.05161
1388.56641	0.05174
1386.63784	0.05230
1384.70928	0.05341
1382.78071	0.05528
1380.85215	0.05782
1378.92358	0.06028
1376.99502	0.06167
1375.06646	0.06183
1373.13789	0.06144
1371.20933	0.06116
1369.28076	0.06104
1367.35220	0.06083
1365.42363	0.06035
1363.49507	0.05971
1361.56650	0.05919
1359.63794	0.05889
1357.70937	0.05877
1355.78081	0.05878
1353.85225	0.05884
1351.92368	0.05878
1349.99512	0.05849
1348.06655	0.05798
1346.13799	0.05738
1344.20942	0.05677
1342.28086	0.05611
1340.35229	0.05532
1338.42373	0.05444
1336.49517	0.05362
1334.56660	0.05292
1332.63804	0.05235
1330.70947	0.05190
1328.78091	0.05158
1326.85234	0.05142
1324.92378	0.05150
1322.99521	0.05187
1321.06665	0.05252
1319.13809	0.05328
1317.20952	0.05383
1315.28096	0.05400
1313.35239	0.05395
1311.42383	0.05392
1309.49526	0.05400
1307.56670	0.05419
1305.63813	0.05448
1303.70957	0.05485
1301.78101	0.05524
1299.85244	0.05566
1297.92388	0.05615
1295.99531	0.05673
1294.06675	0.05740
1292.13818	0.05816
1290.20962	0.05903
1288.28105	0.06005
1286.35249	0.06120
1284.42393	0.06248
1282.49536	0.06386
1280.56680	0.06535
1278.63823	0.06690
1276.70967	0.06854
1274.78110	0.07023
1272.85254	0.07193
1270.92397	0.07356
1268.99541	0.07513
1267.06685	0.07669
1265.13828	0.07820
1263.20972	0.07953
1261.28115	0.08069
1259.35259	0.08173
1257.42402	0.08264
1255.49546	0.08336
1253.56689	0.08391
1251.63833	0.08437
1249.70977	0.08477
1247.78120	0.08508
1245.85264	0.08533
1243.92407	0.08554
1241.99551	0.08573
1240.06694	0.08592
1238.13838	0.08616
1236.20981	0.08647
1234.28125	0.08687
1232.35269	0.08726
1230.42412	0.08758
1228.49556	0.08780
1226.56699	0.08796
1224.63843	0.08811
1222.70986	0.08824
1220.78130	0.08832
1218.85273	0.08832
1216.92417	0.08811
1214.99561	0.08762
1213.06704	0.08697
1211.13848	0.08628
1209.20991	0.08548
1207.28135	0.08449
1205.35278	0.08329
1203.42422	0.08189
1201.49565	0.08032
1199.56709	0.07860
1197.63853	0.07674
1195.70996	0.07487
1193.78140	0.07307
1191.85283	0.07136
1189.92427	0.06977
1187.99570	0.06842
1186.06714	0.06735
1184.13857	0.06652
1182.21001	0.06595
1180.28145	0.06568
1178.35288	0.06575
1176.42432	0.06606
1174.49575	0.06655
1172.56719	0.06722
1170.63862	0.06803
1168.71006	0.06895
1166.78149	0.07004
1164.85293	0.07130
1162.92437	0.07269
1160.99580	0.07424
1159.06724	0.07596
1157.13867	0.07773
1155.21011	0.07942
1153.28154	0.08096
1151.35298	0.08226
1149.42441	0.08325
1147.49585	0.08387
1145.56729	0.08409
1143.63872	0.08388
1141.71016	0.08328
1139.78159	0.08240
1137.85303	0.08140
1135.92446	0.08056
1133.99590	0.08004
1132.06733	0.07981
1130.13877	0.07979
1128.21021	0.07997
1126.28164	0.08027
1124.35308	0.08045
1122.42451	0.08044
1120.49595	0.08037
1118.56738	0.08037
1116.63882	0.08051
1114.71025	0.08085
1112.78169	0.08134
1110.85312	0.08197
1108.92456	0.08276
1106.99600	0.08376
1105.06743	0.08495
1103.13887	0.08622
1101.21030	0.08759
1099.28174	0.08915
1097.35317	0.09094
1095.42461	0.09289
1093.49604	0.09484
1091.56748	0.09685
1089.63892	0.09897
1087.71035	0.10094
1085.78179	0.10268
1083.85322	0.10443
1081.92466	0.10630
1079.99609	0.10803
1078.06753	0.10926
1076.13896	0.10992
1074.21040	0.11012
1072.28184	0.10991
1070.35327	0.10942
1068.42471	0.10896
1066.49614	0.10883
1064.56758	0.10924
1062.63901	0.11016
1060.71045	0.11151
1058.78188	0.11321
1056.85332	0.11508
1054.92476	0.11697
1052.99619	0.11879
1051.06763	0.12040
1049.13906	0.12162
1047.21050	0.12230
1045.28193	0.12244
1043.35337	0.12220
1041.42480	0.12164
1039.49624	0.12083
1037.56768	0.11996
1035.63911	0.11928
1033.71055	0.11893
1031.78198	0.11884
1029.85342	0.11886
1027.92485	0.11888
1025.99629	0.11880
1024.06772	0.11852
1022.13916	0.11806
1020.21060	0.11759
1018.28203	0.11716
1016.35347	0.11662
1014.42490	0.11580
1012.49634	0.11469
1010.56777	0.11343
1008.63921	0.11200
1006.71064	0.11037
1004.78208	0.10863
1002.85352	0.10685
1000.92495	0.10506
998.99639	0.10325
997.06782	0.10146
995.13926	0.09960
993.21069	0.09749
991.28213	0.09510
989.35356	0.09269
987.42500	0.09048
985.49644	0.08854
983.56787	0.08686
981.63931	0.08547
979.71074	0.08427
977.78218	0.08312
975.85361	0.08204
973.92505	0.08102
971.99648	0.07992
970.06792	0.07873
968.13936	0.07750
966.21079	0.07627
964.28223	0.07509
962.35366	0.07397
960.42510	0.07299
958.49653	0.07222
956.56797	0.07169
954.63940	0.07144
952.71084	0.07148
950.78228	0.07180
948.85371	0.07236
946.92515	0.07315
944.99658	0.07417
943.06802	0.07537
941.13945	0.07656
939.21089	0.07758
937.28232	0.07830
935.35376	0.07873
933.42520	0.07884
931.49663	0.07864
929.56807	0.07818
927.63950	0.07746
925.71094	0.07644
923.78237	0.07511
921.85381	0.07348
919.92524	0.07156
917.99668	0.06947
916.06812	0.06745
914.13955	0.06585
912.21099	0.06480
910.28242	0.06406
908.35386	0.06323
906.42529	0.06207
904.49673	0.06071
902.56816	0.05949
900.63960	0.05858
898.71104	0.05784
896.78247	0.05717
894.85391	0.05660
892.92534	0.05611
890.99678	0.05556
889.06821	0.05496
887.13965	0.05438
885.21108	0.05395
883.28252	0.05390
881.35396	0.05420
879.42539	0.05454
877.49683	0.05483
875.56826	0.05520
873.63970	0.05585
871.71113	0.05681
869.78257	0.05787
867.85400	0.05881
865.92544	0.05966
863.99687	0.06052
862.06831	0.06143
860.13975	0.06240
858.21118	0.06333
856.28262	0.06406
854.35405	0.06457
852.42549	0.06502
850.49692	0.06539
848.56836	0.06556
846.63979	0.06548
844.71123	0.06511
842.78267	0.06454
840.85410	0.06395
838.92554	0.06344
836.99697	0.06312
835.06841	0.06307
833.13984	0.06323
831.21128	0.06357
829.28271	0.06411
827.35415	0.06479
825.42559	0.06541
823.49702	0.06596
821.56846	0.06666
819.63989	0.06741
817.71133	0.06777
815.78276	0.06774
813.85420	0.06785
811.92563	0.06835
809.99707	0.06903
808.06851	0.06963
806.13994	0.07025
804.21138	0.07110
802.28281	0.07199
800.35425	0.07260
798.42568	0.07293
796.49712	0.07305
794.56855	0.07301
792.63999	0.07287
790.71143	0.07267
788.78286	0.07256
786.85430	0.07268
784.92573	0.07309
782.99717	0.07376
781.06860	0.07436
779.14004	0.07458
777.21147	0.07457
775.28291	0.07467
773.35435	0.07501
771.42578	0.07553
769.49722	0.07604
767.56865	0.07626
765.64009	0.07613
763.71152	0.07589
761.78296	0.07580
759.85439	0.07590
757.92583	0.07605
755.99727	0.07616
754.06870	0.07639
752.14014	0.07686
750.21157	0.07745
748.28301	0.07817
746.35444	0.07911
744.42588	0.08008
742.49731	0.08102
740.56875	0.08226
738.64019	0.08398
736.71162	0.08659
734.78306	0.09158
732.85449	0.10013
730.92593	0.11074
728.99736	0.12100
727.06880	0.13185
725.14023	0.14653
723.21167	0.16675
721.28311	0.19316
719.35454	0.21833
717.42598	0.22861
715.49741	0.21564
713.56885	0.18729
711.64028	0.15957
709.71172	0.14033
707.78315	0.12829
705.85459	0.12045
703.92603	0.11491
701.99746	0.11057
700.06890	0.10702
698.14033	0.10413
696.21177	0.10175
694.28320	0.09955
692.35464	0.09731
690.42607	0.09541
688.49751	0.09428
686.56895	0.09337
684.64038	0.09218
682.71182	0.09088
680.78325	0.08998
678.85469	0.08952
676.92612	0.08888
674.99756	0.08783
673.06899	0.08761
671.14043	0.09159
669.21187	0.09832
667.28330	0.09523
665.35474	0.09300
663.42617	0.09057
661.49761	0.08974
659.56904	0.08968
657.64048	0.08950
655.71191	0.08924
653.78335	0.08900
651.85479	0.08922
649.92622	0.08990
647.99766	0.09012
646.06909	0.08967
644.14053	0.08943
642.21196	0.08991
640.28340	0.09110
638.35483	0.09265
636.42627	0.09407
634.49771	0.09522
632.56914	0.09618
630.64058	0.09670
628.71201	0.09684
626.78345	0.09767
624.85488	0.09938
622.92632	0.10030
620.99775	0.10022
619.06919	0.10057
617.14062	0.10154
615.21206	0.10208
613.28350	0.10171
611.35493	0.10070
609.42637	0.09980
607.49780	0.09986
605.56924	0.10044
603.64067	0.10052
601.71211	0.10023
599.78354	0.10010
