3997.91411	0.01175
3995.98555	0.01172
3994.05698	0.01179
3992.12842	0.01197
3990.19985	0.01209
3988.27129	0.01208
3986.34272	0.01201
3984.41416	0.01192
3982.48560	0.01180
3980.55703	0.01173
3978.62847	0.01184
3976.69990	0.01200
3974.77134	0.01203
3972.84277	0.01192
3970.91421	0.01178
3968.98564	0.01168
3967.05708	0.01163
3965.12852	0.01168
3963.19995	0.01182
3961.27139	0.01198
3959.34282	0.01208
3957.41426	0.01211
3955.48569	0.01204
3953.55713	0.01188
3951.62856	0.01172
3949.70000	0.01163
3947.77144	0.01163
3945.84287	0.01169
3943.91431	0.01175
3941.98574	0.01180
3940.05718	0.01184
3938.12861	0.01184
3936.20005	0.01177
3934.27148	0.01166
3932.34292	0.01165
3930.41436	0.01174
3928.48579	0.01179
3926.55723	0.01177
3924.62866	0.01176
3922.70010	0.01178
3920.77153	0.01178
3918.84297	0.01181
3916.91440	0.01192
3914.98584	0.01205
3913.05728	0.01205
3911.12871	0.01191
3909.20015	0.01182
3907.27158	0.01187
3905.34302	0.01199
3903.41445	0.01210
3901.48589	0.01216
3899.55732	0.01211
3897.62876	0.01192
3895.70020	0.01171
3893.77163	0.01158
3891.84307	0.01150
3889.91450	0.01147
3887.98594	0.01150
3886.05737	0.01160
3884.12881	0.01165
3882.20024	0.01159
3880.27168	0.01155
3878.34312	0.01157
3876.41455	0.01161
3874.48599	0.01166
3872.55742	0.01177
3870.62886	0.01189
3868.70029	0.01192
3866.77173	0.01180
3864.84316	0.01164
3862.91460	0.01155
3860.98604	0.01152
3859.05747	0.01148
3857.12891	0.01141
3855.20034	0.01139
3853.27178	0.01149
3851.34321	0.01157
3849.41465	0.01155
3847.48608	0.01146
3845.55752	0.01135
3843.62896	0.01128
3841.70039	0.01120
3839.77183	0.01118
3837.84326	0.01135
3835.91470	0.01160
3833.98613	0.01168
3832.05757	0.01160
3830.12900	0.01141
3828.20044	0.01120
3826.27187	0.01107
3824.34331	0.01106
3822.41475	0.01125
3820.48618	0.01156
3818.55762	0.01172
3816.62905	0.01171
3814.70049	0.01169
3812.77192	0.01164
3810.84336	0.01156
3808.91479	0.01147
3806.98623	0.01139
3805.05767	0.01127
3803.12910	0.01123
3801.20054	0.01133
3799.27197	0.01137
3797.34341	0.01134
3795.41484	0.01142
3793.48628	0.01154
3791.55771	0.01153
3789.62915	0.01141
3787.70059	0.01129
3785.77202	0.01128
3783.84346	0.01135
3781.91489	0.01138
3779.98633	0.01141
3778.05776	0.01151
3776.12920	0.01155
3774.20063	0.01143
3772.27207	0.01119
3770.34351	0.01097
3768.41494	0.01091
3766.48638	0.01095
3764.55781	0.01097
3762.62925	0.01097
3760.70068	0.01102
3758.77212	0.01110
3756.84355	0.01110
3754.91499	0.01090
3752.98643	0.01062
3751.05786	0.01047
3749.12930	0.01062
3747.20073	0.01085
3745.27217	0.01097
3743.34360	0.01096
3741.41504	0.01090
3739.48647	0.01082
3737.55791	0.01074
3735.62935	0.01071
3733.70078	0.01073
3731.77222	0.01076
3729.84365	0.01078
3727.91509	0.01079
3725.98652	0.01076
3724.05796	0.01078
3722.12939	0.01090
3720.20083	0.01095
3718.27227	0.01080
3716.34370	0.01060
3714.41514	0.01052
3712.48657	0.01058
3710.55801	0.01074
3708.62944	0.01095
3706.70088	0.01112
3704.77231	0.01122
3702.84375	0.01128
3700.91519	0.01140
3698.98662	0.01145
3697.05806	0.01128
3695.12949	0.01098
3693.20093	0.01075
3691.27236	0.01072
3689.34380	0.01091
3687.41523	0.01110
3685.48667	0.01113
3683.55811	0.01099
3681.62954	0.01083
3679.70098	0.01079
3677.77241	0.01086
3675.84385	0.01102
3673.91528	0.01111
3671.98672	0.01109
3670.05815	0.01120
3668.12959	0.01146
3666.20103	0.01164
3664.27246	0.01161
3662.34390	0.01150
3660.41533	0.01148
3658.48677	0.01157
3656.55820	0.01170
3654.62964	0.01178
3652.70107	0.01173
3650.77251	0.01170
3648.84395	0.01188
3646.91538	0.01210
3644.98682	0.01210
3643.05825	0.01198
3641.12969	0.01197
3639.20112	0.01207
3637.27256	0.01215
3635.34399	0.01218
3633.41543	0.01217
3631.48687	0.01226
3629.55830	0.01254
3627.62974	0.01280
3625.70117	0.01282
3623.77261	0.01269
3621.84404	0.01254
3619.91548	0.01246
3617.98691	0.01252
3616.05835	0.01265
3614.12979	0.01270
3612.20122	0.01271
3610.27266	0.01274
3608.34409	0.01281
3606.41553	0.01287
3604.48696	0.01281
3602.55840	0.01265
3600.62983	0.01255
3598.70127	0.01255
3596.77271	0.01262
3594.84414	0.01274
3592.91558	0.01285
3590.98701	0.01282
3589.05845	0.01268
3587.12988	0.01247
3585.20132	0.01221
3583.27275	0.01207
3581.34419	0.01216
3579.41562	0.01228
3577.48706	0.01227
3575.55850	0.01224
3573.62993	0.01228
3571.70137	0.01227
3569.77280	0.01222
3567.84424	0.01229
3565.91567	0.01246
3563.98711	0.01261
3562.05854	0.01275
3560.12998	0.01287
3558.20142	0.01290
3556.27285	0.01281
3554.34429	0.01267
3552.41572	0.01254
3550.48716	0.01249
3548.55859	0.01258
3546.63003	0.01277
3544.70146	0.01301
3542.77290	0.01320
3540.84434	0.01327
3538.91577	0.01326
3536.98721	0.01327
3535.05864	0.01331
3533.13008	0.01333
3531.20151	0.01334
3529.27295	0.01332
3527.34438	0.01326
3525.41582	0.01326
3523.48726	0.01345
3521.55869	0.01372
3519.63013	0.01387
3517.70156	0.01388
3515.77300	0.01381
3513.84443	0.01369
3511.91587	0.01354
3509.98730	0.01354
3508.05874	0.01370
3506.13018	0.01371
3504.20161	0.01357
3502.27305	0.01354
3500.34448	0.01371
3498.41592	0.01393
3496.48735	0.01389
3494.55879	0.01362
3492.63022	0.01355
3490.70166	0.01383
3488.77310	0.01422
3486.84453	0.01452
3484.91597	0.01458
3482.98740	0.01440
3481.05884	0.01422
3479.13027	0.01419
3477.20171	0.01414
3475.27314	0.01404
3473.34458	0.01414
3471.41602	0.01441
3469.48745	0.01466
3467.55889	0.01471
3465.63032	0.01465
3463.70176	0.01471
3461.77319	0.01491
3459.84463	0.01505
3457.91606	0.01496
3455.98750	0.01470
3454.05894	0.01459
3452.13037	0.01474
3450.20181	0.01498
3448.27324	0.01515
3446.34468	0.01517
3444.41611	0.01511
3442.48755	0.01513
3440.55898	0.01522
3438.63042	0.01534
3436.70186	0.01548
3434.77329	0.01553
3432.84473	0.01547
3430.91616	0.01546
3428.98760	0.01552
3427.05903	0.01551
3425.13047	0.01541
3423.20190	0.01535
3421.27334	0.01538
3419.34478	0.01540
3417.41621	0.01531
3415.48765	0.01522
3413.55908	0.01527
3411.63052	0.01538
3409.70195	0.01545
3407.77339	0.01541
3405.84482	0.01533
3403.91626	0.01534
3401.98770	0.01534
3400.05913	0.01530
3398.13057	0.01529
3396.20200	0.01530
3394.27344	0.01533
3392.34487	0.01537
3390.41631	0.01535
3388.48774	0.01539
3386.55918	0.01557
3384.63062	0.01573
3382.70205	0.01572
3380.77349	0.01564
3378.84492	0.01564
3376.91636	0.01566
3374.98779	0.01553
3373.05923	0.01526
3371.13066	0.01510
3369.20210	0.01518
3367.27354	0.01539
3365.34497	0.01551
3363.41641	0.01553
3361.48784	0.01561
3359.55928	0.01575
3357.63071	0.01578
3355.70215	0.01568
3353.77358	0.01558
3351.84502	0.01559
3349.91646	0.01564
3347.98789	0.01570
3346.05933	0.01578
3344.13076	0.01583
3342.20220	0.01579
3340.27363	0.01568
3338.34507	0.01563
3336.41650	0.01562
3334.48794	0.01558
3332.55937	0.01561
3330.63081	0.01576
3328.70225	0.01594
3326.77368	0.01600
3324.84512	0.01598
3322.91655	0.01598
3320.98799	0.01598
3319.05942	0.01586
3317.13086	0.01562
3315.20229	0.01543
3313.27373	0.01544
3311.34517	0.01554
3309.41660	0.01537
3307.48804	0.01501
3305.55947	0.01489
3303.63091	0.01506
3301.70234	0.01522
3299.77378	0.01528
3297.84521	0.01532
3295.91665	0.01535
3293.98809	0.01528
3292.05952	0.01516
3290.13096	0.01513
3288.20239	0.01512
3286.27383	0.01509
3284.34526	0.01506
3282.41670	0.01497
3280.48813	0.01479
3278.55957	0.01469
3276.63101	0.01479
3274.70244	0.01491
3272.77388	0.01494
3270.84531	0.01489
3268.91675	0.01477
3266.98818	0.01461
3265.05962	0.01443
3263.13105	0.01435
3261.20249	0.01442
3259.27393	0.01449
3257.34536	0.01447
3255.41680	0.01439
3253.48823	0.01433
3251.55967	0.01433
3249.63110	0.01426
3247.70254	0.01411
3245.77397	0.01403
3243.84541	0.01408
3241.91685	0.01413
3239.98828	0.01411
3238.05972	0.01400
3236.13115	0.01385
3234.20259	0.01370
3232.27402	0.01362
3230.34546	0.01363
3228.41689	0.01362
3226.48833	0.01360
3224.55977	0.01356
3222.63120	0.01337
3220.70264	0.01312
3218.77407	0.01306
3216.84551	0.01310
3214.91694	0.01311
3212.98838	0.01309
3211.05981	0.01297
3209.13125	0.01275
3207.20269	0.01265
3205.27412	0.01276
3203.34556	0.01290
3201.41699	0.01293
3199.48843	0.01290
3197.55986	0.01284
3195.63130	0.01274
3193.70273	0.01263
3191.77417	0.01250
3189.84561	0.01245
3187.91704	0.01248
3185.98848	0.01245
3184.05991	0.01227
3182.13135	0.01203
3180.20278	0.01186
3178.27422	0.01173
3176.34565	0.01167
3174.41709	0.01171
3172.48853	0.01177
3170.55996	0.01176
3168.63140	0.01176
3166.70283	0.01170
3164.77427	0.01158
3162.84570	0.01150
3160.91714	0.01155
3158.98857	0.01164
3157.06001	0.01171
3155.13145	0.01167
3153.20288	0.01152
3151.27432	0.01128
3149.34575	0.01107
3147.41719	0.01096
3145.48862	0.01100
3143.56006	0.01099
3141.63149	0.01080
3139.70293	0.01062
3137.77437	0.01068
3135.84580	0.01081
3133.91724	0.01086
3131.98867	0.01087
3130.06011	0.01077
3128.13154	0.01065
3126.20298	0.01057
3124.27441	0.01044
3122.34585	0.01026
3120.41729	0.01024
3118.48872	0.01033
3116.56016	0.01039
3114.63159	0.01044
3112.70303	0.01049
3110.77446	0.01044
3108.84590	0.01030
3106.91733	0.01020
3104.98877	0.01028
3103.06021	0.01046
3101.13164	0.01045
3099.20308	0.01024
3097.27451	0.01022
3095.34595	0.01046
3093.41738	0.01062
3091.48882	0.01063
3089.56025	0.01062
3087.63169	0.01059
3085.70312	0.01054
3083.77456	0.01052
3081.84600	0.01056
3079.91743	0.01060
3077.98887	0.01055
3076.06030	0.01042
3074.13174	0.01030
3072.20317	0.01020
3070.27461	0.01012
3068.34604	0.01006
3066.41748	0.01006
3064.48892	0.01014
3062.56035	0.01017
3060.63179	0.01004
3058.70322	0.00984
3056.77466	0.00975
3054.84609	0.00977
3052.91753	0.00982
3050.98896	0.00993
3049.06040	0.01008
3047.13184	0.01007
3045.20327	0.00995
3043.27471	0.00997
3041.34614	0.01015
3039.41758	0.01025
3037.48901	0.01015
3035.56045	0.00990
3033.63188	0.00970
3031.70332	0.00966
3029.77476	0.00974
3027.84619	0.00982
3025.91763	0.00984
3023.98906	0.00976
3022.06050	0.00961
3020.13193	0.00941
3018.20337	0.00931
3016.27480	0.00939
3014.34624	0.00949
3012.41768	0.00943
3010.48911	0.00931
3008.56055	0.00930
3006.63198	0.00943
3004.70342	0.00962
3002.77485	0.00971
3000.84629	0.00969
2998.91772	0.00965
2996.98916	0.00967
2995.06060	0.00975
2993.13203	0.00986
2991.20347	0.01008
2989.27490	0.01042
2987.34634	0.01075
2985.41777	0.01101
2983.48921	0.01127
2981.56064	0.01152
2979.63208	0.01176
2977.70352	0.01215
2975.77495	0.01269
2973.84639	0.01330
2971.91782	0.01401
2969.98926	0.01481
2968.06069	0.01557
2966.13213	0.01633
2964.20356	0.01725
2962.27500	0.01838
2960.34644	0.01966
2958.41787	0.02098
2956.48931	0.02238
2954.56074	0.02404
2952.63218	0.02606
2950.70361	0.02857
2948.77505	0.03168
2946.84648	0.03548
2944.91792	0.04012
2942.98936	0.04572
2941.06079	0.05246
2939.13223	0.06042
2937.20366	0.06950
2935.27510	0.07984
2933.34653	0.09176
2931.41797	0.10539
2929.48940	0.12092
2927.56084	0.13856
2925.63228	0.15833
2923.70371	0.17983
2921.77515	0.20204
2919.84658	0.22301
2917.91802	0.23959
2915.98945	0.24804
2914.06089	0.24664
2912.13232	0.23723
2910.20376	0.22367
2908.27520	0.20922
2906.34663	0.19584
2904.41807	0.18438
2902.48950	0.17484
2900.56094	0.16680
2898.63237	0.15972
2896.70381	0.15318
2894.77524	0.14685
2892.84668	0.14049
2890.91812	0.13397
2888.98955	0.12721
2887.06099	0.12019
2885.13242	0.11318
2883.20386	0.10632
2881.27529	0.09946
2879.34673	0.09252
2877.41816	0.08574
2875.48960	0.07959
2873.56104	0.07446
2871.63247	0.07053
2869.70391	0.06806
2867.77534	0.06733
2865.84678	0.06855
2863.91821	0.07240
2861.98965	0.07981
2860.06108	0.09161
2858.13252	0.10870
2856.20396	0.13227
2854.27539	0.16286
2852.34683	0.19799
2850.41826	0.22913
2848.48970	0.24389
2846.56113	0.23667
2844.63257	0.21383
2842.70400	0.18555
2840.77544	0.15876
2838.84687	0.13649
2836.91831	0.11914
2834.98975	0.10588
2833.06118	0.09572
2831.13262	0.08789
2829.20405	0.08170
2827.27549	0.07663
2825.34692	0.07232
2823.41836	0.06857
2821.48979	0.06536
2819.56123	0.06267
2817.63267	0.06030
2815.70410	0.05811
2813.77554	0.05617
2811.84697	0.05452
2809.91841	0.05296
2807.98984	0.05144
2806.06128	0.05011
2804.13271	0.04895
2802.20415	0.04786
2800.27559	0.04675
2798.34702	0.04562
2796.41846	0.04455
2794.48989	0.04353
2792.56133	0.04263
2790.63276	0.04187
2788.70420	0.04122
2786.77563	0.04057
2784.84707	0.03992
2782.91851	0.03930
2780.98994	0.03864
2779.06138	0.03794
2777.13281	0.03728
2775.20425	0.03672
2773.27568	0.03626
2771.34712	0.03580
2769.41855	0.03528
2767.48999	0.03475
2765.56143	0.03428
2763.63286	0.03385
2761.70430	0.03344
2759.77573	0.03308
2757.84717	0.03273
2755.91860	0.03238
2753.99004	0.03209
2752.06147	0.03181
2750.13291	0.03155
2748.20435	0.03138
2746.27578	0.03124
2744.34722	0.03105
2742.41865	0.03082
2740.49009	0.03061
2738.56152	0.03038
2736.63296	0.03014
2734.70439	0.02994
2732.77583	0.02975
2730.84727	0.02956
2728.91870	0.02937
2726.99014	0.02913
2725.06157	0.02883
2723.13301	0.02858
2721.20444	0.02839
2719.27588	0.02819
2717.34731	0.02800
2715.41875	0.02786
2713.49019	0.02770
2711.56162	0.02746
2709.63306	0.02719
2707.70449	0.02695
2705.77593	0.02678
2703.84736	0.02670
2701.91880	0.02665
2699.99023	0.02657
2698.06167	0.02647
2696.13311	0.02636
2694.20454	0.02626
2692.27598	0.02617
2690.34741	0.02608
2688.41885	0.02600
2686.49028	0.02588
2684.56172	0.02576
2682.63315	0.02576
2680.70459	0.02582
2678.77603	0.02586
2676.84746	0.02589
2674.91890	0.02588
2672.99033	0.02581
2671.06177	0.02573
2669.13320	0.02577
2667.20464	0.02593
2665.27607	0.02614
2663.34751	0.02635
2661.41895	0.02652
2659.49038	0.02659
2657.56182	0.02658
2655.63325	0.02656
2653.70469	0.02652
2651.77612	0.02646
2649.84756	0.02640
2647.91899	0.02633
2645.99043	0.02627
2644.06187	0.02626
2642.13330	0.02628
2640.20474	0.02622
2638.27617	0.02607
2636.34761	0.02593
2634.41904	0.02585
2632.49048	0.02575
2630.56191	0.02558
2628.63335	0.02531
2626.70479	0.02493
2624.77622	0.02461
2622.84766	0.02446
2620.91909	0.02439
2618.99053	0.02427
2617.06196	0.02409
2615.13340	0.02382
2613.20483	0.02351
2611.27627	0.02328
2609.34771	0.02315
2607.41914	0.02290
2605.49058	0.02252
2603.56201	0.02222
2601.63345	0.02206
2599.70488	0.02193
2597.77632	0.02183
2595.84775	0.02173
2593.91919	0.02158
2591.99062	0.02140
2590.06206	0.02124
2588.13350	0.02114
2586.20493	0.02106
2584.27637	0.02091
2582.34780	0.02068
2580.41924	0.02044
2578.49067	0.02024
2576.56211	0.02010
2574.63354	0.01996
2572.70498	0.01979
2570.77642	0.01967
2568.84785	0.01963
2566.91929	0.01955
2564.99072	0.01941
2563.06216	0.01933
2561.13359	0.01932
2559.20503	0.01927
2557.27646	0.01910
2555.34790	0.01886
2553.41934	0.01860
2551.49077	0.01843
2549.56221	0.01836
2547.63364	0.01831
2545.70508	0.01829
2543.77651	0.01828
2541.84795	0.01822
2539.91938	0.01809
2537.99082	0.01801
2536.06226	0.01793
2534.13369	0.01784
2532.20513	0.01774
2530.27656	0.01764
2528.34800	0.01756
2526.41943	0.01751
2524.49087	0.01746
2522.56230	0.01740
2520.63374	0.01734
2518.70518	0.01734
2516.77661	0.01734
2514.84805	0.01721
2512.91948	0.01701
2510.99092	0.01688
2509.06235	0.01683
2507.13379	0.01677
2505.20522	0.01668
2503.27666	0.01658
2501.34810	0.01647
2499.41953	0.01645
2497.49097	0.01645
2495.56240	0.01642
2493.63384	0.01646
2491.70527	0.01653
2489.77671	0.01645
2487.84814	0.01624
2485.91958	0.01613
2483.99102	0.01616
2482.06245	0.01622
2480.13389	0.01624
2478.20532	0.01624
2476.27676	0.01623
2474.34819	0.01624
2472.41963	0.01624
2470.49106	0.01618
2468.56250	0.01605
2466.63394	0.01590
2464.70537	0.01581
2462.77681	0.01586
2460.84824	0.01600
2458.91968	0.01608
2456.99111	0.01604
2455.06255	0.01600
2453.13398	0.01603
2451.20542	0.01603
2449.27686	0.01590
2447.34829	0.01576
2445.41973	0.01570
2443.49116	0.01573
2441.56260	0.01578
2439.63403	0.01576
2437.70547	0.01564
2435.77690	0.01550
2433.84834	0.01546
2431.91978	0.01550
2429.99121	0.01550
2428.06265	0.01546
2426.13408	0.01537
2424.20552	0.01526
2422.27695	0.01524
2420.34839	0.01529
2418.41982	0.01528
2416.49126	0.01519
2414.56270	0.01515
2412.63413	0.01522
2410.70557	0.01524
2408.77700	0.01505
2406.84844	0.01471
2404.91987	0.01451
2402.99131	0.01447
2401.06274	0.01450
2399.13418	0.01456
2397.20562	0.01456
2395.27705	0.01448
2393.34849	0.01443
2391.41992	0.01448
2389.49136	0.01457
2387.56279	0.01459
2385.63423	0.01449
2383.70566	0.01434
2381.77710	0.01422
2379.84854	0.01411
2377.91997	0.01389
2375.99141	0.01354
2374.06284	0.01320
2372.13428	0.01298
2370.20571	0.01278
2368.27715	0.01257
2366.34858	0.01243
2364.42002	0.01245
2362.49146	0.01263
2360.56289	0.01296
2358.63433	0.01333
2356.70576	0.01362
2354.77720	0.01391
2352.84863	0.01435
2350.92007	0.01484
2348.99150	0.01515
2347.06294	0.01519
2345.13437	0.01503
2343.20581	0.01485
2341.27725	0.01480
2339.34868	0.01490
2337.42012	0.01509
2335.49155	0.01523
2333.56299	0.01525
2331.63442	0.01527
2329.70586	0.01571
2327.77729	0.01695
2325.84873	0.01860
2323.92017	0.01948
2321.99160	0.01914
2320.06304	0.01837
2318.13447	0.01785
2316.20591	0.01767
2314.27734	0.01762
2312.34878	0.01750
2310.42021	0.01730
2308.49165	0.01715
2306.56309	0.01706
2304.63452	0.01698
2302.70596	0.01693
2300.77739	0.01691
2298.84883	0.01690
2296.92026	0.01701
2294.99170	0.01727
2293.06313	0.01757
2291.13457	0.01786
2289.20601	0.01814
2287.27744	0.01831
2285.34888	0.01817
2283.42031	0.01771
2281.49175	0.01725
2279.56318	0.01692
2277.63462	0.01668
2275.70605	0.01643
2273.77749	0.01615
2271.84893	0.01598
2269.92036	0.01593
2267.99180	0.01579
2266.06323	0.01549
2264.13467	0.01523
2262.20610	0.01521
2260.27754	0.01526
2258.34897	0.01524
2256.42041	0.01516
2254.49185	0.01506
2252.56328	0.01494
2250.63472	0.01473
2248.70615	0.01454
2246.77759	0.01460
2244.84902	0.01489
2242.92046	0.01502
2240.99189	0.01486
2239.06333	0.01453
2237.13477	0.01429
2235.20620	0.01431
2233.27764	0.01443
2231.34907	0.01443
2229.42051	0.01437
2227.49194	0.01431
2225.56338	0.01429
2223.63481	0.01425
2221.70625	0.01407
2219.77769	0.01380
2217.84912	0.01355
2215.92056	0.01342
2213.99199	0.01344
2212.06343	0.01363
2210.13486	0.01380
2208.20630	0.01378
2206.27773	0.01385
2204.34917	0.01408
2202.42061	0.01394
2200.49204	0.01344
2198.56348	0.01337
2196.63491	0.01394
2194.70635	0.01449
2192.77778	0.01461
2190.84922	0.01443
2188.92065	0.01429
2186.99209	0.01444
2185.06353	0.01456
2183.13496	0.01407
2181.20640	0.01330
2179.27783	0.01298
2177.34927	0.01274
2175.42070	0.01239
2173.49214	0.01279
2171.56357	0.01413
2169.63501	0.01541
2167.70645	0.01568
2165.77788	0.01513
2163.84932	0.01504
2161.92075	0.01452
2159.99219	0.01083
2158.06362	0.00595
2156.13506	0.00436
2154.20649	0.00559
2152.27793	0.00732
2150.34937	0.00861
2148.42080	0.00904
2146.49224	0.00880
2144.56367	0.00852
2142.63511	0.00847
2140.70654	0.00852
2138.77798	0.00855
2136.84941	0.00829
2134.92085	0.00773
2132.99229	0.00754
2131.06372	0.00807
2129.13516	0.00896
2127.20659	0.00982
2125.27803	0.01048
2123.34946	0.01095
2121.42090	0.01130
2119.49233	0.01162
2117.56377	0.01203
2115.63521	0.01250
2113.70664	0.01284
2111.77808	0.01298
2109.84951	0.01312
2107.92095	0.01324
2105.99238	0.01311
2104.06382	0.01296
2102.13525	0.01302
2100.20669	0.01299
2098.27812	0.01260
2096.34956	0.01199
2094.42100	0.01165
2092.49243	0.01185
2090.56387	0.01226
2088.63530	0.01257
2086.70674	0.01282
2084.77817	0.01317
2082.84961	0.01358
2080.92104	0.01383
2078.99248	0.01389
2077.06392	0.01388
2075.13535	0.01391
2073.20679	0.01383
2071.27822	0.01356
2069.34966	0.01320
2067.42109	0.01283
2065.49253	0.01257
2063.56396	0.01264
2061.63540	0.01296
2059.70684	0.01318
2057.77827	0.01318
2055.84971	0.01315
2053.92114	0.01370
2051.99258	0.01504
2050.06401	0.01578
2048.13545	0.01512
2046.20688	0.01409
2044.27832	0.01337
2042.34976	0.01306
2040.42119	0.01326
2038.49263	0.01358
2036.56406	0.01362
2034.63550	0.01319
2032.70693	0.01245
2030.77837	0.01186
2028.84980	0.01164
2026.92124	0.01159
2024.99268	0.01154
2023.06411	0.01162
2021.13555	0.01193
2019.20698	0.01232
2017.27842	0.01262
2015.34985	0.01277
2013.42129	0.01264
2011.49272	0.01203
2009.56416	0.01098
2007.63560	0.00986
2005.70703	0.00911
2003.77847	0.00901
2001.84990	0.00960
1999.92134	0.01065
1997.99277	0.01159
1996.06421	0.01183
1994.13564	0.01157
1992.20708	0.01160
1990.27852	0.01210
1988.34995	0.01261
1986.42139	0.01306
1984.49282	0.01377
1982.56426	0.01490
1980.63569	0.01566
1978.70713	0.01467
1976.77856	0.01238
1974.85000	0.01065
1972.92144	0.01010
1970.99287	0.01025
1969.06431	0.01043
1967.13574	0.01017
1965.20718	0.00965
1963.27861	0.00925
1961.35005	0.00895
1959.42148	0.00876
1957.49292	0.00894
1955.56436	0.00948
1953.63579	0.00991
1951.70723	0.01012
1949.77866	0.01035
1947.85010	0.01050
1945.92153	0.01042
1943.99297	0.01036
1942.06440	0.01040
1940.13584	0.01040
1938.20728	0.01037
1936.27871	0.01037
1934.35015	0.01031
1932.42158	0.01029
1930.49302	0.01042
1928.56445	0.01056
1926.63589	0.01067
1924.70732	0.01085
1922.77876	0.01116
1920.85020	0.01139
1918.92163	0.01147
1916.99307	0.01154
1915.06450	0.01163
1913.13594	0.01171
1911.20737	0.01182
1909.27881	0.01201
1907.35024	0.01218
1905.42168	0.01218
1903.49312	0.01203
1901.56455	0.01192
1899.63599	0.01195
1897.70742	0.01210
1895.77886	0.01225
1893.85029	0.01230
1891.92173	0.01222
1889.99316	0.01204
1888.06460	0.01188
1886.13604	0.01186
1884.20747	0.01196
1882.27891	0.01207
1880.35034	0.01211
1878.42178	0.01209
1876.49321	0.01208
1874.56465	0.01213
1872.63608	0.01218
1870.70752	0.01222
1868.77896	0.01221
1866.85039	0.01213
1864.92183	0.01206
1862.99326	0.01204
1861.06470	0.01208
1859.13613	0.01214
1857.20757	0.01216
1855.27900	0.01216
1853.35044	0.01223
1851.42187	0.01238
1849.49331	0.01252
1847.56475	0.01253
1845.63618	0.01247
1843.70762	0.01243
1841.77905	0.01237
1839.85049	0.01229
1837.92192	0.01231
1835.99336	0.01244
1834.06479	0.01251
1832.13623	0.01253
1830.20767	0.01261
1828.27910	0.01263
1826.35054	0.01258
1824.42197	0.01265
1822.49341	0.01285
1820.56484	0.01290
1818.63628	0.01270
1816.70771	0.01252
1814.77915	0.01255
1812.85059	0.01275
1810.92202	0.01300
1808.99346	0.01325
1807.06489	0.01344
1805.13633	0.01353
1803.20776	0.01356
1801.27920	0.01357
1799.35063	0.01362
1797.42207	0.01369
1795.49351	0.01377
1793.56494	0.01386
1791.63638	0.01393
1789.70781	0.01393
1787.77925	0.01389
1785.85068	0.01392
1783.92212	0.01401
1781.99355	0.01407
1780.06499	0.01407
1778.13643	0.01402
1776.20786	0.01398
1774.27930	0.01400
1772.35073	0.01409
1770.42217	0.01421
1768.49360	0.01434
1766.56504	0.01447
1764.63647	0.01457
1762.70791	0.01469
1760.77935	0.01484
1758.85078	0.01497
1756.92222	0.01508
1754.99365	0.01524
1753.06509	0.01552
1751.13652	0.01590
1749.20796	0.01621
1747.27939	0.01634
1745.35083	0.01641
1743.42227	0.01657
1741.49370	0.01680
1739.56514	0.01696
1737.63657	0.01693
1735.70801	0.01682
1733.77944	0.01682
1731.85088	0.01691
1729.92231	0.01694
1727.99375	0.01694
1726.06519	0.01696
1724.13662	0.01701
1722.20806	0.01703
1720.27949	0.01704
1718.35093	0.01712
1716.42236	0.01729
1714.49380	0.01741
1712.56523	0.01746
1710.63667	0.01750
1708.70811	0.01753
1706.77954	0.01757
1704.85098	0.01765
1702.92241	0.01776
1700.99385	0.01794
1699.06528	0.01815
1697.13672	0.01835
1695.20815	0.01860
1693.27959	0.01886
1691.35103	0.01906
1689.42246	0.01924
1687.49390	0.01943
1685.56533	0.01970
1683.63677	0.02018
1681.70820	0.02071
1679.77964	0.02108
1677.85107	0.02133
1675.92251	0.02160
1673.99395	0.02187
1672.06538	0.02210
1670.13682	0.02236
1668.20825	0.02262
1666.27969	0.02275
1664.35112	0.02286
1662.42256	0.02302
1660.49399	0.02317
1658.56543	0.02324
1656.63687	0.02321
1654.70830	0.02322
1652.77974	0.02337
1650.85117	0.02350
1648.92261	0.02350
1646.99404	0.02357
1645.06548	0.02375
1643.13691	0.02382
1641.20835	0.02370
1639.27979	0.02345
1637.35122	0.02323
1635.42266	0.02313
1633.49409	0.02308
1631.56553	0.02294
1629.63696	0.02273
1627.70840	0.02254
1625.77983	0.02242
1623.85127	0.02239
1621.92271	0.02238
1619.99414	0.02226
1618.06558	0.02206
1616.13701	0.02192
1614.20845	0.02186
1612.27988	0.02180
1610.35132	0.02174
1608.42275	0.02170
1606.49419	0.02170
1604.56562	0.02171
1602.63706	0.02171
1600.70850	0.02167
1598.77993	0.02164
1596.85137	0.02163
1594.92280	0.02163
1592.99424	0.02164
1591.06567	0.02164
1589.13711	0.02163
1587.20854	0.02160
1585.27998	0.02155
1583.35142	0.02148
1581.42285	0.02135
1579.49429	0.02116
1577.56572	0.02101
1575.63716	0.02099
1573.70859	0.02101
1571.78003	0.02096
1569.85146	0.02085
1567.92290	0.02073
1565.99434	0.02063
1564.06577	0.02051
1562.13721	0.02041
1560.20864	0.02044
1558.28008	0.02062
1556.35151	0.02076
1554.42295	0.02081
1552.49438	0.02083
1550.56582	0.02081
1548.63726	0.02073
1546.70869	0.02063
1544.78013	0.02055
1542.85156	0.02049
1540.92300	0.02051
1538.99443	0.02054
1537.06587	0.02042
1535.13730	0.02019
1533.20874	0.01999
1531.28018	0.01982
1529.35161	0.01964
1527.42305	0.01944
1525.49448	0.01922
1523.56592	0.01904
1521.63735	0.01891
1519.70879	0.01876
1517.78022	0.01864
1515.85166	0.01858
1513.92310	0.01852
1511.99453	0.01835
1510.06597	0.01812
1508.13740	0.01795
1506.20884	0.01792
1504.28027	0.01792
1502.35171	0.01784
1500.42314	0.01767
1498.49458	0.01752
1496.56602	0.01743
1494.63745	0.01737
1492.70889	0.01732
1490.78032	0.01735
1488.85176	0.01751
1486.92319	0.01782
1484.99463	0.01832
1483.06606	0.01928
1481.13750	0.02158
1479.20894	0.02777
1477.28037	0.04258
1475.35181	0.06893
1473.42324	0.10036
1471.49468	0.12191
1469.56611	0.12677
1467.63755	0.12212
1465.70898	0.11502
1463.78042	0.10698
1461.85186	0.09728
1459.92329	0.08564
1457.99473	0.07336
1456.06616	0.06321
1454.13760	0.05653
1452.20903	0.05198
1450.28047	0.04845
1448.35190	0.04579
1446.42334	0.04391
1444.49478	0.04257
1442.56621	0.04152
1440.63765	0.04054
1438.70908	0.03951
1436.78052	0.03838
1434.85195	0.03717
1432.92339	0.03582
1430.99482	0.03424
1429.06626	0.03250
1427.13770	0.03081
1425.20913	0.02926
1423.28057	0.02789
1421.35200	0.02675
1419.42344	0.02583
1417.49487	0.02503
1415.56631	0.02435
1413.63774	0.02378
1411.70918	0.02333
1409.78062	0.02292
1407.85205	0.02254
1405.92349	0.02219
1403.99492	0.02188
1402.06636	0.02159
1400.13779	0.02134
1398.20923	0.02114
1396.28066	0.02098
1394.35210	0.02085
1392.42354	0.02074
1390.49497	0.02067
1388.56641	0.02068
1386.63784	0.02078
1384.70928	0.02099
1382.78071	0.02142
1380.85215	0.02214
1378.92358	0.02296
1376.99502	0.02366
1375.06646	0.02427
1373.13789	0.02495
1371.20933	0.02567
1369.28076	0.02619
1367.35220	0.02628
1365.42363	0.02593
1363.49507	0.02534
1361.56650	0.02471
1359.63794	0.02418
1357.70937	0.02387
1355.78081	0.02384
1353.85225	0.02391
1351.92368	0.02387
1349.99512	0.02364
1348.06655	0.02326
1346.13799	0.02283
1344.20942	0.02239
1342.28086	0.02192
1340.35229	0.02145
1338.42373	0.02099
1336.49517	0.02052
1334.56660	0.02007
1332.63804	0.01976
1330.70947	0.01968
1328.78091	0.01974
1326.85234	0.01985
1324.92378	0.02002
1322.99521	0.02030
1321.06665	0.02067
1319.13809	0.02106
1317.20952	0.02142
1315.28096	0.02180
1313.35239	0.02216
1311.42383	0.02247
1309.49526	0.02279
1307.56670	0.02308
1305.63813	0.02324
1303.70957	0.02323
1301.78101	0.02313
1299.85244	0.02304
1297.92388	0.02293
1295.99531	0.02274
1294.06675	0.02244
1292.13818	0.02204
1290.20962	0.02165
1288.28105	0.02137
1286.35249	0.02117
1284.42393	0.02098
1282.49536	0.02083
1280.56680	0.02074
1278.63823	0.02068
1276.70967	0.02064
1274.78110	0.02060
1272.85254	0.02056
1270.92397	0.02054
1268.99541	0.02053
1267.06685	0.02048
1265.13828	0.02037
1263.20972	0.02028
1261.28115	0.02020
1259.35259	0.02006
1257.42402	0.01994
1255.49546	0.01987
1253.56689	0.01979
1251.63833	0.01971
1249.70977	0.01970
1247.78120	0.01973
1245.85264	0.01971
1243.92407	0.01957
1241.99551	0.01942
1240.06694	0.01938
1238.13838	0.01942
1236.20981	0.01942
1234.28125	0.01933
1232.35269	0.01919
1230.42412	0.01905
1228.49556	0.01895
1226.56699	0.01892
1224.63843	0.01888
1222.70986	0.01881
1220.78130	0.01878
1218.85273	0.01886
1216.92417	0.01898
1214.99561	0.01907
1213.06704	0.01917
1211.13848	0.01929
1209.20991	0.01940
1207.28135	0.01953
1205.35278	0.01969
1203.42422	0.01980
1201.49565	0.01982
1199.56709	0.01983
1197.63853	0.01986
1195.70996	0.01996
1193.78140	0.02008
1191.85283	0.02023
1189.92427	0.02035
1187.99570	0.02047
1186.06714	0.02067
1184.13857	0.02097
1182.21001	0.02133
1180.28145	0.02172
1178.35288	0.02214
1176.42432	0.02259
1174.49575	0.02300
1172.56719	0.02327
1170.63862	0.02342
1168.71006	0.02347
1166.78149	0.02346
1164.85293	0.02338
1162.92437	0.02327
1160.99580	0.02316
1159.06724	0.02304
1157.13867	0.02292
1155.21011	0.02291
1153.28154	0.02306
1151.35298	0.02327
1149.42441	0.02345
1147.49585	0.02360
1145.56729	0.02377
1143.63872	0.02399
1141.71016	0.02422
1139.78159	0.02443
1137.85303	0.02471
1135.92446	0.02508
1133.99590	0.02545
1132.06733	0.02583
1130.13877	0.02629
1128.21021	0.02678
1126.28164	0.02727
1124.35308	0.02771
1122.42451	0.02810
1120.49595	0.02849
1118.56738	0.02892
1116.63882	0.02935
1114.71025	0.02978
1112.78169	0.03024
1110.85312	0.03067
1108.92456	0.03102
1106.99600	0.03143
1105.06743	0.03189
1103.13887	0.03225
1101.21030	0.03259
1099.28174	0.03304
1097.35317	0.03358
1095.42461	0.03409
1093.49604	0.03453
1091.56748	0.03496
1089.63892	0.03538
1087.71035	0.03579
1085.78179	0.03617
1083.85322	0.03647
1081.92466	0.03668
1079.99609	0.03681
1078.06753	0.03683
1076.13896	0.03679
1074.21040	0.03674
1072.28184	0.03671
1070.35327	0.03670
1068.42471	0.03671
1066.49614	0.03673
1064.56758	0.03678
1062.63901	0.03689
1060.71045	0.03697
1058.78188	0.03696
1056.85332	0.03699
1054.92476	0.03702
1052.99619	0.03707
1051.06763	0.03719
1049.13906	0.03732
1047.21050	0.03744
1045.28193	0.03764
1043.35337	0.03794
1041.42480	0.03816
1039.49624	0.03823
1037.56768	0.03824
1035.63911	0.03824
1033.71055	0.03819
1031.78198	0.03807
1029.85342	0.03791
1027.92485	0.03772
1025.99629	0.03747
1024.06772	0.03710
1022.13916	0.03668
1020.21060	0.03633
1018.28203	0.03608
1016.35347	0.03579
1014.42490	0.03543
1012.49634	0.03506
1010.56777	0.03465
1008.63921	0.03415
1006.71064	0.03368
1004.78208	0.03329
1002.85352	0.03295
1000.92495	0.03266
998.99639	0.03242
997.06782	0.03217
995.13926	0.03188
993.21069	0.03153
991.28213	0.03104
989.35356	0.03028
987.42500	0.02922
985.49644	0.02809
983.56787	0.02713
981.63931	0.02634
979.71074	0.02561
977.78218	0.02496
975.85361	0.02441
973.92505	0.02386
971.99648	0.02327
970.06792	0.02275
968.13936	0.02228
966.21079	0.02177
964.28223	0.02128
962.35366	0.02087
960.42510	0.02045
958.49653	0.01996
956.56797	0.01944
954.63940	0.01899
952.71084	0.01861
950.78228	0.01823
948.85371	0.01790
946.92515	0.01767
944.99658	0.01751
943.06802	0.01737
941.13945	0.01725
939.21089	0.01718
937.28232	0.01717
935.35376	0.01708
933.42520	0.01686
931.49663	0.01668
929.56807	0.01664
927.63950	0.01667
925.71094	0.01669
923.78237	0.01664
921.85381	0.01665
919.92524	0.01690
917.99668	0.01743
916.06812	0.01828
914.13955	0.01956
912.21099	0.02120
910.28242	0.02269
908.35386	0.02313
906.42529	0.02211
904.49673	0.02030
902.56816	0.01853
900.63960	0.01706
898.71104	0.01599
896.78247	0.01534
894.85391	0.01493
892.92534	0.01464
890.99678	0.01443
889.06821	0.01424
887.13965	0.01404
885.21108	0.01381
883.28252	0.01357
881.35396	0.01330
879.42539	0.01299
877.49683	0.01269
875.56826	0.01252
873.63970	0.01248
871.71113	0.01244
869.78257	0.01238
867.85400	0.01236
865.92544	0.01237
863.99687	0.01230
862.06831	0.01220
860.13975	0.01210
858.21118	0.01192
856.28262	0.01177
854.35405	0.01180
852.42549	0.01189
850.49692	0.01194
848.56836	0.01210
846.63979	0.01230
844.71123	0.01235
842.78267	0.01238
840.85410	0.01261
838.92554	0.01292
836.99697	0.01310
835.06841	0.01318
833.13984	0.01327
831.21128	0.01339
829.28271	0.01346
827.35415	0.01348
825.42559	0.01342
823.49702	0.01334
821.56846	0.01337
819.63989	0.01341
817.71133	0.01347
815.78276	0.01368
813.85420	0.01402
811.92563	0.01435
809.99707	0.01459
808.06851	0.01485
806.13994	0.01524
804.21138	0.01577
802.28281	0.01619
800.35425	0.01625
798.42568	0.01600
796.49712	0.01564
794.56855	0.01541
792.63999	0.01537
790.71143	0.01528
788.78286	0.01514
786.85430	0.01523
784.92573	0.01552
782.99717	0.01579
781.06860	0.01602
779.14004	0.01621
777.21147	0.01617
775.28291	0.01589
773.35435	0.01558
771.42578	0.01542
769.49722	0.01542
767.56865	0.01544
765.64009	0.01551
763.71152	0.01568
761.78296	0.01589
759.85439	0.01606
757.92583	0.01624
755.99727	0.01654
754.06870	0.01692
752.14014	0.01731
750.21157	0.01782
748.28301	0.01850
746.35444	0.01916
744.42588	0.01984
742.49731	0.02075
740.56875	0.02207
738.64019	0.02423
736.71162	0.02856
734.78306	0.03648
732.85449	0.04659
730.92593	0.05467
728.99736	0.05942
727.06880	0.06452
725.14023	0.07365
723.21167	0.08840
721.28311	0.10870
719.35454	0.13017
717.42598	0.14290
715.49741	0.13823
713.56885	0.11808
711.64028	0.09360
709.71172	0.07373
707.78315	0.05989
705.85459	0.05023
703.92603	0.04344
701.99746	0.03857
700.06890	0.03477
698.14033	0.03164
696.21177	0.02924
694.28320	0.02754
692.35464	0.02620
690.42607	0.02491
688.49751	0.02369
686.56895	0.02258
684.64038	0.02164
682.71182	0.02093
680.78325	0.02035
678.85469	0.01980
676.92612	0.01926
674.99756	0.01882
673.06899	0.01845
671.14043	0.01790
669.21187	0.01718
667.28330	0.01678
665.35474	0.01693
663.42617	0.01721
661.49761	0.01738
659.56904	0.01722
657.64048	0.01665
655.71191	0.01617
653.78335	0.01639
651.85479	0.01692
649.92622	0.01703
647.99766	0.01691
646.06909	0.01706
644.14053	0.01728
642.21196	0.01733
640.28340	0.01741
638.35483	0.01798
636.42627	0.01922
634.49771	0.02054
632.56914	0.02119
630.64058	0.02113
628.71201	0.02048
626.78345	0.01947
624.85488	0.01870
622.92632	0.01830
620.99775	0.01825
619.06919	0.01855
617.14062	0.01866
615.21206	0.01864
613.28350	0.01875
611.35493	0.01867
609.42637	0.01820
607.49780	0.01766
605.56924	0.01766
603.64067	0.01810
601.71211	0.01833
599.78354	0.01843
