3997.91411	0.02929
3995.98555	0.02948
3994.05698	0.02962
3992.12842	0.02958
3990.19985	0.02937
3988.27129	0.02922
3986.34272	0.02924
3984.41416	0.02925
3982.48560	0.02917
3980.55703	0.02917
3978.62847	0.02925
3976.69990	0.02932
3974.77134	0.02939
3972.84277	0.02944
3970.91421	0.02945
3968.98564	0.02944
3967.05708	0.02943
3965.12852	0.02944
3963.19995	0.02945
3961.27139	0.02944
3959.34282	0.02946
3957.41426	0.02948
3955.48569	0.02939
3953.55713	0.02930
3951.62856	0.02946
3949.70000	0.02985
3947.77144	0.03010
3945.84287	0.03001
3943.91431	0.02979
3941.98574	0.02968
3940.05718	0.02966
3938.12861	0.02970
3936.20005	0.02997
3934.27148	0.03049
3932.34292	0.03076
3930.41436	0.03043
3928.48579	0.02988
3926.55723	0.02962
3924.62866	0.02972
3922.70010	0.03000
3920.77153	0.03030
3918.84297	0.03053
3916.91440	0.03048
3914.98584	0.03009
3913.05728	0.02971
3911.12871	0.02963
3909.20015	0.02981
3907.27158	0.03006
3905.34302	0.03042
3903.41445	0.03084
3901.48589	0.03092
3899.55732	0.03065
3897.62876	0.03049
3895.70020	0.03053
3893.77163	0.03056
3891.84307	0.03061
3889.91450	0.03073
3887.98594	0.03093
3886.05737	0.03113
3884.12881	0.03125
3882.20024	0.03126
3880.27168	0.03126
3878.34312	0.03124
3876.41455	0.03116
3874.48599	0.03115
3872.55742	0.03142
3870.62886	0.03165
3868.70029	0.03160
3866.77173	0.03144
3864.84316	0.03144
3862.91460	0.03161
3860.98604	0.03184
3859.05747	0.03195
3857.12891	0.03185
3855.20034	0.03146
3853.27178	0.03100
3851.34321	0.03103
3849.41465	0.03142
3847.48608	0.03162
3845.55752	0.03146
3843.62896	0.03126
3841.70039	0.03129
3839.77183	0.03144
3837.84326	0.03149
3835.91470	0.03142
3833.98613	0.03136
3832.05757	0.03139
3830.12900	0.03141
3828.20044	0.03142
3826.27187	0.03143
3824.34331	0.03140
3822.41475	0.03125
3820.48618	0.03120
3818.55762	0.03132
3816.62905	0.03138
3814.70049	0.03132
3812.77192	0.03123
3810.84336	0.03108
3808.91479	0.03082
3806.98623	0.03068
3805.05767	0.03060
3803.12910	0.03050
3801.20054	0.03055
3799.27197	0.03071
3797.34341	0.03070
3795.41484	0.03056
3793.48628	0.03050
3791.55771	0.03050
3789.62915	0.03046
3787.70059	0.03034
3785.77202	0.03022
3783.84346	0.03019
3781.91489	0.03013
3779.98633	0.03005
3778.05776	0.03009
3776.12920	0.03013
3774.20063	0.03007
3772.27207	0.03002
3770.34351	0.03018
3768.41494	0.03055
3766.48638	0.03096
3764.55781	0.03125
3762.62925	0.03135
3760.70068	0.03142
3758.77212	0.03169
3756.84355	0.03210
3754.91499	0.03241
3752.98643	0.03277
3751.05786	0.03348
3749.12930	0.03444
3747.20073	0.03518
3745.27217	0.03571
3743.34360	0.03586
3741.41504	0.03581
3739.48647	0.03626
3737.55791	0.03724
3735.62935	0.03792
3733.70078	0.03771
3731.77222	0.03771
3729.84365	0.03882
3727.91509	0.04009
3725.98652	0.04069
3724.05796	0.04007
3722.12939	0.03875
3720.20083	0.03743
3718.27227	0.03621
3716.34370	0.03527
3714.41514	0.03455
3712.48657	0.03438
3710.55801	0.03530
3708.62944	0.03643
3706.70088	0.03670
3704.77231	0.03589
3702.84375	0.03478
3700.91519	0.03429
3698.98662	0.03452
3697.05806	0.03478
3695.12949	0.03466
3693.20093	0.03420
3691.27236	0.03320
3689.34380	0.03194
3687.41523	0.03151
3685.48667	0.03188
3683.55811	0.03211
3681.62954	0.03192
3679.70098	0.03164
3677.77241	0.03150
3675.84385	0.03139
3673.91528	0.03131
3671.98672	0.03119
3670.05815	0.03090
3668.12959	0.03071
3666.20103	0.03071
3664.27246	0.03072
3662.34390	0.03064
3660.41533	0.03064
3658.48677	0.03075
3656.55820	0.03082
3654.62964	0.03081
3652.70107	0.03082
3650.77251	0.03105
3648.84395	0.03143
3646.91538	0.03159
3644.98682	0.03167
3643.05825	0.03180
3641.12969	0.03193
3639.20112	0.03205
3637.27256	0.03241
3635.34399	0.03313
3633.41543	0.03390
3631.48687	0.03446
3629.55830	0.03501
3627.62974	0.03552
3625.70117	0.03567
3623.77261	0.03513
3621.84404	0.03375
3619.91548	0.03258
3617.98691	0.03250
3616.05835	0.03307
3614.12979	0.03354
3612.20122	0.03363
3610.27266	0.03383
3608.34409	0.03443
3606.41553	0.03470
3604.48696	0.03441
3602.55840	0.03414
3600.62983	0.03408
3598.70127	0.03426
3596.77271	0.03471
3594.84414	0.03498
3592.91558	0.03494
3590.98701	0.03475
3589.05845	0.03434
3587.12988	0.03376
3585.20132	0.03303
3583.27275	0.03237
3581.34419	0.03188
3579.41562	0.03154
3577.48706	0.03133
3575.55850	0.03123
3573.62993	0.03117
3571.70137	0.03124
3569.77280	0.03173
3567.84424	0.03245
3565.91567	0.03264
3563.98711	0.03217
3562.05854	0.03158
3560.12998	0.03121
3558.20142	0.03099
3556.27285	0.03093
3554.34429	0.03098
3552.41572	0.03093
3550.48716	0.03084
3548.55859	0.03097
3546.63003	0.03110
3544.70146	0.03082
3542.77290	0.03026
3540.84434	0.02986
3538.91577	0.02975
3536.98721	0.02978
3535.05864	0.02983
3533.13008	0.02988
3531.20151	0.03001
3529.27295	0.03020
3527.34438	0.03037
3525.41582	0.03041
3523.48726	0.03030
3521.55869	0.03011
3519.63013	0.02985
3517.70156	0.02953
3515.77300	0.02932
3513.84443	0.02935
3511.91587	0.02954
3509.98730	0.02976
3508.05874	0.02993
3506.13018	0.03001
3504.20161	0.02996
3502.27305	0.02979
3500.34448	0.02957
3498.41592	0.02936
3496.48735	0.02925
3494.55879	0.02927
3492.63022	0.02937
3490.70166	0.02943
3488.77310	0.02940
3486.84453	0.02932
3484.91597	0.02917
3482.98740	0.02897
3481.05884	0.02896
3479.13027	0.02922
3477.20171	0.02949
3475.27314	0.02958
3473.34458	0.02955
3471.41602	0.02952
3469.48745	0.02947
3467.55889	0.02931
3465.63032	0.02913
3463.70176	0.02913
3461.77319	0.02926
3459.84463	0.02922
3457.91606	0.02913
3455.98750	0.02926
3454.05894	0.02941
3452.13037	0.02940
3450.20181	0.02932
3448.27324	0.02910
3446.34468	0.02883
3444.41611	0.02874
3442.48755	0.02892
3440.55898	0.02900
3438.63042	0.02877
3436.70186	0.02842
3434.77329	0.02833
3432.84473	0.02856
3430.91616	0.02890
3428.98760	0.02917
3427.05903	0.02920
3425.13047	0.02900
3423.20190	0.02880
3421.27334	0.02878
3419.34478	0.02887
3417.41621	0.02893
3415.48765	0.02895
3413.55908	0.02892
3411.63052	0.02890
3409.70195	0.02890
3407.77339	0.02881
3405.84482	0.02870
3403.91626	0.02855
3401.98770	0.02824
3400.05913	0.02814
3398.13057	0.02871
3396.20200	0.02857
3394.27344	0.02832
3392.34487	0.02823
3390.41631	0.02810
3388.48774	0.02795
3386.55918	0.02795
3384.63062	0.02805
3382.70205	0.02812
3380.77349	0.02817
3378.84492	0.02827
3376.91636	0.02828
3374.98779	0.02820
3373.05923	0.02818
3371.13066	0.02829
3369.20210	0.02844
3367.27354	0.02857
3365.34497	0.02866
3363.41641	0.02865
3361.48784	0.02860
3359.55928	0.02864
3357.63071	0.02867
3355.70215	0.02858
3353.77358	0.02852
3351.84502	0.02850
3349.91646	0.02848
3347.98789	0.02851
3346.05933	0.02854
3344.13076	0.02852
3342.20220	0.02852
3340.27363	0.02852
3338.34507	0.02849
3336.41650	0.02845
3334.48794	0.02840
3332.55937	0.02838
3330.63081	0.02841
3328.70225	0.02848
3326.77368	0.02852
3324.84512	0.02844
3322.91655	0.02841
3320.98799	0.02855
3319.05942	0.02875
3317.13086	0.02891
3315.20229	0.02891
3313.27373	0.02880
3311.34517	0.02880
3309.41660	0.02883
3307.48804	0.02856
3305.55947	0.02818
3303.63091	0.02817
3301.70234	0.02853
3299.77378	0.02885
3297.84521	0.02885
3295.91665	0.02855
3293.98809	0.02827
3292.05952	0.02820
3290.13096	0.02829
3288.20239	0.02843
3286.27383	0.02859
3284.34526	0.02874
3282.41670	0.02875
3280.48813	0.02864
3278.55957	0.02852
3276.63101	0.02841
3274.70244	0.02847
3272.77388	0.02869
3270.84531	0.02879
3268.91675	0.02875
3266.98818	0.02867
3265.05962	0.02856
3263.13105	0.02843
3261.20249	0.02827
3259.27393	0.02811
3257.34536	0.02812
3255.41680	0.02827
3253.48823	0.02834
3251.55967	0.02831
3249.63110	0.02836
3247.70254	0.02863
3245.77397	0.02893
3243.84541	0.02895
3241.91685	0.02868
3239.98828	0.02841
3238.05972	0.02837
3236.13115	0.02844
3234.20259	0.02851
3232.27402	0.02856
3230.34546	0.02851
3228.41689	0.02846
3226.48833	0.02852
3224.55977	0.02857
3222.63120	0.02845
3220.70264	0.02829
3218.77407	0.02825
3216.84551	0.02822
3214.91694	0.02809
3212.98838	0.02797
3211.05981	0.02799
3209.13125	0.02814
3207.20269	0.02830
3205.27412	0.02835
3203.34556	0.02835
3201.41699	0.02840
3199.48843	0.02847
3197.55986	0.02838
3195.63130	0.02812
3193.70273	0.02788
3191.77417	0.02773
3189.84561	0.02763
3187.91704	0.02764
3185.98848	0.02781
3184.05991	0.02792
3182.13135	0.02792
3180.20278	0.02803
3178.27422	0.02828
3176.34565	0.02842
3174.41709	0.02833
3172.48853	0.02815
3170.55996	0.02807
3168.63140	0.02808
3166.70283	0.02808
3164.77427	0.02799
3162.84570	0.02791
3160.91714	0.02790
3158.98857	0.02786
3157.06001	0.02774
3155.13145	0.02767
3153.20288	0.02771
3151.27432	0.02779
3149.34575	0.02782
3147.41719	0.02781
3145.48862	0.02779
3143.56006	0.02776
3141.63149	0.02768
3139.70293	0.02758
3137.77437	0.02764
3135.84580	0.02782
3133.91724	0.02789
3131.98867	0.02784
3130.06011	0.02780
3128.13154	0.02778
3126.20298	0.02781
3124.27441	0.02782
3122.34585	0.02776
3120.41729	0.02775
3118.48872	0.02797
3116.56016	0.02833
3114.63159	0.02859
3112.70303	0.02874
3110.77446	0.02892
3108.84590	0.02914
3106.91733	0.02939
3104.98877	0.02968
3103.06021	0.02988
3101.13164	0.02983
3099.20308	0.02972
3097.27451	0.02982
3095.34595	0.03008
3093.41738	0.03051
3091.48882	0.03114
3089.56025	0.03189
3087.63169	0.03261
3085.70312	0.03321
3083.77456	0.03355
3081.84600	0.03347
3079.91743	0.03305
3077.98887	0.03266
3076.06030	0.03257
3074.13174	0.03268
3072.20317	0.03289
3070.27461	0.03321
3068.34604	0.03378
3066.41748	0.03461
3064.48892	0.03546
3062.56035	0.03604
3060.63179	0.03628
3058.70322	0.03619
3056.77466	0.03578
3054.84609	0.03518
3052.91753	0.03450
3050.98896	0.03386
3049.06040	0.03340
3047.13184	0.03316
3045.20327	0.03317
3043.27471	0.03346
3041.34614	0.03398
3039.41758	0.03476
3037.48901	0.03590
3035.56045	0.03739
3033.63188	0.03919
3031.70332	0.04107
3029.77476	0.04259
3027.84619	0.04350
3025.91763	0.04373
3023.98906	0.04320
3022.06050	0.04194
3020.13193	0.04017
3018.20337	0.03834
3016.27480	0.03678
3014.34624	0.03557
3012.41768	0.03476
3010.48911	0.03441
3008.56055	0.03439
3006.63198	0.03441
3004.70342	0.03427
3002.77485	0.03400
3000.84629	0.03357
2998.91772	0.03294
2996.98916	0.03226
2995.06060	0.03183
2993.13203	0.03157
2991.20347	0.03131
2989.27490	0.03104
2987.34634	0.03084
2985.41777	0.03068
2983.48921	0.03060
2981.56064	0.03062
2979.63208	0.03072
2977.70352	0.03080
2975.77495	0.03085
2973.84639	0.03089
2971.91782	0.03098
2969.98926	0.03117
2968.06069	0.03138
2966.13213	0.03156
2964.20356	0.03176
2962.27500	0.03208
2960.34644	0.03246
2958.41787	0.03283
2956.48931	0.03326
2954.56074	0.03377
2952.63218	0.03433
2950.70361	0.03495
2948.77505	0.03566
2946.84648	0.03645
2944.91792	0.03727
2942.98936	0.03819
2941.06079	0.03917
2939.13223	0.04014
2937.20366	0.04119
2935.27510	0.04233
2933.34653	0.04346
2931.41797	0.04444
2929.48940	0.04520
2927.56084	0.04585
2925.63228	0.04648
2923.70371	0.04700
2921.77515	0.04740
2919.84658	0.04773
2917.91802	0.04805
2915.98945	0.04836
2914.06089	0.04859
2912.13232	0.04864
2910.20376	0.04844
2908.27520	0.04802
2906.34663	0.04747
2904.41807	0.04686
2902.48950	0.04614
2900.56094	0.04531
2898.63237	0.04451
2896.70381	0.04387
2894.77524	0.04332
2892.84668	0.04275
2890.91812	0.04217
2888.98955	0.04163
2887.06099	0.04116
2885.13242	0.04077
2883.20386	0.04043
2881.27529	0.04007
2879.34673	0.03972
2877.41816	0.03948
2875.48960	0.03927
2873.56104	0.03901
2871.63247	0.03876
2869.70391	0.03859
2867.77534	0.03848
2865.84678	0.03839
2863.91821	0.03834
2861.98965	0.03842
2860.06108	0.03867
2858.13252	0.03903
2856.20396	0.03930
2854.27539	0.03945
2852.34683	0.03951
2850.41826	0.03955
2848.48970	0.03971
2846.56113	0.04000
2844.63257	0.04015
2842.70400	0.03994
2840.77544	0.03938
2838.84687	0.03858
2836.91831	0.03772
2834.98975	0.03697
2833.06118	0.03629
2831.13262	0.03558
2829.20405	0.03492
2827.27549	0.03450
2825.34692	0.03426
2823.41836	0.03405
2821.48979	0.03379
2819.56123	0.03352
2817.63267	0.03336
2815.70410	0.03334
2813.77554	0.03334
2811.84697	0.03326
2809.91841	0.03314
2807.98984	0.03304
2806.06128	0.03294
2804.13271	0.03281
2802.20415	0.03270
2800.27559	0.03258
2798.34702	0.03242
2796.41846	0.03228
2794.48989	0.03219
2792.56133	0.03209
2790.63276	0.03196
2788.70420	0.03189
2786.77563	0.03194
2784.84707	0.03203
2782.91851	0.03206
2780.98994	0.03202
2779.06138	0.03198
2777.13281	0.03199
2775.20425	0.03196
2773.27568	0.03183
2771.34712	0.03168
2769.41855	0.03158
2767.48999	0.03157
2765.56143	0.03158
2763.63286	0.03152
2761.70430	0.03141
2759.77573	0.03132
2757.84717	0.03129
2755.91860	0.03128
2753.99004	0.03129
2752.06147	0.03130
2750.13291	0.03134
2748.20435	0.03141
2746.27578	0.03138
2744.34722	0.03126
2742.41865	0.03121
2740.49009	0.03126
2738.56152	0.03127
2736.63296	0.03121
2734.70439	0.03114
2732.77583	0.03112
2730.84727	0.03117
2728.91870	0.03119
2726.99014	0.03116
2725.06157	0.03114
2723.13301	0.03114
2721.20444	0.03110
2719.27588	0.03105
2717.34731	0.03101
2715.41875	0.03102
2713.49019	0.03106
2711.56162	0.03112
2709.63306	0.03116
2707.70449	0.03116
2705.77593	0.03116
2703.84736	0.03115
2701.91880	0.03107
2699.99023	0.03101
2698.06167	0.03105
2696.13311	0.03111
2694.20454	0.03109
2692.27598	0.03099
2690.34741	0.03088
2688.41885	0.03084
2686.49028	0.03086
2684.56172	0.03088
2682.63315	0.03093
2680.70459	0.03096
2678.77603	0.03092
2676.84746	0.03085
2674.91890	0.03082
2672.99033	0.03080
2671.06177	0.03081
2669.13320	0.03088
2667.20464	0.03101
2665.27607	0.03117
2663.34751	0.03135
2661.41895	0.03155
2659.49038	0.03173
2657.56182	0.03181
2655.63325	0.03186
2653.70469	0.03197
2651.77612	0.03210
2649.84756	0.03221
2647.91899	0.03225
2645.99043	0.03222
2644.06187	0.03219
2642.13330	0.03219
2640.20474	0.03219
2638.27617	0.03213
2636.34761	0.03201
2634.41904	0.03192
2632.49048	0.03192
2630.56191	0.03191
2628.63335	0.03183
2626.70479	0.03177
2624.77622	0.03174
2622.84766	0.03168
2620.91909	0.03158
2618.99053	0.03152
2617.06196	0.03152
2615.13340	0.03152
2613.20483	0.03146
2611.27627	0.03140
2609.34771	0.03137
2607.41914	0.03129
2605.49058	0.03118
2603.56201	0.03114
2601.63345	0.03119
2599.70488	0.03119
2597.77632	0.03111
2595.84775	0.03109
2593.91919	0.03111
2591.99062	0.03104
2590.06206	0.03087
2588.13350	0.03074
2586.20493	0.03070
2584.27637	0.03067
2582.34780	0.03066
2580.41924	0.03071
2578.49067	0.03075
2576.56211	0.03069
2574.63354	0.03058
2572.70498	0.03047
2570.77642	0.03037
2568.84785	0.03022
2566.91929	0.03005
2564.99072	0.02997
2563.06216	0.03008
2561.13359	0.03022
2559.20503	0.03022
2557.27646	0.03013
2555.34790	0.03007
2553.41934	0.02998
2551.49077	0.02987
2549.56221	0.02986
2547.63364	0.02992
2545.70508	0.02992
2543.77651	0.02984
2541.84795	0.02983
2539.91938	0.02986
2537.99082	0.02980
2536.06226	0.02967
2534.13369	0.02960
2532.20513	0.02960
2530.27656	0.02961
2528.34800	0.02962
2526.41943	0.02961
2524.49087	0.02960
2522.56230	0.02960
2520.63374	0.02957
2518.70518	0.02954
2516.77661	0.02956
2514.84805	0.02955
2512.91948	0.02951
2510.99092	0.02952
2509.06235	0.02955
2507.13379	0.02955
2505.20522	0.02949
2503.27666	0.02943
2501.34810	0.02942
2499.41953	0.02943
2497.49097	0.02942
2495.56240	0.02942
2493.63384	0.02944
2491.70527	0.02936
2489.77671	0.02921
2487.84814	0.02912
2485.91958	0.02917
2483.99102	0.02927
2482.06245	0.02931
2480.13389	0.02927
2478.20532	0.02922
2476.27676	0.02923
2474.34819	0.02928
2472.41963	0.02929
2470.49106	0.02926
2468.56250	0.02929
2466.63394	0.02932
2464.70537	0.02930
2462.77681	0.02927
2460.84824	0.02930
2458.91968	0.02941
2456.99111	0.02954
2455.06255	0.02956
2453.13398	0.02948
2451.20542	0.02943
2449.27686	0.02944
2447.34829	0.02940
2445.41973	0.02927
2443.49116	0.02911
2441.56260	0.02903
2439.63403	0.02903
2437.70547	0.02900
2435.77690	0.02890
2433.84834	0.02881
2431.91978	0.02873
2429.99121	0.02864
2428.06265	0.02858
2426.13408	0.02856
2424.20552	0.02855
2422.27695	0.02852
2420.34839	0.02845
2418.41982	0.02840
2416.49126	0.02843
2414.56270	0.02848
2412.63413	0.02855
2410.70557	0.02864
2408.77700	0.02859
2406.84844	0.02839
2404.91987	0.02824
2402.99131	0.02844
2401.06274	0.02814
2399.13418	0.00728
2397.20562	0.00501
2395.27705	0.01373
2393.34849	0.02295
2391.41992	0.03238
2389.49136	0.04291
2387.56279	0.05443
2385.63423	0.06595
2383.70566	0.07596
2381.77710	0.08197
2379.84854	0.08142
2377.91997	0.07654
2375.99141	0.06938
2374.06284	0.06703
2372.13428	0.07391
2370.20571	0.07549
2368.27715	0.08185
2366.34858	0.08311
2364.42002	0.09866
2362.49146	0.10761
2360.56289	0.10493
2358.63433	0.11678
2356.70576	0.10925
2354.77720	0.13490
2352.84863	0.15476
2350.92007	0.15035
2348.99150	0.13382
2347.06294	0.13079
2345.13437	0.10528
2343.20581	0.10442
2341.27725	0.15590
2339.34868	0.17229
2337.42012	0.14841
2335.49155	0.11639
2333.56299	0.08162
2331.63442	0.07401
2329.70586	0.07756
2327.77729	0.10833
2325.84873	0.10451
2323.92017	0.08391
2321.99160	0.05430
2320.06304	0.04426
2318.13447	0.03672
2316.20591	0.04039
2314.27734	0.04336
2312.34878	0.04717
2310.42021	0.06087
2308.49165	0.07045
2306.56309	0.07826
2304.63452	0.07924
2302.70596	0.07457
2300.77739	0.06823
2298.84883	0.06136
2296.92026	0.05585
2294.99170	0.05507
2293.06313	0.05515
2291.13457	0.05305
2289.20601	0.04866
2287.27744	0.04161
2285.34888	0.03353
2283.42031	0.02677
2281.49175	0.02263
2279.56318	0.02085
2277.63462	0.02049
2275.70605	0.02197
2273.77749	0.02392
2271.84893	0.02513
2269.92036	0.02551
2267.99180	0.02578
2266.06323	0.02767
2264.13467	0.03126
2262.20610	0.03472
2260.27754	0.03681
2258.34897	0.03655
2256.42041	0.03593
2254.49185	0.03771
2252.56328	0.04282
2250.63472	0.04605
2248.70615	0.03304
2246.77759	0.03219
2244.84902	0.03172
2242.92046	0.03118
2240.99189	0.03069
2239.06333	0.03037
2237.13477	0.03036
2235.20620	0.03046
2233.27764	0.03021
2231.34907	0.02970
2229.42051	0.02942
2227.49194	0.02941
2225.56338	0.02937
2223.63481	0.02928
2221.70625	0.02922
2219.77769	0.02921
2217.84912	0.02923
2215.92056	0.02930
2213.99199	0.02936
2212.06343	0.02919
2210.13486	0.02888
2208.20630	0.02875
2206.27773	0.02894
2204.34917	0.02917
2202.42061	0.02929
2200.49204	0.02946
2198.56348	0.02961
2196.63491	0.02965
2194.70635	0.02978
2192.77778	0.02998
2190.84922	0.03013
2188.92065	0.03036
2186.99209	0.03041
2185.06353	0.02987
2183.13496	0.02903
2181.20640	0.02858
2179.27783	0.02858
2177.34927	0.02829
2175.42070	0.02767
2173.49214	0.02760
2171.56357	0.02851
2169.63501	0.03001
2167.70645	0.03118
2165.77788	0.03162
2163.84932	0.03205
2161.92075	0.03141
2159.99219	0.02740
2158.06362	0.02262
2156.13506	0.02120
2154.20649	0.02227
2152.27793	0.02371
2150.34937	0.02450
2148.42080	0.02423
2146.49224	0.02363
2144.56367	0.02368
2142.63511	0.02423
2140.70654	0.02446
2138.77798	0.02411
2136.84941	0.02338
2134.92085	0.02265
2132.99229	0.02259
2131.06372	0.02327
2129.13516	0.02411
2127.20659	0.02477
2125.27803	0.02519
2123.34946	0.02543
2121.42090	0.02565
2119.49233	0.02605
2117.56377	0.02669
2115.63521	0.02739
2113.70664	0.02782
2111.77808	0.02787
2109.84951	0.02767
2107.92095	0.02751
2105.99238	0.02749
2104.06382	0.02748
2102.13525	0.02747
2100.20669	0.02745
2098.27812	0.02661
2096.34956	0.02590
2094.42100	0.02597
2092.49243	0.02688
2090.56387	0.02774
2088.63530	0.02788
2086.70674	0.02762
2084.77817	0.02762
2082.84961	0.02764
2080.92104	0.02750
2078.99248	0.02725
2077.06392	0.02688
2075.13535	0.02639
2073.20679	0.02596
2071.27822	0.02575
2069.34966	0.02563
2067.42109	0.02555
2065.49253	0.02561
2063.56396	0.02585
2061.63540	0.02619
2059.70684	0.02664
2057.77827	0.02718
2055.84971	0.02783
2053.92114	0.02879
2051.99258	0.02939
2050.06401	0.02835
2048.13545	0.02628
2046.20688	0.02494
2044.27832	0.02480
2042.34976	0.02534
2040.42119	0.02585
2038.49263	0.02559
2036.56406	0.02440
2034.63550	0.02298
2032.70693	0.02223
2030.77837	0.02214
2028.84980	0.02229
2026.92124	0.02280
2024.99268	0.02377
2023.06411	0.02468
2021.13555	0.02472
2019.20698	0.02404
2017.27842	0.02342
2015.34985	0.02303
2013.42129	0.02262
2011.49272	0.02204
2009.56416	0.02112
2007.63560	0.02033
2005.70703	0.02067
2003.77847	0.02216
2001.84990	0.02371
1999.92134	0.02477
1997.99277	0.02563
1996.06421	0.02641
1994.13564	0.02695
1992.20708	0.02733
1990.27852	0.02767
1988.34995	0.02794
1986.42139	0.02818
1984.49282	0.02848
1982.56426	0.02829
1980.63569	0.02630
1978.70713	0.02239
1976.77856	0.01916
1974.85000	0.01878
1972.92144	0.02012
1970.99287	0.02131
1969.06431	0.02202
1967.13574	0.02276
1965.20718	0.02368
1963.27861	0.02416
1961.35005	0.02388
1959.42148	0.02366
1957.49292	0.02426
1955.56436	0.02527
1953.63579	0.02605
1951.70723	0.02650
1949.77866	0.02673
1947.85010	0.02673
1945.92153	0.02664
1943.99297	0.02658
1942.06440	0.02656
1940.13584	0.02656
1938.20728	0.02645
1936.27871	0.02614
1934.35015	0.02581
1932.42158	0.02556
1930.49302	0.02533
1928.56445	0.02517
1926.63589	0.02522
1924.70732	0.02542
1922.77876	0.02556
1920.85020	0.02547
1918.92163	0.02513
1916.99307	0.02481
1915.06450	0.02473
1913.13594	0.02473
1911.20737	0.02458
1909.27881	0.02440
1907.35024	0.02433
1905.42168	0.02429
1903.49312	0.02432
1901.56455	0.02453
1899.63599	0.02491
1897.70742	0.02531
1895.77886	0.02556
1893.85029	0.02568
1891.92173	0.02575
1889.99316	0.02590
1888.06460	0.02623
1886.13604	0.02655
1884.20747	0.02671
1882.27891	0.02674
1880.35034	0.02675
1878.42178	0.02690
1876.49321	0.02722
1874.56465	0.02757
1872.63608	0.02781
1870.70752	0.02794
1868.77896	0.02793
1866.85039	0.02787
1864.92183	0.02774
1862.99326	0.02752
1861.06470	0.02719
1859.13613	0.02680
1857.20757	0.02639
1855.27900	0.02607
1853.35044	0.02590
1851.42187	0.02585
1849.49331	0.02578
1847.56475	0.02566
1845.63618	0.02548
1843.70762	0.02533
1841.77905	0.02530
1839.85049	0.02533
1837.92192	0.02529
1835.99336	0.02529
1834.06479	0.02533
1832.13623	0.02525
1830.20767	0.02521
1828.27910	0.02542
1826.35054	0.02566
1824.42197	0.02565
1822.49341	0.02544
1820.56484	0.02528
1818.63628	0.02545
1816.70771	0.02607
1814.77915	0.02686
1812.85059	0.02748
1810.92202	0.02788
1808.99346	0.02818
1807.06489	0.02843
1805.13633	0.02878
1803.20776	0.02919
1801.27920	0.02926
1799.35063	0.02889
1797.42207	0.02846
1795.49351	0.02810
1793.56494	0.02774
1791.63638	0.02745
1789.70781	0.02727
1787.77925	0.02722
1785.85068	0.02727
1783.92212	0.02711
1781.99355	0.02663
1780.06499	0.02625
1778.13643	0.02613
1776.20786	0.02598
1774.27930	0.02571
1772.35073	0.02564
1770.42217	0.02619
1768.49360	0.02689
1766.56504	0.02709
1764.63647	0.02692
1762.70791	0.02685
1760.77935	0.02709
1758.85078	0.02748
1756.92222	0.02784
1754.99365	0.02815
1753.06509	0.02846
1751.13652	0.02874
1749.20796	0.02893
1747.27939	0.02911
1745.35083	0.02921
1743.42227	0.02904
1741.49370	0.02871
1739.56514	0.02843
1737.63657	0.02822
1735.70801	0.02799
1733.77944	0.02783
1731.85088	0.02777
1729.92231	0.02763
1727.99375	0.02743
1726.06519	0.02720
1724.13662	0.02699
1722.20806	0.02669
1720.27949	0.02622
1718.35093	0.02590
1716.42236	0.02605
1714.49380	0.02637
1712.56523	0.02665
1710.63667	0.02671
1708.70811	0.02651
1706.77954	0.02629
1704.85098	0.02626
1702.92241	0.02610
1700.99385	0.02574
1699.06528	0.02559
1697.13672	0.02584
1695.20815	0.02624
1693.27959	0.02661
1691.35103	0.02685
1689.42246	0.02672
1687.49390	0.02614
1685.56533	0.02539
1683.63677	0.02532
1681.70820	0.02601
1679.77964	0.02641
1677.85107	0.02604
1675.92251	0.02538
1673.99395	0.02501
1672.06538	0.02485
1670.13682	0.02479
1668.20825	0.02502
1666.27969	0.02529
1664.35112	0.02520
1662.42256	0.02504
1660.49399	0.02514
1658.56543	0.02506
1656.63687	0.02422
1654.70830	0.02291
1652.77974	0.02207
1650.85117	0.02189
1648.92261	0.02154
1646.99404	0.02089
1645.06548	0.02073
1643.13691	0.02128
1641.20835	0.02187
1639.27979	0.02189
1637.35122	0.02148
1635.42266	0.02140
1633.49409	0.02195
1631.56553	0.02248
1629.63696	0.02255
1627.70840	0.02235
1625.77983	0.02217
1623.85127	0.02216
1621.92271	0.02247
1619.99414	0.02288
1618.06558	0.02343
1616.13701	0.02476
1614.20845	0.02680
1612.27988	0.02897
1610.35132	0.03122
1608.42275	0.03380
1606.49419	0.03653
1604.56562	0.03870
1602.63706	0.03958
1600.70850	0.03881
1598.77993	0.03676
1596.85137	0.03426
1594.92280	0.03219
1592.99424	0.03096
1591.06567	0.03052
1589.13711	0.03064
1587.20854	0.03098
1585.27998	0.03101
1583.35142	0.03022
1581.42285	0.02857
1579.49429	0.02642
1577.56572	0.02439
1575.63716	0.02312
1573.70859	0.02264
1571.78003	0.02222
1569.85146	0.02178
1567.92290	0.02180
1565.99434	0.02215
1564.06577	0.02220
1562.13721	0.02156
1560.20864	0.02058
1558.28008	0.02068
1556.35151	0.02226
1554.42295	0.02383
1552.49438	0.02465
1550.56582	0.02495
1548.63726	0.02513
1546.70869	0.02515
1544.78013	0.02482
1542.85156	0.02411
1540.92300	0.02345
1538.99443	0.02358
1537.06587	0.02421
1535.13730	0.02438
1533.20874	0.02405
1531.28018	0.02381
1529.35161	0.02365
1527.42305	0.02338
1525.49448	0.02303
1523.56592	0.02267
1521.63735	0.02266
1519.70879	0.02306
1517.78022	0.02341
1515.85166	0.02382
1513.92310	0.02445
1511.99453	0.02513
1510.06597	0.02561
1508.13740	0.02613
1506.20884	0.02740
1504.28027	0.02966
1502.35171	0.03255
1500.42314	0.03661
1498.49458	0.04317
1496.56602	0.05210
1494.63745	0.05963
1492.70889	0.06167
1490.78032	0.05731
1488.85176	0.04921
1486.92319	0.04153
1484.99463	0.03615
1483.06606	0.03256
1481.13750	0.03010
1479.20894	0.02856
1477.28037	0.02768
1475.35181	0.02713
1473.42324	0.02681
1471.49468	0.02694
1469.56611	0.02756
1467.63755	0.02843
1465.70898	0.02963
1463.78042	0.03144
1461.85186	0.03366
1459.92329	0.03693
1457.99473	0.04337
1456.06616	0.05249
1454.13760	0.05982
1452.20903	0.06312
1450.28047	0.06277
1448.35190	0.06005
1446.42334	0.05651
1444.49478	0.05307
1442.56621	0.04977
1440.63765	0.04657
1438.70908	0.04339
1436.78052	0.04008
1434.85195	0.03691
1432.92339	0.03414
1430.99482	0.03150
1429.06626	0.02902
1427.13770	0.02697
1425.20913	0.02529
1423.28057	0.02395
1421.35200	0.02309
1419.42344	0.02263
1417.49487	0.02232
1415.56631	0.02188
1413.63774	0.02131
1411.70918	0.02086
1409.78062	0.02065
1407.85205	0.02062
1405.92349	0.02074
1403.99492	0.02102
1402.06636	0.02143
1400.13779	0.02198
1398.20923	0.02271
1396.28066	0.02343
1394.35210	0.02399
1392.42354	0.02452
1390.49497	0.02514
1388.56641	0.02578
1386.63784	0.02635
1384.70928	0.02699
1382.78071	0.02800
1380.85215	0.02931
1378.92358	0.03048
1376.99502	0.03126
1375.06646	0.03172
1373.13789	0.03195
1371.20933	0.03192
1369.28076	0.03171
1367.35220	0.03152
1365.42363	0.03149
1363.49507	0.03151
1361.56650	0.03135
1359.63794	0.03085
1357.70937	0.03031
1355.78081	0.02997
1353.85225	0.02975
1351.92368	0.02955
1349.99512	0.02938
1348.06655	0.02929
1346.13799	0.02930
1344.20942	0.02946
1342.28086	0.02973
1340.35229	0.02998
1338.42373	0.03008
1336.49517	0.03007
1334.56660	0.02998
1332.63804	0.02994
1330.70947	0.02992
1328.78091	0.02975
1326.85234	0.02943
1324.92378	0.02910
1322.99521	0.02884
1321.06665	0.02867
1319.13809	0.02859
1317.20952	0.02852
1315.28096	0.02840
1313.35239	0.02821
1311.42383	0.02793
1309.49526	0.02754
1307.56670	0.02708
1305.63813	0.02664
1303.70957	0.02627
1301.78101	0.02597
1299.85244	0.02572
1297.92388	0.02553
1295.99531	0.02533
1294.06675	0.02510
1292.13818	0.02486
1290.20962	0.02462
1288.28105	0.02439
1286.35249	0.02421
1284.42393	0.02402
1282.49536	0.02375
1280.56680	0.02344
1278.63823	0.02305
1276.70967	0.02254
1274.78110	0.02194
1272.85254	0.02138
1270.92397	0.02085
1268.99541	0.02032
1267.06685	0.01982
1265.13828	0.01941
1263.20972	0.01914
1261.28115	0.01904
1259.35259	0.01910
1257.42402	0.01931
1255.49546	0.01958
1253.56689	0.01979
1251.63833	0.01988
1249.70977	0.01991
1247.78120	0.01991
1245.85264	0.01988
1243.92407	0.01983
1241.99551	0.01977
1240.06694	0.01974
1238.13838	0.01975
1236.20981	0.01974
1234.28125	0.01969
1232.35269	0.01964
1230.42412	0.01962
1228.49556	0.01957
1226.56699	0.01948
1224.63843	0.01944
1222.70986	0.01950
1220.78130	0.01965
1218.85273	0.01983
1216.92417	0.02002
1214.99561	0.02025
1213.06704	0.02056
1211.13848	0.02090
1209.20991	0.02119
1207.28135	0.02143
1205.35278	0.02173
1203.42422	0.02217
1201.49565	0.02267
1199.56709	0.02304
1197.63853	0.02346
1195.70996	0.02391
1193.78140	0.02451
1191.85283	0.02527
1189.92427	0.02620
1187.99570	0.02724
1186.06714	0.02827
1184.13857	0.02908
1182.21001	0.02929
1180.28145	0.02859
1178.35288	0.02708
1176.42432	0.02533
1174.49575	0.02394
1172.56719	0.02313
1170.63862	0.02290
1168.71006	0.02315
1166.78149	0.02373
1164.85293	0.02452
1162.92437	0.02556
1160.99580	0.02690
1159.06724	0.02826
1157.13867	0.02912
1155.21011	0.02910
1153.28154	0.02797
1151.35298	0.02587
1149.42441	0.02341
1147.49585	0.02129
1145.56729	0.01978
1143.63872	0.01870
1141.71016	0.01787
1139.78159	0.01726
1137.85303	0.01686
1135.92446	0.01657
1133.99590	0.01631
1132.06733	0.01618
1130.13877	0.01623
1128.21021	0.01639
1126.28164	0.01661
1124.35308	0.01693
1122.42451	0.01738
1120.49595	0.01790
1118.56738	0.01845
1116.63882	0.01897
1114.71025	0.01941
1112.78169	0.01977
1110.85312	0.02003
1108.92456	0.02023
1106.99600	0.02051
1105.06743	0.02089
1103.13887	0.02132
1101.21030	0.02184
1099.28174	0.02249
1097.35317	0.02330
1095.42461	0.02420
1093.49604	0.02504
1091.56748	0.02575
1089.63892	0.02639
1087.71035	0.02703
1085.78179	0.02765
1083.85322	0.02815
1081.92466	0.02858
1079.99609	0.02912
1078.06753	0.02977
1076.13896	0.03042
1074.21040	0.03109
1072.28184	0.03171
1070.35327	0.03204
1068.42471	0.03185
1066.49614	0.03106
1064.56758	0.02975
1062.63901	0.02825
1060.71045	0.02687
1058.78188	0.02570
1056.85332	0.02463
1054.92476	0.02371
1052.99619	0.02309
1051.06763	0.02278
1049.13906	0.02271
1047.21050	0.02288
1045.28193	0.02340
1043.35337	0.02427
1041.42480	0.02556
1039.49624	0.02747
1037.56768	0.03006
1035.63911	0.03301
1033.71055	0.03591
1031.78198	0.03830
1029.85342	0.03962
1027.92485	0.03943
1025.99629	0.03789
1024.06772	0.03578
1022.13916	0.03386
1020.21060	0.03241
1018.28203	0.03136
1016.35347	0.03061
1014.42490	0.03011
1012.49634	0.02981
1010.56777	0.02969
1008.63921	0.02970
1006.71064	0.02970
1004.78208	0.02939
1002.85352	0.02843
1000.92495	0.02702
998.99639	0.02583
997.06782	0.02523
995.13926	0.02501
993.21069	0.02499
991.28213	0.02518
989.35356	0.02554
987.42500	0.02601
985.49644	0.02650
983.56787	0.02690
981.63931	0.02711
979.71074	0.02710
977.78218	0.02682
975.85361	0.02631
973.92505	0.02578
971.99648	0.02552
970.06792	0.02562
968.13936	0.02594
966.21079	0.02625
964.28223	0.02628
962.35366	0.02579
960.42510	0.02479
958.49653	0.02351
956.56797	0.02221
954.63940	0.02101
952.71084	0.02001
950.78228	0.01929
948.85371	0.01888
946.92515	0.01862
944.99658	0.01836
943.06802	0.01803
941.13945	0.01767
939.21089	0.01726
937.28232	0.01681
935.35376	0.01638
933.42520	0.01605
931.49663	0.01587
929.56807	0.01581
927.63950	0.01591
925.71094	0.01623
923.78237	0.01672
921.85381	0.01741
919.92524	0.01835
917.99668	0.01949
916.06812	0.02078
914.13955	0.02233
912.21099	0.02413
910.28242	0.02593
908.35386	0.02737
906.42529	0.02819
904.49673	0.02828
902.56816	0.02758
900.63960	0.02603
898.71104	0.02391
896.78247	0.02160
894.85391	0.01941
892.92534	0.01755
890.99678	0.01612
889.06821	0.01508
887.13965	0.01429
885.21108	0.01361
883.28252	0.01302
881.35396	0.01255
879.42539	0.01219
877.49683	0.01193
875.56826	0.01170
873.63970	0.01136
871.71113	0.01103
869.78257	0.01086
867.85400	0.01088
865.92544	0.01100
863.99687	0.01113
862.06831	0.01126
860.13975	0.01146
858.21118	0.01184
856.28262	0.01242
854.35405	0.01309
852.42549	0.01393
850.49692	0.01500
848.56836	0.01609
846.63979	0.01702
844.71123	0.01780
842.78267	0.01829
840.85410	0.01818
838.92554	0.01747
836.99697	0.01646
835.06841	0.01527
833.13984	0.01393
831.21128	0.01265
829.28271	0.01155
827.35415	0.01068
825.42559	0.01016
823.49702	0.00987
821.56846	0.00971
819.63989	0.00972
817.71133	0.00980
815.78276	0.00986
813.85420	0.01006
811.92563	0.01045
809.99707	0.01091
808.06851	0.01143
806.13994	0.01204
804.21138	0.01273
802.28281	0.01347
800.35425	0.01421
798.42568	0.01493
796.49712	0.01564
794.56855	0.01645
792.63999	0.01744
790.71143	0.01853
788.78286	0.01957
786.85430	0.02054
784.92573	0.02164
782.99717	0.02312
781.06860	0.02499
779.14004	0.02711
777.21147	0.02947
775.28291	0.03218
773.35435	0.03521
771.42578	0.03846
769.49722	0.04191
767.56865	0.04551
765.64009	0.04918
763.71152	0.05298
761.78296	0.05683
759.85439	0.06047
757.92583	0.06366
755.99727	0.06619
754.06870	0.06795
752.14014	0.06876
750.21157	0.06866
748.28301	0.06785
746.35444	0.06624
744.42588	0.06375
742.49731	0.06058
740.56875	0.05674
738.64019	0.05224
736.71162	0.04747
734.78306	0.04265
732.85449	0.03767
730.92593	0.03257
728.99736	0.02777
727.06880	0.02389
725.14023	0.02196
723.21167	0.02605
721.28311	0.02307
719.35454	0.02115
717.42598	0.02396
715.49741	0.02542
713.56885	0.02888
711.64028	0.03491
709.71172	0.04263
707.78315	0.05169
705.85459	0.06198
703.92603	0.07346
701.99746	0.08573
700.06890	0.09771
698.14033	0.10827
696.21177	0.11670
694.28320	0.12086
692.35464	0.11778
690.42607	0.10589
688.49751	0.08848
686.56895	0.07360
684.64038	0.06535
682.71182	0.06236
680.78325	0.06010
678.85469	0.05654
676.92612	0.05578
674.99756	0.06192
673.06899	0.05849
671.14043	-0.01397
669.21187	-0.10820
667.28330	-0.03169
665.35474	-0.02230
663.42617	0.02787
661.49761	0.04478
659.56904	0.03734
657.64048	0.02963
655.71191	0.02717
653.78335	0.02788
651.85479	0.02890
649.92622	0.02838
647.99766	0.03029
646.06909	0.03450
644.14053	0.03531
642.21196	0.03388
640.28340	0.03302
638.35483	0.03289
636.42627	0.03268
634.49771	0.03332
632.56914	0.03471
630.64058	0.03467
628.71201	0.03436
626.78345	0.03306
624.85488	0.03188
622.92632	0.03070
620.99775	0.03151
619.06919	0.03523
617.14062	0.03678
615.21206	0.03332
613.28350	0.03012
611.35493	0.02983
609.42637	0.03001
607.49780	0.02980
605.56924	0.02970
603.64067	0.02957
601.71211	0.03012
599.78354	0.03184
