3997.91411	0.03050
3995.98555	0.03057
3994.05698	0.03052
3992.12842	0.03033
3990.19985	0.03010
3988.27129	0.02999
3986.34272	0.02986
3984.41416	0.02979
3982.48560	0.02993
3980.55703	0.03015
3978.62847	0.03016
3976.69990	0.03001
3974.77134	0.03002
3972.84277	0.03019
3970.91421	0.03017
3968.98564	0.02996
3967.05708	0.02987
3965.12852	0.02989
3963.19995	0.02987
3961.27139	0.02993
3959.34282	0.03008
3957.41426	0.03013
3955.48569	0.03005
3953.55713	0.02995
3951.62856	0.02989
3949.70000	0.02991
3947.77144	0.03000
3945.84287	0.03002
3943.91431	0.03004
3941.98574	0.03010
3940.05718	0.03000
3938.12861	0.02981
3936.20005	0.02960
3934.27148	0.02939
3932.34292	0.02923
3930.41436	0.02920
3928.48579	0.02918
3926.55723	0.02916
3924.62866	0.02923
3922.70010	0.02927
3920.77153	0.02923
3918.84297	0.02930
3916.91440	0.02950
3914.98584	0.02958
3913.05728	0.02946
3911.12871	0.02930
3909.20015	0.02907
3907.27158	0.02891
3905.34302	0.02912
3903.41445	0.02949
3901.48589	0.02949
3899.55732	0.02930
3897.62876	0.02924
3895.70020	0.02917
3893.77163	0.02911
3891.84307	0.02935
3889.91450	0.02959
3887.98594	0.02940
3886.05737	0.02918
3884.12881	0.02918
3882.20024	0.02911
3880.27168	0.02909
3878.34312	0.02918
3876.41455	0.02920
3874.48599	0.02912
3872.55742	0.02896
3870.62886	0.02891
3868.70029	0.02890
3866.77173	0.02872
3864.84316	0.02868
3862.91460	0.02891
3860.98604	0.02900
3859.05747	0.02883
3857.12891	0.02850
3855.20034	0.02838
3853.27178	0.02889
3851.34321	0.02911
3849.41465	0.02874
3847.48608	0.02842
3845.55752	0.02831
3843.62896	0.02830
3841.70039	0.02828
3839.77183	0.02823
3837.84326	0.02818
3835.91470	0.02808
3833.98613	0.02803
3832.05757	0.02819
3830.12900	0.02825
3828.20044	0.02808
3826.27187	0.02791
3824.34331	0.02772
3822.41475	0.02772
3820.48618	0.02805
3818.55762	0.02802
3816.62905	0.02785
3814.70049	0.02786
3812.77192	0.02779
3810.84336	0.02772
3808.91479	0.02778
3806.98623	0.02780
3805.05767	0.02761
3803.12910	0.02745
3801.20054	0.02756
3799.27197	0.02755
3797.34341	0.02744
3795.41484	0.02753
3793.48628	0.02752
3791.55771	0.02737
3789.62915	0.02732
3787.70059	0.02736
3785.77202	0.02738
3783.84346	0.02737
3781.91489	0.02734
3779.98633	0.02738
3778.05776	0.02739
3776.12920	0.02718
3774.20063	0.02686
3772.27207	0.02669
3770.34351	0.02694
3768.41494	0.02728
3766.48638	0.02733
3764.55781	0.02719
3762.62925	0.02700
3760.70068	0.02701
3758.77212	0.02720
3756.84355	0.02710
3754.91499	0.02674
3752.98643	0.02648
3751.05786	0.02658
3749.12930	0.02688
3747.20073	0.02711
3745.27217	0.02733
3743.34360	0.02745
3741.41504	0.02739
3739.48647	0.02744
3737.55791	0.02784
3735.62935	0.02847
3733.70078	0.02897
3731.77222	0.02918
3729.84365	0.02909
3727.91509	0.02888
3725.98652	0.02878
3724.05796	0.02881
3722.12939	0.02872
3720.20083	0.02816
3718.27227	0.02730
3716.34370	0.02676
3714.41514	0.02673
3712.48657	0.02720
3710.55801	0.02801
3708.62944	0.02850
3706.70088	0.02858
3704.77231	0.02862
3702.84375	0.02871
3700.91519	0.02867
3698.98662	0.02855
3697.05806	0.02855
3695.12949	0.02866
3693.20093	0.02867
3691.27236	0.02851
3689.34380	0.02848
3687.41523	0.02857
3685.48667	0.02846
3683.55811	0.02825
3681.62954	0.02804
3679.70098	0.02783
3677.77241	0.02786
3675.84385	0.02846
3673.91528	0.02890
3671.98672	0.02881
3670.05815	0.02906
3668.12959	0.02953
3666.20103	0.02966
3664.27246	0.02975
3662.34390	0.03001
3660.41533	0.03020
3658.48677	0.03028
3656.55820	0.03053
3654.62964	0.03066
3652.70107	0.03039
3650.77251	0.03030
3648.84395	0.03087
3646.91538	0.03146
3644.98682	0.03172
3643.05825	0.03191
3641.12969	0.03220
3639.20112	0.03262
3637.27256	0.03309
3635.34399	0.03358
3633.41543	0.03410
3631.48687	0.03459
3629.55830	0.03535
3627.62974	0.03617
3625.70117	0.03618
3623.77261	0.03570
3621.84404	0.03536
3619.91548	0.03547
3617.98691	0.03578
3616.05835	0.03579
3614.12979	0.03564
3612.20122	0.03574
3610.27266	0.03624
3608.34409	0.03692
3606.41553	0.03734
3604.48696	0.03750
3602.55840	0.03766
3600.62983	0.03803
3598.70127	0.03844
3596.77271	0.03862
3594.84414	0.03874
3592.91558	0.03891
3590.98701	0.03896
3589.05845	0.03902
3587.12988	0.03932
3585.20132	0.03961
3583.27275	0.03973
3581.34419	0.03971
3579.41562	0.03974
3577.48706	0.03989
3575.55850	0.04008
3573.62993	0.04035
3571.70137	0.04069
3569.77280	0.04084
3567.84424	0.04107
3565.91567	0.04182
3563.98711	0.04246
3562.05854	0.04264
3560.12998	0.04275
3558.20142	0.04298
3556.27285	0.04307
3554.34429	0.04308
3552.41572	0.04343
3550.48716	0.04405
3548.55859	0.04450
3546.63003	0.04464
3544.70146	0.04451
3542.77290	0.04436
3540.84434	0.04438
3538.91577	0.04454
3536.98721	0.04492
3535.05864	0.04554
3533.13008	0.04614
3531.20151	0.04653
3529.27295	0.04673
3527.34438	0.04688
3525.41582	0.04712
3523.48726	0.04749
3521.55869	0.04788
3519.63013	0.04818
3517.70156	0.04840
3515.77300	0.04855
3513.84443	0.04870
3511.91587	0.04891
3509.98730	0.04903
3508.05874	0.04903
3506.13018	0.04904
3504.20161	0.04907
3502.27305	0.04898
3500.34448	0.04879
3498.41592	0.04883
3496.48735	0.04916
3494.55879	0.04958
3492.63022	0.04984
3490.70166	0.04981
3488.77310	0.04972
3486.84453	0.04970
3484.91597	0.04973
3482.98740	0.04990
3481.05884	0.05019
3479.13027	0.05048
3477.20171	0.05075
3475.27314	0.05085
3473.34458	0.05074
3471.41602	0.05053
3469.48745	0.05036
3467.55889	0.05066
3465.63032	0.05130
3463.70176	0.05157
3461.77319	0.05149
3459.84463	0.05145
3457.91606	0.05149
3455.98750	0.05179
3454.05894	0.05245
3452.13037	0.05311
3450.20181	0.05363
3448.27324	0.05416
3446.34468	0.05464
3444.41611	0.05487
3442.48755	0.05497
3440.55898	0.05532
3438.63042	0.05593
3436.70186	0.05641
3434.77329	0.05676
3432.84473	0.05714
3430.91616	0.05743
3428.98760	0.05762
3427.05903	0.05785
3425.13047	0.05825
3423.20190	0.05878
3421.27334	0.05918
3419.34478	0.05936
3417.41621	0.05958
3415.48765	0.05991
3413.55908	0.06019
3411.63052	0.06044
3409.70195	0.06070
3407.77339	0.06095
3405.84482	0.06122
3403.91626	0.06147
3401.98770	0.06164
3400.05913	0.06181
3398.13057	0.06215
3396.20200	0.06259
3394.27344	0.06307
3392.34487	0.06360
3390.41631	0.06400
3388.48774	0.06404
3386.55918	0.06410
3384.63062	0.06459
3382.70205	0.06525
3380.77349	0.06577
3378.84492	0.06609
3376.91636	0.06621
3374.98779	0.06634
3373.05923	0.06656
3371.13066	0.06671
3369.20210	0.06681
3367.27354	0.06694
3365.34497	0.06701
3363.41641	0.06714
3361.48784	0.06745
3359.55928	0.06774
3357.63071	0.06785
3355.70215	0.06767
3353.77358	0.06732
3351.84502	0.06722
3349.91646	0.06737
3347.98789	0.06742
3346.05933	0.06727
3344.13076	0.06714
3342.20220	0.06710
3340.27363	0.06704
3338.34507	0.06700
3336.41650	0.06707
3334.48794	0.06714
3332.55937	0.06707
3330.63081	0.06695
3328.70225	0.06692
3326.77368	0.06690
3324.84512	0.06684
3322.91655	0.06684
3320.98799	0.06693
3319.05942	0.06720
3317.13086	0.06754
3315.20229	0.06778
3313.27373	0.06802
3311.34517	0.06836
3309.41660	0.06860
3307.48804	0.06865
3305.55947	0.06877
3303.63091	0.06900
3301.70234	0.06904
3299.77378	0.06903
3297.84521	0.06923
3295.91665	0.06936
3293.98809	0.06937
3292.05952	0.06947
3290.13096	0.06969
3288.20239	0.06992
3286.27383	0.07003
3284.34526	0.06996
3282.41670	0.06970
3280.48813	0.06941
3278.55957	0.06939
3276.63101	0.06957
3274.70244	0.06970
3272.77388	0.06975
3270.84531	0.06978
3268.91675	0.06974
3266.98818	0.06948
3265.05962	0.06920
3263.13105	0.06922
3261.20249	0.06929
3259.27393	0.06897
3257.34536	0.06834
3255.41680	0.06784
3253.48823	0.06766
3251.55967	0.06757
3249.63110	0.06732
3247.70254	0.06699
3245.77397	0.06668
3243.84541	0.06634
3241.91685	0.06596
3239.98828	0.06568
3238.05972	0.06548
3236.13115	0.06512
3234.20259	0.06471
3232.27402	0.06451
3230.34546	0.06434
3228.41689	0.06398
3226.48833	0.06348
3224.55977	0.06289
3222.63120	0.06233
3220.70264	0.06195
3218.77407	0.06178
3216.84551	0.06167
3214.91694	0.06149
3212.98838	0.06126
3211.05981	0.06088
3209.13125	0.06034
3207.20269	0.05982
3205.27412	0.05942
3203.34556	0.05918
3201.41699	0.05918
3199.48843	0.05924
3197.55986	0.05912
3195.63130	0.05890
3193.70273	0.05867
3191.77417	0.05839
3189.84561	0.05809
3187.91704	0.05780
3185.98848	0.05764
3184.05991	0.05763
3182.13135	0.05748
3180.20278	0.05715
3178.27422	0.05686
3176.34565	0.05658
3174.41709	0.05621
3172.48853	0.05591
3170.55996	0.05571
3168.63140	0.05557
3166.70283	0.05544
3164.77427	0.05526
3162.84570	0.05498
3160.91714	0.05462
3158.98857	0.05427
3157.06001	0.05397
3155.13145	0.05362
3153.20288	0.05326
3151.27432	0.05314
3149.34575	0.05329
3147.41719	0.05338
3145.48862	0.05303
3143.56006	0.05238
3141.63149	0.05195
3139.70293	0.05183
3137.77437	0.05176
3135.84580	0.05170
3133.91724	0.05167
3131.98867	0.05164
3130.06011	0.05161
3128.13154	0.05145
3126.20298	0.05115
3124.27441	0.05087
3122.34585	0.05059
3120.41729	0.05036
3118.48872	0.05025
3116.56016	0.05024
3114.63159	0.05029
3112.70303	0.05034
3110.77446	0.05027
3108.84590	0.05024
3106.91733	0.05033
3104.98877	0.05030
3103.06021	0.05004
3101.13164	0.04986
3099.20308	0.04990
3097.27451	0.04998
3095.34595	0.05004
3093.41738	0.05003
3091.48882	0.04988
3089.56025	0.04963
3087.63169	0.04940
3085.70312	0.04918
3083.77456	0.04893
3081.84600	0.04877
3079.91743	0.04876
3077.98887	0.04887
3076.06030	0.04902
3074.13174	0.04912
3072.20317	0.04915
3070.27461	0.04925
3068.34604	0.04939
3066.41748	0.04937
3064.48892	0.04915
3062.56035	0.04893
3060.63179	0.04882
3058.70322	0.04869
3056.77466	0.04848
3054.84609	0.04828
3052.91753	0.04810
3050.98896	0.04781
3049.06040	0.04739
3047.13184	0.04703
3045.20327	0.04686
3043.27471	0.04679
3041.34614	0.04678
3039.41758	0.04683
3037.48901	0.04689
3035.56045	0.04688
3033.63188	0.04678
3031.70332	0.04666
3029.77476	0.04663
3027.84619	0.04675
3025.91763	0.04682
3023.98906	0.04669
3022.06050	0.04646
3020.13193	0.04637
3018.20337	0.04638
3016.27480	0.04642
3014.34624	0.04650
3012.41768	0.04650
3010.48911	0.04650
3008.56055	0.04673
3006.63198	0.04722
3004.70342	0.04772
3002.77485	0.04794
3000.84629	0.04805
2998.91772	0.04835
2996.98916	0.04895
2995.06060	0.04967
2993.13203	0.05032
2991.20347	0.05110
2989.27490	0.05207
2987.34634	0.05300
2985.41777	0.05386
2983.48921	0.05470
2981.56064	0.05544
2979.63208	0.05622
2977.70352	0.05731
2975.77495	0.05879
2973.84639	0.06043
2971.91782	0.06202
2969.98926	0.06351
2968.06069	0.06498
2966.13213	0.06642
2964.20356	0.06768
2962.27500	0.06887
2960.34644	0.07017
2958.41787	0.07140
2956.48931	0.07239
2954.56074	0.07318
2952.63218	0.07378
2950.70361	0.07426
2948.77505	0.07479
2946.84648	0.07566
2944.91792	0.07695
2942.98936	0.07841
2941.06079	0.07980
2939.13223	0.08115
2937.20366	0.08258
2935.27510	0.08400
2933.34653	0.08527
2931.41797	0.08641
2929.48940	0.08727
2927.56084	0.08764
2925.63228	0.08766
2923.70371	0.08749
2921.77515	0.08687
2919.84658	0.08571
2917.91802	0.08428
2915.98945	0.08275
2914.06089	0.08097
2912.13232	0.07910
2910.20376	0.07766
2908.27520	0.07669
2906.34663	0.07572
2904.41807	0.07471
2902.48950	0.07390
2900.56094	0.07318
2898.63237	0.07228
2896.70381	0.07118
2894.77524	0.07004
2892.84668	0.06904
2890.91812	0.06823
2888.98955	0.06759
2887.06099	0.06703
2885.13242	0.06643
2883.20386	0.06596
2881.27529	0.06578
2879.34673	0.06580
2877.41816	0.06592
2875.48960	0.06619
2873.56104	0.06662
2871.63247	0.06719
2869.70391	0.06779
2867.77534	0.06840
2865.84678	0.06904
2863.91821	0.06976
2861.98965	0.07057
2860.06108	0.07139
2858.13252	0.07200
2856.20396	0.07227
2854.27539	0.07219
2852.34683	0.07164
2850.41826	0.07049
2848.48970	0.06876
2846.56113	0.06648
2844.63257	0.06389
2842.70400	0.06140
2840.77544	0.05924
2838.84687	0.05739
2836.91831	0.05580
2834.98975	0.05447
2833.06118	0.05332
2831.13262	0.05236
2829.20405	0.05156
2827.27549	0.05085
2825.34692	0.05017
2823.41836	0.04958
2821.48979	0.04911
2819.56123	0.04873
2817.63267	0.04831
2815.70410	0.04786
2813.77554	0.04746
2811.84697	0.04705
2809.91841	0.04663
2807.98984	0.04634
2806.06128	0.04620
2804.13271	0.04604
2802.20415	0.04572
2800.27559	0.04529
2798.34702	0.04490
2796.41846	0.04465
2794.48989	0.04449
2792.56133	0.04431
2790.63276	0.04413
2788.70420	0.04395
2786.77563	0.04370
2784.84707	0.04343
2782.91851	0.04319
2780.98994	0.04302
2779.06138	0.04286
2777.13281	0.04258
2775.20425	0.04226
2773.27568	0.04216
2771.34712	0.04224
2769.41855	0.04229
2767.48999	0.04219
2765.56143	0.04202
2763.63286	0.04191
2761.70430	0.04186
2759.77573	0.04170
2757.84717	0.04150
2755.91860	0.04140
2753.99004	0.04134
2752.06147	0.04127
2750.13291	0.04119
2748.20435	0.04110
2746.27578	0.04097
2744.34722	0.04078
2742.41865	0.04062
2740.49009	0.04061
2738.56152	0.04066
2736.63296	0.04065
2734.70439	0.04056
2732.77583	0.04032
2730.84727	0.04009
2728.91870	0.04007
2726.99014	0.04010
2725.06157	0.04000
2723.13301	0.03987
2721.20444	0.03979
2719.27588	0.03971
2717.34731	0.03954
2715.41875	0.03929
2713.49019	0.03904
2711.56162	0.03886
2709.63306	0.03878
2707.70449	0.03874
2705.77593	0.03869
2703.84736	0.03865
2701.91880	0.03857
2699.99023	0.03841
2698.06167	0.03830
2696.13311	0.03830
2694.20454	0.03831
2692.27598	0.03821
2690.34741	0.03814
2688.41885	0.03812
2686.49028	0.03802
2684.56172	0.03789
2682.63315	0.03783
2680.70459	0.03778
2678.77603	0.03768
2676.84746	0.03756
2674.91890	0.03746
2672.99033	0.03743
2671.06177	0.03742
2669.13320	0.03739
2667.20464	0.03734
2665.27607	0.03736
2663.34751	0.03745
2661.41895	0.03745
2659.49038	0.03738
2657.56182	0.03742
2655.63325	0.03755
2653.70469	0.03759
2651.77612	0.03753
2649.84756	0.03743
2647.91899	0.03725
2645.99043	0.03706
2644.06187	0.03697
2642.13330	0.03687
2640.20474	0.03671
2638.27617	0.03661
2636.34761	0.03658
2634.41904	0.03653
2632.49048	0.03643
2630.56191	0.03634
2628.63335	0.03624
2626.70479	0.03612
2624.77622	0.03604
2622.84766	0.03595
2620.91909	0.03579
2618.99053	0.03564
2617.06196	0.03558
2615.13340	0.03548
2613.20483	0.03533
2611.27627	0.03532
2609.34771	0.03540
2607.41914	0.03540
2605.49058	0.03525
2603.56201	0.03511
2601.63345	0.03515
2599.70488	0.03517
2597.77632	0.03502
2595.84775	0.03481
2593.91919	0.03469
2591.99062	0.03475
2590.06206	0.03483
2588.13350	0.03463
2586.20493	0.03419
2584.27637	0.03384
2582.34780	0.03375
2580.41924	0.03374
2578.49067	0.03369
2576.56211	0.03366
2574.63354	0.03361
2572.70498	0.03345
2570.77642	0.03326
2568.84785	0.03314
2566.91929	0.03296
2564.99072	0.03272
2563.06216	0.03263
2561.13359	0.03276
2559.20503	0.03283
2557.27646	0.03280
2555.34790	0.03276
2553.41934	0.03261
2551.49077	0.03244
2549.56221	0.03242
2547.63364	0.03247
2545.70508	0.03255
2543.77651	0.03248
2541.84795	0.03223
2539.91938	0.03202
2537.99082	0.03197
2536.06226	0.03200
2534.13369	0.03201
2532.20513	0.03188
2530.27656	0.03170
2528.34800	0.03167
2526.41943	0.03169
2524.49087	0.03164
2522.56230	0.03148
2520.63374	0.03135
2518.70518	0.03141
2516.77661	0.03151
2514.84805	0.03154
2512.91948	0.03150
2510.99092	0.03124
2509.06235	0.03091
2507.13379	0.03081
2505.20522	0.03085
2503.27666	0.03077
2501.34810	0.03052
2499.41953	0.03028
2497.49097	0.03021
2495.56240	0.03032
2493.63384	0.03048
2491.70527	0.03057
2489.77671	0.03049
2487.84814	0.03031
2485.91958	0.03022
2483.99102	0.03024
2482.06245	0.03019
2480.13389	0.03010
2478.20532	0.03004
2476.27676	0.02993
2474.34819	0.02983
2472.41963	0.02982
2470.49106	0.02984
2468.56250	0.02982
2466.63394	0.02975
2464.70537	0.02966
2462.77681	0.02959
2460.84824	0.02954
2458.91968	0.02953
2456.99111	0.02949
2455.06255	0.02950
2453.13398	0.02966
2451.20542	0.02973
2449.27686	0.02951
2447.34829	0.02929
2445.41973	0.02926
2443.49116	0.02919
2441.56260	0.02894
2439.63403	0.02867
2437.70547	0.02861
2435.77690	0.02875
2433.84834	0.02882
2431.91978	0.02870
2429.99121	0.02843
2428.06265	0.02826
2426.13408	0.02830
2424.20552	0.02837
2422.27695	0.02838
2420.34839	0.02838
2418.41982	0.02830
2416.49126	0.02816
2414.56270	0.02801
2412.63413	0.02794
2410.70557	0.02793
2408.77700	0.02783
2406.84844	0.02762
2404.91987	0.02750
2402.99131	0.02758
2401.06274	0.02760
2399.13418	0.02530
2397.20562	0.02496
2395.27705	0.02586
2393.34849	0.02687
2391.41992	0.02787
2389.49136	0.02897
2387.56279	0.03018
2385.63423	0.03142
2383.70566	0.03252
2381.77710	0.03319
2379.84854	0.03317
2377.91997	0.03236
2375.99141	0.03121
2374.06284	0.03039
2372.13428	0.03029
2370.20571	0.03063
2368.27715	0.02964
2366.34858	0.02861
2364.42002	0.03033
2362.49146	0.03001
2360.56289	0.03207
2358.63433	0.03589
2356.70576	0.03100
2354.77720	0.03685
2352.84863	0.04160
2350.92007	0.04023
2348.99150	0.03925
2347.06294	0.03458
2345.13437	0.02932
2343.20581	0.03313
2341.27725	0.04475
2339.34868	0.04801
2337.42012	0.04210
2335.49155	0.03201
2333.56299	0.02511
2331.63442	0.02354
2329.70586	0.02540
2327.77729	0.02967
2325.84873	0.03157
2323.92017	0.03047
2321.99160	0.02878
2320.06304	0.02735
2318.13447	0.02700
2316.20591	0.02760
2314.27734	0.02845
2312.34878	0.02976
2310.42021	0.03148
2308.49165	0.03252
2306.56309	0.03326
2304.63452	0.03339
2302.70596	0.03290
2300.77739	0.03218
2298.84883	0.03131
2296.92026	0.03053
2294.99170	0.03016
2293.06313	0.03021
2291.13457	0.03001
2289.20601	0.02973
2287.27744	0.02921
2285.34888	0.02824
2283.42031	0.02708
2281.49175	0.02610
2279.56318	0.02562
2277.63462	0.02552
2275.70605	0.02562
2273.77749	0.02583
2271.84893	0.02603
2269.92036	0.02606
2267.99180	0.02580
2266.06323	0.02568
2264.13467	0.02599
2262.20610	0.02650
2260.27754	0.02675
2258.34897	0.02653
2256.42041	0.02622
2254.49185	0.02643
2252.56328	0.02714
2250.63472	0.02747
2248.70615	0.02609
2246.77759	0.02613
2244.84902	0.02606
2242.92046	0.02584
2240.99189	0.02556
2239.06333	0.02519
2237.13477	0.02482
2235.20620	0.02468
2233.27764	0.02482
2231.34907	0.02501
2229.42051	0.02507
2227.49194	0.02488
2225.56338	0.02455
2223.63481	0.02439
2221.70625	0.02446
2219.77769	0.02453
2217.84912	0.02438
2215.92056	0.02408
2213.99199	0.02384
2212.06343	0.02369
2210.13486	0.02362
2208.20630	0.02376
2206.27773	0.02402
2204.34917	0.02405
2202.42061	0.02397
2200.49204	0.02417
2198.56348	0.02438
2196.63491	0.02426
2194.70635	0.02393
2192.77778	0.02354
2190.84922	0.02318
2188.92065	0.02324
2186.99209	0.02377
2185.06353	0.02415
2183.13496	0.02391
2181.20640	0.02344
2179.27783	0.02313
2177.34927	0.02267
2175.42070	0.02218
2173.49214	0.02247
2171.56357	0.02363
2169.63501	0.02489
2167.70645	0.02558
2165.77788	0.02576
2163.84932	0.02583
2161.92075	0.02471
2159.99219	0.02090
2158.06362	0.01731
2156.13506	0.01687
2154.20649	0.01761
2152.27793	0.01799
2150.34937	0.01842
2148.42080	0.01885
2146.49224	0.01900
2144.56367	0.01910
2142.63511	0.01924
2140.70654	0.01913
2138.77798	0.01854
2136.84941	0.01762
2134.92085	0.01696
2132.99229	0.01708
2131.06372	0.01777
2129.13516	0.01844
2127.20659	0.01897
2125.27803	0.01954
2123.34946	0.02002
2121.42090	0.02038
2119.49233	0.02088
2117.56377	0.02162
2115.63521	0.02225
2113.70664	0.02234
2111.77808	0.02207
2109.84951	0.02193
2107.92095	0.02200
2105.99238	0.02207
2104.06382	0.02215
2102.13525	0.02223
2100.20669	0.02199
2098.27812	0.02136
2096.34956	0.02066
2094.42100	0.02038
2092.49243	0.02066
2090.56387	0.02110
2088.63530	0.02132
2086.70674	0.02133
2084.77817	0.02127
2082.84961	0.02132
2080.92104	0.02149
2078.99248	0.02169
2077.06392	0.02180
2075.13535	0.02167
2073.20679	0.02132
2071.27822	0.02100
2069.34966	0.02071
2067.42109	0.02037
2065.49253	0.02028
2063.56396	0.02054
2061.63540	0.02078
2059.70684	0.02080
2057.77827	0.02062
2055.84971	0.02050
2053.92114	0.02111
2051.99258	0.02214
2050.06401	0.02224
2048.13545	0.02137
2046.20688	0.02061
2044.27832	0.02047
2042.34976	0.02064
2040.42119	0.02070
2038.49263	0.02062
2036.56406	0.02023
2034.63550	0.01933
2032.70693	0.01827
2030.77837	0.01752
2028.84980	0.01737
2026.92124	0.01770
2024.99268	0.01797
2023.06411	0.01790
2021.13555	0.01757
2019.20698	0.01730
2017.27842	0.01759
2015.34985	0.01812
2013.42129	0.01814
2011.49272	0.01805
2009.56416	0.01798
2007.63560	0.01727
2005.70703	0.01658
2003.77847	0.01689
2001.84990	0.01768
1999.92134	0.01827
1997.99277	0.01862
1996.06421	0.01874
1994.13564	0.01869
1992.20708	0.01860
1990.27852	0.01853
1988.34995	0.01854
1986.42139	0.01885
1984.49282	0.01969
1982.56426	0.02098
1980.63569	0.02141
1978.70713	0.01990
1976.77856	0.01769
1974.85000	0.01639
1972.92144	0.01591
1970.99287	0.01607
1969.06431	0.01678
1967.13574	0.01738
1965.20718	0.01740
1963.27861	0.01706
1961.35005	0.01649
1959.42148	0.01598
1957.49292	0.01595
1955.56436	0.01619
1953.63579	0.01636
1951.70723	0.01648
1949.77866	0.01658
1947.85010	0.01652
1945.92153	0.01627
1943.99297	0.01620
1942.06440	0.01653
1940.13584	0.01681
1938.20728	0.01686
1936.27871	0.01695
1934.35015	0.01703
1932.42158	0.01708
1930.49302	0.01719
1928.56445	0.01718
1926.63589	0.01710
1924.70732	0.01719
1922.77876	0.01738
1920.85020	0.01751
1918.92163	0.01765
1916.99307	0.01777
1915.06450	0.01762
1913.13594	0.01737
1911.20737	0.01719
1909.27881	0.01688
1907.35024	0.01642
1905.42168	0.01617
1903.49312	0.01611
1901.56455	0.01606
1899.63599	0.01607
1897.70742	0.01606
1895.77886	0.01589
1893.85029	0.01566
1891.92173	0.01553
1889.99316	0.01548
1888.06460	0.01543
1886.13604	0.01542
1884.20747	0.01542
1882.27891	0.01538
1880.35034	0.01534
1878.42178	0.01533
1876.49321	0.01525
1874.56465	0.01499
1872.63608	0.01474
1870.70752	0.01466
1868.77896	0.01463
1866.85039	0.01451
1864.92183	0.01453
1862.99326	0.01464
1861.06470	0.01464
1859.13613	0.01454
1857.20757	0.01444
1855.27900	0.01431
1853.35044	0.01417
1851.42187	0.01410
1849.49331	0.01414
1847.56475	0.01416
1845.63618	0.01404
1843.70762	0.01390
1841.77905	0.01387
1839.85049	0.01383
1837.92192	0.01370
1835.99336	0.01358
1834.06479	0.01356
1832.13623	0.01361
1830.20767	0.01357
1828.27910	0.01354
1826.35054	0.01362
1824.42197	0.01369
1822.49341	0.01360
1820.56484	0.01338
1818.63628	0.01316
1816.70771	0.01305
1814.77915	0.01311
1812.85059	0.01327
1810.92202	0.01346
1808.99346	0.01355
1807.06489	0.01352
1805.13633	0.01352
1803.20776	0.01362
1801.27920	0.01381
1799.35063	0.01393
1797.42207	0.01389
1795.49351	0.01386
1793.56494	0.01404
1791.63638	0.01443
1789.70781	0.01475
1787.77925	0.01499
1785.85068	0.01533
1783.92212	0.01578
1781.99355	0.01622
1780.06499	0.01661
1778.13643	0.01695
1776.20786	0.01728
1774.27930	0.01792
1772.35073	0.01917
1770.42217	0.02084
1768.49360	0.02257
1766.56504	0.02445
1764.63647	0.02666
1762.70791	0.02981
1760.77935	0.03409
1758.85078	0.03881
1756.92222	0.04442
1754.99365	0.05047
1753.06509	0.05647
1751.13652	0.06385
1749.20796	0.07260
1747.27939	0.08061
1745.35083	0.08749
1743.42227	0.09388
1741.49370	0.10008
1739.56514	0.10606
1737.63657	0.11060
1735.70801	0.11432
1733.77944	0.11923
1731.85088	0.12331
1729.92231	0.12540
1727.99375	0.12667
1726.06519	0.12723
1724.13662	0.12693
1722.20806	0.12568
1720.27949	0.12368
1718.35093	0.12107
1716.42236	0.11777
1714.49380	0.11402
1712.56523	0.11017
1710.63667	0.10617
1708.70811	0.10203
1706.77954	0.09764
1704.85098	0.09314
1702.92241	0.08914
1700.99385	0.08501
1699.06528	0.08070
1697.13672	0.07707
1695.20815	0.07350
1693.27959	0.07033
1691.35103	0.06767
1689.42246	0.06513
1687.49390	0.06298
1685.56533	0.06120
1683.63677	0.05946
1681.70820	0.05797
1679.77964	0.05678
1677.85107	0.05576
1675.92251	0.05492
1673.99395	0.05421
1672.06538	0.05362
1670.13682	0.05325
1668.20825	0.05295
1666.27969	0.05255
1664.35112	0.05227
1662.42256	0.05234
1660.49399	0.05248
1658.56543	0.05238
1656.63687	0.05213
1654.70830	0.05209
1652.77974	0.05271
1650.85117	0.05300
1648.92261	0.05291
1646.99404	0.05321
1645.06548	0.05357
1643.13691	0.05361
1641.20835	0.05365
1639.27979	0.05387
1637.35122	0.05438
1635.42266	0.05537
1633.49409	0.05612
1631.56553	0.05639
1629.63696	0.05682
1627.70840	0.05747
1625.77983	0.05799
1623.85127	0.05850
1621.92271	0.05914
1619.99414	0.05965
1618.06558	0.06043
1616.13701	0.06214
1614.20845	0.06416
1612.27988	0.06628
1610.35132	0.06909
1608.42275	0.07278
1606.49419	0.07713
1604.56562	0.08219
1602.63706	0.08797
1600.70850	0.09359
1598.77993	0.09778
1596.85137	0.10015
1594.92280	0.10138
1592.99424	0.10253
1591.06567	0.10433
1589.13711	0.10691
1587.20854	0.10996
1585.27998	0.11327
1583.35142	0.11652
1581.42285	0.11917
1579.49429	0.12085
1577.56572	0.12241
1575.63716	0.12473
1573.70859	0.12652
1571.78003	0.12805
1569.85146	0.13097
1567.92290	0.13449
1565.99434	0.13711
1564.06577	0.13914
1562.13721	0.14048
1560.20864	0.14214
1558.28008	0.14540
1556.35151	0.14636
1554.42295	0.14530
1552.49438	0.14368
1550.56582	0.14135
1548.63726	0.13815
1546.70869	0.13431
1544.78013	0.12990
1542.85156	0.12510
1540.92300	0.11996
1538.99443	0.11485
1537.06587	0.11134
1535.13730	0.10906
1533.20874	0.10765
1531.28018	0.10702
1529.35161	0.10693
1527.42305	0.10751
1525.49448	0.10869
1523.56592	0.11018
1521.63735	0.11250
1519.70879	0.11504
1517.78022	0.11735
1515.85166	0.11994
1513.92310	0.12224
1511.99453	0.12420
1510.06597	0.12605
1508.13740	0.12846
1506.20884	0.13212
1504.28027	0.13410
1502.35171	0.13466
1500.42314	0.13553
1498.49458	0.13716
1496.56602	0.13891
1494.63745	0.13930
1492.70889	0.13809
1490.78032	0.13583
1488.85176	0.13272
1486.92319	0.12911
1484.99463	0.12553
1483.06606	0.12233
1481.13750	0.11964
1479.20894	0.11764
1477.28037	0.11639
1475.35181	0.11593
1473.42324	0.11637
1471.49468	0.11733
1469.56611	0.11799
1467.63755	0.11846
1465.70898	0.11921
1463.78042	0.12003
1461.85186	0.12032
1459.92329	0.12033
1457.99473	0.12108
1456.06616	0.12247
1454.13760	0.12289
1452.20903	0.12272
1450.28047	0.12256
1448.35190	0.12241
1446.42334	0.12189
1444.49478	0.12082
1442.56621	0.11952
1440.63765	0.11831
1438.70908	0.11737
1436.78052	0.11676
1434.85195	0.11613
1432.92339	0.11523
1430.99482	0.11441
1429.06626	0.11381
1427.13770	0.11333
1425.20913	0.11309
1423.28057	0.11311
1421.35200	0.11337
1419.42344	0.11421
1417.49487	0.11537
1415.56631	0.11601
1413.63774	0.11639
1411.70918	0.11685
1409.78062	0.11732
1407.85205	0.11774
1405.92349	0.11821
1403.99492	0.11872
1402.06636	0.11904
1400.13779	0.11923
1398.20923	0.11944
1396.28066	0.11978
1394.35210	0.12025
1392.42354	0.12043
1390.49497	0.12036
1388.56641	0.12059
1386.63784	0.12134
1384.70928	0.12224
1382.78071	0.12302
1380.85215	0.12378
1378.92358	0.12442
1376.99502	0.12488
1375.06646	0.12544
1373.13789	0.12632
1371.20933	0.12729
1369.28076	0.12832
1367.35220	0.12932
1365.42363	0.12993
1363.49507	0.13014
1361.56650	0.12987
1359.63794	0.12888
1357.70937	0.12732
1355.78081	0.12546
1353.85225	0.12353
1351.92368	0.12181
1349.99512	0.12062
1348.06655	0.12033
1346.13799	0.12114
1344.20942	0.12298
1342.28086	0.12571
1340.35229	0.12935
1338.42373	0.13365
1336.49517	0.13789
1334.56660	0.14170
1332.63804	0.14512
1330.70947	0.14826
1328.78091	0.15108
1326.85234	0.15339
1324.92378	0.15513
1322.99521	0.15633
1321.06665	0.15701
1319.13809	0.15720
1317.20952	0.15690
1315.28096	0.15621
1313.35239	0.15555
1311.42383	0.15551
1309.49526	0.15649
1307.56670	0.15831
1305.63813	0.16019
1303.70957	0.16129
1301.78101	0.16157
1299.85244	0.16165
1297.92388	0.16227
1295.99531	0.16381
1294.06675	0.16610
1292.13818	0.16854
1290.20962	0.17064
1288.28105	0.17206
1286.35249	0.17265
1284.42393	0.17259
1282.49536	0.17217
1280.56680	0.17161
1278.63823	0.17093
1276.70967	0.17013
1274.78110	0.16935
1272.85254	0.16881
1270.92397	0.16866
1268.99541	0.16889
1267.06685	0.16928
1265.13828	0.16971
1263.20972	0.17005
1261.28115	0.17017
1259.35259	0.16999
1257.42402	0.16939
1255.49546	0.16827
1253.56689	0.16662
1251.63833	0.16449
1249.70977	0.16179
1247.78120	0.15845
1245.85264	0.15470
1243.92407	0.15083
1241.99551	0.14695
1240.06694	0.14300
1238.13838	0.13913
1236.20981	0.13555
1234.28125	0.13227
1232.35269	0.12923
1230.42412	0.12637
1228.49556	0.12364
1226.56699	0.12115
1224.63843	0.11908
1222.70986	0.11751
1220.78130	0.11634
1218.85273	0.11544
1216.92417	0.11479
1214.99561	0.11430
1213.06704	0.11392
1211.13848	0.11359
1209.20991	0.11327
1207.28135	0.11294
1205.35278	0.11259
1203.42422	0.11217
1201.49565	0.11154
1199.56709	0.11067
1197.63853	0.10981
1195.70996	0.10943
1193.78140	0.10976
1191.85283	0.11080
1189.92427	0.11243
1187.99570	0.11422
1186.06714	0.11531
1184.13857	0.11504
1182.21001	0.11354
1180.28145	0.11187
1178.35288	0.11117
1176.42432	0.11216
1174.49575	0.11544
1172.56719	0.12144
1170.63862	0.13023
1168.71006	0.14142
1166.78149	0.15428
1164.85293	0.16792
1162.92437	0.18145
1160.99580	0.19418
1159.06724	0.20554
1157.13867	0.21481
1155.21011	0.22130
1153.28154	0.22475
1151.35298	0.22526
1149.42441	0.22303
1147.49585	0.21865
1145.56729	0.21315
1143.63872	0.20748
1141.71016	0.20236
1139.78159	0.19808
1137.85303	0.19453
1135.92446	0.19158
1133.99590	0.18917
1132.06733	0.18716
1130.13877	0.18551
1128.21021	0.18438
1126.28164	0.18375
1124.35308	0.18344
1122.42451	0.18322
1120.49595	0.18261
1118.56738	0.18105
1116.63882	0.17840
1114.71025	0.17493
1112.78169	0.17095
1110.85312	0.16664
1108.92456	0.16214
1106.99600	0.15788
1105.06743	0.15446
1103.13887	0.15254
1101.21030	0.15261
1099.28174	0.15480
1097.35317	0.15893
1095.42461	0.16424
1093.49604	0.16939
1091.56748	0.17311
1089.63892	0.17480
1087.71035	0.17464
1085.78179	0.17377
1083.85322	0.17355
1081.92466	0.17473
1079.99609	0.17726
1078.06753	0.18068
1076.13896	0.18461
1074.21040	0.18878
1072.28184	0.19291
1070.35327	0.19696
1068.42471	0.20096
1066.49614	0.20435
1064.56758	0.20627
1062.63901	0.20687
1060.71045	0.20707
1058.78188	0.20730
1056.85332	0.20749
1054.92476	0.20779
1052.99619	0.20852
1051.06763	0.20974
1049.13906	0.21141
1047.21050	0.21343
1045.28193	0.21567
1043.35337	0.21806
1041.42480	0.22033
1039.49624	0.22193
1037.56768	0.22255
1035.63911	0.22230
1033.71055	0.22151
1031.78198	0.22055
1029.85342	0.21974
1027.92485	0.21881
1025.99629	0.21744
1024.06772	0.21590
1022.13916	0.21452
1020.21060	0.21330
1018.28203	0.21214
1016.35347	0.21079
1014.42490	0.20916
1012.49634	0.20742
1010.56777	0.20573
1008.63921	0.20408
1006.71064	0.20243
1004.78208	0.20085
1002.85352	0.19932
1000.92495	0.19777
998.99639	0.19609
997.06782	0.19425
995.13926	0.19230
993.21069	0.19017
991.28213	0.18781
989.35356	0.18530
987.42500	0.18280
985.49644	0.18035
983.56787	0.17801
981.63931	0.17592
979.71074	0.17408
977.78218	0.17239
975.85361	0.17079
973.92505	0.16923
971.99648	0.16760
970.06792	0.16581
968.13936	0.16384
966.21079	0.16176
964.28223	0.15961
962.35366	0.15746
960.42510	0.15530
958.49653	0.15316
956.56797	0.15102
954.63940	0.14871
952.71084	0.14616
950.78228	0.14358
948.85371	0.14104
946.92515	0.13857
944.99658	0.13630
943.06802	0.13433
941.13945	0.13268
939.21089	0.13147
937.28232	0.13061
935.35376	0.12994
933.42520	0.12949
931.49663	0.12933
929.56807	0.12928
927.63950	0.12923
925.71094	0.12930
923.78237	0.12941
921.85381	0.12931
919.92524	0.12905
917.99668	0.12882
916.06812	0.12852
914.13955	0.12804
912.21099	0.12746
910.28242	0.12690
908.35386	0.12639
906.42529	0.12576
904.49673	0.12489
902.56816	0.12401
900.63960	0.12321
898.71104	0.12246
896.78247	0.12183
894.85391	0.12125
892.92534	0.12064
890.99678	0.12007
889.06821	0.11959
887.13965	0.11926
885.21108	0.11935
883.28252	0.11984
881.35396	0.12028
879.42539	0.12041
877.49683	0.12037
875.56826	0.12031
873.63970	0.12029
871.71113	0.12035
869.78257	0.12055
867.85400	0.12090
865.92544	0.12141
863.99687	0.12217
862.06831	0.12320
860.13975	0.12445
858.21118	0.12589
856.28262	0.12752
854.35405	0.12935
852.42549	0.13134
850.49692	0.13336
848.56836	0.13535
846.63979	0.13728
844.71123	0.13912
842.78267	0.14076
840.85410	0.14182
838.92554	0.14220
836.99697	0.14201
835.06841	0.14118
833.13984	0.13972
831.21128	0.13774
829.28271	0.13552
827.35415	0.13371
825.42559	0.13313
823.49702	0.13458
821.56846	0.13891
819.63989	0.14687
817.71133	0.15829
815.78276	0.17131
813.85420	0.18252
811.92563	0.18820
809.99707	0.18611
808.06851	0.17685
806.13994	0.16354
804.21138	0.14956
802.28281	0.13719
800.35425	0.12735
798.42568	0.11973
796.49712	0.11345
794.56855	0.10754
792.63999	0.10131
790.71143	0.09437
788.78286	0.08677
786.85430	0.07920
784.92573	0.07236
782.99717	0.06657
781.06860	0.06207
779.14004	0.05914
777.21147	0.05778
775.28291	0.05767
773.35435	0.05848
771.42578	0.05997
769.49722	0.06188
767.56865	0.06395
765.64009	0.06611
763.71152	0.06829
761.78296	0.07063
759.85439	0.07341
757.92583	0.07674
755.99727	0.08059
754.06870	0.08496
752.14014	0.08984
750.21157	0.09528
748.28301	0.10113
746.35444	0.10697
744.42588	0.11239
742.49731	0.11697
740.56875	0.12009
738.64019	0.12166
736.71162	0.12199
734.78306	0.12131
732.85449	0.11997
730.92593	0.11854
728.99736	0.11728
727.06880	0.11598
725.14023	0.11461
723.21167	0.11401
721.28311	0.11307
719.35454	0.11264
717.42598	0.11295
715.49741	0.11434
713.56885	0.11814
711.64028	0.12428
709.71172	0.13133
707.78315	0.13777
705.85459	0.14242
703.92603	0.14441
701.99746	0.14399
700.06890	0.14288
698.14033	0.14270
696.21177	0.14409
694.28320	0.14670
692.35464	0.14950
690.42607	0.15105
688.49751	0.15089
686.56895	0.15072
684.64038	0.15174
682.71182	0.15402
680.78325	0.15707
678.85469	0.16040
676.92612	0.16461
674.99756	0.17055
673.06899	0.17686
671.14043	0.17763
669.21187	0.17468
667.28330	0.18897
665.35474	0.19912
663.42617	0.20626
661.49761	0.20877
659.56904	0.20705
657.64048	0.20207
655.71191	0.19610
653.78335	0.19091
651.85479	0.18526
649.92622	0.17843
647.99766	0.17232
646.06909	0.16757
644.14053	0.16260
642.21196	0.15712
640.28340	0.15197
638.35483	0.14649
636.42627	0.13888
634.49771	0.12910
632.56914	0.12105
630.64058	0.11991
628.71201	0.12567
626.78345	0.13481
624.85488	0.14293
622.92632	0.14915
620.99775	0.15380
619.06919	0.15695
617.14062	0.15917
615.21206	0.16125
613.28350	0.16288
611.35493	0.16413
609.42637	0.16606
607.49780	0.16827
605.56924	0.16952
603.64067	0.17089
601.71211	0.17358
599.78354	0.17648
