3997.91411	0.00233
3995.98555	0.00224
3994.05698	0.00219
3992.12842	0.00221
3990.19985	0.00231
3988.27129	0.00244
3986.34272	0.00249
3984.41416	0.00242
3982.48560	0.00234
3980.55703	0.00226
3978.62847	0.00216
3976.69990	0.00215
3974.77134	0.00234
3972.84277	0.00256
3970.91421	0.00263
3968.98564	0.00257
3967.05708	0.00246
3965.12852	0.00234
3963.19995	0.00224
3961.27139	0.00230
3959.34282	0.00237
3957.41426	0.00229
3955.48569	0.00226
3953.55713	0.00233
3951.62856	0.00233
3949.70000	0.00224
3947.77144	0.00231
3945.84287	0.00238
3943.91431	0.00218
3941.98574	0.00212
3940.05718	0.00228
3938.12861	0.00228
3936.20005	0.00219
3934.27148	0.00206
3932.34292	0.00202
3930.41436	0.00223
3928.48579	0.00241
3926.55723	0.00220
3924.62866	0.00206
3922.70010	0.00232
3920.77153	0.00243
3918.84297	0.00217
3916.91440	0.00200
3914.98584	0.00213
3913.05728	0.00218
3911.12871	0.00215
3909.20015	0.00226
3907.27158	0.00219
3905.34302	0.00188
3903.41445	0.00197
3901.48589	0.00233
3899.55732	0.00239
3897.62876	0.00262
3895.70020	0.00279
3893.77163	0.00228
3891.84307	0.00180
3889.91450	0.00227
3887.98594	0.00249
3886.05737	0.00207
3884.12881	0.00240
3882.20024	0.00251
3880.27168	0.00218
3878.34312	0.00254
3876.41455	0.00254
3874.48599	0.00214
3872.55742	0.00207
3870.62886	0.00185
3868.70029	0.00223
3866.77173	0.00243
3864.84316	0.00170
3862.91460	0.00156
3860.98604	0.00230
3859.05747	0.00304
3857.12891	0.00272
3855.20034	0.00084
3853.27178	-0.00016
3851.34321	0.00154
3849.41465	0.00292
3847.48608	0.00290
3845.55752	0.00235
3843.62896	0.00206
3841.70039	0.00205
3839.77183	0.00162
3837.84326	0.00125
3835.91470	0.00165
3833.98613	0.00202
3832.05757	0.00207
3830.12900	0.00225
3828.20044	0.00227
3826.27187	0.00230
3824.34331	0.00223
3822.41475	0.00135
3820.48618	0.00138
3818.55762	0.00210
3816.62905	0.00168
3814.70049	0.00180
3812.77192	0.00263
3810.84336	0.00266
3808.91479	0.00192
3806.98623	0.00169
3805.05767	0.00241
3803.12910	0.00204
3801.20054	0.00145
3799.27197	0.00212
3797.34341	0.00218
3795.41484	0.00193
3793.48628	0.00207
3791.55771	0.00211
3789.62915	0.00209
3787.70059	0.00206
3785.77202	0.00201
3783.84346	0.00222
3781.91489	0.00225
3779.98633	0.00183
3778.05776	0.00188
3776.12920	0.00229
3774.20063	0.00242
3772.27207	0.00216
3770.34351	0.00192
3768.41494	0.00222
3766.48638	0.00244
3764.55781	0.00268
3762.62925	0.00286
3760.70068	0.00241
3758.77212	0.00229
3756.84355	0.00306
3754.91499	0.00351
3752.98643	0.00285
3751.05786	0.00244
3749.12930	0.00358
3747.20073	0.00415
3745.27217	0.00293
3743.34360	0.00311
3741.41504	0.00457
3739.48647	0.00478
3737.55791	0.00394
3735.62935	0.00333
3733.70078	0.00347
3731.77222	0.00397
3729.84365	0.00464
3727.91509	0.00472
3725.98652	0.00458
3724.05796	0.00463
3722.12939	0.00472
3720.20083	0.00500
3718.27227	0.00542
3716.34370	0.00584
3714.41514	0.00566
3712.48657	0.00510
3710.55801	0.00565
3708.62944	0.00715
3706.70088	0.00831
3704.77231	0.00859
3702.84375	0.00853
3700.91519	0.00929
3698.98662	0.01062
3697.05806	0.01157
3695.12949	0.01239
3693.20093	0.01291
3691.27236	0.01267
3689.34380	0.01243
3687.41523	0.01347
3685.48667	0.01498
3683.55811	0.01573
3681.62954	0.01623
3679.70098	0.01702
3677.77241	0.01761
3675.84385	0.01844
3673.91528	0.02072
3671.98672	0.02199
3670.05815	0.02213
3668.12959	0.02368
3666.20103	0.02544
3664.27246	0.02636
3662.34390	0.02730
3660.41533	0.02856
3658.48677	0.02955
3656.55820	0.03068
3654.62964	0.03266
3652.70107	0.03394
3650.77251	0.03397
3648.84395	0.03481
3646.91538	0.03685
3644.98682	0.03874
3643.05825	0.03973
3641.12969	0.04047
3639.20112	0.04156
3637.27256	0.04297
3635.34399	0.04448
3633.41543	0.04605
3631.48687	0.04697
3629.55830	0.04731
3627.62974	0.04911
3625.70117	0.05158
3623.77261	0.05284
3621.84404	0.05302
3619.91548	0.05323
3617.98691	0.05454
3616.05835	0.05621
3614.12979	0.05735
3612.20122	0.05851
3610.27266	0.05971
3608.34409	0.06073
3606.41553	0.06190
3604.48696	0.06291
3602.55840	0.06359
3600.62983	0.06446
3598.70127	0.06554
3596.77271	0.06644
3594.84414	0.06744
3592.91558	0.06885
3590.98701	0.06997
3589.05845	0.07035
3587.12988	0.07115
3585.20132	0.07285
3583.27275	0.07434
3581.34419	0.07530
3579.41562	0.07628
3577.48706	0.07737
3575.55850	0.07839
3573.62993	0.07955
3571.70137	0.08092
3569.77280	0.08210
3567.84424	0.08317
3565.91567	0.08480
3563.98711	0.08650
3562.05854	0.08759
3560.12998	0.08841
3558.20142	0.08929
3556.27285	0.09024
3554.34429	0.09120
3552.41572	0.09232
3550.48716	0.09380
3548.55859	0.09531
3546.63003	0.09671
3544.70146	0.09808
3542.77290	0.09916
3540.84434	0.09989
3538.91577	0.10070
3536.98721	0.10185
3535.05864	0.10324
3533.13008	0.10449
3531.20151	0.10541
3529.27295	0.10631
3527.34438	0.10761
3525.41582	0.10914
3523.48726	0.11051
3521.55869	0.11163
3519.63013	0.11266
3517.70156	0.11384
3515.77300	0.11517
3513.84443	0.11634
3511.91587	0.11732
3509.98730	0.11827
3508.05874	0.11937
3506.13018	0.12045
3504.20161	0.12145
3502.27305	0.12277
3500.34448	0.12428
3498.41592	0.12561
3496.48735	0.12686
3494.55879	0.12804
3492.63022	0.12907
3490.70166	0.13021
3488.77310	0.13155
3486.84453	0.13292
3484.91597	0.13400
3482.98740	0.13466
3481.05884	0.13544
3479.13027	0.13663
3477.20171	0.13799
3475.27314	0.13932
3473.34458	0.14050
3471.41602	0.14144
3469.48745	0.14229
3467.55889	0.14340
3465.63032	0.14476
3463.70176	0.14599
3461.77319	0.14707
3459.84463	0.14826
3457.91606	0.14949
3455.98750	0.15063
3454.05894	0.15160
3452.13037	0.15242
3450.20181	0.15318
3448.27324	0.15399
3446.34468	0.15519
3444.41611	0.15657
3442.48755	0.15764
3440.55898	0.15850
3438.63042	0.15912
3436.70186	0.15957
3434.77329	0.16014
3432.84473	0.16096
3430.91616	0.16196
3428.98760	0.16297
3427.05903	0.16382
3425.13047	0.16449
3423.20190	0.16507
3421.27334	0.16565
3419.34478	0.16637
3417.41621	0.16715
3415.48765	0.16785
3413.55908	0.16850
3411.63052	0.16913
3409.70195	0.16986
3407.77339	0.17066
3405.84482	0.17129
3403.91626	0.17171
3401.98770	0.17224
3400.05913	0.17291
3398.13057	0.17332
3396.20200	0.17337
3394.27344	0.17363
3392.34487	0.17419
3390.41631	0.17465
3388.48774	0.17477
3386.55918	0.17482
3384.63062	0.17504
3382.70205	0.17530
3380.77349	0.17554
3378.84492	0.17593
3376.91636	0.17636
3374.98779	0.17653
3373.05923	0.17653
3371.13066	0.17667
3369.20210	0.17699
3367.27354	0.17720
3365.34497	0.17713
3363.41641	0.17679
3361.48784	0.17640
3359.55928	0.17623
3357.63071	0.17617
3355.70215	0.17602
3353.77358	0.17581
3351.84502	0.17553
3349.91646	0.17525
3347.98789	0.17514
3346.05933	0.17525
3344.13076	0.17536
3342.20220	0.17530
3340.27363	0.17514
3338.34507	0.17492
3336.41650	0.17476
3334.48794	0.17462
3332.55937	0.17440
3330.63081	0.17415
3328.70225	0.17399
3326.77368	0.17391
3324.84512	0.17377
3322.91655	0.17357
3320.98799	0.17337
3319.05942	0.17316
3317.13086	0.17286
3315.20229	0.17247
3313.27373	0.17213
3311.34517	0.17199
3309.41660	0.17194
3307.48804	0.17186
3305.55947	0.17183
3303.63091	0.17187
3301.70234	0.17183
3299.77378	0.17166
3297.84521	0.17142
3295.91665	0.17123
3293.98809	0.17115
3292.05952	0.17095
3290.13096	0.17050
3288.20239	0.17014
3286.27383	0.17003
3284.34526	0.16999
3282.41670	0.16982
3280.48813	0.16958
3278.55957	0.16938
3276.63101	0.16929
3274.70244	0.16920
3272.77388	0.16885
3270.84531	0.16828
3268.91675	0.16764
3266.98818	0.16705
3265.05962	0.16668
3263.13105	0.16653
3261.20249	0.16636
3259.27393	0.16607
3257.34536	0.16568
3255.41680	0.16515
3253.48823	0.16450
3251.55967	0.16393
3249.63110	0.16345
3247.70254	0.16288
3245.77397	0.16222
3243.84541	0.16177
3241.91685	0.16146
3239.98828	0.16095
3238.05972	0.16025
3236.13115	0.15964
3234.20259	0.15916
3232.27402	0.15864
3230.34546	0.15800
3228.41689	0.15727
3226.48833	0.15652
3224.55977	0.15584
3222.63120	0.15518
3220.70264	0.15438
3218.77407	0.15343
3216.84551	0.15253
3214.91694	0.15173
3212.98838	0.15097
3211.05981	0.15024
3209.13125	0.14950
3207.20269	0.14865
3205.27412	0.14769
3203.34556	0.14666
3201.41699	0.14564
3199.48843	0.14475
3197.55986	0.14389
3195.63130	0.14279
3193.70273	0.14147
3191.77417	0.14024
3189.84561	0.13926
3187.91704	0.13840
3185.98848	0.13749
3184.05991	0.13631
3182.13135	0.13503
3180.20278	0.13401
3178.27422	0.13313
3176.34565	0.13210
3174.41709	0.13099
3172.48853	0.12995
3170.55996	0.12882
3168.63140	0.12759
3166.70283	0.12642
3164.77427	0.12534
3162.84570	0.12431
3160.91714	0.12325
3158.98857	0.12200
3157.06001	0.12065
3155.13145	0.11947
3153.20288	0.11849
3151.27432	0.11750
3149.34575	0.11644
3147.41719	0.11538
3145.48862	0.11432
3143.56006	0.11315
3141.63149	0.11183
3139.70293	0.11057
3137.77437	0.10953
3135.84580	0.10856
3133.91724	0.10752
3131.98867	0.10644
3130.06011	0.10543
3128.13154	0.10440
3126.20298	0.10338
3124.27441	0.10236
3122.34585	0.10131
3120.41729	0.10033
3118.48872	0.09938
3116.56016	0.09831
3114.63159	0.09718
3112.70303	0.09615
3110.77446	0.09519
3108.84590	0.09417
3106.91733	0.09306
3104.98877	0.09204
3103.06021	0.09112
3101.13164	0.09016
3099.20308	0.08910
3097.27451	0.08797
3095.34595	0.08693
3093.41738	0.08599
3091.48882	0.08502
3089.56025	0.08399
3087.63169	0.08293
3085.70312	0.08188
3083.77456	0.08086
3081.84600	0.07990
3079.91743	0.07894
3077.98887	0.07795
3076.06030	0.07700
3074.13174	0.07612
3072.20317	0.07528
3070.27461	0.07450
3068.34604	0.07363
3066.41748	0.07255
3064.48892	0.07150
3062.56035	0.07070
3060.63179	0.06997
3058.70322	0.06904
3056.77466	0.06799
3054.84609	0.06705
3052.91753	0.06623
3050.98896	0.06543
3049.06040	0.06460
3047.13184	0.06379
3045.20327	0.06306
3043.27471	0.06233
3041.34614	0.06148
3039.41758	0.06061
3037.48901	0.05994
3035.56045	0.05949
3033.63188	0.05907
3031.70332	0.05865
3029.77476	0.05840
3027.84619	0.05832
3025.91763	0.05824
3023.98906	0.05814
3022.06050	0.05806
3020.13193	0.05794
3018.20337	0.05776
3016.27480	0.05761
3014.34624	0.05762
3012.41768	0.05779
3010.48911	0.05808
3008.56055	0.05842
3006.63198	0.05879
3004.70342	0.05926
3002.77485	0.05990
3000.84629	0.06061
2998.91772	0.06131
2996.98916	0.06205
2995.06060	0.06282
2993.13203	0.06378
2991.20347	0.06528
2989.27490	0.06686
2987.34634	0.06755
2985.41777	0.06743
2983.48921	0.06721
2981.56064	0.06725
2979.63208	0.06756
2977.70352	0.06783
2975.77495	0.06779
2973.84639	0.06727
2971.91782	0.06645
2969.98926	0.06605
2968.06069	0.06637
2966.13213	0.06663
2964.20356	0.06637
2962.27500	0.06592
2960.34644	0.06546
2958.41787	0.06485
2956.48931	0.06413
2954.56074	0.06341
2952.63218	0.06281
2950.70361	0.06235
2948.77505	0.06195
2946.84648	0.06168
2944.91792	0.06173
2942.98936	0.06211
2941.06079	0.06253
2939.13223	0.06280
2937.20366	0.06297
2935.27510	0.06303
2933.34653	0.06305
2931.41797	0.06315
2929.48940	0.06339
2927.56084	0.06369
2925.63228	0.06384
2923.70371	0.06379
2921.77515	0.06352
2919.84658	0.06289
2917.91802	0.06187
2915.98945	0.06056
2914.06089	0.05920
2912.13232	0.05792
2910.20376	0.05662
2908.27520	0.05531
2906.34663	0.05431
2904.41807	0.05387
2902.48950	0.05379
2900.56094	0.05324
2898.63237	0.05189
2896.70381	0.05050
2894.77524	0.04973
2892.84668	0.04923
2890.91812	0.04864
2888.98955	0.04808
2887.06099	0.04769
2885.13242	0.04730
2883.20386	0.04668
2881.27529	0.04589
2879.34673	0.04511
2877.41816	0.04440
2875.48960	0.04377
2873.56104	0.04325
2871.63247	0.04266
2869.70391	0.04193
2867.77534	0.04112
2865.84678	0.04021
2863.91821	0.03922
2861.98965	0.03831
2860.06108	0.03756
2858.13252	0.03697
2856.20396	0.03646
2854.27539	0.03597
2852.34683	0.03541
2850.41826	0.03461
2848.48970	0.03357
2846.56113	0.03247
2844.63257	0.03135
2842.70400	0.03021
2840.77544	0.02917
2838.84687	0.02830
2836.91831	0.02757
2834.98975	0.02692
2833.06118	0.02634
2831.13262	0.02587
2829.20405	0.02547
2827.27549	0.02505
2825.34692	0.02463
2823.41836	0.02419
2821.48979	0.02374
2819.56123	0.02333
2817.63267	0.02300
2815.70410	0.02269
2813.77554	0.02243
2811.84697	0.02216
2809.91841	0.02184
2807.98984	0.02149
2806.06128	0.02118
2804.13271	0.02088
2802.20415	0.02064
2800.27559	0.02048
2798.34702	0.02039
2796.41846	0.02033
2794.48989	0.02018
2792.56133	0.01990
2790.63276	0.01957
2788.70420	0.01933
2786.77563	0.01915
2784.84707	0.01904
2782.91851	0.01897
2780.98994	0.01886
2779.06138	0.01867
2777.13281	0.01847
2775.20425	0.01827
2773.27568	0.01808
2771.34712	0.01795
2769.41855	0.01791
2767.48999	0.01788
2765.56143	0.01777
2763.63286	0.01764
2761.70430	0.01757
2759.77573	0.01747
2757.84717	0.01731
2755.91860	0.01713
2753.99004	0.01693
2752.06147	0.01674
2750.13291	0.01665
2748.20435	0.01663
2746.27578	0.01656
2744.34722	0.01643
2742.41865	0.01632
2740.49009	0.01620
2738.56152	0.01603
2736.63296	0.01588
2734.70439	0.01583
2732.77583	0.01579
2730.84727	0.01569
2728.91870	0.01555
2726.99014	0.01541
2725.06157	0.01529
2723.13301	0.01516
2721.20444	0.01501
2719.27588	0.01485
2717.34731	0.01468
2715.41875	0.01453
2713.49019	0.01441
2711.56162	0.01424
2709.63306	0.01408
2707.70449	0.01396
2705.77593	0.01387
2703.84736	0.01378
2701.91880	0.01373
2699.99023	0.01372
2698.06167	0.01368
2696.13311	0.01356
2694.20454	0.01341
2692.27598	0.01334
2690.34741	0.01334
2688.41885	0.01329
2686.49028	0.01320
2684.56172	0.01313
2682.63315	0.01306
2680.70459	0.01296
2678.77603	0.01284
2676.84746	0.01271
2674.91890	0.01259
2672.99033	0.01245
2671.06177	0.01235
2669.13320	0.01232
2667.20464	0.01229
2665.27607	0.01219
2663.34751	0.01202
2661.41895	0.01186
2659.49038	0.01175
2657.56182	0.01163
2655.63325	0.01152
2653.70469	0.01140
2651.77612	0.01124
2649.84756	0.01108
2647.91899	0.01096
2645.99043	0.01080
2644.06187	0.01063
2642.13330	0.01048
2640.20474	0.01039
2638.27617	0.01035
2636.34761	0.01026
2634.41904	0.01013
2632.49048	0.01010
2630.56191	0.01011
2628.63335	0.01001
2626.70479	0.00986
2624.77622	0.00977
2622.84766	0.00974
2620.91909	0.00976
2618.99053	0.00978
2617.06196	0.00977
2615.13340	0.00973
2613.20483	0.00966
2611.27627	0.00958
2609.34771	0.00950
2607.41914	0.00942
2605.49058	0.00933
2603.56201	0.00930
2601.63345	0.00935
2599.70488	0.00933
2597.77632	0.00918
2595.84775	0.00905
2593.91919	0.00896
2591.99062	0.00889
2590.06206	0.00889
2588.13350	0.00898
2586.20493	0.00899
2584.27637	0.00885
2582.34780	0.00871
2580.41924	0.00865
2578.49067	0.00861
2576.56211	0.00854
2574.63354	0.00848
2572.70498	0.00844
2570.77642	0.00842
2568.84785	0.00842
2566.91929	0.00842
2564.99072	0.00845
2563.06216	0.00853
2561.13359	0.00857
2559.20503	0.00852
2557.27646	0.00845
2555.34790	0.00841
2553.41934	0.00845
2551.49077	0.00859
2549.56221	0.00871
2547.63364	0.00867
2545.70508	0.00847
2543.77651	0.00831
2541.84795	0.00830
2539.91938	0.00842
2537.99082	0.00858
2536.06226	0.00873
2534.13369	0.00888
2532.20513	0.00905
2530.27656	0.00919
2528.34800	0.00930
2526.41943	0.00942
2524.49087	0.00951
2522.56230	0.00954
2520.63374	0.00958
2518.70518	0.00967
2516.77661	0.00980
2514.84805	0.00989
2512.91948	0.00991
2510.99092	0.00987
2509.06235	0.00987
2507.13379	0.00992
2505.20522	0.00994
2503.27666	0.00986
2501.34810	0.00972
2499.41953	0.00961
2497.49097	0.00952
2495.56240	0.00944
2493.63384	0.00936
2491.70527	0.00931
2489.77671	0.00922
2487.84814	0.00911
2485.91958	0.00903
2483.99102	0.00899
2482.06245	0.00897
2480.13389	0.00894
2478.20532	0.00895
2476.27676	0.00898
2474.34819	0.00900
2472.41963	0.00896
2470.49106	0.00885
2468.56250	0.00875
2466.63394	0.00868
2464.70537	0.00865
2462.77681	0.00864
2460.84824	0.00854
2458.91968	0.00833
2456.99111	0.00814
2455.06255	0.00803
2453.13398	0.00796
2451.20542	0.00798
2449.27686	0.00807
2447.34829	0.00814
2445.41973	0.00816
2443.49116	0.00820
2441.56260	0.00821
2439.63403	0.00809
2437.70547	0.00794
2435.77690	0.00795
2433.84834	0.00809
2431.91978	0.00824
2429.99121	0.00828
2428.06265	0.00819
2426.13408	0.00808
2424.20552	0.00808
2422.27695	0.00819
2420.34839	0.00822
2418.41982	0.00814
2416.49126	0.00812
2414.56270	0.00824
2412.63413	0.00829
2410.70557	0.00825
2408.77700	0.00832
2406.84844	0.00847
2404.91987	0.00855
2402.99131	0.00854
2401.06274	0.00848
2399.13418	0.00715
2397.20562	0.00692
2395.27705	0.00741
2393.34849	0.00802
2391.41992	0.00865
2389.49136	0.00927
2387.56279	0.00991
2385.63423	0.01065
2383.70566	0.01141
2381.77710	0.01198
2379.84854	0.01220
2377.91997	0.01193
2375.99141	0.01129
2374.06284	0.01059
2372.13428	0.01012
2370.20571	0.01005
2368.27715	0.00923
2366.34858	0.00855
2364.42002	0.00936
2362.49146	0.00887
2360.56289	0.00970
2358.63433	0.01183
2356.70576	0.00951
2354.77720	0.01307
2352.84863	0.01601
2350.92007	0.01578
2348.99150	0.01563
2347.06294	0.01302
2345.13437	0.00984
2343.20581	0.01127
2341.27725	0.01684
2339.34868	0.01847
2337.42012	0.01566
2335.49155	0.01083
2333.56299	0.00771
2331.63442	0.00718
2329.70586	0.00795
2327.77729	0.00929
2325.84873	0.00937
2323.92017	0.00846
2321.99160	0.00790
2320.06304	0.00764
2318.13447	0.00784
2316.20591	0.00835
2314.27734	0.00895
2312.34878	0.00977
2310.42021	0.01065
2308.49165	0.01114
2306.56309	0.01142
2304.63452	0.01141
2302.70596	0.01116
2300.77739	0.01088
2298.84883	0.01045
2296.92026	0.00992
2294.99170	0.00956
2293.06313	0.00938
2291.13457	0.00908
2289.20601	0.00882
2287.27744	0.00860
2285.34888	0.00830
2283.42031	0.00802
2281.49175	0.00781
2279.56318	0.00778
2277.63462	0.00794
2275.70605	0.00821
2273.77749	0.00838
2271.84893	0.00842
2269.92036	0.00845
2267.99180	0.00858
2266.06323	0.00884
2264.13467	0.00907
2262.20610	0.00921
2260.27754	0.00940
2258.34897	0.00960
2256.42041	0.00963
2254.49185	0.00971
2252.56328	0.01009
2250.63472	0.01038
2248.70615	0.00964
2246.77759	0.00959
2244.84902	0.00956
2242.92046	0.00954
2240.99189	0.00947
2239.06333	0.00942
2237.13477	0.00958
2235.20620	0.00992
2233.27764	0.01012
2231.34907	0.00996
2229.42051	0.00965
2227.49194	0.00945
2225.56338	0.00942
2223.63481	0.00956
2221.70625	0.00968
2219.77769	0.00974
2217.84912	0.00984
2215.92056	0.00991
2213.99199	0.00974
2212.06343	0.00953
2210.13486	0.00963
2208.20630	0.01004
2206.27773	0.01049
2204.34917	0.01083
2202.42061	0.01097
2200.49204	0.01081
2198.56348	0.01067
2196.63491	0.01082
2194.70635	0.01089
2192.77778	0.01072
2190.84922	0.01070
2188.92065	0.01095
2186.99209	0.01116
2185.06353	0.01133
2183.13496	0.01173
2181.20640	0.01190
2179.27783	0.01141
2177.34927	0.01101
2175.42070	0.01131
2173.49214	0.01173
2171.56357	0.01174
2169.63501	0.01144
2167.70645	0.01117
2165.77788	0.01129
2163.84932	0.01177
2161.92075	0.01233
2159.99219	0.01305
2158.06362	0.01374
2156.13506	0.01380
2154.20649	0.01346
2152.27793	0.01334
2150.34937	0.01351
2148.42080	0.01367
2146.49224	0.01372
2144.56367	0.01375
2142.63511	0.01375
2140.70654	0.01370
2138.77798	0.01378
2136.84941	0.01403
2134.92085	0.01413
2132.99229	0.01385
2131.06372	0.01355
2129.13516	0.01350
2127.20659	0.01347
2125.27803	0.01335
2123.34946	0.01333
2121.42090	0.01339
2119.49233	0.01332
2117.56377	0.01311
2115.63521	0.01288
2113.70664	0.01272
2111.77808	0.01277
2109.84951	0.01282
2107.92095	0.01265
2105.99238	0.01247
2104.06382	0.01250
2102.13525	0.01255
2100.20669	0.01263
2098.27812	0.01275
2096.34956	0.01277
2094.42100	0.01263
2092.49243	0.01254
2090.56387	0.01253
2088.63530	0.01244
2086.70674	0.01221
2084.77817	0.01196
2082.84961	0.01189
2080.92104	0.01194
2078.99248	0.01186
2077.06392	0.01162
2075.13535	0.01142
2073.20679	0.01140
2071.27822	0.01144
2069.34966	0.01130
2067.42109	0.01103
2065.49253	0.01086
2063.56396	0.01098
2061.63540	0.01113
2059.70684	0.01111
2057.77827	0.01092
2055.84971	0.01054
2053.92114	0.01002
2051.99258	0.00968
2050.06401	0.00976
2048.13545	0.01015
2046.20688	0.01045
2044.27832	0.01044
2042.34976	0.01021
2040.42119	0.01017
2038.49263	0.01023
2036.56406	0.01004
2034.63550	0.00986
2032.70693	0.00993
2030.77837	0.01011
2028.84980	0.01015
2026.92124	0.00993
2024.99268	0.00984
2023.06411	0.01022
2021.13555	0.01056
2019.20698	0.01036
2017.27842	0.00999
2015.34985	0.00979
2013.42129	0.00954
2011.49272	0.00925
2009.56416	0.00930
2007.63560	0.00961
2005.70703	0.00970
2003.77847	0.00941
2001.84990	0.00906
1999.92134	0.00882
1997.99277	0.00879
1996.06421	0.00906
1994.13564	0.00927
1992.20708	0.00922
1990.27852	0.00924
1988.34995	0.00918
1986.42139	0.00892
1984.49282	0.00845
1982.56426	0.00788
1980.63569	0.00765
1978.70713	0.00793
1976.77856	0.00840
1974.85000	0.00860
1972.92144	0.00857
1970.99287	0.00858
1969.06431	0.00850
1967.13574	0.00835
1965.20718	0.00837
1963.27861	0.00838
1961.35005	0.00843
1959.42148	0.00877
1957.49292	0.00907
1955.56436	0.00897
1953.63579	0.00871
1951.70723	0.00866
1949.77866	0.00878
1947.85010	0.00889
1945.92153	0.00891
1943.99297	0.00880
1942.06440	0.00889
1940.13584	0.00925
1938.20728	0.00928
1936.27871	0.00899
1934.35015	0.00876
1932.42158	0.00874
1930.49302	0.00888
1928.56445	0.00903
1926.63589	0.00913
1924.70732	0.00899
1922.77876	0.00886
1920.85020	0.00891
1918.92163	0.00866
1916.99307	0.00862
1915.06450	0.00885
1913.13594	0.00879
1911.20737	0.00862
1909.27881	0.00864
1907.35024	0.00889
1905.42168	0.00898
1903.49312	0.00879
1901.56455	0.00859
1899.63599	0.00854
1897.70742	0.00855
1895.77886	0.00858
1893.85029	0.00882
1891.92173	0.00885
1889.99316	0.00860
1888.06460	0.00881
1886.13604	0.00912
1884.20747	0.00906
1882.27891	0.00896
1880.35034	0.00889
1878.42178	0.00884
1876.49321	0.00891
1874.56465	0.00917
1872.63608	0.00946
1870.70752	0.00932
1868.77896	0.00911
1866.85039	0.00946
1864.92183	0.00979
1862.99326	0.00981
1861.06470	0.00975
1859.13613	0.00967
1857.20757	0.00952
1855.27900	0.00944
1853.35044	0.00954
1851.42187	0.00975
1849.49331	0.01000
1847.56475	0.01014
1845.63618	0.00983
1843.70762	0.00973
1841.77905	0.01040
1839.85049	0.01074
1837.92192	0.01064
1835.99336	0.01080
1834.06479	0.01115
1832.13623	0.01107
1830.20767	0.01084
1828.27910	0.01125
1826.35054	0.01150
1824.42197	0.01149
1822.49341	0.01180
1820.56484	0.01208
1818.63628	0.01221
1816.70771	0.01244
1814.77915	0.01272
1812.85059	0.01276
1810.92202	0.01277
1808.99346	0.01312
1807.06489	0.01358
1805.13633	0.01395
1803.20776	0.01419
1801.27920	0.01443
1799.35063	0.01507
1797.42207	0.01588
1795.49351	0.01614
1793.56494	0.01567
1791.63638	0.01559
1789.70781	0.01634
1787.77925	0.01669
1785.85068	0.01650
1783.92212	0.01659
1781.99355	0.01687
1780.06499	0.01727
1778.13643	0.01797
1776.20786	0.01838
1774.27930	0.01825
1772.35073	0.01869
1770.42217	0.02066
1768.49360	0.02310
1766.56504	0.02575
1764.63647	0.02875
1762.70791	0.03249
1760.77935	0.03825
1758.85078	0.04543
1756.92222	0.05358
1754.99365	0.06317
1753.06509	0.07374
1751.13652	0.08660
1749.20796	0.10242
1747.27939	0.11863
1745.35083	0.13366
1743.42227	0.14816
1741.49370	0.16301
1739.56514	0.17847
1737.63657	0.19292
1735.70801	0.20552
1733.77944	0.21897
1731.85088	0.23122
1729.92231	0.23729
1727.99375	0.23827
1726.06519	0.23596
1724.13662	0.23074
1722.20806	0.22353
1720.27949	0.21386
1718.35093	0.20076
1716.42236	0.18663
1714.49380	0.17420
1712.56523	0.16321
1710.63667	0.15270
1708.70811	0.14226
1706.77954	0.13222
1704.85098	0.12416
1702.92241	0.11777
1700.99385	0.11136
1699.06528	0.10693
1697.13672	0.10401
1695.20815	0.10172
1693.27959	0.10083
1691.35103	0.09968
1689.42246	0.09843
1687.49390	0.09743
1685.56533	0.09567
1683.63677	0.09536
1681.70820	0.09747
1679.77964	0.09903
1677.85107	0.09945
1675.92251	0.10002
1673.99395	0.10212
1672.06538	0.10434
1670.13682	0.10591
1668.20825	0.10876
1666.27969	0.11203
1664.35112	0.11404
1662.42256	0.11627
1660.49399	0.11973
1658.56543	0.12291
1656.63687	0.12446
1654.70830	0.12438
1652.77974	0.12636
1650.85117	0.13112
1648.92261	0.13283
1646.99404	0.13232
1645.06548	0.13363
1643.13691	0.13537
1641.20835	0.13595
1639.27979	0.13559
1637.35122	0.13401
1635.42266	0.13265
1633.49409	0.13303
1631.56553	0.13265
1629.63696	0.13034
1627.70840	0.12747
1625.77983	0.12446
1623.85127	0.12085
1621.92271	0.11783
1619.99414	0.11496
1618.06558	0.11031
1616.13701	0.10562
1614.20845	0.10271
1612.27988	0.09982
1610.35132	0.09623
1608.42275	0.09285
1606.49419	0.08997
1604.56562	0.08722
1602.63706	0.08454
1600.70850	0.08215
1598.77993	0.08001
1596.85137	0.07791
1594.92280	0.07597
1592.99424	0.07435
1591.06567	0.07289
1589.13711	0.07151
1587.20854	0.07029
1585.27998	0.06926
1583.35142	0.06856
1581.42285	0.06825
1579.49429	0.06774
1577.56572	0.06634
1575.63716	0.06575
1573.70859	0.06678
1571.78003	0.06668
1569.85146	0.06560
1567.92290	0.06582
1565.99434	0.06665
1564.06577	0.06743
1562.13721	0.06728
1560.20864	0.06522
1558.28008	0.06501
1556.35151	0.06759
1554.42295	0.06876
1552.49438	0.06875
1550.56582	0.06873
1548.63726	0.06924
1546.70869	0.06984
1544.78013	0.06987
1542.85156	0.06938
1540.92300	0.06841
1538.99443	0.06920
1537.06587	0.07119
1535.13730	0.07109
1533.20874	0.07038
1531.28018	0.07135
1529.35161	0.07215
1527.42305	0.07225
1525.49448	0.07274
1523.56592	0.07305
1521.63735	0.07327
1519.70879	0.07454
1517.78022	0.07542
1515.85166	0.07603
1513.92310	0.07715
1511.99453	0.07814
1510.06597	0.07829
1508.13740	0.07718
1506.20884	0.07750
1504.28027	0.08042
1502.35171	0.08227
1500.42314	0.08239
1498.49458	0.08247
1496.56602	0.08371
1494.63745	0.08596
1492.70889	0.08735
1490.78032	0.08759
1488.85176	0.08860
1486.92319	0.09056
1484.99463	0.09239
1483.06606	0.09376
1481.13750	0.09527
1479.20894	0.09719
1477.28037	0.09898
1475.35181	0.10048
1473.42324	0.10205
1471.49468	0.10475
1469.56611	0.10782
1467.63755	0.10947
1465.70898	0.11047
1463.78042	0.11284
1461.85186	0.11576
1459.92329	0.11723
1457.99473	0.11832
1456.06616	0.12187
1454.13760	0.12629
1452.20903	0.12910
1450.28047	0.13093
1448.35190	0.13306
1446.42334	0.13607
1444.49478	0.13946
1442.56621	0.14272
1440.63765	0.14584
1438.70908	0.14827
1436.78052	0.15066
1434.85195	0.15396
1432.92339	0.15628
1430.99482	0.15689
1429.06626	0.15706
1427.13770	0.15688
1425.20913	0.15586
1423.28057	0.15455
1421.35200	0.15275
1419.42344	0.15033
1417.49487	0.14879
1415.56631	0.14780
1413.63774	0.14632
1411.70918	0.14466
1409.78062	0.14327
1407.85205	0.14188
1405.92349	0.14021
1403.99492	0.13881
1402.06636	0.13776
1400.13779	0.13677
1398.20923	0.13680
1396.28066	0.13817
1394.35210	0.14017
1392.42354	0.14217
1390.49497	0.14388
1388.56641	0.14655
1386.63784	0.15196
1384.70928	0.15973
1382.78071	0.16855
1380.85215	0.17842
1378.92358	0.18926
1376.99502	0.20012
1375.06646	0.20996
1373.13789	0.21777
1371.20933	0.22171
1369.28076	0.22081
1367.35220	0.21599
1365.42363	0.20825
1363.49507	0.19788
1361.56650	0.18559
1359.63794	0.17214
1357.70937	0.15773
1355.78081	0.14305
1353.85225	0.12959
1351.92368	0.11845
1349.99512	0.10973
1348.06655	0.10321
1346.13799	0.09855
1344.20942	0.09534
1342.28086	0.09294
1340.35229	0.09090
1338.42373	0.08945
1336.49517	0.08857
1334.56660	0.08782
1332.63804	0.08717
1330.70947	0.08675
1328.78091	0.08657
1326.85234	0.08656
1324.92378	0.08663
1322.99521	0.08672
1321.06665	0.08666
1319.13809	0.08651
1317.20952	0.08639
1315.28096	0.08613
1313.35239	0.08569
1311.42383	0.08535
1309.49526	0.08511
1307.56670	0.08492
1305.63813	0.08490
1303.70957	0.08506
1301.78101	0.08548
1299.85244	0.08627
1297.92388	0.08745
1295.99531	0.08901
1294.06675	0.09098
1292.13818	0.09344
1290.20962	0.09642
1288.28105	0.09997
1286.35249	0.10417
1284.42393	0.10904
1282.49536	0.11454
1280.56680	0.12074
1278.63823	0.12768
1276.70967	0.13531
1274.78110	0.14353
1272.85254	0.15229
1270.92397	0.16167
1268.99541	0.17172
1267.06685	0.18232
1265.13828	0.19331
1263.20972	0.20451
1261.28115	0.21579
1259.35259	0.22710
1257.42402	0.23833
1255.49546	0.24958
1253.56689	0.26111
1251.63833	0.27298
1249.70977	0.28498
1247.78120	0.29685
1245.85264	0.30865
1243.92407	0.32043
1241.99551	0.33167
1240.06694	0.34171
1238.13838	0.35069
1236.20981	0.35905
1234.28125	0.36663
1232.35269	0.37310
1230.42412	0.37839
1228.49556	0.38248
1226.56699	0.38517
1224.63843	0.38602
1222.70986	0.38385
1220.78130	0.37685
1218.85273	0.36504
1216.92417	0.35117
1214.99561	0.33715
1213.06704	0.32204
1211.13848	0.30488
1209.20991	0.28629
1207.28135	0.26736
1205.35278	0.24905
1203.42422	0.23210
1201.49565	0.21682
1199.56709	0.20312
1197.63853	0.19093
1195.70996	0.18014
1193.78140	0.17062
1191.85283	0.16230
1189.92427	0.15515
1187.99570	0.14912
1186.06714	0.14411
1184.13857	0.13999
1182.21001	0.13664
1180.28145	0.13397
1178.35288	0.13188
1176.42432	0.13032
1174.49575	0.12924
1172.56719	0.12855
1170.63862	0.12821
1168.71006	0.12821
1166.78149	0.12842
1164.85293	0.12873
1162.92437	0.12903
1160.99580	0.12922
1159.06724	0.12923
1157.13867	0.12918
1155.21011	0.12921
1153.28154	0.12932
1151.35298	0.12968
1149.42441	0.13045
1147.49585	0.13161
1145.56729	0.13315
1143.63872	0.13533
1141.71016	0.13828
1139.78159	0.14196
1137.85303	0.14631
1135.92446	0.15118
1133.99590	0.15632
1132.06733	0.16149
1130.13877	0.16640
1128.21021	0.17078
1126.28164	0.17444
1124.35308	0.17733
1122.42451	0.17946
1120.49595	0.18090
1118.56738	0.18191
1116.63882	0.18281
1114.71025	0.18365
1112.78169	0.18439
1110.85312	0.18518
1108.92456	0.18612
1106.99600	0.18710
1105.06743	0.18815
1103.13887	0.18938
1101.21030	0.19079
1099.28174	0.19236
1097.35317	0.19409
1095.42461	0.19614
1093.49604	0.19891
1091.56748	0.20268
1089.63892	0.20724
1087.71035	0.21233
1085.78179	0.21822
1083.85322	0.22467
1081.92466	0.23003
1079.99609	0.23345
1078.06753	0.23596
1076.13896	0.23831
1074.21040	0.24032
1072.28184	0.24197
1070.35327	0.24402
1068.42471	0.24722
1066.49614	0.25051
1064.56758	0.25237
1062.63901	0.25397
1060.71045	0.25762
1058.78188	0.26340
1056.85332	0.26985
1054.92476	0.27645
1052.99619	0.28367
1051.06763	0.29133
1049.13906	0.29875
1047.21050	0.30546
1045.28193	0.31116
1043.35337	0.31587
1041.42480	0.31990
1039.49624	0.32388
1037.56768	0.32821
1035.63911	0.33272
1033.71055	0.33756
1031.78198	0.34352
1029.85342	0.35104
1027.92485	0.35913
1025.99629	0.36614
1024.06772	0.37183
1022.13916	0.37624
1020.21060	0.37787
1018.28203	0.37498
1016.35347	0.36702
1014.42490	0.35464
1012.49634	0.33927
1010.56777	0.32254
1008.63921	0.30594
1006.71064	0.29044
1004.78208	0.27639
1002.85352	0.26385
1000.92495	0.25275
998.99639	0.24304
997.06782	0.23457
995.13926	0.22721
993.21069	0.22078
991.28213	0.21505
989.35356	0.20979
987.42500	0.20479
985.49644	0.20000
983.56787	0.19545
981.63931	0.19108
979.71074	0.18687
977.78218	0.18287
975.85361	0.17913
973.92505	0.17563
971.99648	0.17244
970.06792	0.16963
968.13936	0.16729
966.21079	0.16557
964.28223	0.16446
962.35366	0.16390
960.42510	0.16403
958.49653	0.16515
956.56797	0.16752
954.63940	0.17138
952.71084	0.17654
950.78228	0.18210
948.85371	0.18678
946.92515	0.18946
944.99658	0.18967
943.06802	0.18780
941.13945	0.18470
939.21089	0.18114
937.28232	0.17751
935.35376	0.17385
933.42520	0.17027
931.49663	0.16699
929.56807	0.16420
927.63950	0.16197
925.71094	0.16026
923.78237	0.15911
921.85381	0.15860
919.92524	0.15858
917.99668	0.15890
916.06812	0.15964
914.13955	0.16080
912.21099	0.16227
910.28242	0.16390
908.35386	0.16555
906.42529	0.16700
904.49673	0.16813
902.56816	0.16884
900.63960	0.16897
898.71104	0.16834
896.78247	0.16691
894.85391	0.16489
892.92534	0.16260
890.99678	0.16020
889.06821	0.15806
887.13965	0.15722
885.21108	0.15839
883.28252	0.16122
881.35396	0.16530
879.42539	0.17061
877.49683	0.17663
875.56826	0.18261
873.63970	0.18705
871.71113	0.18711
869.78257	0.18186
867.85400	0.17476
865.92544	0.16967
863.99687	0.16707
862.06831	0.16557
860.13975	0.16419
858.21118	0.16275
856.28262	0.16130
854.35405	0.15987
852.42549	0.15876
850.49692	0.15845
848.56836	0.15875
846.63979	0.15888
844.71123	0.15864
842.78267	0.15857
840.85410	0.15874
838.92554	0.15881
836.99697	0.15868
835.06841	0.15848
833.13984	0.15834
831.21128	0.15822
829.28271	0.15803
827.35415	0.15778
825.42559	0.15758
823.49702	0.15741
821.56846	0.15734
819.63989	0.15726
817.71133	0.15698
815.78276	0.15650
813.85420	0.15578
811.92563	0.15480
809.99707	0.15372
808.06851	0.15280
806.13994	0.15196
804.21138	0.15109
802.28281	0.15030
800.35425	0.14958
798.42568	0.14865
796.49712	0.14711
794.56855	0.14474
792.63999	0.14158
790.71143	0.13776
788.78286	0.13359
786.85430	0.12977
784.92573	0.12718
782.99717	0.12611
781.06860	0.12610
779.14004	0.12680
777.21147	0.12840
775.28291	0.13079
773.35435	0.13330
771.42578	0.13557
769.49722	0.13789
767.56865	0.14045
765.64009	0.14311
763.71152	0.14570
761.78296	0.14832
759.85439	0.15124
757.92583	0.15454
755.99727	0.15799
754.06870	0.16136
752.14014	0.16437
750.21157	0.16676
748.28301	0.16875
746.35444	0.17080
744.42588	0.17289
742.49731	0.17482
740.56875	0.17670
738.64019	0.17851
736.71162	0.18011
734.78306	0.18171
732.85449	0.18352
730.92593	0.18542
728.99736	0.18729
727.06880	0.18907
725.14023	0.19070
723.21167	0.19248
721.28311	0.19384
719.35454	0.19575
717.42598	0.19924
715.49741	0.20517
713.56885	0.21266
711.64028	0.21785
709.71172	0.21869
707.78315	0.21745
705.85459	0.21676
703.92603	0.21751
701.99746	0.21982
700.06890	0.22287
698.14033	0.22521
696.21177	0.22653
694.28320	0.22785
692.35464	0.22972
690.42607	0.23159
688.49751	0.23276
686.56895	0.23369
684.64038	0.23505
682.71182	0.23706
680.78325	0.23910
678.85469	0.24054
676.92612	0.24209
674.99756	0.24445
673.06899	0.24660
671.14043	0.24555
669.21187	0.24221
667.28330	0.24709
665.35474	0.25210
663.42617	0.25699
661.49761	0.26014
659.56904	0.26172
657.64048	0.26245
655.71191	0.26363
653.78335	0.26559
651.85479	0.26699
649.92622	0.26773
647.99766	0.26916
646.06909	0.27119
644.14053	0.27259
642.21196	0.27322
640.28340	0.27346
638.35483	0.27266
636.42627	0.27009
634.49771	0.26633
632.56914	0.26297
630.64058	0.26193
628.71201	0.26437
626.78345	0.26982
624.85488	0.27589
622.92632	0.28151
620.99775	0.28657
619.06919	0.29114
617.14062	0.29569
615.21206	0.30107
613.28350	0.30885
611.35493	0.32012
609.42637	0.33382
607.49780	0.34724
605.56924	0.35787
603.64067	0.36328
601.71211	0.36184
599.78354	0.35544
