3997.91411	0.03290
3995.98555	0.03298
3994.05698	0.03302
3992.12842	0.03299
3990.19985	0.03291
3988.27129	0.03282
3986.34272	0.03279
3984.41416	0.03272
3982.48560	0.03256
3980.55703	0.03250
3978.62847	0.03262
3976.69990	0.03276
3974.77134	0.03275
3972.84277	0.03267
3970.91421	0.03266
3968.98564	0.03270
3967.05708	0.03268
3965.12852	0.03262
3963.19995	0.03255
3961.27139	0.03249
3959.34282	0.03244
3957.41426	0.03245
3955.48569	0.03247
3953.55713	0.03240
3951.62856	0.03232
3949.70000	0.03231
3947.77144	0.03237
3945.84287	0.03243
3943.91431	0.03244
3941.98574	0.03235
3940.05718	0.03214
3938.12861	0.03189
3936.20005	0.03177
3934.27148	0.03180
3932.34292	0.03180
3930.41436	0.03162
3928.48579	0.03143
3926.55723	0.03146
3924.62866	0.03162
3922.70010	0.03167
3920.77153	0.03158
3918.84297	0.03148
3916.91440	0.03141
3914.98584	0.03132
3913.05728	0.03122
3911.12871	0.03110
3909.20015	0.03095
3907.27158	0.03080
3905.34302	0.03073
3903.41445	0.03086
3901.48589	0.03106
3899.55732	0.03111
3897.62876	0.03096
3895.70020	0.03077
3893.77163	0.03063
3891.84307	0.03055
3889.91450	0.03048
3887.98594	0.03038
3886.05737	0.03033
3884.12881	0.03038
3882.20024	0.03040
3880.27168	0.03033
3878.34312	0.03012
3876.41455	0.02981
3874.48599	0.02957
3872.55742	0.02949
3870.62886	0.02952
3868.70029	0.02962
3866.77173	0.02966
3864.84316	0.02960
3862.91460	0.02951
3860.98604	0.02945
3859.05747	0.02927
3857.12891	0.02877
3855.20034	0.02816
3853.27178	0.02812
3851.34321	0.02869
3849.41465	0.02915
3847.48608	0.02928
3845.55752	0.02920
3843.62896	0.02901
3841.70039	0.02871
3839.77183	0.02837
3837.84326	0.02814
3835.91470	0.02816
3833.98613	0.02835
3832.05757	0.02856
3830.12900	0.02866
3828.20044	0.02859
3826.27187	0.02838
3824.34331	0.02803
3822.41475	0.02764
3820.48618	0.02744
3818.55762	0.02749
3816.62905	0.02773
3814.70049	0.02811
3812.77192	0.02832
3810.84336	0.02820
3808.91479	0.02798
3806.98623	0.02790
3805.05767	0.02786
3803.12910	0.02775
3801.20054	0.02778
3799.27197	0.02795
3797.34341	0.02803
3795.41484	0.02800
3793.48628	0.02799
3791.55771	0.02799
3789.62915	0.02798
3787.70059	0.02796
3785.77202	0.02798
3783.84346	0.02801
3781.91489	0.02796
3779.98633	0.02785
3778.05776	0.02778
3776.12920	0.02777
3774.20063	0.02771
3772.27207	0.02757
3770.34351	0.02744
3768.41494	0.02737
3766.48638	0.02729
3764.55781	0.02719
3762.62925	0.02710
3760.70068	0.02703
3758.77212	0.02696
3756.84355	0.02684
3754.91499	0.02670
3752.98643	0.02652
3751.05786	0.02639
3749.12930	0.02644
3747.20073	0.02662
3745.27217	0.02682
3743.34360	0.02706
3741.41504	0.02719
3739.48647	0.02724
3737.55791	0.02739
3735.62935	0.02755
3733.70078	0.02751
3731.77222	0.02756
3729.84365	0.02794
3727.91509	0.02849
3725.98652	0.02882
3724.05796	0.02889
3722.12939	0.02885
3720.20083	0.02888
3718.27227	0.02904
3716.34370	0.02918
3714.41514	0.02934
3712.48657	0.02974
3710.55801	0.03070
3708.62944	0.03194
3706.70088	0.03323
3704.77231	0.03468
3702.84375	0.03659
3700.91519	0.03908
3698.98662	0.04171
3697.05806	0.04416
3695.12949	0.04631
3693.20093	0.04795
3691.27236	0.04899
3689.34380	0.04942
3687.41523	0.04951
3685.48667	0.04953
3683.55811	0.04945
3681.62954	0.04925
3679.70098	0.04922
3677.77241	0.04967
3675.84385	0.05065
3673.91528	0.05174
3671.98672	0.05278
3670.05815	0.05416
3668.12959	0.05582
3666.20103	0.05724
3664.27246	0.05845
3662.34390	0.05963
3660.41533	0.06083
3658.48677	0.06214
3656.55820	0.06370
3654.62964	0.06530
3652.70107	0.06668
3650.77251	0.06808
3648.84395	0.06970
3646.91538	0.07117
3644.98682	0.07229
3643.05825	0.07330
3641.12969	0.07443
3639.20112	0.07563
3637.27256	0.07682
3635.34399	0.07800
3633.41543	0.07918
3631.48687	0.08046
3629.55830	0.08223
3627.62974	0.08447
3625.70117	0.08654
3623.77261	0.08859
3621.84404	0.09109
3619.91548	0.09374
3617.98691	0.09563
3616.05835	0.09641
3614.12979	0.09683
3612.20122	0.09752
3610.27266	0.09860
3608.34409	0.10006
3606.41553	0.10164
3604.48696	0.10307
3602.55840	0.10450
3600.62983	0.10609
3598.70127	0.10770
3596.77271	0.10923
3594.84414	0.11073
3592.91558	0.11211
3590.98701	0.11339
3589.05845	0.11490
3587.12988	0.11678
3585.20132	0.11870
3583.27275	0.12048
3581.34419	0.12230
3579.41562	0.12409
3577.48706	0.12566
3575.55850	0.12713
3573.62993	0.12885
3571.70137	0.13088
3569.77280	0.13301
3567.84424	0.13518
3565.91567	0.13728
3563.98711	0.13904
3562.05854	0.14056
3560.12998	0.14217
3558.20142	0.14401
3556.27285	0.14605
3554.34429	0.14808
3552.41572	0.14991
3550.48716	0.15157
3548.55859	0.15341
3546.63003	0.15561
3544.70146	0.15785
3542.77290	0.15968
3540.84434	0.16133
3538.91577	0.16331
3536.98721	0.16560
3535.05864	0.16770
3533.13008	0.16947
3531.20151	0.17123
3529.27295	0.17326
3527.34438	0.17561
3525.41582	0.17809
3523.48726	0.18040
3521.55869	0.18241
3519.63013	0.18423
3517.70156	0.18601
3515.77300	0.18792
3513.84443	0.19006
3511.91587	0.19230
3509.98730	0.19435
3508.05874	0.19623
3506.13018	0.19831
3504.20161	0.20076
3502.27305	0.20321
3500.34448	0.20532
3498.41592	0.20734
3496.48735	0.20946
3494.55879	0.21161
3492.63022	0.21378
3490.70166	0.21604
3488.77310	0.21828
3486.84453	0.22029
3484.91597	0.22212
3482.98740	0.22420
3481.05884	0.22671
3479.13027	0.22930
3477.20171	0.23176
3475.27314	0.23414
3473.34458	0.23646
3471.41602	0.23897
3469.48745	0.24170
3467.55889	0.24415
3465.63032	0.24604
3463.70176	0.24784
3461.77319	0.25007
3459.84463	0.25252
3457.91606	0.25474
3455.98750	0.25687
3454.05894	0.25918
3452.13037	0.26165
3450.20181	0.26413
3448.27324	0.26664
3446.34468	0.26919
3444.41611	0.27157
3442.48755	0.27380
3440.55898	0.27625
3438.63042	0.27908
3436.70186	0.28196
3434.77329	0.28443
3432.84473	0.28678
3430.91616	0.28950
3428.98760	0.29234
3427.05903	0.29472
3425.13047	0.29674
3423.20190	0.29897
3421.27334	0.30150
3419.34478	0.30412
3417.41621	0.30669
3415.48765	0.30913
3413.55908	0.31147
3411.63052	0.31384
3409.70195	0.31634
3407.77339	0.31860
3405.84482	0.32038
3403.91626	0.32224
3401.98770	0.32456
3400.05913	0.32683
3398.13057	0.32847
3396.20200	0.32993
3394.27344	0.33171
3392.34487	0.33381
3390.41631	0.33557
3388.48774	0.33681
3386.55918	0.33789
3384.63062	0.33907
3382.70205	0.34056
3380.77349	0.34247
3378.84492	0.34459
3376.91636	0.34659
3374.98779	0.34828
3373.05923	0.35000
3371.13066	0.35204
3369.20210	0.35399
3367.27354	0.35554
3365.34497	0.35693
3363.41641	0.35834
3361.48784	0.35963
3359.55928	0.36078
3357.63071	0.36220
3355.70215	0.36409
3353.77358	0.36612
3351.84502	0.36792
3349.91646	0.36931
3347.98789	0.37056
3346.05933	0.37229
3344.13076	0.37433
3342.20220	0.37589
3340.27363	0.37689
3338.34507	0.37762
3336.41650	0.37790
3334.48794	0.37792
3332.55937	0.37797
3330.63081	0.37777
3328.70225	0.37725
3326.77368	0.37671
3324.84512	0.37610
3322.91655	0.37532
3320.98799	0.37439
3319.05942	0.37346
3317.13086	0.37285
3315.20229	0.37262
3313.27373	0.37242
3311.34517	0.37210
3309.41660	0.37198
3307.48804	0.37233
3305.55947	0.37283
3303.63091	0.37307
3301.70234	0.37303
3299.77378	0.37294
3297.84521	0.37315
3295.91665	0.37365
3293.98809	0.37405
3292.05952	0.37406
3290.13096	0.37368
3288.20239	0.37317
3286.27383	0.37279
3284.34526	0.37265
3282.41670	0.37268
3280.48813	0.37268
3278.55957	0.37254
3276.63101	0.37231
3274.70244	0.37196
3272.77388	0.37138
3270.84531	0.37052
3268.91675	0.36924
3266.98818	0.36764
3265.05962	0.36618
3263.13105	0.36491
3261.20249	0.36353
3259.27393	0.36206
3257.34536	0.36078
3255.41680	0.35966
3253.48823	0.35833
3251.55967	0.35655
3249.63110	0.35474
3247.70254	0.35335
3245.77397	0.35220
3243.84541	0.35083
3241.91685	0.34931
3239.98828	0.34790
3238.05972	0.34661
3236.13115	0.34534
3234.20259	0.34396
3232.27402	0.34243
3230.34546	0.34080
3228.41689	0.33909
3226.48833	0.33736
3224.55977	0.33560
3222.63120	0.33381
3220.70264	0.33218
3218.77407	0.33068
3216.84551	0.32900
3214.91694	0.32721
3212.98838	0.32558
3211.05981	0.32391
3209.13125	0.32199
3207.20269	0.31994
3205.27412	0.31789
3203.34556	0.31593
3201.41699	0.31407
3199.48843	0.31208
3197.55986	0.30989
3195.63130	0.30778
3193.70273	0.30594
3191.77417	0.30417
3189.84561	0.30216
3187.91704	0.29993
3185.98848	0.29781
3184.05991	0.29576
3182.13135	0.29352
3180.20278	0.29122
3178.27422	0.28899
3176.34565	0.28688
3174.41709	0.28491
3172.48853	0.28290
3170.55996	0.28082
3168.63140	0.27863
3166.70283	0.27628
3164.77427	0.27395
3162.84570	0.27182
3160.91714	0.26980
3158.98857	0.26769
3157.06001	0.26550
3155.13145	0.26340
3153.20288	0.26129
3151.27432	0.25903
3149.34575	0.25678
3147.41719	0.25469
3145.48862	0.25272
3143.56006	0.25089
3141.63149	0.24914
3139.70293	0.24719
3137.77437	0.24493
3135.84580	0.24270
3133.91724	0.24072
3131.98867	0.23882
3130.06011	0.23684
3128.13154	0.23484
3126.20298	0.23292
3124.27441	0.23110
3122.34585	0.22929
3120.41729	0.22743
3118.48872	0.22556
3116.56016	0.22363
3114.63159	0.22161
3112.70303	0.21957
3110.77446	0.21758
3108.84590	0.21570
3106.91733	0.21390
3104.98877	0.21199
3103.06021	0.20993
3101.13164	0.20791
3099.20308	0.20602
3097.27451	0.20418
3095.34595	0.20245
3093.41738	0.20084
3091.48882	0.19912
3089.56025	0.19718
3087.63169	0.19513
3085.70312	0.19312
3083.77456	0.19113
3081.84600	0.18922
3079.91743	0.18745
3077.98887	0.18567
3076.06030	0.18373
3074.13174	0.18183
3072.20317	0.18009
3070.27461	0.17834
3068.34604	0.17641
3066.41748	0.17437
3064.48892	0.17249
3062.56035	0.17083
3060.63179	0.16916
3058.70322	0.16728
3056.77466	0.16525
3054.84609	0.16329
3052.91753	0.16155
3050.98896	0.15998
3049.06040	0.15848
3047.13184	0.15703
3045.20327	0.15557
3043.27471	0.15402
3041.34614	0.15232
3039.41758	0.15050
3037.48901	0.14878
3035.56045	0.14725
3033.63188	0.14573
3031.70332	0.14414
3029.77476	0.14272
3027.84619	0.14171
3025.91763	0.14094
3023.98906	0.14013
3022.06050	0.13928
3020.13193	0.13844
3018.20337	0.13752
3016.27480	0.13657
3014.34624	0.13586
3012.41768	0.13538
3010.48911	0.13494
3008.56055	0.13452
3006.63198	0.13413
3004.70342	0.13376
3002.77485	0.13347
3000.84629	0.13323
2998.91772	0.13298
2996.98916	0.13269
2995.06060	0.13237
2993.13203	0.13230
2991.20347	0.13282
2989.27490	0.13343
2987.34634	0.13323
2985.41777	0.13229
2983.48921	0.13135
2981.56064	0.13080
2979.63208	0.13058
2977.70352	0.13048
2975.77495	0.13029
2973.84639	0.12976
2971.91782	0.12900
2969.98926	0.12882
2968.06069	0.12949
2966.13213	0.13004
2964.20356	0.12990
2962.27500	0.12949
2960.34644	0.12908
2958.41787	0.12859
2956.48931	0.12794
2954.56074	0.12726
2952.63218	0.12680
2950.70361	0.12657
2948.77505	0.12648
2946.84648	0.12656
2944.91792	0.12688
2942.98936	0.12726
2941.06079	0.12749
2939.13223	0.12768
2937.20366	0.12797
2935.27510	0.12837
2933.34653	0.12897
2931.41797	0.12976
2929.48940	0.13063
2927.56084	0.13153
2925.63228	0.13239
2923.70371	0.13322
2921.77515	0.13398
2919.84658	0.13466
2917.91802	0.13527
2915.98945	0.13586
2914.06089	0.13657
2912.13232	0.13734
2910.20376	0.13790
2908.27520	0.13821
2906.34663	0.13844
2904.41807	0.13884
2902.48950	0.13937
2900.56094	0.13924
2898.63237	0.13808
2896.70381	0.13663
2894.77524	0.13553
2892.84668	0.13450
2890.91812	0.13328
2888.98955	0.13203
2887.06099	0.13090
2885.13242	0.12974
2883.20386	0.12844
2881.27529	0.12707
2879.34673	0.12586
2877.41816	0.12488
2875.48960	0.12409
2873.56104	0.12335
2871.63247	0.12251
2869.70391	0.12156
2867.77534	0.12052
2865.84678	0.11932
2863.91821	0.11796
2861.98965	0.11662
2860.06108	0.11548
2858.13252	0.11448
2856.20396	0.11349
2854.27539	0.11248
2852.34683	0.11141
2850.41826	0.11006
2848.48970	0.10839
2846.56113	0.10654
2844.63257	0.10462
2842.70400	0.10272
2840.77544	0.10097
2838.84687	0.09938
2836.91831	0.09796
2834.98975	0.09670
2833.06118	0.09559
2831.13262	0.09452
2829.20405	0.09351
2827.27549	0.09259
2825.34692	0.09171
2823.41836	0.09089
2821.48979	0.09010
2819.56123	0.08932
2817.63267	0.08859
2815.70410	0.08792
2813.77554	0.08729
2811.84697	0.08662
2809.91841	0.08586
2807.98984	0.08509
2806.06128	0.08439
2804.13271	0.08379
2802.20415	0.08327
2800.27559	0.08279
2798.34702	0.08229
2796.41846	0.08180
2794.48989	0.08136
2792.56133	0.08088
2790.63276	0.08034
2788.70420	0.07986
2786.77563	0.07948
2784.84707	0.07915
2782.91851	0.07885
2780.98994	0.07856
2779.06138	0.07822
2777.13281	0.07784
2775.20425	0.07744
2773.27568	0.07703
2771.34712	0.07664
2769.41855	0.07640
2767.48999	0.07624
2765.56143	0.07598
2763.63286	0.07567
2761.70430	0.07542
2759.77573	0.07515
2757.84717	0.07484
2755.91860	0.07452
2753.99004	0.07416
2752.06147	0.07383
2750.13291	0.07363
2748.20435	0.07349
2746.27578	0.07327
2744.34722	0.07305
2742.41865	0.07290
2740.49009	0.07265
2738.56152	0.07230
2736.63296	0.07205
2734.70439	0.07189
2732.77583	0.07171
2730.84727	0.07149
2728.91870	0.07124
2726.99014	0.07094
2725.06157	0.07064
2723.13301	0.07036
2721.20444	0.07009
2719.27588	0.06979
2717.34731	0.06950
2715.41875	0.06925
2713.49019	0.06904
2711.56162	0.06877
2709.63306	0.06849
2707.70449	0.06824
2705.77593	0.06793
2703.84736	0.06756
2701.91880	0.06726
2699.99023	0.06708
2698.06167	0.06693
2696.13311	0.06670
2694.20454	0.06639
2692.27598	0.06611
2690.34741	0.06587
2688.41885	0.06561
2686.49028	0.06533
2684.56172	0.06504
2682.63315	0.06475
2680.70459	0.06451
2678.77603	0.06431
2676.84746	0.06412
2674.91890	0.06393
2672.99033	0.06373
2671.06177	0.06352
2669.13320	0.06335
2667.20464	0.06319
2665.27607	0.06298
2663.34751	0.06270
2661.41895	0.06240
2659.49038	0.06208
2657.56182	0.06178
2655.63325	0.06151
2653.70469	0.06122
2651.77612	0.06094
2649.84756	0.06066
2647.91899	0.06035
2645.99043	0.06005
2644.06187	0.05979
2642.13330	0.05954
2640.20474	0.05932
2638.27617	0.05912
2636.34761	0.05886
2634.41904	0.05858
2632.49048	0.05841
2630.56191	0.05822
2628.63335	0.05789
2626.70479	0.05756
2624.77622	0.05732
2622.84766	0.05715
2620.91909	0.05700
2618.99053	0.05685
2617.06196	0.05672
2615.13340	0.05662
2613.20483	0.05652
2611.27627	0.05635
2609.34771	0.05613
2607.41914	0.05594
2605.49058	0.05577
2603.56201	0.05555
2601.63345	0.05530
2599.70488	0.05506
2597.77632	0.05484
2595.84775	0.05462
2593.91919	0.05444
2591.99062	0.05432
2590.06206	0.05422
2588.13350	0.05414
2586.20493	0.05411
2584.27637	0.05405
2582.34780	0.05391
2580.41924	0.05380
2578.49067	0.05367
2576.56211	0.05342
2574.63354	0.05314
2572.70498	0.05300
2570.77642	0.05301
2568.84785	0.05305
2566.91929	0.05303
2564.99072	0.05303
2563.06216	0.05303
2561.13359	0.05295
2559.20503	0.05282
2557.27646	0.05265
2555.34790	0.05246
2553.41934	0.05238
2551.49077	0.05245
2549.56221	0.05249
2547.63364	0.05238
2545.70508	0.05217
2543.77651	0.05197
2541.84795	0.05179
2539.91938	0.05171
2537.99082	0.05178
2536.06226	0.05186
2534.13369	0.05186
2532.20513	0.05179
2530.27656	0.05163
2528.34800	0.05144
2526.41943	0.05134
2524.49087	0.05133
2522.56230	0.05134
2520.63374	0.05132
2518.70518	0.05128
2516.77661	0.05129
2514.84805	0.05132
2512.91948	0.05127
2510.99092	0.05116
2509.06235	0.05108
2507.13379	0.05100
2505.20522	0.05087
2503.27666	0.05074
2501.34810	0.05063
2499.41953	0.05046
2497.49097	0.05025
2495.56240	0.05011
2493.63384	0.05001
2491.70527	0.04985
2489.77671	0.04964
2487.84814	0.04950
2485.91958	0.04945
2483.99102	0.04941
2482.06245	0.04934
2480.13389	0.04921
2478.20532	0.04899
2476.27676	0.04877
2474.34819	0.04868
2472.41963	0.04869
2470.49106	0.04868
2468.56250	0.04863
2466.63394	0.04854
2464.70537	0.04846
2462.77681	0.04841
2460.84824	0.04825
2458.91968	0.04804
2456.99111	0.04788
2455.06255	0.04779
2453.13398	0.04772
2451.20542	0.04765
2449.27686	0.04755
2447.34829	0.04743
2445.41973	0.04740
2443.49116	0.04750
2441.56260	0.04753
2439.63403	0.04735
2437.70547	0.04714
2435.77690	0.04712
2433.84834	0.04722
2431.91978	0.04726
2429.99121	0.04720
2428.06265	0.04717
2426.13408	0.04715
2424.20552	0.04708
2422.27695	0.04695
2420.34839	0.04679
2418.41982	0.04660
2416.49126	0.04650
2414.56270	0.04649
2412.63413	0.04646
2410.70557	0.04637
2408.77700	0.04637
2406.84844	0.04649
2404.91987	0.04660
2402.99131	0.04664
2401.06274	0.04660
2399.13418	0.04519
2397.20562	0.04496
2395.27705	0.04549
2393.34849	0.04610
2391.41992	0.04670
2389.49136	0.04730
2387.56279	0.04800
2385.63423	0.04889
2383.70566	0.04984
2381.77710	0.05062
2379.84854	0.05102
2377.91997	0.05096
2375.99141	0.05053
2374.06284	0.04991
2372.13428	0.04930
2370.20571	0.04891
2368.27715	0.04877
2366.34858	0.04880
2364.42002	0.04893
2362.49146	0.04894
2360.56289	0.04919
2358.63433	0.04971
2356.70576	0.05018
2354.77720	0.05100
2352.84863	0.05303
2350.92007	0.05541
2348.99150	0.05645
2347.06294	0.05434
2345.13437	0.05169
2343.20581	0.05041
2341.27725	0.05020
2339.34868	0.05039
2337.42012	0.05083
2335.49155	0.05104
2333.56299	0.05122
2331.63442	0.05179
2329.70586	0.05259
2327.77729	0.05317
2325.84873	0.05257
2323.92017	0.05108
2321.99160	0.04976
2320.06304	0.04905
2318.13447	0.04880
2316.20591	0.04874
2314.27734	0.04876
2312.34878	0.04884
2310.42021	0.04869
2308.49165	0.04832
2306.56309	0.04780
2304.63452	0.04743
2302.70596	0.04720
2300.77739	0.04694
2298.84883	0.04665
2296.92026	0.04631
2294.99170	0.04596
2293.06313	0.04561
2291.13457	0.04517
2289.20601	0.04467
2287.27744	0.04426
2285.34888	0.04388
2283.42031	0.04348
2281.49175	0.04325
2279.56318	0.04327
2277.63462	0.04345
2275.70605	0.04366
2273.77749	0.04384
2271.84893	0.04397
2269.92036	0.04404
2267.99180	0.04409
2266.06323	0.04418
2264.13467	0.04438
2262.20610	0.04473
2260.27754	0.04502
2258.34897	0.04502
2256.42041	0.04489
2254.49185	0.04499
2252.56328	0.04543
2250.63472	0.04565
2248.70615	0.04471
2246.77759	0.04482
2244.84902	0.04507
2242.92046	0.04504
2240.99189	0.04478
2239.06333	0.04461
2237.13477	0.04465
2235.20620	0.04492
2233.27764	0.04522
2231.34907	0.04522
2229.42051	0.04510
2227.49194	0.04510
2225.56338	0.04501
2223.63481	0.04487
2221.70625	0.04496
2219.77769	0.04515
2217.84912	0.04526
2215.92056	0.04524
2213.99199	0.04511
2212.06343	0.04507
2210.13486	0.04527
2208.20630	0.04549
2206.27773	0.04555
2204.34917	0.04557
2202.42061	0.04562
2200.49204	0.04551
2198.56348	0.04531
2196.63491	0.04530
2194.70635	0.04550
2192.77778	0.04563
2190.84922	0.04564
2188.92065	0.04586
2186.99209	0.04626
2185.06353	0.04649
2183.13496	0.04654
2181.20640	0.04640
2179.27783	0.04611
2177.34927	0.04608
2175.42070	0.04629
2173.49214	0.04639
2171.56357	0.04633
2169.63501	0.04611
2167.70645	0.04585
2165.77788	0.04576
2163.84932	0.04580
2161.92075	0.04610
2159.99219	0.04707
2158.06362	0.04827
2156.13506	0.04864
2154.20649	0.04827
2152.27793	0.04798
2150.34937	0.04815
2148.42080	0.04853
2146.49224	0.04867
2144.56367	0.04860
2142.63511	0.04849
2140.70654	0.04836
2138.77798	0.04834
2136.84941	0.04848
2134.92085	0.04865
2132.99229	0.04868
2131.06372	0.04841
2129.13516	0.04799
2127.20659	0.04771
2125.27803	0.04752
2123.34946	0.04737
2121.42090	0.04741
2119.49233	0.04752
2117.56377	0.04744
2115.63521	0.04715
2113.70664	0.04683
2111.77808	0.04675
2109.84951	0.04685
2107.92095	0.04682
2105.99238	0.04669
2104.06382	0.04665
2102.13525	0.04662
2100.20669	0.04654
2098.27812	0.04656
2096.34956	0.04655
2094.42100	0.04640
2092.49243	0.04623
2090.56387	0.04615
2088.63530	0.04606
2086.70674	0.04582
2084.77817	0.04550
2082.84961	0.04533
2080.92104	0.04531
2078.99248	0.04525
2077.06392	0.04518
2075.13535	0.04510
2073.20679	0.04485
2071.27822	0.04451
2069.34966	0.04432
2067.42109	0.04423
2065.49253	0.04411
2063.56396	0.04399
2061.63540	0.04389
2059.70684	0.04362
2057.77827	0.04320
2055.84971	0.04272
2053.92114	0.04217
2051.99258	0.04181
2050.06401	0.04214
2048.13545	0.04286
2046.20688	0.04315
2044.27832	0.04286
2042.34976	0.04235
2040.42119	0.04198
2038.49263	0.04182
2036.56406	0.04166
2034.63550	0.04142
2032.70693	0.04132
2030.77837	0.04139
2028.84980	0.04145
2026.92124	0.04137
2024.99268	0.04116
2023.06411	0.04094
2021.13555	0.04094
2019.20698	0.04107
2017.27842	0.04104
2015.34985	0.04060
2013.42129	0.03989
2011.49272	0.03942
2009.56416	0.03962
2007.63560	0.04002
2005.70703	0.03976
2003.77847	0.03906
2001.84990	0.03864
1999.92134	0.03841
1997.99277	0.03818
1996.06421	0.03806
1994.13564	0.03797
1992.20708	0.03775
1990.27852	0.03751
1988.34995	0.03725
1986.42139	0.03686
1984.49282	0.03632
1982.56426	0.03589
1980.63569	0.03603
1978.70713	0.03685
1976.77856	0.03763
1974.85000	0.03770
1972.92144	0.03726
1970.99287	0.03681
1969.06431	0.03650
1967.13574	0.03616
1965.20718	0.03581
1963.27861	0.03573
1961.35005	0.03587
1959.42148	0.03600
1957.49292	0.03603
1955.56436	0.03591
1953.63579	0.03558
1951.70723	0.03522
1949.77866	0.03513
1947.85010	0.03528
1945.92153	0.03542
1943.99297	0.03547
1942.06440	0.03541
1940.13584	0.03520
1938.20728	0.03493
1936.27871	0.03467
1934.35015	0.03442
1932.42158	0.03422
1930.49302	0.03410
1928.56445	0.03405
1926.63589	0.03401
1924.70732	0.03396
1922.77876	0.03388
1920.85020	0.03373
1918.92163	0.03367
1916.99307	0.03366
1915.06450	0.03351
1913.13594	0.03325
1911.20737	0.03304
1909.27881	0.03296
1907.35024	0.03295
1905.42168	0.03282
1903.49312	0.03251
1901.56455	0.03223
1899.63599	0.03212
1897.70742	0.03215
1895.77886	0.03218
1893.85029	0.03209
1891.92173	0.03190
1889.99316	0.03173
1888.06460	0.03165
1886.13604	0.03159
1884.20747	0.03148
1882.27891	0.03134
1880.35034	0.03120
1878.42178	0.03104
1876.49321	0.03086
1874.56465	0.03076
1872.63608	0.03077
1870.70752	0.03080
1868.77896	0.03076
1866.85039	0.03067
1864.92183	0.03061
1862.99326	0.03058
1861.06470	0.03050
1859.13613	0.03030
1857.20757	0.03008
1855.27900	0.02994
1853.35044	0.02990
1851.42187	0.02990
1849.49331	0.02993
1847.56475	0.02994
1845.63618	0.02986
1843.70762	0.02972
1841.77905	0.02966
1839.85049	0.02966
1837.92192	0.02969
1835.99336	0.02971
1834.06479	0.02966
1832.13623	0.02957
1830.20767	0.02956
1828.27910	0.02969
1826.35054	0.02986
1824.42197	0.03000
1822.49341	0.03013
1820.56484	0.03031
1818.63628	0.03045
1816.70771	0.03038
1814.77915	0.03019
1812.85059	0.03004
1810.92202	0.02998
1808.99346	0.03000
1807.06489	0.03008
1805.13633	0.03020
1803.20776	0.03029
1801.27920	0.03029
1799.35063	0.03023
1797.42207	0.03016
1795.49351	0.03003
1793.56494	0.02984
1791.63638	0.02971
1789.70781	0.02958
1787.77925	0.02935
1785.85068	0.02908
1783.92212	0.02886
1781.99355	0.02865
1780.06499	0.02840
1778.13643	0.02808
1776.20786	0.02760
1774.27930	0.02688
1772.35073	0.02616
1770.42217	0.02566
1768.49360	0.02520
1766.56504	0.02455
1764.63647	0.02378
1762.70791	0.02305
1760.77935	0.02249
1758.85078	0.02209
1756.92222	0.02169
1754.99365	0.02131
1753.06509	0.02109
1751.13652	0.02106
1749.20796	0.02110
1747.27939	0.02113
1745.35083	0.02118
1743.42227	0.02122
1741.49370	0.02122
1739.56514	0.02145
1737.63657	0.02232
1735.70801	0.02436
1733.77944	0.02754
1731.85088	0.03034
1729.92231	0.03181
1727.99375	0.03267
1726.06519	0.03372
1724.13662	0.03509
1722.20806	0.03657
1720.27949	0.03818
1718.35093	0.04038
1716.42236	0.04333
1714.49380	0.04641
1712.56523	0.04920
1710.63667	0.05176
1708.70811	0.05429
1706.77954	0.05700
1704.85098	0.05978
1702.92241	0.06237
1700.99385	0.06516
1699.06528	0.06841
1697.13672	0.07191
1695.20815	0.07566
1693.27959	0.07937
1691.35103	0.08299
1689.42246	0.08687
1687.49390	0.09103
1685.56533	0.09638
1683.63677	0.10360
1681.70820	0.11071
1679.77964	0.11657
1677.85107	0.12221
1675.92251	0.12872
1673.99395	0.13577
1672.06538	0.14261
1670.13682	0.14993
1668.20825	0.15764
1666.27969	0.16431
1664.35112	0.17052
1662.42256	0.17738
1660.49399	0.18405
1658.56543	0.18935
1656.63687	0.19355
1654.70830	0.19829
1652.77974	0.20450
1650.85117	0.20977
1648.92261	0.21322
1646.99404	0.21674
1645.06548	0.22049
1643.13691	0.22315
1641.20835	0.22465
1639.27979	0.22535
1637.35122	0.22524
1635.42266	0.22421
1633.49409	0.22241
1631.56553	0.21981
1629.63696	0.21610
1627.70840	0.21122
1625.77983	0.20546
1623.85127	0.19896
1621.92271	0.19233
1619.99414	0.18622
1618.06558	0.17986
1616.13701	0.17287
1614.20845	0.16667
1612.27988	0.16150
1610.35132	0.15650
1608.42275	0.15146
1606.49419	0.14662
1604.56562	0.14213
1602.63706	0.13794
1600.70850	0.13406
1598.77993	0.13043
1596.85137	0.12695
1594.92280	0.12359
1592.99424	0.12046
1591.06567	0.11759
1589.13711	0.11492
1587.20854	0.11241
1585.27998	0.11006
1583.35142	0.10790
1581.42285	0.10595
1579.49429	0.10411
1577.56572	0.10222
1575.63716	0.10041
1573.70859	0.09906
1571.78003	0.09797
1569.85146	0.09684
1567.92290	0.09577
1565.99434	0.09488
1564.06577	0.09412
1562.13721	0.09339
1560.20864	0.09265
1558.28008	0.09204
1556.35151	0.09180
1554.42295	0.09169
1552.49438	0.09148
1550.56582	0.09110
1548.63726	0.09056
1546.70869	0.08990
1544.78013	0.08907
1542.85156	0.08790
1540.92300	0.08656
1538.99443	0.08566
1537.06587	0.08531
1535.13730	0.08500
1533.20874	0.08448
1531.28018	0.08391
1529.35161	0.08341
1527.42305	0.08297
1525.49448	0.08257
1523.56592	0.08218
1521.63735	0.08187
1519.70879	0.08172
1517.78022	0.08174
1515.85166	0.08180
1513.92310	0.08183
1511.99453	0.08186
1510.06597	0.08181
1508.13740	0.08151
1506.20884	0.08117
1504.28027	0.08120
1502.35171	0.08144
1500.42314	0.08169
1498.49458	0.08209
1496.56602	0.08275
1494.63745	0.08352
1492.70889	0.08433
1490.78032	0.08534
1488.85176	0.08663
1486.92319	0.08813
1484.99463	0.08980
1483.06606	0.09162
1481.13750	0.09337
1479.20894	0.09482
1477.28037	0.09606
1475.35181	0.09748
1473.42324	0.09944
1471.49468	0.10183
1469.56611	0.10404
1467.63755	0.10595
1465.70898	0.10795
1463.78042	0.11013
1461.85186	0.11208
1459.92329	0.11377
1457.99473	0.11559
1456.06616	0.11742
1454.13760	0.11853
1452.20903	0.11875
1450.28047	0.11838
1448.35190	0.11768
1446.42334	0.11688
1444.49478	0.11626
1442.56621	0.11599
1440.63765	0.11615
1438.70908	0.11693
1436.78052	0.11852
1434.85195	0.12061
1432.92339	0.12264
1430.99482	0.12443
1429.06626	0.12567
1427.13770	0.12600
1425.20913	0.12551
1423.28057	0.12447
1421.35200	0.12309
1419.42344	0.12142
1417.49487	0.11965
1415.56631	0.11808
1413.63774	0.11682
1411.70918	0.11572
1409.78062	0.11467
1407.85205	0.11359
1405.92349	0.11237
1403.99492	0.11085
1402.06636	0.10913
1400.13779	0.10743
1398.20923	0.10611
1396.28066	0.10538
1394.35210	0.10465
1392.42354	0.10326
1390.49497	0.10174
1388.56641	0.10106
1386.63784	0.10141
1384.70928	0.10230
1382.78071	0.10336
1380.85215	0.10457
1378.92358	0.10590
1376.99502	0.10716
1375.06646	0.10822
1373.13789	0.10888
1371.20933	0.10880
1369.28076	0.10765
1367.35220	0.10565
1365.42363	0.10389
1363.49507	0.10309
1361.56650	0.10264
1359.63794	0.10170
1357.70937	0.10032
1355.78081	0.09883
1353.85225	0.09754
1351.92368	0.09678
1349.99512	0.09688
1348.06655	0.09799
1346.13799	0.10003
1344.20942	0.10277
1342.28086	0.10594
1340.35229	0.10920
1338.42373	0.11193
1336.49517	0.11364
1334.56660	0.11432
1332.63804	0.11421
1330.70947	0.11359
1328.78091	0.11305
1326.85234	0.11325
1324.92378	0.11457
1322.99521	0.11699
1321.06665	0.12014
1319.13809	0.12332
1317.20952	0.12557
1315.28096	0.12628
1313.35239	0.12544
1311.42383	0.12341
1309.49526	0.12066
1307.56670	0.11752
1305.63813	0.11433
1303.70957	0.11149
1301.78101	0.10950
1299.85244	0.10884
1297.92388	0.10993
1295.99531	0.11307
1294.06675	0.11823
1292.13818	0.12483
1290.20962	0.13211
1288.28105	0.13965
1286.35249	0.14734
1284.42393	0.15497
1282.49536	0.16196
1280.56680	0.16722
1278.63823	0.16959
1276.70967	0.16812
1274.78110	0.16223
1272.85254	0.15257
1270.92397	0.14145
1268.99541	0.13154
1267.06685	0.12423
1265.13828	0.11934
1263.20972	0.11606
1261.28115	0.11367
1259.35259	0.11176
1257.42402	0.11017
1255.49546	0.10891
1253.56689	0.10810
1251.63833	0.10765
1249.70977	0.10721
1247.78120	0.10638
1245.85264	0.10505
1243.92407	0.10337
1241.99551	0.10115
1240.06694	0.09810
1238.13838	0.09466
1236.20981	0.09139
1234.28125	0.08817
1232.35269	0.08484
1230.42412	0.08173
1228.49556	0.07933
1226.56699	0.07789
1224.63843	0.07724
1222.70986	0.07643
1220.78130	0.07406
1218.85273	0.07048
1216.92417	0.06845
1214.99561	0.06953
1213.06704	0.07224
1211.13848	0.07494
1209.20991	0.07726
1207.28135	0.07897
1205.35278	0.07986
1203.42422	0.08017
1201.49565	0.08027
1199.56709	0.08029
1197.63853	0.08012
1195.70996	0.07980
1193.78140	0.07945
1191.85283	0.07932
1189.92427	0.07957
1187.99570	0.08023
1186.06714	0.08136
1184.13857	0.08296
1182.21001	0.08502
1180.28145	0.08755
1178.35288	0.09061
1176.42432	0.09434
1174.49575	0.09905
1172.56719	0.10504
1170.63862	0.11265
1168.71006	0.12201
1166.78149	0.13259
1164.85293	0.14300
1162.92437	0.15126
1160.99580	0.15571
1159.06724	0.15616
1157.13867	0.15383
1155.21011	0.15020
1153.28154	0.14620
1151.35298	0.14243
1149.42441	0.13920
1147.49585	0.13639
1145.56729	0.13360
1143.63872	0.13084
1141.71016	0.12863
1139.78159	0.12759
1137.85303	0.12813
1135.92446	0.13036
1133.99590	0.13399
1132.06733	0.13861
1130.13877	0.14416
1128.21021	0.15089
1126.28164	0.15876
1124.35308	0.16716
1122.42451	0.17557
1120.49595	0.18433
1118.56738	0.19455
1116.63882	0.20666
1114.71025	0.21908
1112.78169	0.22899
1110.85312	0.23487
1108.92456	0.23765
1106.99600	0.23924
1105.06743	0.24050
1103.13887	0.24111
1101.21030	0.24067
1099.28174	0.23945
1097.35317	0.23797
1095.42461	0.23658
1093.49604	0.23581
1091.56748	0.23640
1089.63892	0.23837
1087.71035	0.24104
1085.78179	0.24394
1083.85322	0.24723
1081.92466	0.25134
1079.99609	0.25660
1078.06753	0.26270
1076.13896	0.26895
1074.21040	0.27481
1072.28184	0.28042
1070.35327	0.28706
1068.42471	0.29627
1066.49614	0.30797
1064.56758	0.32106
1062.63901	0.33550
1060.71045	0.35075
1058.78188	0.36387
1056.85332	0.37220
1054.92476	0.37599
1052.99619	0.37679
1051.06763	0.37539
1049.13906	0.37250
1047.21050	0.36904
1045.28193	0.36595
1043.35337	0.36470
1041.42480	0.36703
1039.49624	0.37395
1037.56768	0.38459
1035.63911	0.39636
1033.71055	0.40651
1031.78198	0.41356
1029.85342	0.41723
1027.92485	0.41704
1025.99629	0.41258
1024.06772	0.40547
1022.13916	0.39810
1020.21060	0.39149
1018.28203	0.38600
1016.35347	0.38214
1014.42490	0.38019
1012.49634	0.37981
1010.56777	0.38076
1008.63921	0.38323
1006.71064	0.38664
1004.78208	0.38955
1002.85352	0.39077
1000.92495	0.38952
998.99639	0.38538
997.06782	0.37881
995.13926	0.37109
993.21069	0.36337
991.28213	0.35618
989.35356	0.34988
987.42500	0.34460
985.49644	0.33944
983.56787	0.33249
981.63931	0.32267
979.71074	0.31086
977.78218	0.29890
975.85361	0.28797
973.92505	0.27830
971.99648	0.26968
970.06792	0.26173
968.13936	0.25412
966.21079	0.24666
964.28223	0.23930
962.35366	0.23203
960.42510	0.22508
958.49653	0.21870
956.56797	0.21293
954.63940	0.20796
952.71084	0.20399
950.78228	0.20101
948.85371	0.19914
946.92515	0.19842
944.99658	0.19853
943.06802	0.19899
941.13945	0.19934
939.21089	0.19923
937.28232	0.19856
935.35376	0.19744
933.42520	0.19615
931.49663	0.19515
929.56807	0.19495
927.63950	0.19596
925.71094	0.19837
923.78237	0.20199
921.85381	0.20636
919.92524	0.21112
917.99668	0.21626
916.06812	0.22179
914.13955	0.22724
912.21099	0.23160
910.28242	0.23405
908.35386	0.23456
906.42529	0.23374
904.49673	0.23245
902.56816	0.23116
900.63960	0.22968
898.71104	0.22765
896.78247	0.22497
894.85391	0.22175
892.92534	0.21810
890.99678	0.21401
889.06821	0.20979
887.13965	0.20627
885.21108	0.20397
883.28252	0.20266
881.35396	0.20221
879.42539	0.20264
877.49683	0.20376
875.56826	0.20563
873.63970	0.20794
871.71113	0.20930
869.78257	0.20888
867.85400	0.20775
865.92544	0.20722
863.99687	0.20739
862.06831	0.20796
860.13975	0.20883
858.21118	0.20984
856.28262	0.21081
854.35405	0.21199
852.42549	0.21356
850.49692	0.21529
848.56836	0.21696
846.63979	0.21851
844.71123	0.21989
842.78267	0.22103
840.85410	0.22184
838.92554	0.22237
836.99697	0.22284
835.06841	0.22337
833.13984	0.22369
831.21128	0.22354
829.28271	0.22308
827.35415	0.22262
825.42559	0.22228
823.49702	0.22215
821.56846	0.22236
819.63989	0.22263
817.71133	0.22257
815.78276	0.22227
813.85420	0.22182
811.92563	0.22114
809.99707	0.22031
808.06851	0.21982
806.13994	0.22004
804.21138	0.22099
802.28281	0.22250
800.35425	0.22430
798.42568	0.22594
796.49712	0.22690
794.56855	0.22683
792.63999	0.22608
790.71143	0.22538
788.78286	0.22495
786.85430	0.22453
784.92573	0.22422
782.99717	0.22447
781.06860	0.22544
779.14004	0.22695
777.21147	0.22907
775.28291	0.23196
773.35435	0.23518
771.42578	0.23814
769.49722	0.24096
767.56865	0.24417
765.64009	0.24792
763.71152	0.25203
761.78296	0.25650
759.85439	0.26142
757.92583	0.26683
755.99727	0.27242
754.06870	0.27779
752.14014	0.28269
750.21157	0.28705
748.28301	0.29098
746.35444	0.29461
744.42588	0.29794
742.49731	0.30093
740.56875	0.30364
738.64019	0.30615
736.71162	0.30851
734.78306	0.31096
732.85449	0.31366
730.92593	0.31653
728.99736	0.31937
727.06880	0.32238
725.14023	0.32584
723.21167	0.33006
721.28311	0.33403
719.35454	0.33776
717.42598	0.34131
715.49741	0.34512
713.56885	0.34932
711.64028	0.35339
709.71172	0.35712
707.78315	0.36061
705.85459	0.36395
703.92603	0.36750
701.99746	0.37154
700.06890	0.37594
698.14033	0.38025
696.21177	0.38432
694.28320	0.38827
692.35464	0.39203
690.42607	0.39551
688.49751	0.39858
686.56895	0.40141
684.64038	0.40419
682.71182	0.40669
680.78325	0.40947
678.85469	0.41356
676.92612	0.41870
674.99756	0.42409
673.06899	0.42936
671.14043	0.43313
669.21187	0.43599
667.28330	0.44311
665.35474	0.45010
663.42617	0.45548
661.49761	0.45835
659.56904	0.46009
657.64048	0.46155
655.71191	0.46281
653.78335	0.46393
651.85479	0.46520
649.92622	0.46685
647.99766	0.46860
646.06909	0.46989
644.14053	0.47038
642.21196	0.47017
640.28340	0.46981
638.35483	0.46920
636.42627	0.46708
634.49771	0.46305
632.56914	0.45909
630.64058	0.45821
628.71201	0.46193
626.78345	0.47011
624.85488	0.48054
622.92632	0.49055
620.99775	0.49954
619.06919	0.50868
617.14062	0.51680
615.21206	0.52205
613.28350	0.52569
611.35493	0.53004
609.42637	0.53540
607.49780	0.53956
605.56924	0.54185
603.64067	0.54347
601.71211	0.54473
599.78354	0.54637
