3997.91411	-0.04176
3995.98555	-0.04188
3994.05698	-0.04194
3992.12842	-0.04191
3990.19985	-0.04182
3988.27129	-0.04179
3986.34272	-0.04192
3984.41416	-0.04211
3982.48560	-0.04221
3980.55703	-0.04222
3978.62847	-0.04228
3976.69990	-0.04241
3974.77134	-0.04253
3972.84277	-0.04263
3970.91421	-0.04270
3968.98564	-0.04267
3967.05708	-0.04259
3965.12852	-0.04250
3963.19995	-0.04249
3961.27139	-0.04256
3959.34282	-0.04265
3957.41426	-0.04272
3955.48569	-0.04274
3953.55713	-0.04271
3951.62856	-0.04271
3949.70000	-0.04278
3947.77144	-0.04283
3945.84287	-0.04288
3943.91431	-0.04298
3941.98574	-0.04307
3940.05718	-0.04306
3938.12861	-0.04298
3936.20005	-0.04294
3934.27148	-0.04311
3932.34292	-0.04338
3930.41436	-0.04342
3928.48579	-0.04323
3926.55723	-0.04314
3924.62866	-0.04319
3922.70010	-0.04329
3920.77153	-0.04344
3918.84297	-0.04364
3916.91440	-0.04367
3914.98584	-0.04351
3913.05728	-0.04339
3911.12871	-0.04339
3909.20015	-0.04353
3907.27158	-0.04394
3905.34302	-0.04461
3903.41445	-0.04503
3901.48589	-0.04488
3899.55732	-0.04443
3897.62876	-0.04397
3895.70020	-0.04377
3893.77163	-0.04398
3891.84307	-0.04424
3889.91450	-0.04408
3887.98594	-0.04393
3886.05737	-0.04414
3884.12881	-0.04435
3882.20024	-0.04451
3880.27168	-0.04461
3878.34312	-0.04444
3876.41455	-0.04438
3874.48599	-0.04461
3872.55742	-0.04481
3870.62886	-0.04489
3868.70029	-0.04481
3866.77173	-0.04480
3864.84316	-0.04511
3862.91460	-0.04524
3860.98604	-0.04484
3859.05747	-0.04446
3857.12891	-0.04474
3855.20034	-0.04586
3853.27178	-0.04691
3851.34321	-0.04640
3849.41465	-0.04528
3847.48608	-0.04460
3845.55752	-0.04452
3843.62896	-0.04483
3841.70039	-0.04523
3839.77183	-0.04568
3837.84326	-0.04597
3835.91470	-0.04572
3833.98613	-0.04528
3832.05757	-0.04503
3830.12900	-0.04500
3828.20044	-0.04508
3826.27187	-0.04513
3824.34331	-0.04528
3822.41475	-0.04584
3820.48618	-0.04621
3818.55762	-0.04590
3816.62905	-0.04559
3814.70049	-0.04523
3812.77192	-0.04467
3810.84336	-0.04443
3808.91479	-0.04476
3806.98623	-0.04525
3805.05767	-0.04549
3803.12910	-0.04577
3801.20054	-0.04599
3799.27197	-0.04582
3797.34341	-0.04561
3795.41484	-0.04537
3793.48628	-0.04497
3791.55771	-0.04466
3789.62915	-0.04459
3787.70059	-0.04464
3785.77202	-0.04469
3783.84346	-0.04473
3781.91489	-0.04487
3779.98633	-0.04512
3778.05776	-0.04521
3776.12920	-0.04504
3774.20063	-0.04478
3772.27207	-0.04470
3770.34351	-0.04489
3768.41494	-0.04509
3766.48638	-0.04515
3764.55781	-0.04523
3762.62925	-0.04537
3760.70068	-0.04559
3758.77212	-0.04572
3756.84355	-0.04561
3754.91499	-0.04558
3752.98643	-0.04610
3751.05786	-0.04687
3749.12930	-0.04700
3747.20073	-0.04680
3745.27217	-0.04689
3743.34360	-0.04691
3741.41504	-0.04663
3739.48647	-0.04654
3737.55791	-0.04696
3735.62935	-0.04758
3733.70078	-0.04759
3731.77222	-0.04699
3729.84365	-0.04647
3727.91509	-0.04635
3725.98652	-0.04653
3724.05796	-0.04667
3722.12939	-0.04660
3720.20083	-0.04640
3718.27227	-0.04622
3716.34370	-0.04617
3714.41514	-0.04648
3712.48657	-0.04722
3710.55801	-0.04761
3708.62944	-0.04713
3706.70088	-0.04653
3704.77231	-0.04638
3702.84375	-0.04662
3700.91519	-0.04679
3698.98662	-0.04669
3697.05806	-0.04667
3695.12949	-0.04684
3693.20093	-0.04730
3691.27236	-0.04813
3689.34380	-0.04870
3687.41523	-0.04819
3685.48667	-0.04726
3683.55811	-0.04670
3681.62954	-0.04666
3679.70098	-0.04703
3677.77241	-0.04774
3675.84385	-0.04847
3673.91528	-0.04860
3671.98672	-0.04854
3670.05815	-0.04858
3668.12959	-0.04804
3666.20103	-0.04721
3664.27246	-0.04681
3662.34390	-0.04680
3660.41533	-0.04690
3658.48677	-0.04712
3656.55820	-0.04735
3654.62964	-0.04744
3652.70107	-0.04776
3650.77251	-0.04857
3648.84395	-0.04897
3646.91538	-0.04823
3644.98682	-0.04726
3643.05825	-0.04683
3641.12969	-0.04689
3639.20112	-0.04701
3637.27256	-0.04702
3635.34399	-0.04708
3633.41543	-0.04728
3631.48687	-0.04772
3629.55830	-0.04844
3627.62974	-0.04858
3625.70117	-0.04791
3623.77261	-0.04738
3621.84404	-0.04744
3619.91548	-0.04781
3617.98691	-0.04791
3616.05835	-0.04767
3614.12979	-0.04749
3612.20122	-0.04752
3610.27266	-0.04767
3608.34409	-0.04774
3606.41553	-0.04743
3604.48696	-0.04700
3602.55840	-0.04688
3600.62983	-0.04700
3598.70127	-0.04702
3596.77271	-0.04698
3594.84414	-0.04700
3592.91558	-0.04699
3590.98701	-0.04708
3589.05845	-0.04743
3587.12988	-0.04769
3585.20132	-0.04743
3583.27275	-0.04692
3581.34419	-0.04648
3579.41562	-0.04626
3577.48706	-0.04633
3575.55850	-0.04647
3573.62993	-0.04638
3571.70137	-0.04632
3569.77280	-0.04687
3567.84424	-0.04767
3565.91567	-0.04782
3563.98711	-0.04732
3562.05854	-0.04669
3560.12998	-0.04635
3558.20142	-0.04650
3556.27285	-0.04680
3554.34429	-0.04683
3552.41572	-0.04655
3550.48716	-0.04613
3548.55859	-0.04592
3546.63003	-0.04594
3544.70146	-0.04581
3542.77290	-0.04550
3540.84434	-0.04534
3538.91577	-0.04541
3536.98721	-0.04546
3535.05864	-0.04538
3533.13008	-0.04520
3531.20151	-0.04510
3529.27295	-0.04524
3527.34438	-0.04532
3525.41582	-0.04518
3523.48726	-0.04514
3521.55869	-0.04523
3519.63013	-0.04527
3517.70156	-0.04531
3515.77300	-0.04539
3513.84443	-0.04533
3511.91587	-0.04507
3509.98730	-0.04492
3508.05874	-0.04489
3506.13018	-0.04490
3504.20161	-0.04516
3502.27305	-0.04530
3500.34448	-0.04489
3498.41592	-0.04444
3496.48735	-0.04435
3494.55879	-0.04442
3492.63022	-0.04443
3490.70166	-0.04429
3488.77310	-0.04410
3486.84453	-0.04415
3484.91597	-0.04437
3482.98740	-0.04447
3481.05884	-0.04430
3479.13027	-0.04403
3477.20171	-0.04386
3475.27314	-0.04395
3473.34458	-0.04431
3471.41602	-0.04472
3469.48745	-0.04479
3467.55889	-0.04453
3465.63032	-0.04425
3463.70176	-0.04407
3461.77319	-0.04395
3459.84463	-0.04384
3457.91606	-0.04373
3455.98750	-0.04367
3454.05894	-0.04381
3452.13037	-0.04414
3450.20181	-0.04431
3448.27324	-0.04416
3446.34468	-0.04387
3444.41611	-0.04357
3442.48755	-0.04338
3440.55898	-0.04346
3438.63042	-0.04364
3436.70186	-0.04375
3434.77329	-0.04386
3432.84473	-0.04396
3430.91616	-0.04404
3428.98760	-0.04400
3427.05903	-0.04372
3425.13047	-0.04351
3423.20190	-0.04354
3421.27334	-0.04354
3419.34478	-0.04347
3417.41621	-0.04344
3415.48765	-0.04342
3413.55908	-0.04344
3411.63052	-0.04346
3409.70195	-0.04341
3407.77339	-0.04340
3405.84482	-0.04355
3403.91626	-0.04373
3401.98770	-0.04385
3400.05913	-0.04392
3398.13057	-0.04377
3396.20200	-0.04353
3394.27344	-0.04360
3392.34487	-0.04388
3390.41631	-0.04395
3388.48774	-0.04388
3386.55918	-0.04384
3384.63062	-0.04381
3382.70205	-0.04379
3380.77349	-0.04370
3378.84492	-0.04359
3376.91636	-0.04367
3374.98779	-0.04379
3373.05923	-0.04383
3371.13066	-0.04392
3369.20210	-0.04390
3367.27354	-0.04373
3365.34497	-0.04363
3363.41641	-0.04361
3361.48784	-0.04359
3359.55928	-0.04355
3357.63071	-0.04353
3355.70215	-0.04367
3353.77358	-0.04392
3351.84502	-0.04411
3349.91646	-0.04421
3347.98789	-0.04411
3346.05933	-0.04390
3344.13076	-0.04387
3342.20220	-0.04394
3340.27363	-0.04387
3338.34507	-0.04382
3336.41650	-0.04389
3334.48794	-0.04389
3332.55937	-0.04382
3330.63081	-0.04388
3328.70225	-0.04412
3326.77368	-0.04433
3324.84512	-0.04434
3322.91655	-0.04423
3320.98799	-0.04424
3319.05942	-0.04432
3317.13086	-0.04422
3315.20229	-0.04412
3313.27373	-0.04435
3311.34517	-0.04472
3309.41660	-0.04495
3307.48804	-0.04502
3305.55947	-0.04490
3303.63091	-0.04470
3301.70234	-0.04460
3299.77378	-0.04459
3297.84521	-0.04466
3295.91665	-0.04486
3293.98809	-0.04501
3292.05952	-0.04504
3290.13096	-0.04509
3288.20239	-0.04522
3286.27383	-0.04535
3284.34526	-0.04526
3282.41670	-0.04497
3280.48813	-0.04476
3278.55957	-0.04474
3276.63101	-0.04494
3274.70244	-0.04531
3272.77388	-0.04563
3270.84531	-0.04568
3268.91675	-0.04545
3266.98818	-0.04527
3265.05962	-0.04537
3263.13105	-0.04555
3261.20249	-0.04551
3259.27393	-0.04543
3257.34536	-0.04551
3255.41680	-0.04558
3253.48823	-0.04557
3251.55967	-0.04558
3249.63110	-0.04562
3247.70254	-0.04566
3245.77397	-0.04571
3243.84541	-0.04581
3241.91685	-0.04596
3239.98828	-0.04608
3238.05972	-0.04602
3236.13115	-0.04601
3234.20259	-0.04621
3232.27402	-0.04634
3230.34546	-0.04627
3228.41689	-0.04613
3226.48833	-0.04604
3224.55977	-0.04591
3222.63120	-0.04565
3220.70264	-0.04542
3218.77407	-0.04543
3216.84551	-0.04566
3214.91694	-0.04587
3212.98838	-0.04597
3211.05981	-0.04612
3209.13125	-0.04635
3207.20269	-0.04645
3205.27412	-0.04631
3203.34556	-0.04620
3201.41699	-0.04626
3199.48843	-0.04636
3197.55986	-0.04638
3195.63130	-0.04635
3193.70273	-0.04639
3191.77417	-0.04651
3189.84561	-0.04662
3187.91704	-0.04666
3185.98848	-0.04672
3184.05991	-0.04681
3182.13135	-0.04688
3180.20278	-0.04693
3178.27422	-0.04698
3176.34565	-0.04708
3174.41709	-0.04720
3172.48853	-0.04724
3170.55996	-0.04712
3168.63140	-0.04692
3166.70283	-0.04687
3164.77427	-0.04705
3162.84570	-0.04737
3160.91714	-0.04764
3158.98857	-0.04765
3157.06001	-0.04746
3155.13145	-0.04742
3153.20288	-0.04754
3151.27432	-0.04754
3149.34575	-0.04746
3147.41719	-0.04756
3145.48862	-0.04780
3143.56006	-0.04807
3141.63149	-0.04830
3139.70293	-0.04851
3137.77437	-0.04865
3135.84580	-0.04857
3133.91724	-0.04849
3131.98867	-0.04856
3130.06011	-0.04858
3128.13154	-0.04851
3126.20298	-0.04859
3124.27441	-0.04874
3122.34585	-0.04880
3120.41729	-0.04900
3118.48872	-0.04934
3116.56016	-0.04941
3114.63159	-0.04919
3112.70303	-0.04917
3110.77446	-0.04943
3108.84590	-0.04954
3106.91733	-0.04945
3104.98877	-0.04950
3103.06021	-0.04966
3101.13164	-0.04964
3099.20308	-0.04961
3097.27451	-0.04981
3095.34595	-0.05012
3093.41738	-0.05027
3091.48882	-0.05015
3089.56025	-0.05000
3087.63169	-0.05005
3085.70312	-0.05030
3083.77456	-0.05055
3081.84600	-0.05072
3079.91743	-0.05084
3077.98887	-0.05086
3076.06030	-0.05077
3074.13174	-0.05066
3072.20317	-0.05063
3070.27461	-0.05064
3068.34604	-0.05064
3066.41748	-0.05080
3064.48892	-0.05108
3062.56035	-0.05119
3060.63179	-0.05112
3058.70322	-0.05111
3056.77466	-0.05131
3054.84609	-0.05160
3052.91753	-0.05182
3050.98896	-0.05198
3049.06040	-0.05214
3047.13184	-0.05229
3045.20327	-0.05237
3043.27471	-0.05237
3041.34614	-0.05243
3039.41758	-0.05255
3037.48901	-0.05269
3035.56045	-0.05279
3033.63188	-0.05281
3031.70332	-0.05282
3029.77476	-0.05296
3027.84619	-0.05316
3025.91763	-0.05330
3023.98906	-0.05332
3022.06050	-0.05324
3020.13193	-0.05322
3018.20337	-0.05324
3016.27480	-0.05320
3014.34624	-0.05317
3012.41768	-0.05317
3010.48911	-0.05306
3008.56055	-0.05282
3006.63198	-0.05250
3004.70342	-0.05209
3002.77485	-0.05160
3000.84629	-0.05104
2998.91772	-0.05032
2996.98916	-0.04929
2995.06060	-0.04793
2993.13203	-0.04641
2991.20347	-0.04486
2989.27490	-0.04295
2987.34634	-0.04041
2985.41777	-0.03740
2983.48921	-0.03406
2981.56064	-0.03019
2979.63208	-0.02549
2977.70352	-0.01981
2975.77495	-0.01308
2973.84639	-0.00537
2971.91782	0.00329
2969.98926	0.01308
2968.06069	0.02383
2966.13213	0.03495
2964.20356	0.04566
2962.27500	0.05472
2960.34644	0.06101
2958.41787	0.06527
2956.48931	0.06971
2954.56074	0.07541
2952.63218	0.08067
2950.70361	0.08233
2948.77505	0.07845
2946.84648	0.06958
2944.91792	0.05812
2942.98936	0.04712
2941.06079	0.03920
2939.13223	0.03579
2937.20366	0.03700
2935.27510	0.04213
2933.34653	0.05049
2931.41797	0.06137
2929.48940	0.07361
2927.56084	0.08604
2925.63228	0.09775
2923.70371	0.10816
2921.77515	0.11705
2919.84658	0.12377
2917.91802	0.12669
2915.98945	0.12459
2914.06089	0.11821
2912.13232	0.11000
2910.20376	0.10224
2908.27520	0.09554
2906.34663	0.08922
2904.41807	0.08267
2902.48950	0.07578
2900.56094	0.06880
2898.63237	0.06217
2896.70381	0.05639
2894.77524	0.05170
2892.84668	0.04807
2890.91812	0.04543
2888.98955	0.04376
2887.06099	0.04304
2885.13242	0.04318
2883.20386	0.04405
2881.27529	0.04560
2879.34673	0.04734
2877.41816	0.04847
2875.48960	0.04882
2873.56104	0.04905
2871.63247	0.04993
2869.70391	0.05114
2867.77534	0.05127
2865.84678	0.04861
2863.91821	0.04207
2861.98965	0.03251
2860.06108	0.02267
2858.13252	0.01501
2856.20396	0.01039
2854.27539	0.00850
2852.34683	0.00891
2850.41826	0.01140
2848.48970	0.01587
2846.56113	0.02216
2844.63257	0.02978
2842.70400	0.03769
2840.77544	0.04418
2838.84687	0.04721
2836.91831	0.04514
2834.98975	0.03809
2833.06118	0.02823
2831.13262	0.01831
2829.20405	0.00993
2827.27549	0.00342
2825.34692	-0.00142
2823.41836	-0.00510
2821.48979	-0.00799
2819.56123	-0.01025
2817.63267	-0.01208
2815.70410	-0.01366
2813.77554	-0.01508
2811.84697	-0.01638
2809.91841	-0.01758
2807.98984	-0.01878
2806.06128	-0.02004
2804.13271	-0.02118
2802.20415	-0.02211
2800.27559	-0.02295
2798.34702	-0.02376
2796.41846	-0.02453
2794.48989	-0.02525
2792.56133	-0.02593
2790.63276	-0.02661
2788.70420	-0.02734
2786.77563	-0.02809
2784.84707	-0.02883
2782.91851	-0.02953
2780.98994	-0.03007
2779.06138	-0.03049
2777.13281	-0.03100
2775.20425	-0.03158
2773.27568	-0.03197
2771.34712	-0.03210
2769.41855	-0.03224
2767.48999	-0.03254
2765.56143	-0.03286
2763.63286	-0.03313
2761.70430	-0.03337
2759.77573	-0.03359
2757.84717	-0.03384
2755.91860	-0.03411
2753.99004	-0.03429
2752.06147	-0.03436
2750.13291	-0.03439
2748.20435	-0.03441
2746.27578	-0.03445
2744.34722	-0.03450
2742.41865	-0.03454
2740.49009	-0.03456
2738.56152	-0.03450
2736.63296	-0.03433
2734.70439	-0.03409
2732.77583	-0.03384
2730.84727	-0.03364
2728.91870	-0.03345
2726.99014	-0.03320
2725.06157	-0.03292
2723.13301	-0.03270
2721.20444	-0.03268
2719.27588	-0.03292
2717.34731	-0.03340
2715.41875	-0.03394
2713.49019	-0.03444
2711.56162	-0.03487
2709.63306	-0.03525
2707.70449	-0.03560
2705.77593	-0.03587
2703.84736	-0.03612
2701.91880	-0.03637
2699.99023	-0.03655
2698.06167	-0.03666
2696.13311	-0.03676
2694.20454	-0.03688
2692.27598	-0.03699
2690.34741	-0.03706
2688.41885	-0.03705
2686.49028	-0.03703
2684.56172	-0.03710
2682.63315	-0.03724
2680.70459	-0.03734
2678.77603	-0.03738
2676.84746	-0.03744
2674.91890	-0.03755
2672.99033	-0.03761
2671.06177	-0.03763
2669.13320	-0.03759
2667.20464	-0.03748
2665.27607	-0.03727
2663.34751	-0.03706
2661.41895	-0.03692
2659.49038	-0.03687
2657.56182	-0.03687
2655.63325	-0.03691
2653.70469	-0.03698
2651.77612	-0.03713
2649.84756	-0.03729
2647.91899	-0.03735
2645.99043	-0.03734
2644.06187	-0.03731
2642.13330	-0.03730
2640.20474	-0.03734
2638.27617	-0.03740
2636.34761	-0.03742
2634.41904	-0.03750
2632.49048	-0.03763
2630.56191	-0.03771
2628.63335	-0.03769
2626.70479	-0.03759
2624.77622	-0.03747
2622.84766	-0.03749
2620.91909	-0.03766
2618.99053	-0.03771
2617.06196	-0.03750
2615.13340	-0.03733
2613.20483	-0.03749
2611.27627	-0.03785
2609.34771	-0.03804
2607.41914	-0.03807
2605.49058	-0.03813
2603.56201	-0.03830
2601.63345	-0.03855
2599.70488	-0.03878
2597.77632	-0.03879
2595.84775	-0.03861
2593.91919	-0.03847
2591.99062	-0.03839
2590.06206	-0.03828
2588.13350	-0.03819
2586.20493	-0.03811
2584.27637	-0.03794
2582.34780	-0.03768
2580.41924	-0.03759
2578.49067	-0.03777
2576.56211	-0.03798
2574.63354	-0.03818
2572.70498	-0.03853
2570.77642	-0.03891
2568.84785	-0.03907
2566.91929	-0.03913
2564.99072	-0.03925
2563.06216	-0.03931
2561.13359	-0.03931
2559.20503	-0.03942
2557.27646	-0.03956
2555.34790	-0.03959
2553.41934	-0.03965
2551.49077	-0.03982
2549.56221	-0.04001
2547.63364	-0.04026
2545.70508	-0.04045
2543.77651	-0.04035
2541.84795	-0.04009
2539.91938	-0.03997
2537.99082	-0.04004
2536.06226	-0.04016
2534.13369	-0.04014
2532.20513	-0.04004
2530.27656	-0.04007
2528.34800	-0.04032
2526.41943	-0.04063
2524.49087	-0.04087
2522.56230	-0.04101
2520.63374	-0.04111
2518.70518	-0.04117
2516.77661	-0.04118
2514.84805	-0.04115
2512.91948	-0.04113
2510.99092	-0.04115
2509.06235	-0.04121
2507.13379	-0.04124
2505.20522	-0.04123
2503.27666	-0.04127
2501.34810	-0.04143
2499.41953	-0.04158
2497.49097	-0.04156
2495.56240	-0.04137
2493.63384	-0.04118
2491.70527	-0.04114
2489.77671	-0.04120
2487.84814	-0.04129
2485.91958	-0.04141
2483.99102	-0.04144
2482.06245	-0.04139
2480.13389	-0.04140
2478.20532	-0.04144
2476.27676	-0.04147
2474.34819	-0.04153
2472.41963	-0.04153
2470.49106	-0.04144
2468.56250	-0.04142
2466.63394	-0.04142
2464.70537	-0.04140
2462.77681	-0.04142
2460.84824	-0.04138
2458.91968	-0.04116
2456.99111	-0.04095
2455.06255	-0.04093
2453.13398	-0.04102
2451.20542	-0.04109
2449.27686	-0.04117
2447.34829	-0.04122
2445.41973	-0.04119
2443.49116	-0.04112
2441.56260	-0.04113
2439.63403	-0.04125
2437.70547	-0.04137
2435.77690	-0.04126
2433.84834	-0.04101
2431.91978	-0.04091
2429.99121	-0.04100
2428.06265	-0.04108
2426.13408	-0.04111
2424.20552	-0.04118
2422.27695	-0.04126
2420.34839	-0.04133
2418.41982	-0.04135
2416.49126	-0.04129
2414.56270	-0.04121
2412.63413	-0.04126
2410.70557	-0.04136
2408.77700	-0.04137
2406.84844	-0.04135
2404.91987	-0.04140
2402.99131	-0.04146
2401.06274	-0.04144
2399.13418	-0.04083
2397.20562	-0.04077
2395.27705	-0.04107
2393.34849	-0.04139
2391.41992	-0.04166
2389.49136	-0.04186
2387.56279	-0.04209
2385.63423	-0.04249
2383.70566	-0.04308
2381.77710	-0.04368
2379.84854	-0.04417
2377.91997	-0.04455
2375.99141	-0.04489
2374.06284	-0.04520
2372.13428	-0.04550
2370.20571	-0.04593
2368.27715	-0.04573
2366.34858	-0.04565
2364.42002	-0.04664
2362.49146	-0.04626
2360.56289	-0.04676
2358.63433	-0.04823
2356.70576	-0.04575
2354.77720	-0.04769
2352.84863	-0.04858
2350.92007	-0.04689
2348.99150	-0.04605
2347.06294	-0.04497
2345.13437	-0.04379
2343.20581	-0.04542
2341.27725	-0.04978
2339.34868	-0.05094
2337.42012	-0.04857
2335.49155	-0.04458
2333.56299	-0.04187
2331.63442	-0.04095
2329.70586	-0.04058
2327.77729	-0.04026
2325.84873	-0.03944
2323.92017	-0.03887
2321.99160	-0.03912
2320.06304	-0.03941
2318.13447	-0.03960
2316.20591	-0.03977
2314.27734	-0.03999
2312.34878	-0.04038
2310.42021	-0.04086
2308.49165	-0.04107
2306.56309	-0.04118
2304.63452	-0.04107
2302.70596	-0.04078
2300.77739	-0.04046
2298.84883	-0.04007
2296.92026	-0.03962
2294.99170	-0.03916
2293.06313	-0.03878
2291.13457	-0.03840
2289.20601	-0.03814
2287.27744	-0.03792
2285.34888	-0.03778
2283.42031	-0.03784
2281.49175	-0.03788
2279.56318	-0.03774
2277.63462	-0.03764
2275.70605	-0.03780
2273.77749	-0.03802
2271.84893	-0.03812
2269.92036	-0.03815
2267.99180	-0.03815
2266.06323	-0.03817
2264.13467	-0.03817
2262.20610	-0.03804
2260.27754	-0.03791
2258.34897	-0.03795
2256.42041	-0.03811
2254.49185	-0.03833
2252.56328	-0.03853
2250.63472	-0.03853
2248.70615	-0.03811
2246.77759	-0.03808
2244.84902	-0.03805
2242.92046	-0.03801
2240.99189	-0.03804
2239.06333	-0.03814
2237.13477	-0.03818
2235.20620	-0.03814
2233.27764	-0.03808
2231.34907	-0.03800
2229.42051	-0.03784
2227.49194	-0.03770
2225.56338	-0.03774
2223.63481	-0.03786
2221.70625	-0.03784
2219.77769	-0.03771
2217.84912	-0.03762
2215.92056	-0.03750
2213.99199	-0.03737
2212.06343	-0.03748
2210.13486	-0.03764
2208.20630	-0.03760
2206.27773	-0.03753
2204.34917	-0.03736
2202.42061	-0.03698
2200.49204	-0.03661
2198.56348	-0.03639
2196.63491	-0.03628
2194.70635	-0.03642
2192.77778	-0.03655
2190.84922	-0.03624
2188.92065	-0.03578
2186.99209	-0.03558
2185.06353	-0.03567
2183.13496	-0.03610
2181.20640	-0.03662
2179.27783	-0.03696
2177.34927	-0.03747
2175.42070	-0.03804
2173.49214	-0.03776
2171.56357	-0.03642
2169.63501	-0.03494
2167.70645	-0.03421
2165.77788	-0.03410
2163.84932	-0.03417
2161.92075	-0.03559
2159.99219	-0.03913
2158.06362	-0.04188
2156.13506	-0.04166
2154.20649	-0.04023
2152.27793	-0.03920
2150.34937	-0.03866
2148.42080	-0.03872
2146.49224	-0.03914
2144.56367	-0.03913
2142.63511	-0.03876
2140.70654	-0.03862
2138.77798	-0.03873
2136.84941	-0.03900
2134.92085	-0.03935
2132.99229	-0.03943
2131.06372	-0.03909
2129.13516	-0.03845
2127.20659	-0.03778
2125.27803	-0.03731
2123.34946	-0.03689
2121.42090	-0.03643
2119.49233	-0.03616
2117.56377	-0.03598
2115.63521	-0.03563
2113.70664	-0.03525
2111.77808	-0.03518
2109.84951	-0.03541
2107.92095	-0.03566
2105.99238	-0.03573
2104.06382	-0.03553
2102.13525	-0.03513
2100.20669	-0.03495
2098.27812	-0.03536
2096.34956	-0.03611
2094.42100	-0.03647
2092.49243	-0.03619
2090.56387	-0.03571
2088.63530	-0.03538
2086.70674	-0.03512
2084.77817	-0.03473
2082.84961	-0.03436
2080.92104	-0.03415
2078.99248	-0.03410
2077.06392	-0.03405
2075.13535	-0.03397
2073.20679	-0.03407
2071.27822	-0.03430
2069.34966	-0.03438
2067.42109	-0.03437
2065.49253	-0.03432
2063.56396	-0.03405
2061.63540	-0.03361
2059.70684	-0.03334
2057.77827	-0.03346
2055.84971	-0.03356
2053.92114	-0.03282
2051.99258	-0.03164
2050.06401	-0.03152
2048.13545	-0.03248
2046.20688	-0.03308
2044.27832	-0.03291
2042.34976	-0.03264
2040.42119	-0.03258
2038.49263	-0.03249
2036.56406	-0.03229
2034.63550	-0.03236
2032.70693	-0.03282
2030.77837	-0.03340
2028.84980	-0.03377
2026.92124	-0.03384
2024.99268	-0.03376
2023.06411	-0.03360
2021.13555	-0.03331
2019.20698	-0.03302
2017.27842	-0.03307
2015.34985	-0.03311
2013.42129	-0.03272
2011.49272	-0.03240
2009.56416	-0.03274
2007.63560	-0.03350
2005.70703	-0.03396
2003.77847	-0.03372
2001.84990	-0.03315
1999.92134	-0.03280
1997.99277	-0.03258
1996.06421	-0.03213
1994.13564	-0.03160
1992.20708	-0.03129
1990.27852	-0.03107
1988.34995	-0.03076
1986.42139	-0.03020
1984.49282	-0.02921
1982.56426	-0.02825
1980.63569	-0.02844
1978.70713	-0.03001
1976.77856	-0.03132
1974.85000	-0.03148
1972.92144	-0.03148
1970.99287	-0.03179
1969.06431	-0.03191
1967.13574	-0.03164
1965.20718	-0.03135
1963.27861	-0.03130
1961.35005	-0.03144
1959.42148	-0.03165
1957.49292	-0.03171
1955.56436	-0.03132
1953.63579	-0.03070
1951.70723	-0.03044
1949.77866	-0.03056
1947.85010	-0.03058
1945.92153	-0.03046
1943.99297	-0.03038
1942.06440	-0.03021
1940.13584	-0.02986
1938.20728	-0.02948
1936.27871	-0.02929
1934.35015	-0.02937
1932.42158	-0.02954
1930.49302	-0.02966
1928.56445	-0.02978
1926.63589	-0.02978
1924.70732	-0.02958
1922.77876	-0.02924
1920.85020	-0.02889
1918.92163	-0.02863
1916.99307	-0.02853
1915.06450	-0.02856
1913.13594	-0.02861
1911.20737	-0.02847
1909.27881	-0.02805
1907.35024	-0.02766
1905.42168	-0.02760
1903.49312	-0.02774
1901.56455	-0.02758
1899.63599	-0.02713
1897.70742	-0.02693
1895.77886	-0.02699
1893.85029	-0.02684
1891.92173	-0.02667
1889.99316	-0.02681
1888.06460	-0.02685
1886.13604	-0.02650
1884.20747	-0.02615
1882.27891	-0.02606
1880.35034	-0.02605
1878.42178	-0.02600
1876.49321	-0.02588
1874.56465	-0.02571
1872.63608	-0.02562
1870.70752	-0.02580
1868.77896	-0.02593
1866.85039	-0.02563
1864.92183	-0.02521
1862.99326	-0.02497
1861.06470	-0.02486
1859.13613	-0.02477
1857.20757	-0.02466
1855.27900	-0.02450
1853.35044	-0.02432
1851.42187	-0.02423
1849.49331	-0.02428
1847.56475	-0.02446
1845.63618	-0.02469
1843.70762	-0.02461
1841.77905	-0.02413
1839.85049	-0.02373
1837.92192	-0.02358
1835.99336	-0.02350
1834.06479	-0.02343
1832.13623	-0.02349
1830.20767	-0.02358
1828.27910	-0.02346
1826.35054	-0.02321
1824.42197	-0.02284
1822.49341	-0.02237
1820.56484	-0.02224
1818.63628	-0.02246
1816.70771	-0.02255
1814.77915	-0.02239
1812.85059	-0.02223
1810.92202	-0.02207
1808.99346	-0.02178
1807.06489	-0.02148
1805.13633	-0.02123
1803.20776	-0.02101
1801.27920	-0.02085
1799.35063	-0.02069
1797.42207	-0.02039
1795.49351	-0.02014
1793.56494	-0.02003
1791.63638	-0.01951
1789.70781	-0.01834
1787.77925	-0.01717
1785.85068	-0.01623
1783.92212	-0.01538
1781.99355	-0.01449
1780.06499	-0.01357
1778.13643	-0.01282
1776.20786	-0.01246
1774.27930	-0.01252
1772.35073	-0.01254
1770.42217	-0.01205
1768.49360	-0.01134
1766.56504	-0.01083
1764.63647	-0.01066
1762.70791	-0.01065
1760.77935	-0.01038
1758.85078	-0.00998
1756.92222	-0.00969
1754.99365	-0.00941
1753.06509	-0.00939
1751.13652	-0.00965
1749.20796	-0.00965
1747.27939	-0.00923
1745.35083	-0.00875
1743.42227	-0.00842
1741.49370	-0.00822
1739.56514	-0.00793
1737.63657	-0.00767
1735.70801	-0.00779
1733.77944	-0.00775
1731.85088	-0.00687
1729.92231	-0.00569
1727.99375	-0.00449
1726.06519	-0.00331
1724.13662	-0.00218
1722.20806	-0.00124
1720.27949	-0.00091
1718.35093	-0.00094
1716.42236	-0.00036
1714.49380	0.00084
1712.56523	0.00184
1710.63667	0.00231
1708.70811	0.00223
1706.77954	0.00176
1704.85098	0.00121
1702.92241	0.00051
1700.99385	-0.00059
1699.06528	-0.00134
1697.13672	-0.00144
1695.20815	-0.00127
1693.27959	-0.00102
1691.35103	-0.00112
1689.42246	-0.00158
1687.49390	-0.00229
1685.56533	-0.00333
1683.63677	-0.00368
1681.70820	-0.00278
1679.77964	-0.00197
1677.85107	-0.00184
1675.92251	-0.00206
1673.99395	-0.00205
1672.06538	-0.00198
1670.13682	-0.00198
1668.20825	-0.00141
1666.27969	-0.00062
1664.35112	-0.00034
1662.42256	-0.00022
1660.49399	0.00019
1658.56543	0.00042
1656.63687	-0.00007
1654.70830	-0.00116
1652.77974	-0.00134
1650.85117	-0.00027
1648.92261	0.00011
1646.99404	0.00020
1645.06548	0.00103
1643.13691	0.00196
1641.20835	0.00228
1639.27979	0.00198
1637.35122	0.00127
1635.42266	0.00115
1633.49409	0.00210
1631.56553	0.00289
1629.63696	0.00308
1627.70840	0.00307
1625.77983	0.00307
1623.85127	0.00302
1621.92271	0.00320
1619.99414	0.00338
1618.06558	0.00320
1616.13701	0.00325
1614.20845	0.00384
1612.27988	0.00428
1610.35132	0.00442
1608.42275	0.00454
1606.49419	0.00480
1604.56562	0.00505
1602.63706	0.00522
1600.70850	0.00541
1598.77993	0.00556
1596.85137	0.00560
1594.92280	0.00570
1592.99424	0.00594
1591.06567	0.00618
1589.13711	0.00635
1587.20854	0.00650
1585.27998	0.00665
1583.35142	0.00679
1581.42285	0.00684
1579.49429	0.00662
1577.56572	0.00612
1575.63716	0.00607
1573.70859	0.00656
1571.78003	0.00670
1569.85146	0.00658
1567.92290	0.00681
1565.99434	0.00712
1564.06577	0.00711
1562.13721	0.00645
1560.20864	0.00504
1558.28008	0.00457
1556.35151	0.00576
1554.42295	0.00673
1552.49438	0.00717
1550.56582	0.00725
1548.63726	0.00715
1546.70869	0.00673
1544.78013	0.00580
1542.85156	0.00452
1540.92300	0.00360
1538.99443	0.00410
1537.06587	0.00502
1535.13730	0.00508
1533.20874	0.00481
1531.28018	0.00490
1529.35161	0.00483
1527.42305	0.00435
1525.49448	0.00385
1523.56592	0.00339
1521.63735	0.00310
1519.70879	0.00322
1517.78022	0.00349
1515.85166	0.00390
1513.92310	0.00432
1511.99453	0.00430
1510.06597	0.00360
1508.13740	0.00253
1506.20884	0.00264
1504.28027	0.00405
1502.35171	0.00485
1500.42314	0.00484
1498.49458	0.00458
1496.56602	0.00476
1494.63745	0.00538
1492.70889	0.00570
1490.78032	0.00567
1488.85176	0.00614
1486.92319	0.00753
1484.99463	0.00916
1483.06606	0.01073
1481.13750	0.01256
1479.20894	0.01494
1477.28037	0.01799
1475.35181	0.02222
1473.42324	0.02905
1471.49468	0.03907
1469.56611	0.04947
1467.63755	0.05916
1465.70898	0.06953
1463.78042	0.07976
1461.85186	0.08699
1459.92329	0.09115
1457.99473	0.09437
1456.06616	0.09772
1454.13760	0.09982
1452.20903	0.10006
1450.28047	0.09802
1448.35190	0.09252
1446.42334	0.08376
1444.49478	0.07415
1442.56621	0.06580
1440.63765	0.05995
1438.70908	0.05673
1436.78052	0.05532
1434.85195	0.05342
1432.92339	0.04895
1430.99482	0.04275
1429.06626	0.03735
1427.13770	0.03400
1425.20913	0.03187
1423.28057	0.03030
1421.35200	0.02896
1419.42344	0.02772
1417.49487	0.02715
1415.56631	0.02707
1413.63774	0.02680
1411.70918	0.02628
1409.78062	0.02573
1407.85205	0.02514
1405.92349	0.02453
1403.99492	0.02404
1402.06636	0.02358
1400.13779	0.02300
1398.20923	0.02240
1396.28066	0.02194
1394.35210	0.02200
1392.42354	0.02310
1390.49497	0.02512
1388.56641	0.02864
1386.63784	0.03531
1384.70928	0.04590
1382.78071	0.06090
1380.85215	0.08180
1378.92358	0.10789
1376.99502	0.13090
1375.06646	0.13731
1373.13789	0.12328
1371.20933	0.10084
1369.28076	0.08093
1367.35220	0.06726
1365.42363	0.06014
1363.49507	0.05793
1361.56650	0.05875
1359.63794	0.05970
1357.70937	0.05803
1355.78081	0.05347
1353.85225	0.04792
1351.92368	0.04307
1349.99512	0.03923
1348.06655	0.03617
1346.13799	0.03378
1344.20942	0.03196
1342.28086	0.03051
1340.35229	0.02931
1338.42373	0.02852
1336.49517	0.02829
1334.56660	0.02851
1332.63804	0.02887
1330.70947	0.02907
1328.78091	0.02902
1326.85234	0.02865
1324.92378	0.02790
1322.99521	0.02695
1321.06665	0.02614
1319.13809	0.02559
1317.20952	0.02519
1315.28096	0.02490
1313.35239	0.02479
1311.42383	0.02496
1309.49526	0.02569
1307.56670	0.02719
1305.63813	0.02881
1303.70957	0.02942
1301.78101	0.02894
1299.85244	0.02826
1297.92388	0.02792
1295.99531	0.02775
1294.06675	0.02740
1292.13818	0.02678
1290.20962	0.02601
1288.28105	0.02528
1286.35249	0.02471
1284.42393	0.02426
1282.49536	0.02388
1280.56680	0.02363
1278.63823	0.02351
1276.70967	0.02343
1274.78110	0.02338
1272.85254	0.02339
1270.92397	0.02351
1268.99541	0.02377
1267.06685	0.02418
1265.13828	0.02474
1263.20972	0.02542
1261.28115	0.02629
1259.35259	0.02748
1257.42402	0.02875
1255.49546	0.02935
1253.56689	0.02885
1251.63833	0.02770
1249.70977	0.02673
1247.78120	0.02624
1245.85264	0.02600
1243.92407	0.02581
1241.99551	0.02574
1240.06694	0.02583
1238.13838	0.02596
1236.20981	0.02600
1234.28125	0.02599
1232.35269	0.02602
1230.42412	0.02611
1228.49556	0.02630
1226.56699	0.02662
1224.63843	0.02708
1222.70986	0.02764
1220.78130	0.02815
1218.85273	0.02842
1216.92417	0.02834
1214.99561	0.02802
1213.06704	0.02762
1211.13848	0.02726
1209.20991	0.02698
1207.28135	0.02680
1205.35278	0.02671
1203.42422	0.02663
1201.49565	0.02656
1199.56709	0.02655
1197.63853	0.02654
1195.70996	0.02644
1193.78140	0.02631
1191.85283	0.02624
1189.92427	0.02623
1187.99570	0.02630
1186.06714	0.02656
1184.13857	0.02706
1182.21001	0.02781
1180.28145	0.02890
1178.35288	0.03054
1176.42432	0.03291
1174.49575	0.03622
1172.56719	0.04052
1170.63862	0.04515
1168.71006	0.04862
1166.78149	0.04960
1164.85293	0.04816
1162.92437	0.04565
1160.99580	0.04339
1159.06724	0.04183
1157.13867	0.04082
1155.21011	0.04011
1153.28154	0.03941
1151.35298	0.03831
1149.42441	0.03669
1147.49585	0.03481
1145.56729	0.03300
1143.63872	0.03144
1141.71016	0.03018
1139.78159	0.02917
1137.85303	0.02838
1135.92446	0.02777
1133.99590	0.02725
1132.06733	0.02676
1130.13877	0.02631
1128.21021	0.02594
1126.28164	0.02563
1124.35308	0.02533
1122.42451	0.02506
1120.49595	0.02490
1118.56738	0.02483
1116.63882	0.02476
1114.71025	0.02474
1112.78169	0.02490
1110.85312	0.02525
1108.92456	0.02576
1106.99600	0.02647
1105.06743	0.02725
1103.13887	0.02769
1101.21030	0.02750
1099.28174	0.02687
1097.35317	0.02621
1095.42461	0.02568
1093.49604	0.02521
1091.56748	0.02469
1089.63892	0.02415
1087.71035	0.02365
1085.78179	0.02317
1083.85322	0.02273
1081.92466	0.02238
1079.99609	0.02203
1078.06753	0.02162
1076.13896	0.02124
1074.21040	0.02102
1072.28184	0.02099
1070.35327	0.02093
1068.42471	0.02060
1066.49614	0.02034
1064.56758	0.02065
1062.63901	0.02123
1060.71045	0.02146
1058.78188	0.02139
1056.85332	0.02146
1054.92476	0.02175
1052.99619	0.02214
1051.06763	0.02265
1049.13906	0.02324
1047.21050	0.02380
1045.28193	0.02415
1043.35337	0.02412
1041.42480	0.02383
1039.49624	0.02361
1037.56768	0.02359
1035.63911	0.02368
1033.71055	0.02374
1031.78198	0.02365
1029.85342	0.02334
1027.92485	0.02294
1025.99629	0.02279
1024.06772	0.02291
1022.13916	0.02298
1020.21060	0.02287
1018.28203	0.02272
1016.35347	0.02271
1014.42490	0.02287
1012.49634	0.02317
1010.56777	0.02370
1008.63921	0.02465
1006.71064	0.02639
1004.78208	0.02956
1002.85352	0.03473
1000.92495	0.04149
998.99639	0.04719
997.06782	0.04828
995.13926	0.04418
993.21069	0.03803
991.28213	0.03301
989.35356	0.03001
987.42500	0.02862
985.49644	0.02850
983.56787	0.02970
981.63931	0.03236
979.71074	0.03671
977.78218	0.04273
975.85361	0.04930
973.92505	0.05370
971.99648	0.05310
970.06792	0.04774
968.13936	0.04106
966.21079	0.03586
964.28223	0.03254
962.35366	0.03044
960.42510	0.02904
958.49653	0.02803
956.56797	0.02728
954.63940	0.02675
952.71084	0.02650
950.78228	0.02653
948.85371	0.02664
946.92515	0.02676
944.99658	0.02698
943.06802	0.02728
941.13945	0.02728
939.21089	0.02670
937.28232	0.02564
935.35376	0.02446
933.42520	0.02343
931.49663	0.02259
929.56807	0.02182
927.63950	0.02109
925.71094	0.02044
923.78237	0.01983
921.85381	0.01927
919.92524	0.01881
917.99668	0.01845
916.06812	0.01802
914.13955	0.01758
912.21099	0.01725
910.28242	0.01695
908.35386	0.01675
906.42529	0.01719
904.49673	0.01866
902.56816	0.02080
900.63960	0.02240
898.71104	0.02201
896.78247	0.01929
894.85391	0.01562
892.92534	0.01274
890.99678	0.01121
889.06821	0.01061
887.13965	0.01052
885.21108	0.01074
883.28252	0.01113
881.35396	0.01160
879.42539	0.01218
877.49683	0.01281
875.56826	0.01341
873.63970	0.01387
871.71113	0.01410
869.78257	0.01416
867.85400	0.01426
865.92544	0.01439
863.99687	0.01446
862.06831	0.01450
860.13975	0.01451
858.21118	0.01452
856.28262	0.01462
854.35405	0.01494
852.42549	0.01562
850.49692	0.01689
848.56836	0.01931
846.63979	0.02383
844.71123	0.03085
842.78267	0.03780
840.85410	0.03920
838.92554	0.03333
836.99697	0.02511
835.06841	0.01919
833.13984	0.01591
831.21128	0.01399
829.28271	0.01256
827.35415	0.01134
825.42559	0.01048
823.49702	0.00999
821.56846	0.00974
819.63989	0.00984
817.71133	0.01047
815.78276	0.01158
813.85420	0.01316
811.92563	0.01455
809.99707	0.01452
808.06851	0.01241
806.13994	0.00879
804.21138	0.00490
802.28281	0.00162
800.35425	-0.00107
798.42568	-0.00350
796.49712	-0.00564
794.56855	-0.00737
792.63999	-0.00886
790.71143	-0.01037
788.78286	-0.01195
786.85430	-0.01357
784.92573	-0.01526
782.99717	-0.01716
781.06860	-0.01926
779.14004	-0.02139
777.21147	-0.02360
775.28291	-0.02602
773.35435	-0.02853
771.42578	-0.03118
769.49722	-0.03398
767.56865	-0.03653
765.64009	-0.03846
763.71152	-0.03992
761.78296	-0.04114
759.85439	-0.04193
757.92583	-0.04213
755.99727	-0.04213
754.06870	-0.04232
752.14014	-0.04276
750.21157	-0.04353
748.28301	-0.04464
746.35444	-0.04588
744.42588	-0.04690
742.49731	-0.04759
740.56875	-0.04799
738.64019	-0.04824
736.71162	-0.04852
734.78306	-0.04870
732.85449	-0.04853
730.92593	-0.04812
728.99736	-0.04776
727.06880	-0.04760
725.14023	-0.04754
723.21167	-0.04784
721.28311	-0.04810
719.35454	-0.04823
717.42598	-0.04816
715.49741	-0.04787
713.56885	-0.04736
711.64028	-0.04658
709.71172	-0.04554
707.78315	-0.04447
705.85459	-0.04355
703.92603	-0.04275
701.99746	-0.04191
700.06890	-0.04089
698.14033	-0.03972
696.21177	-0.03861
694.28320	-0.03782
692.35464	-0.03736
690.42607	-0.03672
688.49751	-0.03542
686.56895	-0.03392
684.64038	-0.03272
682.71182	-0.03175
680.78325	-0.03049
678.85469	-0.02879
676.92612	-0.02730
674.99756	-0.02634
673.06899	-0.02550
671.14043	-0.02369
669.21187	-0.02096
667.28330	-0.02158
665.35474	-0.02112
663.42617	-0.02090
661.49761	-0.02045
659.56904	-0.01957
657.64048	-0.01852
655.71191	-0.01795
653.78335	-0.01811
651.85479	-0.01850
649.92622	-0.01909
647.99766	-0.02073
646.06909	-0.02363
644.14053	-0.02732
642.21196	-0.03272
640.28340	-0.04203
638.35483	-0.05747
636.42627	-0.08135
634.49771	-0.11339
632.56914	-0.14390
630.64058	-0.15463
628.71201	-0.13633
626.78345	-0.10205
624.85488	-0.07075
622.92632	-0.04945
620.99775	-0.03704
619.06919	-0.02972
617.14062	-0.02416
615.21206	-0.01940
613.28350	-0.01592
611.35493	-0.01337
609.42637	-0.01165
607.49780	-0.01172
605.56924	-0.01322
603.64067	-0.01437
601.71211	-0.01503
599.78354	-0.01712
