3997.91411	-0.05077
3995.98555	-0.05086
3994.05698	-0.05096
3992.12842	-0.05099
3990.19985	-0.05088
3988.27129	-0.05080
3986.34272	-0.05082
3984.41416	-0.05087
3982.48560	-0.05092
3980.55703	-0.05099
3978.62847	-0.05111
3976.69990	-0.05127
3974.77134	-0.05134
3972.84277	-0.05136
3970.91421	-0.05134
3968.98564	-0.05124
3967.05708	-0.05117
3965.12852	-0.05117
3963.19995	-0.05120
3961.27139	-0.05126
3959.34282	-0.05127
3957.41426	-0.05128
3955.48569	-0.05134
3953.55713	-0.05134
3951.62856	-0.05119
3949.70000	-0.05115
3947.77144	-0.05133
3945.84287	-0.05140
3943.91431	-0.05127
3941.98574	-0.05129
3940.05718	-0.05143
3938.12861	-0.05144
3936.20005	-0.05137
3934.27148	-0.05139
3932.34292	-0.05148
3930.41436	-0.05155
3928.48579	-0.05161
3926.55723	-0.05159
3924.62866	-0.05150
3922.70010	-0.05142
3920.77153	-0.05138
3918.84297	-0.05138
3916.91440	-0.05146
3914.98584	-0.05159
3913.05728	-0.05177
3911.12871	-0.05198
3909.20015	-0.05212
3907.27158	-0.05199
3905.34302	-0.05166
3903.41445	-0.05139
3901.48589	-0.05124
3899.55732	-0.05126
3897.62876	-0.05148
3895.70020	-0.05155
3893.77163	-0.05144
3891.84307	-0.05146
3889.91450	-0.05156
3887.98594	-0.05138
3886.05737	-0.05120
3884.12881	-0.05128
3882.20024	-0.05140
3880.27168	-0.05164
3878.34312	-0.05199
3876.41455	-0.05201
3874.48599	-0.05175
3872.55742	-0.05147
3870.62886	-0.05141
3868.70029	-0.05167
3866.77173	-0.05192
3864.84316	-0.05199
3862.91460	-0.05204
3860.98604	-0.05208
3859.05747	-0.05195
3857.12891	-0.05173
3855.20034	-0.05168
3853.27178	-0.05208
3851.34321	-0.05248
3849.41465	-0.05248
3847.48608	-0.05232
3845.55752	-0.05217
3843.62896	-0.05206
3841.70039	-0.05194
3839.77183	-0.05193
3837.84326	-0.05215
3835.91470	-0.05224
3833.98613	-0.05209
3832.05757	-0.05204
3830.12900	-0.05215
3828.20044	-0.05224
3826.27187	-0.05227
3824.34331	-0.05219
3822.41475	-0.05211
3820.48618	-0.05216
3818.55762	-0.05205
3816.62905	-0.05195
3814.70049	-0.05218
3812.77192	-0.05248
3810.84336	-0.05258
3808.91479	-0.05245
3806.98623	-0.05224
3805.05767	-0.05218
3803.12910	-0.05222
3801.20054	-0.05236
3799.27197	-0.05247
3797.34341	-0.05250
3795.41484	-0.05264
3793.48628	-0.05271
3791.55771	-0.05260
3789.62915	-0.05257
3787.70059	-0.05261
3785.77202	-0.05258
3783.84346	-0.05259
3781.91489	-0.05264
3779.98633	-0.05276
3778.05776	-0.05296
3776.12920	-0.05306
3774.20063	-0.05295
3772.27207	-0.05268
3770.34351	-0.05239
3768.41494	-0.05223
3766.48638	-0.05225
3764.55781	-0.05246
3762.62925	-0.05263
3760.70068	-0.05258
3758.77212	-0.05248
3756.84355	-0.05236
3754.91499	-0.05215
3752.98643	-0.05195
3751.05786	-0.05204
3749.12930	-0.05235
3747.20073	-0.05247
3745.27217	-0.05258
3743.34360	-0.05291
3741.41504	-0.05311
3739.48647	-0.05299
3737.55791	-0.05258
3735.62935	-0.05234
3733.70078	-0.05272
3731.77222	-0.05320
3729.84365	-0.05335
3727.91509	-0.05339
3725.98652	-0.05352
3724.05796	-0.05350
3722.12939	-0.05326
3720.20083	-0.05314
3718.27227	-0.05323
3716.34370	-0.05325
3714.41514	-0.05314
3712.48657	-0.05312
3710.55801	-0.05325
3708.62944	-0.05347
3706.70088	-0.05379
3704.77231	-0.05403
3702.84375	-0.05406
3700.91519	-0.05407
3698.98662	-0.05416
3697.05806	-0.05427
3695.12949	-0.05436
3693.20093	-0.05440
3691.27236	-0.05435
3689.34380	-0.05434
3687.41523	-0.05446
3685.48667	-0.05451
3683.55811	-0.05437
3681.62954	-0.05412
3679.70098	-0.05389
3677.77241	-0.05373
3675.84385	-0.05391
3673.91528	-0.05434
3671.98672	-0.05439
3670.05815	-0.05427
3668.12959	-0.05434
3666.20103	-0.05449
3664.27246	-0.05471
3662.34390	-0.05494
3660.41533	-0.05491
3658.48677	-0.05453
3656.55820	-0.05417
3654.62964	-0.05400
3652.70107	-0.05362
3650.77251	-0.05314
3648.84395	-0.05314
3646.91538	-0.05353
3644.98682	-0.05390
3643.05825	-0.05424
3641.12969	-0.05452
3639.20112	-0.05469
3637.27256	-0.05472
3635.34399	-0.05463
3633.41543	-0.05448
3631.48687	-0.05419
3629.55830	-0.05409
3627.62974	-0.05458
3625.70117	-0.05495
3623.77261	-0.05484
3621.84404	-0.05454
3619.91548	-0.05436
3617.98691	-0.05436
3616.05835	-0.05427
3614.12979	-0.05410
3612.20122	-0.05399
3610.27266	-0.05382
3608.34409	-0.05380
3606.41553	-0.05406
3604.48696	-0.05431
3602.55840	-0.05446
3600.62983	-0.05454
3598.70127	-0.05449
3596.77271	-0.05432
3594.84414	-0.05417
3592.91558	-0.05422
3590.98701	-0.05428
3589.05845	-0.05418
3587.12988	-0.05427
3585.20132	-0.05467
3583.27275	-0.05492
3581.34419	-0.05486
3579.41562	-0.05480
3577.48706	-0.05492
3575.55850	-0.05507
3573.62993	-0.05517
3571.70137	-0.05514
3569.77280	-0.05495
3567.84424	-0.05478
3565.91567	-0.05486
3563.98711	-0.05496
3562.05854	-0.05483
3560.12998	-0.05469
3558.20142	-0.05484
3556.27285	-0.05508
3554.34429	-0.05503
3552.41572	-0.05477
3550.48716	-0.05459
3548.55859	-0.05444
3546.63003	-0.05434
3544.70146	-0.05448
3542.77290	-0.05490
3540.84434	-0.05534
3538.91577	-0.05549
3536.98721	-0.05532
3535.05864	-0.05505
3533.13008	-0.05479
3531.20151	-0.05455
3529.27295	-0.05447
3527.34438	-0.05450
3525.41582	-0.05444
3523.48726	-0.05449
3521.55869	-0.05477
3519.63013	-0.05492
3517.70156	-0.05484
3515.77300	-0.05476
3513.84443	-0.05464
3511.91587	-0.05440
3509.98730	-0.05441
3508.05874	-0.05475
3506.13018	-0.05498
3504.20161	-0.05497
3502.27305	-0.05484
3500.34448	-0.05458
3498.41592	-0.05435
3496.48735	-0.05433
3494.55879	-0.05436
3492.63022	-0.05423
3490.70166	-0.05409
3488.77310	-0.05421
3486.84453	-0.05456
3484.91597	-0.05492
3482.98740	-0.05505
3481.05884	-0.05481
3479.13027	-0.05439
3477.20171	-0.05416
3475.27314	-0.05428
3473.34458	-0.05469
3471.41602	-0.05508
3469.48745	-0.05522
3467.55889	-0.05519
3465.63032	-0.05500
3463.70176	-0.05460
3461.77319	-0.05411
3459.84463	-0.05384
3457.91606	-0.05401
3455.98750	-0.05448
3454.05894	-0.05483
3452.13037	-0.05478
3450.20181	-0.05447
3448.27324	-0.05421
3446.34468	-0.05404
3444.41611	-0.05391
3442.48755	-0.05388
3440.55898	-0.05410
3438.63042	-0.05442
3436.70186	-0.05460
3434.77329	-0.05454
3432.84473	-0.05439
3430.91616	-0.05433
3428.98760	-0.05441
3427.05903	-0.05453
3425.13047	-0.05456
3423.20190	-0.05440
3421.27334	-0.05422
3419.34478	-0.05425
3417.41621	-0.05426
3415.48765	-0.05420
3413.55908	-0.05432
3411.63052	-0.05456
3409.70195	-0.05471
3407.77339	-0.05476
3405.84482	-0.05474
3403.91626	-0.05470
3401.98770	-0.05485
3400.05913	-0.05500
3398.13057	-0.05484
3396.20200	-0.05461
3394.27344	-0.05459
3392.34487	-0.05465
3390.41631	-0.05460
3388.48774	-0.05453
3386.55918	-0.05462
3384.63062	-0.05486
3382.70205	-0.05491
3380.77349	-0.05459
3378.84492	-0.05429
3376.91636	-0.05429
3374.98779	-0.05449
3373.05923	-0.05478
3371.13066	-0.05494
3369.20210	-0.05482
3367.27354	-0.05469
3365.34497	-0.05476
3363.41641	-0.05481
3361.48784	-0.05480
3359.55928	-0.05482
3357.63071	-0.05468
3355.70215	-0.05459
3353.77358	-0.05483
3351.84502	-0.05509
3349.91646	-0.05509
3347.98789	-0.05491
3346.05933	-0.05473
3344.13076	-0.05477
3342.20220	-0.05491
3340.27363	-0.05494
3338.34507	-0.05493
3336.41650	-0.05498
3334.48794	-0.05508
3332.55937	-0.05516
3330.63081	-0.05512
3328.70225	-0.05507
3326.77368	-0.05511
3324.84512	-0.05513
3322.91655	-0.05501
3320.98799	-0.05498
3319.05942	-0.05504
3317.13086	-0.05493
3315.20229	-0.05486
3313.27373	-0.05503
3311.34517	-0.05523
3309.41660	-0.05528
3307.48804	-0.05522
3305.55947	-0.05517
3303.63091	-0.05516
3301.70234	-0.05521
3299.77378	-0.05538
3297.84521	-0.05554
3295.91665	-0.05562
3293.98809	-0.05568
3292.05952	-0.05574
3290.13096	-0.05582
3288.20239	-0.05584
3286.27383	-0.05572
3284.34526	-0.05552
3282.41670	-0.05544
3280.48813	-0.05555
3278.55957	-0.05560
3276.63101	-0.05550
3274.70244	-0.05547
3272.77388	-0.05555
3270.84531	-0.05556
3268.91675	-0.05551
3266.98818	-0.05552
3265.05962	-0.05557
3263.13105	-0.05561
3261.20249	-0.05560
3259.27393	-0.05562
3257.34536	-0.05581
3255.41680	-0.05587
3253.48823	-0.05568
3251.55967	-0.05556
3249.63110	-0.05550
3247.70254	-0.05547
3245.77397	-0.05563
3243.84541	-0.05585
3241.91685	-0.05596
3239.98828	-0.05592
3238.05972	-0.05577
3236.13115	-0.05580
3234.20259	-0.05618
3232.27402	-0.05642
3230.34546	-0.05625
3228.41689	-0.05612
3226.48833	-0.05614
3224.55977	-0.05599
3222.63120	-0.05576
3220.70264	-0.05571
3218.77407	-0.05574
3216.84551	-0.05574
3214.91694	-0.05576
3212.98838	-0.05579
3211.05981	-0.05580
3209.13125	-0.05586
3207.20269	-0.05592
3205.27412	-0.05594
3203.34556	-0.05593
3201.41699	-0.05593
3199.48843	-0.05594
3197.55986	-0.05594
3195.63130	-0.05600
3193.70273	-0.05599
3191.77417	-0.05583
3189.84561	-0.05576
3187.91704	-0.05594
3185.98848	-0.05615
3184.05991	-0.05627
3182.13135	-0.05634
3180.20278	-0.05641
3178.27422	-0.05645
3176.34565	-0.05646
3174.41709	-0.05655
3172.48853	-0.05667
3170.55996	-0.05658
3168.63140	-0.05634
3166.70283	-0.05622
3164.77427	-0.05621
3162.84570	-0.05636
3160.91714	-0.05666
3158.98857	-0.05685
3157.06001	-0.05679
3155.13145	-0.05659
3153.20288	-0.05641
3151.27432	-0.05632
3149.34575	-0.05626
3147.41719	-0.05625
3145.48862	-0.05634
3143.56006	-0.05653
3141.63149	-0.05672
3139.70293	-0.05679
3137.77437	-0.05678
3135.84580	-0.05678
3133.91724	-0.05679
3131.98867	-0.05688
3130.06011	-0.05707
3128.13154	-0.05723
3126.20298	-0.05732
3124.27441	-0.05740
3122.34585	-0.05743
3120.41729	-0.05747
3118.48872	-0.05758
3116.56016	-0.05757
3114.63159	-0.05743
3112.70303	-0.05742
3110.77446	-0.05764
3108.84590	-0.05787
3106.91733	-0.05794
3104.98877	-0.05785
3103.06021	-0.05772
3101.13164	-0.05760
3099.20308	-0.05757
3097.27451	-0.05770
3095.34595	-0.05783
3093.41738	-0.05783
3091.48882	-0.05775
3089.56025	-0.05778
3087.63169	-0.05793
3085.70312	-0.05804
3083.77456	-0.05809
3081.84600	-0.05819
3079.91743	-0.05834
3077.98887	-0.05838
3076.06030	-0.05819
3074.13174	-0.05800
3072.20317	-0.05801
3070.27461	-0.05811
3068.34604	-0.05815
3066.41748	-0.05820
3064.48892	-0.05826
3062.56035	-0.05822
3060.63179	-0.05810
3058.70322	-0.05812
3056.77466	-0.05838
3054.84609	-0.05864
3052.91753	-0.05871
3050.98896	-0.05862
3049.06040	-0.05853
3047.13184	-0.05864
3045.20327	-0.05886
3043.27471	-0.05894
3041.34614	-0.05893
3039.41758	-0.05895
3037.48901	-0.05898
3035.56045	-0.05899
3033.63188	-0.05902
3031.70332	-0.05906
3029.77476	-0.05910
3027.84619	-0.05916
3025.91763	-0.05928
3023.98906	-0.05943
3022.06050	-0.05946
3020.13193	-0.05940
3018.20337	-0.05942
3016.27480	-0.05957
3014.34624	-0.05975
3012.41768	-0.05983
3010.48911	-0.05978
3008.56055	-0.05958
3006.63198	-0.05929
3004.70342	-0.05904
3002.77485	-0.05889
3000.84629	-0.05878
2998.91772	-0.05850
2996.98916	-0.05796
2995.06060	-0.05713
2993.13203	-0.05622
2991.20347	-0.05548
2989.27490	-0.05460
2987.34634	-0.05317
2985.41777	-0.05129
2983.48921	-0.04914
2981.56064	-0.04667
2979.63208	-0.04383
2977.70352	-0.04043
2975.77495	-0.03627
2973.84639	-0.03148
2971.91782	-0.02620
2969.98926	-0.02025
2968.06069	-0.01366
2966.13213	-0.00679
2964.20356	-0.00020
2962.27500	0.00528
2960.34644	0.00909
2958.41787	0.01171
2956.48931	0.01435
2954.56074	0.01762
2952.63218	0.02057
2950.70361	0.02157
2948.77505	0.01952
2946.84648	0.01449
2944.91792	0.00781
2942.98936	0.00130
2941.06079	-0.00354
2939.13223	-0.00574
2937.20366	-0.00515
2935.27510	-0.00221
2933.34653	0.00269
2931.41797	0.00917
2929.48940	0.01644
2927.56084	0.02376
2925.63228	0.03077
2923.70371	0.03715
2921.77515	0.04260
2919.84658	0.04669
2917.91802	0.04848
2915.98945	0.04736
2914.06089	0.04379
2912.13232	0.03909
2910.20376	0.03456
2908.27520	0.03067
2906.34663	0.02711
2904.41807	0.02340
2902.48950	0.01931
2900.56094	0.01505
2898.63237	0.01104
2896.70381	0.00749
2894.77524	0.00447
2892.84668	0.00212
2890.91812	0.00049
2888.98955	-0.00051
2887.06099	-0.00097
2885.13242	-0.00103
2883.20386	-0.00065
2881.27529	0.00025
2879.34673	0.00130
2877.41816	0.00200
2875.48960	0.00223
2873.56104	0.00234
2871.63247	0.00273
2869.70391	0.00331
2867.77534	0.00338
2865.84678	0.00190
2863.91821	-0.00188
2861.98965	-0.00748
2860.06108	-0.01323
2858.13252	-0.01760
2856.20396	-0.02000
2854.27539	-0.02064
2852.34683	-0.02004
2850.41826	-0.01848
2848.48970	-0.01598
2846.56113	-0.01254
2844.63257	-0.00827
2842.70400	-0.00363
2840.77544	0.00037
2838.84687	0.00245
2836.91831	0.00151
2834.98975	-0.00267
2833.06118	-0.00891
2831.13262	-0.01535
2829.20405	-0.02076
2827.27549	-0.02492
2825.34692	-0.02801
2823.41836	-0.03039
2821.48979	-0.03226
2819.56123	-0.03371
2817.63267	-0.03488
2815.70410	-0.03593
2813.77554	-0.03684
2811.84697	-0.03760
2809.91841	-0.03830
2807.98984	-0.03897
2806.06128	-0.03969
2804.13271	-0.04047
2802.20415	-0.04123
2800.27559	-0.04182
2798.34702	-0.04225
2796.41846	-0.04266
2794.48989	-0.04308
2792.56133	-0.04345
2790.63276	-0.04388
2788.70420	-0.04438
2786.77563	-0.04481
2784.84707	-0.04521
2782.91851	-0.04567
2780.98994	-0.04612
2779.06138	-0.04649
2777.13281	-0.04683
2775.20425	-0.04708
2773.27568	-0.04717
2771.34712	-0.04720
2769.41855	-0.04727
2767.48999	-0.04738
2765.56143	-0.04755
2763.63286	-0.04779
2761.70430	-0.04802
2759.77573	-0.04820
2757.84717	-0.04840
2755.91860	-0.04860
2753.99004	-0.04869
2752.06147	-0.04867
2750.13291	-0.04866
2748.20435	-0.04870
2746.27578	-0.04868
2744.34722	-0.04859
2742.41865	-0.04860
2740.49009	-0.04871
2738.56152	-0.04876
2736.63296	-0.04864
2734.70439	-0.04839
2732.77583	-0.04814
2730.84727	-0.04797
2728.91870	-0.04788
2726.99014	-0.04782
2725.06157	-0.04765
2723.13301	-0.04743
2721.20444	-0.04733
2719.27588	-0.04747
2717.34731	-0.04778
2715.41875	-0.04811
2713.49019	-0.04842
2711.56162	-0.04874
2709.63306	-0.04899
2707.70449	-0.04912
2705.77593	-0.04928
2703.84736	-0.04952
2701.91880	-0.04973
2699.99023	-0.04981
2698.06167	-0.04980
2696.13311	-0.04980
2694.20454	-0.04988
2692.27598	-0.04996
2690.34741	-0.05000
2688.41885	-0.05001
2686.49028	-0.05005
2684.56172	-0.05009
2682.63315	-0.05009
2680.70459	-0.05005
2678.77603	-0.05006
2676.84746	-0.05017
2674.91890	-0.05028
2672.99033	-0.05028
2671.06177	-0.05020
2669.13320	-0.05014
2667.20464	-0.05010
2665.27607	-0.04997
2663.34751	-0.04979
2661.41895	-0.04966
2659.49038	-0.04958
2657.56182	-0.04954
2655.63325	-0.04958
2653.70469	-0.04967
2651.77612	-0.04976
2649.84756	-0.04981
2647.91899	-0.04981
2645.99043	-0.04978
2644.06187	-0.04975
2642.13330	-0.04979
2640.20474	-0.04986
2638.27617	-0.04986
2636.34761	-0.04979
2634.41904	-0.04970
2632.49048	-0.04966
2630.56191	-0.04973
2628.63335	-0.04989
2626.70479	-0.04991
2624.77622	-0.04971
2622.84766	-0.04956
2620.91909	-0.04958
2618.99053	-0.04967
2617.06196	-0.04974
2615.13340	-0.04972
2613.20483	-0.04965
2611.27627	-0.04964
2609.34771	-0.04971
2607.41914	-0.04984
2605.49058	-0.05003
2603.56201	-0.05019
2601.63345	-0.05025
2599.70488	-0.05028
2597.77632	-0.05028
2595.84775	-0.05024
2593.91919	-0.05021
2591.99062	-0.05017
2590.06206	-0.05004
2588.13350	-0.04989
2586.20493	-0.04979
2584.27637	-0.04972
2582.34780	-0.04968
2580.41924	-0.04967
2578.49067	-0.04972
2576.56211	-0.04985
2574.63354	-0.05004
2572.70498	-0.05027
2570.77642	-0.05048
2568.84785	-0.05057
2566.91929	-0.05065
2564.99072	-0.05078
2563.06216	-0.05081
2561.13359	-0.05068
2559.20503	-0.05058
2557.27646	-0.05063
2555.34790	-0.05074
2553.41934	-0.05083
2551.49077	-0.05088
2549.56221	-0.05092
2547.63364	-0.05107
2545.70508	-0.05123
2543.77651	-0.05114
2541.84795	-0.05089
2539.91938	-0.05077
2537.99082	-0.05087
2536.06226	-0.05103
2534.13369	-0.05116
2532.20513	-0.05125
2530.27656	-0.05129
2528.34800	-0.05135
2526.41943	-0.05136
2524.49087	-0.05125
2522.56230	-0.05121
2520.63374	-0.05133
2518.70518	-0.05143
2516.77661	-0.05145
2514.84805	-0.05148
2512.91948	-0.05157
2510.99092	-0.05165
2509.06235	-0.05168
2507.13379	-0.05166
2505.20522	-0.05161
2503.27666	-0.05156
2501.34810	-0.05157
2499.41953	-0.05167
2497.49097	-0.05174
2495.56240	-0.05163
2493.63384	-0.05144
2491.70527	-0.05140
2489.77671	-0.05145
2487.84814	-0.05147
2485.91958	-0.05150
2483.99102	-0.05152
2482.06245	-0.05152
2480.13389	-0.05152
2478.20532	-0.05145
2476.27676	-0.05133
2474.34819	-0.05136
2472.41963	-0.05147
2470.49106	-0.05152
2468.56250	-0.05147
2466.63394	-0.05137
2464.70537	-0.05135
2462.77681	-0.05149
2460.84824	-0.05155
2458.91968	-0.05134
2456.99111	-0.05110
2455.06255	-0.05103
2453.13398	-0.05099
2451.20542	-0.05094
2449.27686	-0.05096
2447.34829	-0.05096
2445.41973	-0.05080
2443.49116	-0.05068
2441.56260	-0.05080
2439.63403	-0.05107
2437.70547	-0.05125
2435.77690	-0.05122
2433.84834	-0.05105
2431.91978	-0.05090
2429.99121	-0.05088
2428.06265	-0.05093
2426.13408	-0.05097
2424.20552	-0.05106
2422.27695	-0.05116
2420.34839	-0.05125
2418.41982	-0.05131
2416.49126	-0.05128
2414.56270	-0.05111
2412.63413	-0.05095
2410.70557	-0.05092
2408.77700	-0.05096
2406.84844	-0.05099
2404.91987	-0.05097
2402.99131	-0.05095
2401.06274	-0.05100
2399.13418	-0.05058
2397.20562	-0.05053
2395.27705	-0.05071
2393.34849	-0.05095
2391.41992	-0.05120
2389.49136	-0.05138
2387.56279	-0.05153
2385.63423	-0.05177
2383.70566	-0.05209
2381.77710	-0.05240
2379.84854	-0.05273
2377.91997	-0.05307
2375.99141	-0.05332
2374.06284	-0.05341
2372.13428	-0.05345
2370.20571	-0.05357
2368.27715	-0.05372
2366.34858	-0.05388
2364.42002	-0.05406
2362.49146	-0.05425
2360.56289	-0.05442
2358.63433	-0.05440
2356.70576	-0.05419
2354.77720	-0.05411
2352.84863	-0.05444
2350.92007	-0.05491
2348.99150	-0.05506
2347.06294	-0.05449
2345.13437	-0.05377
2343.20581	-0.05335
2341.27725	-0.05325
2339.34868	-0.05332
2337.42012	-0.05340
2335.49155	-0.05346
2333.56299	-0.05364
2331.63442	-0.05380
2329.70586	-0.05355
2327.77729	-0.05273
2325.84873	-0.05158
2323.92017	-0.05072
2321.99160	-0.05047
2320.06304	-0.05052
2318.13447	-0.05052
2316.20591	-0.05042
2314.27734	-0.05032
2312.34878	-0.05025
2310.42021	-0.05012
2308.49165	-0.04989
2306.56309	-0.04961
2304.63452	-0.04946
2302.70596	-0.04944
2300.77739	-0.04939
2298.84883	-0.04918
2296.92026	-0.04883
2294.99170	-0.04848
2293.06313	-0.04817
2291.13457	-0.04786
2289.20601	-0.04760
2287.27744	-0.04746
2285.34888	-0.04746
2283.42031	-0.04745
2281.49175	-0.04729
2279.56318	-0.04706
2277.63462	-0.04702
2275.70605	-0.04721
2273.77749	-0.04739
2271.84893	-0.04748
2269.92036	-0.04750
2267.99180	-0.04749
2266.06323	-0.04753
2264.13467	-0.04756
2262.20610	-0.04746
2260.27754	-0.04732
2258.34897	-0.04732
2256.42041	-0.04751
2254.49185	-0.04784
2252.56328	-0.04815
2250.63472	-0.04820
2248.70615	-0.04786
2246.77759	-0.04784
2244.84902	-0.04771
2242.92046	-0.04751
2240.99189	-0.04742
2239.06333	-0.04737
2237.13477	-0.04732
2235.20620	-0.04741
2233.27764	-0.04765
2231.34907	-0.04787
2229.42051	-0.04788
2227.49194	-0.04763
2225.56338	-0.04707
2223.63481	-0.04660
2221.70625	-0.04666
2219.77769	-0.04689
2217.84912	-0.04686
2215.92056	-0.04678
2213.99199	-0.04673
2212.06343	-0.04649
2210.13486	-0.04619
2208.20630	-0.04619
2206.27773	-0.04642
2204.34917	-0.04646
2202.42061	-0.04625
2200.49204	-0.04621
2198.56348	-0.04644
2196.63491	-0.04656
2194.70635	-0.04668
2192.77778	-0.04682
2190.84922	-0.04647
2188.92065	-0.04582
2186.99209	-0.04548
2185.06353	-0.04547
2183.13496	-0.04559
2181.20640	-0.04574
2179.27783	-0.04592
2177.34927	-0.04626
2175.42070	-0.04671
2173.49214	-0.04692
2171.56357	-0.04655
2169.63501	-0.04567
2167.70645	-0.04503
2165.77788	-0.04514
2163.84932	-0.04550
2161.92075	-0.04636
2159.99219	-0.04843
2158.06362	-0.05014
2156.13506	-0.05003
2154.20649	-0.04919
2152.27793	-0.04865
2150.34937	-0.04832
2148.42080	-0.04812
2146.49224	-0.04797
2144.56367	-0.04763
2142.63511	-0.04727
2140.70654	-0.04726
2138.77798	-0.04749
2136.84941	-0.04779
2134.92085	-0.04809
2132.99229	-0.04810
2131.06372	-0.04777
2129.13516	-0.04728
2127.20659	-0.04673
2125.27803	-0.04630
2123.34946	-0.04603
2121.42090	-0.04575
2119.49233	-0.04535
2117.56377	-0.04489
2115.63521	-0.04445
2113.70664	-0.04420
2111.77808	-0.04417
2109.84951	-0.04422
2107.92095	-0.04436
2105.99238	-0.04453
2104.06382	-0.04445
2102.13525	-0.04418
2100.20669	-0.04411
2098.27812	-0.04433
2096.34956	-0.04461
2094.42100	-0.04464
2092.49243	-0.04444
2090.56387	-0.04429
2088.63530	-0.04414
2086.70674	-0.04379
2084.77817	-0.04339
2082.84961	-0.04314
2080.92104	-0.04299
2078.99248	-0.04286
2077.06392	-0.04267
2075.13535	-0.04243
2073.20679	-0.04226
2071.27822	-0.04228
2069.34966	-0.04247
2067.42109	-0.04274
2065.49253	-0.04291
2063.56396	-0.04285
2061.63540	-0.04254
2059.70684	-0.04218
2057.77827	-0.04222
2055.84971	-0.04230
2053.92114	-0.04146
2051.99258	-0.04025
2050.06401	-0.04034
2048.13545	-0.04157
2046.20688	-0.04233
2044.27832	-0.04229
2042.34976	-0.04211
2040.42119	-0.04204
2038.49263	-0.04188
2036.56406	-0.04171
2034.63550	-0.04175
2032.70693	-0.04188
2030.77837	-0.04191
2028.84980	-0.04194
2026.92124	-0.04218
2024.99268	-0.04261
2023.06411	-0.04281
2021.13555	-0.04238
2019.20698	-0.04163
2017.27842	-0.04132
2015.34985	-0.04156
2013.42129	-0.04179
2011.49272	-0.04185
2009.56416	-0.04181
2007.63560	-0.04169
2005.70703	-0.04162
2003.77847	-0.04163
2001.84990	-0.04149
1999.92134	-0.04119
1997.99277	-0.04091
1996.06421	-0.04072
1994.13564	-0.04049
1992.20708	-0.04024
1990.27852	-0.04000
1988.34995	-0.03979
1986.42139	-0.03956
1984.49282	-0.03898
1982.56426	-0.03806
1980.63569	-0.03788
1978.70713	-0.03924
1976.77856	-0.04065
1974.85000	-0.04078
1972.92144	-0.04056
1970.99287	-0.04084
1969.06431	-0.04121
1967.13574	-0.04114
1965.20718	-0.04089
1963.27861	-0.04063
1961.35005	-0.04046
1959.42148	-0.04055
1957.49292	-0.04050
1955.56436	-0.03997
1953.63579	-0.03932
1951.70723	-0.03898
1949.77866	-0.03884
1947.85010	-0.03865
1945.92153	-0.03844
1943.99297	-0.03831
1942.06440	-0.03834
1940.13584	-0.03840
1938.20728	-0.03819
1936.27871	-0.03785
1934.35015	-0.03763
1932.42158	-0.03762
1930.49302	-0.03781
1928.56445	-0.03787
1926.63589	-0.03767
1924.70732	-0.03739
1922.77876	-0.03704
1920.85020	-0.03672
1918.92163	-0.03657
1916.99307	-0.03655
1915.06450	-0.03653
1913.13594	-0.03638
1911.20737	-0.03612
1909.27881	-0.03579
1907.35024	-0.03555
1905.42168	-0.03547
1903.49312	-0.03539
1901.56455	-0.03507
1899.63599	-0.03471
1897.70742	-0.03467
1895.77886	-0.03478
1893.85029	-0.03464
1891.92173	-0.03432
1889.99316	-0.03417
1888.06460	-0.03424
1886.13604	-0.03427
1884.20747	-0.03424
1882.27891	-0.03421
1880.35034	-0.03405
1878.42178	-0.03381
1876.49321	-0.03361
1874.56465	-0.03344
1872.63608	-0.03322
1870.70752	-0.03290
1868.77896	-0.03266
1866.85039	-0.03263
1864.92183	-0.03264
1862.99326	-0.03262
1861.06470	-0.03260
1859.13613	-0.03256
1857.20757	-0.03246
1855.27900	-0.03234
1853.35044	-0.03221
1851.42187	-0.03204
1849.49331	-0.03182
1847.56475	-0.03155
1845.63618	-0.03132
1843.70762	-0.03123
1841.77905	-0.03125
1839.85049	-0.03124
1837.92192	-0.03120
1835.99336	-0.03117
1834.06479	-0.03099
1832.13623	-0.03061
1830.20767	-0.03024
1828.27910	-0.03010
1826.35054	-0.03007
1824.42197	-0.02991
1822.49341	-0.02968
1820.56484	-0.02959
1818.63628	-0.02964
1816.70771	-0.02962
1814.77915	-0.02947
1812.85059	-0.02925
1810.92202	-0.02898
1808.99346	-0.02873
1807.06489	-0.02853
1805.13633	-0.02824
1803.20776	-0.02778
1801.27920	-0.02740
1799.35063	-0.02724
1797.42207	-0.02703
1795.49351	-0.02672
1793.56494	-0.02632
1791.63638	-0.02585
1789.70781	-0.02539
1787.77925	-0.02489
1785.85068	-0.02430
1783.92212	-0.02371
1781.99355	-0.02312
1780.06499	-0.02259
1778.13643	-0.02220
1776.20786	-0.02183
1774.27930	-0.02139
1772.35073	-0.02101
1770.42217	-0.02081
1768.49360	-0.02066
1766.56504	-0.02053
1764.63647	-0.02042
1762.70791	-0.02020
1760.77935	-0.01988
1758.85078	-0.01958
1756.92222	-0.01930
1754.99365	-0.01904
1753.06509	-0.01869
1751.13652	-0.01825
1749.20796	-0.01791
1747.27939	-0.01774
1745.35083	-0.01761
1743.42227	-0.01747
1741.49370	-0.01726
1739.56514	-0.01698
1737.63657	-0.01668
1735.70801	-0.01630
1733.77944	-0.01589
1731.85088	-0.01568
1729.92231	-0.01552
1727.99375	-0.01527
1726.06519	-0.01480
1724.13662	-0.01419
1722.20806	-0.01361
1720.27949	-0.01302
1718.35093	-0.01228
1716.42236	-0.01168
1714.49380	-0.01145
1712.56523	-0.01138
1710.63667	-0.01129
1708.70811	-0.01107
1706.77954	-0.01085
1704.85098	-0.01082
1702.92241	-0.01089
1700.99385	-0.01102
1699.06528	-0.01141
1697.13672	-0.01188
1695.20815	-0.01234
1693.27959	-0.01272
1691.35103	-0.01290
1689.42246	-0.01298
1687.49390	-0.01301
1685.56533	-0.01293
1683.63677	-0.01292
1681.70820	-0.01312
1679.77964	-0.01328
1677.85107	-0.01334
1675.92251	-0.01331
1673.99395	-0.01321
1672.06538	-0.01306
1670.13682	-0.01293
1668.20825	-0.01294
1666.27969	-0.01291
1664.35112	-0.01273
1662.42256	-0.01255
1660.49399	-0.01249
1658.56543	-0.01244
1656.63687	-0.01221
1654.70830	-0.01179
1652.77974	-0.01144
1650.85117	-0.01143
1648.92261	-0.01136
1646.99404	-0.01121
1645.06548	-0.01125
1643.13691	-0.01130
1641.20835	-0.01120
1639.27979	-0.01103
1637.35122	-0.01086
1635.42266	-0.01075
1633.49409	-0.01080
1631.56553	-0.01086
1629.63696	-0.01073
1627.70840	-0.01045
1625.77983	-0.01017
1623.85127	-0.01006
1621.92271	-0.01009
1619.99414	-0.01006
1618.06558	-0.00993
1616.13701	-0.00988
1614.20845	-0.00992
1612.27988	-0.00986
1610.35132	-0.00971
1608.42275	-0.00955
1606.49419	-0.00941
1604.56562	-0.00930
1602.63706	-0.00921
1600.70850	-0.00909
1598.77993	-0.00899
1596.85137	-0.00897
1594.92280	-0.00893
1592.99424	-0.00882
1591.06567	-0.00868
1589.13711	-0.00860
1587.20854	-0.00854
1585.27998	-0.00844
1583.35142	-0.00832
1581.42285	-0.00820
1579.49429	-0.00805
1577.56572	-0.00782
1575.63716	-0.00764
1573.70859	-0.00758
1571.78003	-0.00740
1569.85146	-0.00714
1567.92290	-0.00704
1565.99434	-0.00704
1564.06577	-0.00697
1562.13721	-0.00679
1560.20864	-0.00630
1558.28008	-0.00581
1556.35151	-0.00589
1554.42295	-0.00602
1552.49438	-0.00595
1550.56582	-0.00582
1548.63726	-0.00572
1546.70869	-0.00551
1544.78013	-0.00515
1542.85156	-0.00484
1540.92300	-0.00471
1538.99443	-0.00490
1537.06587	-0.00510
1535.13730	-0.00507
1533.20874	-0.00496
1531.28018	-0.00500
1529.35161	-0.00499
1527.42305	-0.00480
1525.49448	-0.00453
1523.56592	-0.00418
1521.63735	-0.00382
1519.70879	-0.00373
1517.78022	-0.00383
1515.85166	-0.00395
1513.92310	-0.00398
1511.99453	-0.00378
1510.06597	-0.00335
1508.13740	-0.00291
1506.20884	-0.00293
1504.28027	-0.00332
1502.35171	-0.00343
1500.42314	-0.00325
1498.49458	-0.00296
1496.56602	-0.00274
1494.63745	-0.00253
1492.70889	-0.00216
1490.78032	-0.00160
1488.85176	-0.00108
1486.92319	-0.00059
1484.99463	0.00004
1483.06606	0.00092
1481.13750	0.00214
1479.20894	0.00382
1477.28037	0.00615
1475.35181	0.00938
1473.42324	0.01404
1471.49468	0.02004
1469.56611	0.02593
1467.63755	0.03176
1465.70898	0.03839
1463.78042	0.04477
1461.85186	0.04923
1459.92329	0.05231
1457.99473	0.05507
1456.06616	0.05690
1454.13760	0.05719
1452.20903	0.05665
1450.28047	0.05515
1448.35190	0.05168
1446.42334	0.04597
1444.49478	0.03962
1442.56621	0.03424
1440.63765	0.03071
1438.70908	0.02909
1436.78052	0.02842
1434.85195	0.02681
1432.92339	0.02351
1430.99482	0.01941
1429.06626	0.01583
1427.13770	0.01354
1425.20913	0.01218
1423.28057	0.01128
1421.35200	0.01072
1419.42344	0.01029
1417.49487	0.00974
1415.56631	0.00915
1413.63774	0.00865
1411.70918	0.00820
1409.78062	0.00782
1407.85205	0.00761
1405.92349	0.00752
1403.99492	0.00738
1402.06636	0.00726
1400.13779	0.00733
1398.20923	0.00740
1396.28066	0.00729
1394.35210	0.00733
1392.42354	0.00796
1390.49497	0.00931
1388.56641	0.01172
1386.63784	0.01596
1384.70928	0.02249
1382.78071	0.03189
1380.85215	0.04503
1378.92358	0.06109
1376.99502	0.07485
1375.06646	0.07843
1373.13789	0.06959
1371.20933	0.05553
1369.28076	0.04312
1367.35220	0.03466
1365.42363	0.03036
1363.49507	0.02921
1361.56650	0.02976
1359.63794	0.03016
1357.70937	0.02902
1355.78081	0.02625
1353.85225	0.02281
1351.92368	0.01977
1349.99512	0.01744
1348.06655	0.01568
1346.13799	0.01435
1344.20942	0.01339
1342.28086	0.01273
1340.35229	0.01224
1338.42373	0.01175
1336.49517	0.01135
1334.56660	0.01127
1332.63804	0.01144
1330.70947	0.01161
1328.78091	0.01165
1326.85234	0.01146
1324.92378	0.01096
1322.99521	0.01031
1321.06665	0.00979
1319.13809	0.00947
1317.20952	0.00927
1315.28096	0.00917
1313.35239	0.00918
1311.42383	0.00936
1309.49526	0.00984
1307.56670	0.01076
1305.63813	0.01178
1303.70957	0.01222
1301.78101	0.01196
1299.85244	0.01150
1297.92388	0.01125
1295.99531	0.01111
1294.06675	0.01090
1292.13818	0.01056
1290.20962	0.01013
1288.28105	0.00971
1286.35249	0.00934
1284.42393	0.00905
1282.49536	0.00882
1280.56680	0.00867
1278.63823	0.00861
1276.70967	0.00861
1274.78110	0.00864
1272.85254	0.00871
1270.92397	0.00882
1268.99541	0.00895
1267.06685	0.00910
1265.13828	0.00934
1263.20972	0.00974
1261.28115	0.01031
1259.35259	0.01102
1257.42402	0.01171
1255.49546	0.01203
1253.56689	0.01173
1251.63833	0.01106
1249.70977	0.01051
1247.78120	0.01032
1245.85264	0.01032
1243.92407	0.01032
1241.99551	0.01033
1240.06694	0.01048
1238.13838	0.01068
1236.20981	0.01078
1234.28125	0.01076
1232.35269	0.01074
1230.42412	0.01080
1228.49556	0.01092
1226.56699	0.01116
1224.63843	0.01153
1222.70986	0.01193
1220.78130	0.01229
1218.85273	0.01249
1216.92417	0.01248
1214.99561	0.01234
1213.06704	0.01219
1211.13848	0.01204
1209.20991	0.01197
1207.28135	0.01197
1205.35278	0.01199
1203.42422	0.01200
1201.49565	0.01198
1199.56709	0.01193
1197.63853	0.01186
1195.70996	0.01182
1193.78140	0.01185
1191.85283	0.01193
1189.92427	0.01198
1187.99570	0.01205
1186.06714	0.01217
1184.13857	0.01243
1182.21001	0.01288
1180.28145	0.01354
1178.35288	0.01447
1176.42432	0.01588
1174.49575	0.01799
1172.56719	0.02075
1170.63862	0.02366
1168.71006	0.02586
1166.78149	0.02661
1164.85293	0.02591
1162.92437	0.02453
1160.99580	0.02325
1159.06724	0.02237
1157.13867	0.02184
1155.21011	0.02148
1153.28154	0.02097
1151.35298	0.02021
1149.42441	0.01932
1147.49585	0.01836
1145.56729	0.01734
1143.63872	0.01637
1141.71016	0.01561
1139.78159	0.01495
1137.85303	0.01431
1135.92446	0.01377
1133.99590	0.01344
1132.06733	0.01327
1130.13877	0.01310
1128.21021	0.01286
1126.28164	0.01268
1124.35308	0.01265
1122.42451	0.01271
1120.49595	0.01278
1118.56738	0.01283
1116.63882	0.01284
1114.71025	0.01277
1112.78169	0.01273
1110.85312	0.01289
1108.92456	0.01324
1106.99600	0.01378
1105.06743	0.01447
1103.13887	0.01497
1101.21030	0.01492
1099.28174	0.01443
1097.35317	0.01392
1095.42461	0.01363
1093.49604	0.01341
1091.56748	0.01306
1089.63892	0.01262
1087.71035	0.01222
1085.78179	0.01180
1083.85322	0.01136
1081.92466	0.01092
1079.99609	0.01044
1078.06753	0.00999
1076.13896	0.00970
1074.21040	0.00958
1072.28184	0.00957
1070.35327	0.00953
1068.42471	0.00925
1066.49614	0.00898
1064.56758	0.00919
1062.63901	0.00969
1060.71045	0.00991
1058.78188	0.00976
1056.85332	0.00967
1054.92476	0.00981
1052.99619	0.01010
1051.06763	0.01049
1049.13906	0.01097
1047.21050	0.01142
1045.28193	0.01177
1043.35337	0.01200
1041.42480	0.01207
1039.49624	0.01199
1037.56768	0.01188
1035.63911	0.01194
1033.71055	0.01211
1031.78198	0.01217
1029.85342	0.01197
1027.92485	0.01170
1025.99629	0.01165
1024.06772	0.01179
1022.13916	0.01186
1020.21060	0.01172
1018.28203	0.01150
1016.35347	0.01142
1014.42490	0.01160
1012.49634	0.01200
1010.56777	0.01246
1008.63921	0.01302
1006.71064	0.01403
1004.78208	0.01595
1002.85352	0.01917
1000.92495	0.02344
998.99639	0.02708
997.06782	0.02790
995.13926	0.02547
993.21069	0.02158
991.28213	0.01828
989.35356	0.01627
987.42500	0.01528
985.49644	0.01507
983.56787	0.01579
981.63931	0.01762
979.71074	0.02062
977.78218	0.02464
975.85361	0.02894
973.92505	0.03186
971.99648	0.03156
970.06792	0.02804
968.13936	0.02347
966.21079	0.01983
964.28223	0.01748
962.35366	0.01596
960.42510	0.01489
958.49653	0.01414
956.56797	0.01362
954.63940	0.01324
952.71084	0.01297
950.78228	0.01283
948.85371	0.01271
946.92515	0.01259
944.99658	0.01264
943.06802	0.01286
941.13945	0.01293
939.21089	0.01253
937.28232	0.01176
935.35376	0.01090
933.42520	0.01015
931.49663	0.00950
929.56807	0.00891
927.63950	0.00841
925.71094	0.00788
923.78237	0.00731
921.85381	0.00680
919.92524	0.00634
917.99668	0.00585
916.06812	0.00528
914.13955	0.00474
912.21099	0.00428
910.28242	0.00384
908.35386	0.00342
906.42529	0.00335
904.49673	0.00401
902.56816	0.00523
900.63960	0.00610
898.71104	0.00558
896.78247	0.00354
894.85391	0.00082
892.92534	-0.00140
890.99678	-0.00251
889.06821	-0.00281
887.13965	-0.00278
885.21108	-0.00246
883.28252	-0.00189
881.35396	-0.00142
879.42539	-0.00105
877.49683	-0.00046
875.56826	0.00029
873.63970	0.00075
871.71113	0.00086
869.78257	0.00095
867.85400	0.00120
865.92544	0.00146
863.99687	0.00158
862.06831	0.00152
860.13975	0.00147
858.21118	0.00160
856.28262	0.00189
854.35405	0.00230
852.42549	0.00290
850.49692	0.00379
848.56836	0.00533
846.63979	0.00824
844.71123	0.01292
842.78267	0.01768
840.85410	0.01872
838.92554	0.01468
836.99697	0.00881
835.06841	0.00443
833.13984	0.00187
831.21128	0.00020
829.28271	-0.00122
827.35415	-0.00247
825.42559	-0.00345
823.49702	-0.00428
821.56846	-0.00489
819.63989	-0.00510
817.71133	-0.00502
815.78276	-0.00462
813.85420	-0.00379
811.92563	-0.00300
809.99707	-0.00329
808.06851	-0.00522
806.13994	-0.00833
804.21138	-0.01160
802.28281	-0.01438
800.35425	-0.01668
798.42568	-0.01872
796.49712	-0.02054
794.56855	-0.02209
792.63999	-0.02356
790.71143	-0.02522
788.78286	-0.02695
786.85430	-0.02846
784.92573	-0.02984
782.99717	-0.03140
781.06860	-0.03318
779.14004	-0.03509
777.21147	-0.03722
775.28291	-0.03964
773.35435	-0.04219
771.42578	-0.04478
769.49722	-0.04746
767.56865	-0.04998
765.64009	-0.05200
763.71152	-0.05350
761.78296	-0.05461
759.85439	-0.05531
757.92583	-0.05557
755.99727	-0.05560
754.06870	-0.05573
752.14014	-0.05614
750.21157	-0.05680
748.28301	-0.05772
746.35444	-0.05875
744.42588	-0.05963
742.49731	-0.06030
740.56875	-0.06080
738.64019	-0.06118
736.71162	-0.06153
734.78306	-0.06170
732.85449	-0.06161
730.92593	-0.06141
728.99736	-0.06124
727.06880	-0.06108
725.14023	-0.06093
723.21167	-0.06102
721.28311	-0.06107
719.35454	-0.06112
717.42598	-0.06110
715.49741	-0.06077
713.56885	-0.06011
711.64028	-0.05932
709.71172	-0.05850
707.78315	-0.05772
705.85459	-0.05716
703.92603	-0.05655
701.99746	-0.05558
700.06890	-0.05443
698.14033	-0.05333
696.21177	-0.05237
694.28320	-0.05162
692.35464	-0.05090
690.42607	-0.04992
688.49751	-0.04877
686.56895	-0.04768
684.64038	-0.04665
682.71182	-0.04557
680.78325	-0.04434
678.85469	-0.04305
676.92612	-0.04186
674.99756	-0.04079
673.06899	-0.03970
671.14043	-0.03835
669.21187	-0.03679
667.28330	-0.03605
665.35474	-0.03600
663.42617	-0.03613
661.49761	-0.03550
659.56904	-0.03436
657.64048	-0.03358
655.71191	-0.03348
653.78335	-0.03373
651.85479	-0.03421
649.92622	-0.03512
647.99766	-0.03671
646.06909	-0.03933
644.14053	-0.04319
642.21196	-0.04887
640.28340	-0.05808
638.35483	-0.07341
636.42627	-0.09744
634.49771	-0.12988
632.56914	-0.16072
630.64058	-0.17149
628.71201	-0.15306
626.78345	-0.11834
624.85488	-0.08670
622.92632	-0.06544
620.99775	-0.05284
619.06919	-0.04504
617.14062	-0.03940
615.21206	-0.03491
613.28350	-0.03169
611.35493	-0.02980
609.42637	-0.02902
607.49780	-0.02930
605.56924	-0.03030
603.64067	-0.03109
601.71211	-0.03168
599.78354	-0.03362
