3997.91411	0.00715
3995.98555	0.00704
3994.05698	0.00699
3992.12842	0.00703
3990.19985	0.00715
3988.27129	0.00723
3986.34272	0.00723
3984.41416	0.00719
3982.48560	0.00720
3980.55703	0.00720
3978.62847	0.00721
3976.69990	0.00725
3974.77134	0.00724
3972.84277	0.00717
3970.91421	0.00717
3968.98564	0.00717
3967.05708	0.00711
3965.12852	0.00705
3963.19995	0.00703
3961.27139	0.00704
3959.34282	0.00712
3957.41426	0.00724
3955.48569	0.00727
3953.55713	0.00718
3951.62856	0.00709
3949.70000	0.00714
3947.77144	0.00730
3945.84287	0.00738
3943.91431	0.00731
3941.98574	0.00721
3940.05718	0.00720
3938.12861	0.00728
3936.20005	0.00740
3934.27148	0.00752
3932.34292	0.00759
3930.41436	0.00753
3928.48579	0.00734
3926.55723	0.00715
3924.62866	0.00705
3922.70010	0.00701
3920.77153	0.00705
3918.84297	0.00721
3916.91440	0.00737
3914.98584	0.00735
3913.05728	0.00728
3911.12871	0.00728
3909.20015	0.00730
3907.27158	0.00731
3905.34302	0.00737
3903.41445	0.00746
3901.48589	0.00746
3899.55732	0.00741
3897.62876	0.00739
3895.70020	0.00742
3893.77163	0.00748
3891.84307	0.00757
3889.91450	0.00761
3887.98594	0.00755
3886.05737	0.00751
3884.12881	0.00752
3882.20024	0.00754
3880.27168	0.00752
3878.34312	0.00752
3876.41455	0.00759
3874.48599	0.00771
3872.55742	0.00790
3870.62886	0.00809
3868.70029	0.00815
3866.77173	0.00799
3864.84316	0.00772
3862.91460	0.00757
3860.98604	0.00757
3859.05747	0.00757
3857.12891	0.00743
3855.20034	0.00728
3853.27178	0.00732
3851.34321	0.00746
3849.41465	0.00754
3847.48608	0.00754
3845.55752	0.00750
3843.62896	0.00748
3841.70039	0.00756
3839.77183	0.00777
3837.84326	0.00798
3835.91470	0.00796
3833.98613	0.00777
3832.05757	0.00763
3830.12900	0.00757
3828.20044	0.00754
3826.27187	0.00752
3824.34331	0.00750
3822.41475	0.00751
3820.48618	0.00752
3818.55762	0.00753
3816.62905	0.00758
3814.70049	0.00758
3812.77192	0.00749
3810.84336	0.00744
3808.91479	0.00750
3806.98623	0.00756
3805.05767	0.00750
3803.12910	0.00740
3801.20054	0.00736
3799.27197	0.00734
3797.34341	0.00729
3795.41484	0.00732
3793.48628	0.00741
3791.55771	0.00742
3789.62915	0.00727
3787.70059	0.00705
3785.77202	0.00695
3783.84346	0.00701
3781.91489	0.00713
3779.98633	0.00719
3778.05776	0.00718
3776.12920	0.00715
3774.20063	0.00715
3772.27207	0.00719
3770.34351	0.00728
3768.41494	0.00740
3766.48638	0.00748
3764.55781	0.00748
3762.62925	0.00744
3760.70068	0.00742
3758.77212	0.00747
3756.84355	0.00757
3754.91499	0.00774
3752.98643	0.00805
3751.05786	0.00825
3749.12930	0.00807
3747.20073	0.00775
3745.27217	0.00762
3743.34360	0.00762
3741.41504	0.00762
3739.48647	0.00764
3737.55791	0.00768
3735.62935	0.00766
3733.70078	0.00749
3731.77222	0.00733
3729.84365	0.00735
3727.91509	0.00744
3725.98652	0.00746
3724.05796	0.00736
3722.12939	0.00723
3720.20083	0.00718
3718.27227	0.00728
3716.34370	0.00742
3714.41514	0.00744
3712.48657	0.00732
3710.55801	0.00723
3708.62944	0.00730
3706.70088	0.00736
3704.77231	0.00724
3702.84375	0.00705
3700.91519	0.00692
3698.98662	0.00685
3697.05806	0.00679
3695.12949	0.00674
3693.20093	0.00674
3691.27236	0.00683
3689.34380	0.00701
3687.41523	0.00716
3685.48667	0.00725
3683.55811	0.00737
3681.62954	0.00748
3679.70098	0.00753
3677.77241	0.00752
3675.84385	0.00759
3673.91528	0.00776
3671.98672	0.00780
3670.05815	0.00761
3668.12959	0.00741
3666.20103	0.00740
3664.27246	0.00753
3662.34390	0.00764
3660.41533	0.00767
3658.48677	0.00764
3656.55820	0.00759
3654.62964	0.00760
3652.70107	0.00770
3650.77251	0.00795
3648.84395	0.00820
3646.91538	0.00823
3644.98682	0.00817
3643.05825	0.00820
3641.12969	0.00831
3639.20112	0.00840
3637.27256	0.00848
3635.34399	0.00854
3633.41543	0.00849
3631.48687	0.00837
3629.55830	0.00829
3627.62974	0.00830
3625.70117	0.00833
3623.77261	0.00837
3621.84404	0.00852
3619.91548	0.00887
3617.98691	0.00924
3616.05835	0.00949
3614.12979	0.00958
3612.20122	0.00952
3610.27266	0.00942
3608.34409	0.00940
3606.41553	0.00951
3604.48696	0.00956
3602.55840	0.00951
3600.62983	0.00953
3598.70127	0.00966
3596.77271	0.00977
3594.84414	0.00979
3592.91558	0.00984
3590.98701	0.01004
3589.05845	0.01039
3587.12988	0.01071
3585.20132	0.01087
3583.27275	0.01098
3581.34419	0.01117
3579.41562	0.01128
3577.48706	0.01117
3575.55850	0.01098
3573.62993	0.01096
3571.70137	0.01122
3569.77280	0.01152
3567.84424	0.01161
3565.91567	0.01159
3563.98711	0.01171
3562.05854	0.01183
3560.12998	0.01180
3558.20142	0.01181
3556.27285	0.01199
3554.34429	0.01221
3552.41572	0.01233
3550.48716	0.01238
3548.55859	0.01249
3546.63003	0.01267
3544.70146	0.01279
3542.77290	0.01286
3540.84434	0.01300
3538.91577	0.01324
3536.98721	0.01343
3535.05864	0.01355
3533.13008	0.01369
3531.20151	0.01387
3529.27295	0.01402
3527.34438	0.01410
3525.41582	0.01417
3523.48726	0.01422
3521.55869	0.01418
3519.63013	0.01408
3517.70156	0.01402
3515.77300	0.01405
3513.84443	0.01421
3511.91587	0.01444
3509.98730	0.01464
3508.05874	0.01472
3506.13018	0.01474
3504.20161	0.01490
3502.27305	0.01512
3500.34448	0.01514
3498.41592	0.01511
3496.48735	0.01520
3494.55879	0.01524
3492.63022	0.01519
3490.70166	0.01523
3488.77310	0.01537
3486.84453	0.01553
3484.91597	0.01574
3482.98740	0.01601
3481.05884	0.01617
3479.13027	0.01606
3477.20171	0.01581
3475.27314	0.01576
3473.34458	0.01604
3471.41602	0.01641
3469.48745	0.01662
3467.55889	0.01673
3465.63032	0.01675
3463.70176	0.01668
3461.77319	0.01668
3459.84463	0.01678
3457.91606	0.01685
3455.98750	0.01687
3454.05894	0.01696
3452.13037	0.01711
3450.20181	0.01726
3448.27324	0.01731
3446.34468	0.01713
3444.41611	0.01687
3442.48755	0.01692
3440.55898	0.01718
3438.63042	0.01722
3436.70186	0.01716
3434.77329	0.01735
3432.84473	0.01773
3430.91616	0.01801
3428.98760	0.01812
3427.05903	0.01814
3425.13047	0.01806
3423.20190	0.01797
3421.27334	0.01794
3419.34478	0.01801
3417.41621	0.01809
3415.48765	0.01815
3413.55908	0.01829
3411.63052	0.01848
3409.70195	0.01854
3407.77339	0.01851
3405.84482	0.01852
3403.91626	0.01851
3401.98770	0.01844
3400.05913	0.01843
3398.13057	0.01869
3396.20200	0.01894
3394.27344	0.01913
3392.34487	0.01912
3390.41631	0.01896
3388.48774	0.01885
3386.55918	0.01886
3384.63062	0.01885
3382.70205	0.01880
3380.77349	0.01875
3378.84492	0.01862
3376.91636	0.01851
3374.98779	0.01861
3373.05923	0.01890
3371.13066	0.01908
3369.20210	0.01896
3367.27354	0.01887
3365.34497	0.01900
3363.41641	0.01909
3361.48784	0.01898
3359.55928	0.01892
3357.63071	0.01897
3355.70215	0.01904
3353.77358	0.01910
3351.84502	0.01913
3349.91646	0.01914
3347.98789	0.01926
3346.05933	0.01945
3344.13076	0.01946
3342.20220	0.01925
3340.27363	0.01903
3338.34507	0.01900
3336.41650	0.01915
3334.48794	0.01933
3332.55937	0.01942
3330.63081	0.01934
3328.70225	0.01918
3326.77368	0.01912
3324.84512	0.01917
3322.91655	0.01929
3320.98799	0.01939
3319.05942	0.01927
3317.13086	0.01907
3315.20229	0.01913
3313.27373	0.01943
3311.34517	0.01957
3309.41660	0.01945
3307.48804	0.01931
3305.55947	0.01926
3303.63091	0.01923
3301.70234	0.01926
3299.77378	0.01930
3297.84521	0.01924
3295.91665	0.01914
3293.98809	0.01913
3292.05952	0.01926
3290.13096	0.01936
3288.20239	0.01925
3286.27383	0.01908
3284.34526	0.01908
3282.41670	0.01914
3280.48813	0.01905
3278.55957	0.01899
3276.63101	0.01900
3274.70244	0.01891
3272.77388	0.01877
3270.84531	0.01871
3268.91675	0.01867
3266.98818	0.01859
3265.05962	0.01845
3263.13105	0.01835
3261.20249	0.01833
3259.27393	0.01819
3257.34536	0.01801
3255.41680	0.01804
3253.48823	0.01813
3251.55967	0.01809
3249.63110	0.01800
3247.70254	0.01789
3245.77397	0.01773
3243.84541	0.01760
3241.91685	0.01755
3239.98828	0.01759
3238.05972	0.01766
3236.13115	0.01767
3234.20259	0.01762
3232.27402	0.01750
3230.34546	0.01727
3228.41689	0.01710
3226.48833	0.01709
3224.55977	0.01703
3222.63120	0.01690
3220.70264	0.01686
3218.77407	0.01694
3216.84551	0.01706
3214.91694	0.01710
3212.98838	0.01697
3211.05981	0.01675
3209.13125	0.01657
3207.20269	0.01649
3205.27412	0.01643
3203.34556	0.01629
3201.41699	0.01619
3199.48843	0.01625
3197.55986	0.01639
3195.63130	0.01642
3193.70273	0.01638
3191.77417	0.01633
3189.84561	0.01615
3187.91704	0.01592
3185.98848	0.01585
3184.05991	0.01586
3182.13135	0.01583
3180.20278	0.01578
3178.27422	0.01575
3176.34565	0.01566
3174.41709	0.01551
3172.48853	0.01546
3170.55996	0.01556
3168.63140	0.01556
3166.70283	0.01533
3164.77427	0.01503
3162.84570	0.01488
3160.91714	0.01489
3158.98857	0.01490
3157.06001	0.01482
3155.13145	0.01471
3153.20288	0.01464
3151.27432	0.01458
3149.34575	0.01444
3147.41719	0.01428
3145.48862	0.01418
3143.56006	0.01411
3141.63149	0.01408
3139.70293	0.01412
3137.77437	0.01404
3135.84580	0.01380
3133.91724	0.01359
3131.98867	0.01352
3130.06011	0.01354
3128.13154	0.01368
3126.20298	0.01375
3124.27441	0.01349
3122.34585	0.01310
3120.41729	0.01304
3118.48872	0.01327
3116.56016	0.01345
3114.63159	0.01346
3112.70303	0.01336
3110.77446	0.01321
3108.84590	0.01311
3106.91733	0.01312
3104.98877	0.01317
3103.06021	0.01319
3101.13164	0.01310
3099.20308	0.01291
3097.27451	0.01268
3095.34595	0.01252
3093.41738	0.01247
3091.48882	0.01242
3089.56025	0.01235
3087.63169	0.01232
3085.70312	0.01233
3083.77456	0.01237
3081.84600	0.01242
3079.91743	0.01232
3077.98887	0.01203
3076.06030	0.01183
3074.13174	0.01189
3072.20317	0.01200
3070.27461	0.01196
3068.34604	0.01183
3066.41748	0.01170
3064.48892	0.01156
3062.56035	0.01151
3060.63179	0.01155
3058.70322	0.01160
3056.77466	0.01156
3054.84609	0.01142
3052.91753	0.01137
3050.98896	0.01141
3049.06040	0.01132
3047.13184	0.01112
3045.20327	0.01102
3043.27471	0.01096
3041.34614	0.01080
3039.41758	0.01065
3037.48901	0.01059
3035.56045	0.01052
3033.63188	0.01041
3031.70332	0.01031
3029.77476	0.01027
3027.84619	0.01026
3025.91763	0.01021
3023.98906	0.01017
3022.06050	0.01018
3020.13193	0.01020
3018.20337	0.01016
3016.27480	0.01013
3014.34624	0.01015
3012.41768	0.01019
3010.48911	0.01024
3008.56055	0.01027
3006.63198	0.01037
3004.70342	0.01055
3002.77485	0.01074
3000.84629	0.01088
2998.91772	0.01100
2996.98916	0.01122
2995.06060	0.01155
2993.13203	0.01194
2991.20347	0.01231
2989.27490	0.01269
2987.34634	0.01321
2985.41777	0.01397
2983.48921	0.01490
2981.56064	0.01599
2979.63208	0.01728
2977.70352	0.01889
2975.77495	0.02096
2973.84639	0.02353
2971.91782	0.02663
2969.98926	0.03049
2968.06069	0.03537
2966.13213	0.04107
2964.20356	0.04702
2962.27500	0.05202
2960.34644	0.05496
2958.41787	0.05642
2956.48931	0.05853
2954.56074	0.06287
2952.63218	0.06890
2950.70361	0.07396
2948.77505	0.07518
2946.84648	0.07172
2944.91792	0.06506
2942.98936	0.05773
2941.06079	0.05191
2939.13223	0.04863
2937.20366	0.04792
2935.27510	0.04947
2933.34653	0.05311
2931.41797	0.05862
2929.48940	0.06542
2927.56084	0.07261
2925.63228	0.07951
2923.70371	0.08597
2921.77515	0.09211
2919.84658	0.09764
2917.91802	0.10107
2915.98945	0.10069
2914.06089	0.09654
2912.13232	0.09077
2910.20376	0.08552
2908.27520	0.08132
2906.34663	0.07749
2904.41807	0.07352
2902.48950	0.06946
2900.56094	0.06544
2898.63237	0.06172
2896.70381	0.05850
2894.77524	0.05588
2892.84668	0.05399
2890.91812	0.05295
2888.98955	0.05262
2887.06099	0.05267
2885.13242	0.05294
2883.20386	0.05364
2881.27529	0.05487
2879.34673	0.05629
2877.41816	0.05726
2875.48960	0.05748
2873.56104	0.05741
2871.63247	0.05782
2869.70391	0.05899
2867.77534	0.06052
2865.84678	0.06118
2863.91821	0.05947
2861.98965	0.05529
2860.06108	0.05023
2858.13252	0.04588
2856.20396	0.04292
2854.27539	0.04135
2852.34683	0.04083
2850.41826	0.04101
2848.48970	0.04188
2846.56113	0.04375
2844.63257	0.04694
2842.70400	0.05114
2840.77544	0.05521
2838.84687	0.05766
2836.91831	0.05737
2834.98975	0.05421
2833.06118	0.04921
2831.13262	0.04392
2829.20405	0.03945
2827.27549	0.03611
2825.34692	0.03367
2823.41836	0.03180
2821.48979	0.03030
2819.56123	0.02915
2817.63267	0.02820
2815.70410	0.02740
2813.77554	0.02679
2811.84697	0.02625
2809.91841	0.02564
2807.98984	0.02498
2806.06128	0.02442
2804.13271	0.02385
2802.20415	0.02312
2800.27559	0.02244
2798.34702	0.02201
2796.41846	0.02174
2794.48989	0.02144
2792.56133	0.02108
2790.63276	0.02071
2788.70420	0.02031
2786.77563	0.01993
2784.84707	0.01964
2782.91851	0.01939
2780.98994	0.01912
2779.06138	0.01885
2777.13281	0.01863
2775.20425	0.01838
2773.27568	0.01808
2771.34712	0.01785
2769.41855	0.01773
2767.48999	0.01766
2765.56143	0.01761
2763.63286	0.01754
2761.70430	0.01739
2759.77573	0.01725
2757.84717	0.01713
2755.91860	0.01695
2753.99004	0.01681
2752.06147	0.01675
2750.13291	0.01666
2748.20435	0.01658
2746.27578	0.01656
2744.34722	0.01651
2742.41865	0.01642
2740.49009	0.01643
2738.56152	0.01654
2736.63296	0.01669
2734.70439	0.01679
2732.77583	0.01681
2730.84727	0.01678
2728.91870	0.01688
2726.99014	0.01717
2725.06157	0.01750
2723.13301	0.01770
2721.20444	0.01770
2719.27588	0.01753
2717.34731	0.01724
2715.41875	0.01686
2713.49019	0.01654
2711.56162	0.01633
2709.63306	0.01616
2707.70449	0.01599
2705.77593	0.01584
2703.84736	0.01570
2701.91880	0.01558
2699.99023	0.01546
2698.06167	0.01534
2696.13311	0.01525
2694.20454	0.01519
2692.27598	0.01515
2690.34741	0.01509
2688.41885	0.01501
2686.49028	0.01496
2684.56172	0.01496
2682.63315	0.01499
2680.70459	0.01501
2678.77603	0.01496
2676.84746	0.01488
2674.91890	0.01485
2672.99033	0.01487
2671.06177	0.01491
2669.13320	0.01494
2667.20464	0.01493
2665.27607	0.01491
2663.34751	0.01491
2661.41895	0.01491
2659.49038	0.01488
2657.56182	0.01479
2655.63325	0.01466
2653.70469	0.01455
2651.77612	0.01448
2649.84756	0.01441
2647.91899	0.01436
2645.99043	0.01435
2644.06187	0.01431
2642.13330	0.01420
2640.20474	0.01405
2638.27617	0.01396
2636.34761	0.01391
2634.41904	0.01385
2632.49048	0.01382
2630.56191	0.01380
2628.63335	0.01372
2626.70479	0.01366
2624.77622	0.01365
2622.84766	0.01363
2620.91909	0.01363
2618.99053	0.01368
2617.06196	0.01369
2615.13340	0.01360
2613.20483	0.01351
2611.27627	0.01345
2609.34771	0.01335
2607.41914	0.01321
2605.49058	0.01304
2603.56201	0.01289
2601.63345	0.01283
2599.70488	0.01284
2597.77632	0.01286
2595.84775	0.01287
2593.91919	0.01287
2591.99062	0.01280
2590.06206	0.01276
2588.13350	0.01283
2586.20493	0.01297
2584.27637	0.01309
2582.34780	0.01316
2580.41924	0.01318
2578.49067	0.01313
2576.56211	0.01299
2574.63354	0.01276
2572.70498	0.01261
2570.77642	0.01260
2568.84785	0.01261
2566.91929	0.01259
2564.99072	0.01248
2563.06216	0.01223
2561.13359	0.01202
2559.20503	0.01195
2557.27646	0.01194
2555.34790	0.01193
2553.41934	0.01193
2551.49077	0.01192
2549.56221	0.01185
2547.63364	0.01175
2545.70508	0.01174
2543.77651	0.01179
2541.84795	0.01176
2539.91938	0.01175
2537.99082	0.01178
2536.06226	0.01175
2534.13369	0.01165
2532.20513	0.01159
2530.27656	0.01153
2528.34800	0.01140
2526.41943	0.01124
2524.49087	0.01117
2522.56230	0.01115
2520.63374	0.01113
2518.70518	0.01112
2516.77661	0.01111
2514.84805	0.01109
2512.91948	0.01104
2510.99092	0.01098
2509.06235	0.01098
2507.13379	0.01099
2505.20522	0.01098
2503.27666	0.01098
2501.34810	0.01104
2499.41953	0.01109
2497.49097	0.01112
2495.56240	0.01115
2493.63384	0.01114
2491.70527	0.01104
2489.77671	0.01091
2487.84814	0.01086
2485.91958	0.01084
2483.99102	0.01082
2482.06245	0.01084
2480.13389	0.01083
2478.20532	0.01077
2476.27676	0.01074
2474.34819	0.01075
2472.41963	0.01079
2470.49106	0.01083
2468.56250	0.01085
2466.63394	0.01083
2464.70537	0.01077
2462.77681	0.01071
2460.84824	0.01071
2458.91968	0.01072
2456.99111	0.01069
2455.06255	0.01070
2453.13398	0.01074
2451.20542	0.01077
2449.27686	0.01075
2447.34829	0.01067
2445.41973	0.01059
2443.49116	0.01055
2441.56260	0.01050
2439.63403	0.01047
2437.70547	0.01046
2435.77690	0.01044
2433.84834	0.01039
2431.91978	0.01036
2429.99121	0.01040
2428.06265	0.01046
2426.13408	0.01057
2424.20552	0.01070
2422.27695	0.01073
2420.34839	0.01062
2418.41982	0.01043
2416.49126	0.01034
2414.56270	0.01034
2412.63413	0.01029
2410.70557	0.01027
2408.77700	0.01035
2406.84844	0.01041
2404.91987	0.01043
2402.99131	0.01048
2401.06274	0.01052
2399.13418	0.01099
2397.20562	0.01092
2395.27705	0.01065
2393.34849	0.01042
2391.41992	0.01017
2389.49136	0.00985
2387.56279	0.00950
2385.63423	0.00914
2383.70566	0.00875
2381.77710	0.00844
2379.84854	0.00826
2377.91997	0.00816
2375.99141	0.00810
2374.06284	0.00812
2372.13428	0.00815
2370.20571	0.00808
2368.27715	0.00793
2366.34858	0.00776
2364.42002	0.00755
2362.49146	0.00744
2360.56289	0.00739
2358.63433	0.00734
2356.70576	0.00725
2354.77720	0.00704
2352.84863	0.00651
2350.92007	0.00587
2348.99150	0.00553
2347.06294	0.00613
2345.13437	0.00692
2343.20581	0.00735
2341.27725	0.00749
2339.34868	0.00747
2337.42012	0.00730
2335.49155	0.00714
2333.56299	0.00704
2331.63442	0.00689
2329.70586	0.00672
2327.77729	0.00673
2325.84873	0.00725
2323.92017	0.00798
2321.99160	0.00834
2320.06304	0.00835
2318.13447	0.00837
2316.20591	0.00852
2314.27734	0.00868
2312.34878	0.00878
2310.42021	0.00890
2308.49165	0.00902
2306.56309	0.00913
2304.63452	0.00923
2302.70596	0.00937
2300.77739	0.00948
2298.84883	0.00947
2296.92026	0.00948
2294.99170	0.00961
2293.06313	0.00981
2291.13457	0.00996
2289.20601	0.01012
2287.27744	0.01032
2285.34888	0.01048
2283.42031	0.01049
2281.49175	0.01042
2279.56318	0.01038
2277.63462	0.01034
2275.70605	0.01022
2273.77749	0.01007
2271.84893	0.01005
2269.92036	0.01020
2267.99180	0.01032
2266.06323	0.01021
2264.13467	0.00996
2262.20610	0.00972
2260.27754	0.00955
2258.34897	0.00954
2256.42041	0.00963
2254.49185	0.00963
2252.56328	0.00942
2250.63472	0.00928
2248.70615	0.00966
2246.77759	0.00965
2244.84902	0.00953
2242.92046	0.00954
2240.99189	0.00977
2239.06333	0.00986
2237.13477	0.00971
2235.20620	0.00958
2233.27764	0.00961
2231.34907	0.00981
2229.42051	0.00999
2227.49194	0.00986
2225.56338	0.00965
2223.63481	0.00966
2221.70625	0.00971
2219.77769	0.00958
2217.84912	0.00941
2215.92056	0.00937
2213.99199	0.00948
2212.06343	0.00955
2210.13486	0.00941
2208.20630	0.00914
2206.27773	0.00906
2204.34917	0.00931
2202.42061	0.00959
2200.49204	0.00972
2198.56348	0.00989
2196.63491	0.01008
2194.70635	0.01006
2192.77778	0.00988
2190.84922	0.00972
2188.92065	0.00970
2186.99209	0.00977
2185.06353	0.00976
2183.13496	0.00957
2181.20640	0.00934
2179.27783	0.00917
2177.34927	0.00901
2175.42070	0.00906
2173.49214	0.00945
2171.56357	0.00977
2169.63501	0.00974
2167.70645	0.00969
2165.77788	0.00977
2163.84932	0.00973
2161.92075	0.00927
2159.99219	0.00814
2158.06362	0.00697
2156.13506	0.00668
2154.20649	0.00695
2152.27793	0.00724
2150.34937	0.00744
2148.42080	0.00763
2146.49224	0.00792
2144.56367	0.00826
2142.63511	0.00853
2140.70654	0.00867
2138.77798	0.00850
2136.84941	0.00809
2134.92085	0.00790
2132.99229	0.00813
2131.06372	0.00852
2129.13516	0.00869
2127.20659	0.00862
2125.27803	0.00856
2123.34946	0.00871
2121.42090	0.00894
2119.49233	0.00900
2117.56377	0.00886
2115.63521	0.00873
2113.70664	0.00878
2111.77808	0.00883
2109.84951	0.00869
2107.92095	0.00845
2105.99238	0.00839
2104.06382	0.00866
2102.13525	0.00894
2100.20669	0.00896
2098.27812	0.00878
2096.34956	0.00871
2094.42100	0.00870
2092.49243	0.00870
2090.56387	0.00875
2088.63530	0.00892
2086.70674	0.00900
2084.77817	0.00888
2082.84961	0.00874
2080.92104	0.00883
2078.99248	0.00908
2077.06392	0.00917
2075.13535	0.00890
2073.20679	0.00847
2071.27822	0.00821
2069.34966	0.00809
2067.42109	0.00797
2065.49253	0.00797
2063.56396	0.00823
2061.63540	0.00862
2059.70684	0.00901
2057.77827	0.00922
2055.84971	0.00916
2053.92114	0.00912
2051.99258	0.00912
2050.06401	0.00875
2048.13545	0.00811
2046.20688	0.00772
2044.27832	0.00765
2042.34976	0.00788
2040.42119	0.00821
2038.49263	0.00830
2036.56406	0.00806
2034.63550	0.00777
2032.70693	0.00767
2030.77837	0.00758
2028.84980	0.00736
2026.92124	0.00726
2024.99268	0.00738
2023.06411	0.00766
2021.13555	0.00788
2019.20698	0.00790
2017.27842	0.00789
2015.34985	0.00795
2013.42129	0.00795
2011.49272	0.00781
2009.56416	0.00757
2007.63560	0.00745
2005.70703	0.00761
2003.77847	0.00786
2001.84990	0.00795
1999.92134	0.00793
1997.99277	0.00814
1996.06421	0.00856
1994.13564	0.00870
1992.20708	0.00856
1990.27852	0.00858
1988.34995	0.00877
1986.42139	0.00887
1984.49282	0.00882
1982.56426	0.00858
1980.63569	0.00812
1978.70713	0.00744
1976.77856	0.00665
1974.85000	0.00602
1972.92144	0.00585
1970.99287	0.00617
1969.06431	0.00675
1967.13574	0.00727
1965.20718	0.00753
1963.27861	0.00744
1961.35005	0.00722
1959.42148	0.00710
1957.49292	0.00723
1955.56436	0.00749
1953.63579	0.00757
1951.70723	0.00744
1949.77866	0.00739
1947.85010	0.00750
1945.92153	0.00755
1943.99297	0.00754
1942.06440	0.00764
1940.13584	0.00782
1938.20728	0.00799
1936.27871	0.00814
1934.35015	0.00821
1932.42158	0.00809
1930.49302	0.00789
1928.56445	0.00776
1926.63589	0.00777
1924.70732	0.00795
1922.77876	0.00825
1920.85020	0.00860
1918.92163	0.00885
1916.99307	0.00886
1915.06450	0.00871
1913.13594	0.00860
1911.20737	0.00851
1909.27881	0.00834
1907.35024	0.00823
1905.42168	0.00824
1903.49312	0.00831
1901.56455	0.00837
1899.63599	0.00840
1897.70742	0.00842
1895.77886	0.00839
1893.85029	0.00838
1891.92173	0.00840
1889.99316	0.00837
1888.06460	0.00828
1886.13604	0.00822
1884.20747	0.00827
1882.27891	0.00839
1880.35034	0.00852
1878.42178	0.00860
1876.49321	0.00865
1874.56465	0.00865
1872.63608	0.00863
1870.70752	0.00865
1868.77896	0.00867
1866.85039	0.00867
1864.92183	0.00864
1862.99326	0.00862
1861.06470	0.00863
1859.13613	0.00870
1857.20757	0.00876
1855.27900	0.00878
1853.35044	0.00875
1851.42187	0.00877
1849.49331	0.00885
1847.56475	0.00890
1845.63618	0.00886
1843.70762	0.00879
1841.77905	0.00877
1839.85049	0.00880
1837.92192	0.00883
1835.99336	0.00892
1834.06479	0.00908
1832.13623	0.00919
1830.20767	0.00921
1828.27910	0.00919
1826.35054	0.00915
1824.42197	0.00905
1822.49341	0.00892
1820.56484	0.00882
1818.63628	0.00877
1816.70771	0.00883
1814.77915	0.00899
1812.85059	0.00920
1810.92202	0.00938
1808.99346	0.00949
1807.06489	0.00956
1805.13633	0.00961
1803.20776	0.00970
1801.27920	0.00980
1799.35063	0.00986
1797.42207	0.00993
1795.49351	0.01005
1793.56494	0.01023
1791.63638	0.01039
1789.70781	0.01051
1787.77925	0.01060
1785.85068	0.01078
1783.92212	0.01107
1781.99355	0.01138
1780.06499	0.01163
1778.13643	0.01175
1776.20786	0.01177
1774.27930	0.01179
1772.35073	0.01185
1770.42217	0.01193
1768.49360	0.01194
1766.56504	0.01181
1764.63647	0.01159
1762.70791	0.01138
1760.77935	0.01126
1758.85078	0.01121
1756.92222	0.01120
1754.99365	0.01117
1753.06509	0.01115
1751.13652	0.01116
1749.20796	0.01118
1747.27939	0.01118
1745.35083	0.01123
1743.42227	0.01136
1741.49370	0.01150
1739.56514	0.01160
1737.63657	0.01175
1735.70801	0.01214
1733.77944	0.01270
1731.85088	0.01314
1729.92231	0.01336
1727.99375	0.01357
1726.06519	0.01388
1724.13662	0.01428
1722.20806	0.01473
1720.27949	0.01517
1718.35093	0.01571
1716.42236	0.01640
1714.49380	0.01712
1712.56523	0.01775
1710.63667	0.01827
1708.70811	0.01878
1706.77954	0.01932
1704.85098	0.01976
1702.92241	0.02003
1700.99385	0.02026
1699.06528	0.02061
1697.13672	0.02102
1695.20815	0.02139
1693.27959	0.02169
1691.35103	0.02194
1689.42246	0.02215
1687.49390	0.02234
1685.56533	0.02260
1683.63677	0.02303
1681.70820	0.02349
1679.77964	0.02381
1677.85107	0.02404
1675.92251	0.02433
1673.99395	0.02470
1672.06538	0.02510
1670.13682	0.02553
1668.20825	0.02596
1666.27969	0.02631
1664.35112	0.02662
1662.42256	0.02692
1660.49399	0.02722
1658.56543	0.02745
1656.63687	0.02762
1654.70830	0.02778
1652.77974	0.02796
1650.85117	0.02803
1648.92261	0.02802
1646.99404	0.02798
1645.06548	0.02792
1643.13691	0.02789
1641.20835	0.02790
1639.27979	0.02789
1637.35122	0.02778
1635.42266	0.02760
1633.49409	0.02744
1631.56553	0.02734
1629.63696	0.02720
1627.70840	0.02698
1625.77983	0.02676
1623.85127	0.02664
1621.92271	0.02663
1619.99414	0.02661
1618.06558	0.02653
1616.13701	0.02651
1614.20845	0.02659
1612.27988	0.02670
1610.35132	0.02676
1608.42275	0.02677
1606.49419	0.02679
1604.56562	0.02685
1602.63706	0.02689
1600.70850	0.02689
1598.77993	0.02685
1596.85137	0.02680
1594.92280	0.02679
1592.99424	0.02681
1591.06567	0.02684
1589.13711	0.02680
1587.20854	0.02671
1585.27998	0.02663
1583.35142	0.02657
1581.42285	0.02653
1579.49429	0.02648
1577.56572	0.02643
1575.63716	0.02640
1573.70859	0.02635
1571.78003	0.02629
1569.85146	0.02627
1567.92290	0.02631
1565.99434	0.02636
1564.06577	0.02640
1562.13721	0.02638
1560.20864	0.02632
1558.28008	0.02634
1556.35151	0.02647
1554.42295	0.02655
1552.49438	0.02653
1550.56582	0.02645
1548.63726	0.02634
1546.70869	0.02616
1544.78013	0.02592
1542.85156	0.02566
1540.92300	0.02536
1538.99443	0.02505
1537.06587	0.02476
1535.13730	0.02445
1533.20874	0.02414
1531.28018	0.02388
1529.35161	0.02367
1527.42305	0.02347
1525.49448	0.02327
1523.56592	0.02306
1521.63735	0.02289
1519.70879	0.02278
1517.78022	0.02265
1515.85166	0.02248
1513.92310	0.02231
1511.99453	0.02212
1510.06597	0.02191
1508.13740	0.02171
1506.20884	0.02150
1504.28027	0.02132
1502.35171	0.02119
1500.42314	0.02108
1498.49458	0.02098
1496.56602	0.02091
1494.63745	0.02083
1492.70889	0.02075
1490.78032	0.02070
1488.85176	0.02074
1486.92319	0.02087
1484.99463	0.02111
1483.06606	0.02147
1481.13750	0.02197
1479.20894	0.02268
1477.28037	0.02375
1475.35181	0.02554
1473.42324	0.02845
1471.49468	0.03234
1469.56611	0.03657
1467.63755	0.04125
1465.70898	0.04679
1463.78042	0.05224
1461.85186	0.05607
1459.92329	0.05832
1457.99473	0.05995
1456.06616	0.06116
1454.13760	0.06179
1452.20903	0.06193
1450.28047	0.06118
1448.35190	0.05859
1446.42334	0.05407
1444.49478	0.04893
1442.56621	0.04461
1440.63765	0.04190
1438.70908	0.04092
1436.78052	0.04099
1434.85195	0.04063
1432.92339	0.03887
1430.99482	0.03617
1429.06626	0.03370
1427.13770	0.03209
1425.20913	0.03121
1423.28057	0.03077
1421.35200	0.03061
1419.42344	0.03050
1417.49487	0.03029
1415.56631	0.02999
1413.63774	0.02971
1411.70918	0.02945
1409.78062	0.02921
1407.85205	0.02899
1405.92349	0.02876
1403.99492	0.02850
1402.06636	0.02818
1400.13779	0.02783
1398.20923	0.02749
1396.28066	0.02718
1394.35210	0.02690
1392.42354	0.02667
1390.49497	0.02662
1388.56641	0.02696
1386.63784	0.02802
1384.70928	0.03042
1382.78071	0.03543
1380.85215	0.04477
1378.92358	0.05870
1376.99502	0.07300
1375.06646	0.07992
1373.13789	0.07531
1371.20933	0.06349
1369.28076	0.05142
1367.35220	0.04283
1365.42363	0.03838
1363.49507	0.03723
1361.56650	0.03810
1359.63794	0.03929
1357.70937	0.03916
1355.78081	0.03715
1353.85225	0.03412
1351.92368	0.03128
1349.99512	0.02916
1348.06655	0.02772
1346.13799	0.02677
1344.20942	0.02614
1342.28086	0.02568
1340.35229	0.02535
1338.42373	0.02512
1336.49517	0.02503
1334.56660	0.02511
1332.63804	0.02544
1330.70947	0.02587
1328.78091	0.02605
1326.85234	0.02580
1324.92378	0.02527
1322.99521	0.02472
1321.06665	0.02429
1319.13809	0.02400
1317.20952	0.02383
1315.28096	0.02373
1313.35239	0.02368
1311.42383	0.02370
1309.49526	0.02393
1307.56670	0.02445
1305.63813	0.02508
1303.70957	0.02543
1301.78101	0.02537
1299.85244	0.02527
1297.92388	0.02535
1295.99531	0.02548
1294.06675	0.02541
1292.13818	0.02513
1290.20962	0.02478
1288.28105	0.02446
1286.35249	0.02420
1284.42393	0.02400
1282.49536	0.02390
1280.56680	0.02391
1278.63823	0.02397
1276.70967	0.02405
1274.78110	0.02417
1272.85254	0.02429
1270.92397	0.02439
1268.99541	0.02448
1267.06685	0.02457
1265.13828	0.02473
1263.20972	0.02502
1261.28115	0.02543
1259.35259	0.02595
1257.42402	0.02651
1255.49546	0.02685
1253.56689	0.02679
1251.63833	0.02650
1249.70977	0.02629
1247.78120	0.02620
1245.85264	0.02613
1243.92407	0.02600
1241.99551	0.02577
1240.06694	0.02547
1238.13838	0.02510
1236.20981	0.02466
1234.28125	0.02421
1232.35269	0.02383
1230.42412	0.02360
1228.49556	0.02362
1226.56699	0.02392
1224.63843	0.02453
1222.70986	0.02521
1220.78130	0.02545
1218.85273	0.02505
1216.92417	0.02455
1214.99561	0.02447
1213.06704	0.02459
1211.13848	0.02457
1209.20991	0.02440
1207.28135	0.02423
1205.35278	0.02419
1203.42422	0.02429
1201.49565	0.02448
1199.56709	0.02473
1197.63853	0.02509
1195.70996	0.02545
1193.78140	0.02580
1191.85283	0.02616
1189.92427	0.02650
1187.99570	0.02678
1186.06714	0.02707
1184.13857	0.02737
1182.21001	0.02765
1180.28145	0.02795
1178.35288	0.02839
1176.42432	0.02910
1174.49575	0.03023
1172.56719	0.03195
1170.63862	0.03415
1168.71006	0.03607
1166.78149	0.03683
1164.85293	0.03631
1162.92437	0.03515
1160.99580	0.03403
1159.06724	0.03331
1157.13867	0.03301
1155.21011	0.03305
1153.28154	0.03318
1151.35298	0.03308
1149.42441	0.03258
1147.49585	0.03193
1145.56729	0.03137
1143.63872	0.03097
1141.71016	0.03074
1139.78159	0.03063
1137.85303	0.03056
1135.92446	0.03047
1133.99590	0.03041
1132.06733	0.03043
1130.13877	0.03048
1128.21021	0.03055
1126.28164	0.03066
1124.35308	0.03077
1122.42451	0.03082
1120.49595	0.03088
1118.56738	0.03096
1116.63882	0.03107
1114.71025	0.03126
1112.78169	0.03150
1110.85312	0.03175
1108.92456	0.03213
1106.99600	0.03274
1105.06743	0.03349
1103.13887	0.03412
1101.21030	0.03434
1099.28174	0.03414
1097.35317	0.03382
1095.42461	0.03354
1093.49604	0.03329
1091.56748	0.03311
1089.63892	0.03303
1087.71035	0.03304
1085.78179	0.03308
1083.85322	0.03311
1081.92466	0.03318
1079.99609	0.03328
1078.06753	0.03330
1076.13896	0.03322
1074.21040	0.03312
1072.28184	0.03306
1070.35327	0.03310
1068.42471	0.03313
1066.49614	0.03312
1064.56758	0.03310
1062.63901	0.03311
1060.71045	0.03313
1058.78188	0.03304
1056.85332	0.03285
1054.92476	0.03275
1052.99619	0.03283
1051.06763	0.03294
1049.13906	0.03304
1047.21050	0.03316
1045.28193	0.03321
1043.35337	0.03309
1041.42480	0.03281
1039.49624	0.03237
1037.56768	0.03196
1035.63911	0.03167
1033.71055	0.03137
1031.78198	0.03097
1029.85342	0.03056
1027.92485	0.03024
1025.99629	0.02992
1024.06772	0.02954
1022.13916	0.02918
1020.21060	0.02884
1018.28203	0.02850
1016.35347	0.02821
1014.42490	0.02800
1012.49634	0.02782
1010.56777	0.02768
1008.63921	0.02761
1006.71064	0.02773
1004.78208	0.02836
1002.85352	0.02985
1000.92495	0.03229
998.99639	0.03474
997.06782	0.03535
995.13926	0.03357
993.21069	0.03093
991.28213	0.02888
989.35356	0.02761
987.42500	0.02685
985.49644	0.02647
983.56787	0.02644
981.63931	0.02679
979.71074	0.02765
977.78218	0.02931
975.85361	0.03181
973.92505	0.03426
971.99648	0.03499
970.06792	0.03337
968.13936	0.03069
966.21079	0.02845
964.28223	0.02708
962.35366	0.02633
960.42510	0.02579
958.49653	0.02527
956.56797	0.02488
954.63940	0.02472
952.71084	0.02469
950.78228	0.02463
948.85371	0.02457
946.92515	0.02468
944.99658	0.02504
943.06802	0.02556
941.13945	0.02594
939.21089	0.02585
937.28232	0.02537
935.35376	0.02480
933.42520	0.02426
931.49663	0.02375
929.56807	0.02338
927.63950	0.02321
925.71094	0.02313
923.78237	0.02302
921.85381	0.02288
919.92524	0.02273
917.99668	0.02266
916.06812	0.02272
914.13955	0.02287
912.21099	0.02303
910.28242	0.02315
908.35386	0.02339
906.42529	0.02399
904.49673	0.02516
902.56816	0.02695
900.63960	0.02873
898.71104	0.02939
896.78247	0.02849
894.85391	0.02676
892.92534	0.02519
890.99678	0.02414
889.06821	0.02354
887.13965	0.02321
885.21108	0.02301
883.28252	0.02290
881.35396	0.02283
879.42539	0.02272
877.49683	0.02265
875.56826	0.02272
873.63970	0.02289
871.71113	0.02309
869.78257	0.02323
867.85400	0.02324
865.92544	0.02320
863.99687	0.02316
862.06831	0.02311
860.13975	0.02315
858.21118	0.02320
856.28262	0.02316
854.35405	0.02308
852.42549	0.02300
850.49692	0.02307
848.56836	0.02348
846.63979	0.02458
844.71123	0.02688
842.78267	0.03026
840.85410	0.03262
838.92554	0.03171
836.99697	0.02865
835.06841	0.02614
833.13984	0.02495
831.21128	0.02444
829.28271	0.02411
827.35415	0.02389
825.42559	0.02380
823.49702	0.02381
821.56846	0.02388
819.63989	0.02397
817.71133	0.02427
815.78276	0.02518
813.85420	0.02696
811.92563	0.02933
809.99707	0.03141
808.06851	0.03202
806.13994	0.03081
804.21138	0.02881
802.28281	0.02715
800.35425	0.02610
798.42568	0.02547
796.49712	0.02511
794.56855	0.02483
792.63999	0.02456
790.71143	0.02440
788.78286	0.02431
786.85430	0.02418
784.92573	0.02401
782.99717	0.02388
781.06860	0.02382
779.14004	0.02370
777.21147	0.02346
775.28291	0.02339
773.35435	0.02353
771.42578	0.02374
769.49722	0.02390
767.56865	0.02392
765.64009	0.02380
763.71152	0.02363
761.78296	0.02345
759.85439	0.02333
757.92583	0.02336
755.99727	0.02350
754.06870	0.02359
752.14014	0.02361
750.21157	0.02368
748.28301	0.02378
746.35444	0.02379
744.42588	0.02376
742.49731	0.02369
740.56875	0.02358
738.64019	0.02358
736.71162	0.02370
734.78306	0.02386
732.85449	0.02410
730.92593	0.02433
728.99736	0.02441
727.06880	0.02437
725.14023	0.02439
723.21167	0.02448
721.28311	0.02478
719.35454	0.02496
717.42598	0.02491
715.49741	0.02475
713.56885	0.02454
711.64028	0.02449
709.71172	0.02467
707.78315	0.02496
705.85459	0.02521
703.92603	0.02539
701.99746	0.02549
700.06890	0.02540
698.14033	0.02526
696.21177	0.02518
694.28320	0.02504
692.35464	0.02484
690.42607	0.02463
688.49751	0.02457
686.56895	0.02479
684.64038	0.02511
682.71182	0.02519
680.78325	0.02510
678.85469	0.02515
676.92612	0.02530
674.99756	0.02540
673.06899	0.02551
671.14043	0.02617
669.21187	0.02726
667.28330	0.02710
665.35474	0.02636
663.42617	0.02586
661.49761	0.02623
659.56904	0.02667
657.64048	0.02680
655.71191	0.02690
653.78335	0.02700
651.85479	0.02693
649.92622	0.02670
647.99766	0.02655
646.06909	0.02679
644.14053	0.02731
642.21196	0.02779
640.28340	0.02825
638.35483	0.02877
636.42627	0.02910
634.49771	0.02908
632.56914	0.02913
630.64058	0.02956
628.71201	0.02986
626.78345	0.02969
624.85488	0.02940
622.92632	0.02899
620.99775	0.02858
619.06919	0.02882
617.14062	0.02955
615.21206	0.02996
613.28350	0.02988
611.35493	0.02977
609.42637	0.02994
607.49780	0.03020
605.56924	0.03048
603.64067	0.03086
601.71211	0.03093
599.78354	0.03049
