3997.91411	0.00967
3995.98555	0.00977
3994.05698	0.00990
3992.12842	0.00991
3990.19985	0.00983
3988.27129	0.00975
3986.34272	0.00976
3984.41416	0.00985
3982.48560	0.00988
3980.55703	0.00976
3978.62847	0.00977
3976.69990	0.00995
3974.77134	0.00996
3972.84277	0.00978
3970.91421	0.00973
3968.98564	0.00981
3967.05708	0.00979
3965.12852	0.00974
3963.19995	0.00977
3961.27139	0.00981
3959.34282	0.00982
3957.41426	0.00983
3955.48569	0.00978
3953.55713	0.00979
3951.62856	0.01004
3949.70000	0.01034
3947.77144	0.01036
3945.84287	0.01035
3943.91431	0.01070
3941.98574	0.01090
3940.05718	0.01065
3938.12861	0.01040
3936.20005	0.01045
3934.27148	0.01079
3932.34292	0.01110
3930.41436	0.01092
3928.48579	0.01063
3926.55723	0.01073
3924.62866	0.01087
3922.70010	0.01065
3920.77153	0.01056
3918.84297	0.01080
3916.91440	0.01075
3914.98584	0.01022
3913.05728	0.00972
3911.12871	0.00955
3909.20015	0.00980
3907.27158	0.01062
3905.34302	0.01182
3903.41445	0.01270
3901.48589	0.01273
3899.55732	0.01189
3897.62876	0.01079
3895.70020	0.01044
3893.77163	0.01096
3891.84307	0.01135
3889.91450	0.01090
3887.98594	0.01068
3886.05737	0.01100
3884.12881	0.01123
3882.20024	0.01150
3880.27168	0.01154
3878.34312	0.01089
3876.41455	0.01064
3874.48599	0.01123
3872.55742	0.01203
3870.62886	0.01245
3868.70029	0.01215
3866.77173	0.01192
3864.84316	0.01210
3862.91460	0.01176
3860.98604	0.01097
3859.05747	0.01075
3857.12891	0.01149
3855.20034	0.01307
3853.27178	0.01393
3851.34321	0.01233
3849.41465	0.01066
3847.48608	0.01002
3845.55752	0.01032
3843.62896	0.01112
3841.70039	0.01214
3839.77183	0.01314
3837.84326	0.01317
3835.91470	0.01213
3833.98613	0.01131
3832.05757	0.01087
3830.12900	0.01059
3828.20044	0.01057
3826.27187	0.01065
3824.34331	0.01090
3822.41475	0.01163
3820.48618	0.01198
3818.55762	0.01155
3816.62905	0.01113
3814.70049	0.01048
3812.77192	0.00982
3810.84336	0.00980
3808.91479	0.01046
3806.98623	0.01106
3805.05767	0.01120
3803.12910	0.01165
3801.20054	0.01200
3799.27197	0.01152
3797.34341	0.01088
3795.41484	0.01020
3793.48628	0.00962
3791.55771	0.00939
3789.62915	0.00936
3787.70059	0.00956
3785.77202	0.00991
3783.84346	0.01000
3781.91489	0.01001
3779.98633	0.01012
3778.05776	0.00987
3776.12920	0.00947
3774.20063	0.00951
3772.27207	0.01003
3770.34351	0.01067
3768.41494	0.01094
3766.48638	0.01084
3764.55781	0.01050
3762.62925	0.01041
3760.70068	0.01098
3758.77212	0.01151
3756.84355	0.01145
3754.91499	0.01170
3752.98643	0.01290
3751.05786	0.01406
3749.12930	0.01366
3747.20073	0.01307
3745.27217	0.01259
3743.34360	0.01152
3741.41504	0.01083
3739.48647	0.01108
3737.55791	0.01219
3735.62935	0.01327
3733.70078	0.01252
3731.77222	0.01062
3729.84365	0.00940
3727.91509	0.00927
3725.98652	0.00970
3724.05796	0.00996
3722.12939	0.00978
3720.20083	0.00938
3718.27227	0.00903
3716.34370	0.00918
3714.41514	0.01012
3712.48657	0.01133
3710.55801	0.01118
3708.62944	0.00979
3706.70088	0.00879
3704.77231	0.00864
3702.84375	0.00894
3700.91519	0.00896
3698.98662	0.00863
3697.05806	0.00854
3695.12949	0.00889
3693.20093	0.00972
3691.27236	0.01095
3689.34380	0.01148
3687.41523	0.01060
3685.48667	0.00973
3683.55811	0.00954
3681.62954	0.00991
3679.70098	0.01069
3677.77241	0.01186
3675.84385	0.01272
3673.91528	0.01218
3671.98672	0.01177
3670.05815	0.01186
3668.12959	0.01111
3666.20103	0.01003
3664.27246	0.00946
3662.34390	0.00939
3660.41533	0.00966
3658.48677	0.01026
3656.55820	0.01089
3654.62964	0.01129
3652.70107	0.01222
3650.77251	0.01399
3648.84395	0.01456
3646.91538	0.01293
3644.98682	0.01157
3643.05825	0.01106
3641.12969	0.01091
3639.20112	0.01070
3637.27256	0.01045
3635.34399	0.01058
3633.41543	0.01121
3631.48687	0.01222
3629.55830	0.01319
3627.62974	0.01262
3625.70117	0.01136
3623.77261	0.01111
3621.84404	0.01199
3619.91548	0.01316
3617.98691	0.01352
3616.05835	0.01366
3614.12979	0.01409
3612.20122	0.01416
3610.27266	0.01397
3608.34409	0.01370
3606.41553	0.01299
3604.48696	0.01245
3602.55840	0.01263
3600.62983	0.01310
3598.70127	0.01336
3596.77271	0.01344
3594.84414	0.01337
3592.91558	0.01327
3590.98701	0.01370
3589.05845	0.01475
3587.12988	0.01500
3585.20132	0.01403
3583.27275	0.01347
3581.34419	0.01357
3579.41562	0.01372
3577.48706	0.01370
3575.55850	0.01368
3573.62993	0.01377
3571.70137	0.01422
3569.77280	0.01547
3567.84424	0.01713
3565.91567	0.01731
3563.98711	0.01609
3562.05854	0.01519
3560.12998	0.01499
3558.20142	0.01509
3556.27285	0.01532
3554.34429	0.01574
3552.41572	0.01616
3550.48716	0.01631
3548.55859	0.01664
3546.63003	0.01733
3544.70146	0.01756
3542.77290	0.01701
3540.84434	0.01647
3538.91577	0.01639
3536.98721	0.01656
3535.05864	0.01668
3533.13008	0.01675
3531.20151	0.01714
3529.27295	0.01784
3527.34438	0.01832
3525.41582	0.01833
3523.48726	0.01801
3521.55869	0.01770
3519.63013	0.01771
3517.70156	0.01789
3515.77300	0.01800
3513.84443	0.01808
3511.91587	0.01818
3509.98730	0.01831
3508.05874	0.01855
3506.13018	0.01898
3504.20161	0.01942
3502.27305	0.01945
3500.34448	0.01906
3498.41592	0.01863
3496.48735	0.01832
3494.55879	0.01826
3492.63022	0.01846
3490.70166	0.01863
3488.77310	0.01876
3486.84453	0.01909
3484.91597	0.01960
3482.98740	0.02003
3481.05884	0.01999
3479.13027	0.01963
3477.20171	0.01962
3475.27314	0.01990
3473.34458	0.01994
3471.41602	0.01980
3469.48745	0.01993
3467.55889	0.02031
3465.63032	0.02055
3463.70176	0.02050
3461.77319	0.02036
3459.84463	0.02025
3457.91606	0.02022
3455.98750	0.02036
3454.05894	0.02062
3452.13037	0.02072
3450.20181	0.02078
3448.27324	0.02101
3446.34468	0.02120
3444.41611	0.02124
3442.48755	0.02119
3440.55898	0.02107
3438.63042	0.02103
3436.70186	0.02099
3434.77329	0.02100
3432.84473	0.02121
3430.91616	0.02137
3428.98760	0.02120
3427.05903	0.02097
3425.13047	0.02103
3423.20190	0.02147
3421.27334	0.02190
3419.34478	0.02191
3417.41621	0.02168
3415.48765	0.02157
3413.55908	0.02154
3411.63052	0.02141
3409.70195	0.02122
3407.77339	0.02124
3405.84482	0.02139
3403.91626	0.02142
3401.98770	0.02137
3400.05913	0.02134
3398.13057	0.02138
3396.20200	0.02160
3394.27344	0.02193
3392.34487	0.02213
3390.41631	0.02197
3388.48774	0.02153
3386.55918	0.02131
3384.63062	0.02144
3382.70205	0.02145
3380.77349	0.02127
3378.84492	0.02131
3376.91636	0.02159
3374.98779	0.02178
3373.05923	0.02169
3371.13066	0.02141
3369.20210	0.02121
3367.27354	0.02122
3365.34497	0.02135
3363.41641	0.02146
3361.48784	0.02145
3359.55928	0.02130
3357.63071	0.02122
3355.70215	0.02131
3353.77358	0.02133
3351.84502	0.02118
3349.91646	0.02106
3347.98789	0.02107
3346.05933	0.02105
3344.13076	0.02095
3342.20220	0.02074
3340.27363	0.02047
3338.34507	0.02047
3336.41650	0.02070
3334.48794	0.02071
3332.55937	0.02051
3330.63081	0.02041
3328.70225	0.02039
3326.77368	0.02036
3324.84512	0.02029
3322.91655	0.02017
3320.98799	0.01996
3319.05942	0.01980
3317.13086	0.01994
3315.20229	0.02017
3313.27373	0.02016
3311.34517	0.02004
3309.41660	0.02005
3307.48804	0.02008
3305.55947	0.01997
3303.63091	0.01986
3301.70234	0.01991
3299.77378	0.02006
3297.84521	0.02010
3295.91665	0.02006
3293.98809	0.02010
3292.05952	0.02013
3290.13096	0.01999
3288.20239	0.01981
3286.27383	0.01968
3284.34526	0.01955
3282.41670	0.01951
3280.48813	0.01956
3278.55957	0.01955
3276.63101	0.01937
3274.70244	0.01913
3272.77388	0.01897
3270.84531	0.01896
3268.91675	0.01903
3266.98818	0.01908
3265.05962	0.01899
3263.13105	0.01872
3261.20249	0.01849
3259.27393	0.01843
3257.34536	0.01834
3255.41680	0.01819
3253.48823	0.01805
3251.55967	0.01793
3249.63110	0.01783
3247.70254	0.01771
3245.77397	0.01762
3243.84541	0.01768
3241.91685	0.01776
3239.98828	0.01781
3238.05972	0.01790
3236.13115	0.01794
3234.20259	0.01760
3232.27402	0.01713
3230.34546	0.01717
3228.41689	0.01756
3226.48833	0.01769
3224.55977	0.01763
3222.63120	0.01765
3220.70264	0.01761
3218.77407	0.01740
3216.84551	0.01715
3214.91694	0.01707
3212.98838	0.01715
3211.05981	0.01731
3209.13125	0.01739
3207.20269	0.01720
3205.27412	0.01690
3203.34556	0.01683
3201.41699	0.01691
3199.48843	0.01687
3197.55986	0.01671
3195.63130	0.01657
3193.70273	0.01638
3191.77417	0.01612
3189.84561	0.01590
3187.91704	0.01579
3185.98848	0.01578
3184.05991	0.01574
3182.13135	0.01556
3180.20278	0.01531
3178.27422	0.01516
3176.34565	0.01515
3174.41709	0.01509
3172.48853	0.01488
3170.55996	0.01478
3168.63140	0.01479
3166.70283	0.01463
3164.77427	0.01435
3162.84570	0.01419
3160.91714	0.01420
3158.98857	0.01427
3157.06001	0.01425
3155.13145	0.01407
3153.20288	0.01387
3151.27432	0.01375
3149.34575	0.01366
3147.41719	0.01359
3145.48862	0.01354
3143.56006	0.01348
3141.63149	0.01340
3139.70293	0.01342
3137.77437	0.01350
3135.84580	0.01341
3133.91724	0.01312
3131.98867	0.01292
3130.06011	0.01285
3128.13154	0.01265
3126.20298	0.01231
3124.27441	0.01203
3122.34585	0.01191
3120.41729	0.01185
3118.48872	0.01173
3116.56016	0.01168
3114.63159	0.01174
3112.70303	0.01173
3110.77446	0.01157
3108.84590	0.01143
3106.91733	0.01132
3104.98877	0.01115
3103.06021	0.01094
3101.13164	0.01083
3099.20308	0.01091
3097.27451	0.01106
3095.34595	0.01101
3093.41738	0.01079
3091.48882	0.01062
3089.56025	0.01054
3087.63169	0.01050
3085.70312	0.01045
3083.77456	0.01039
3081.84600	0.01033
3079.91743	0.01024
3077.98887	0.01009
3076.06030	0.01000
3074.13174	0.01004
3072.20317	0.01005
3070.27461	0.00997
3068.34604	0.00997
3066.41748	0.00997
3064.48892	0.00980
3062.56035	0.00954
3060.63179	0.00926
3058.70322	0.00909
3056.77466	0.00913
3054.84609	0.00927
3052.91753	0.00933
3050.98896	0.00927
3049.06040	0.00916
3047.13184	0.00907
3045.20327	0.00895
3043.27471	0.00874
3041.34614	0.00856
3039.41758	0.00859
3037.48901	0.00870
3035.56045	0.00868
3033.63188	0.00858
3031.70332	0.00856
3029.77476	0.00866
3027.84619	0.00872
3025.91763	0.00863
3023.98906	0.00854
3022.06050	0.00853
3020.13193	0.00854
3018.20337	0.00870
3016.27480	0.00901
3014.34624	0.00931
3012.41768	0.00955
3010.48911	0.00984
3008.56055	0.01018
3006.63198	0.01060
3004.70342	0.01116
3002.77485	0.01183
3000.84629	0.01254
2998.91772	0.01329
2996.98916	0.01421
2995.06060	0.01546
2993.13203	0.01695
2991.20347	0.01860
2989.27490	0.02061
2987.34634	0.02313
2985.41777	0.02623
2983.48921	0.03000
2981.56064	0.03454
2979.63208	0.03998
2977.70352	0.04652
2975.77495	0.05451
2973.84639	0.06413
2971.91782	0.07532
2969.98926	0.08795
2968.06069	0.10197
2966.13213	0.11718
2964.20356	0.13255
2962.27500	0.14583
2960.34644	0.15554
2958.41787	0.16303
2956.48931	0.17103
2954.56074	0.18038
2952.63218	0.18857
2950.70361	0.19136
2948.77505	0.18624
2946.84648	0.17414
2944.91792	0.15843
2942.98936	0.14335
2941.06079	0.13277
2939.13223	0.12888
2937.20366	0.13187
2935.27510	0.14101
2933.34653	0.15544
2931.41797	0.17429
2929.48940	0.19673
2927.56084	0.22182
2925.63228	0.24874
2923.70371	0.27699
2921.77515	0.30584
2919.84658	0.33185
2917.91802	0.34746
2915.98945	0.34555
2914.06089	0.32746
2912.13232	0.30253
2910.20376	0.27922
2908.27520	0.26027
2906.34663	0.24471
2904.41807	0.23088
2902.48950	0.21780
2900.56094	0.20524
2898.63237	0.19326
2896.70381	0.18226
2894.77524	0.17294
2892.84668	0.16555
2890.91812	0.15972
2888.98955	0.15510
2887.06099	0.15178
2885.13242	0.14983
2883.20386	0.14922
2881.27529	0.14985
2879.34673	0.15111
2877.41816	0.15201
2875.48960	0.15220
2873.56104	0.15252
2871.63247	0.15382
2869.70391	0.15578
2867.77534	0.15687
2865.84678	0.15473
2863.91821	0.14791
2861.98965	0.13818
2860.06108	0.12972
2858.13252	0.12608
2856.20396	0.12912
2854.27539	0.13982
2852.34683	0.15668
2850.41826	0.17212
2848.48970	0.17607
2846.56113	0.16850
2844.63257	0.15968
2842.70400	0.15648
2840.77544	0.15741
2838.84687	0.15752
2836.91831	0.15281
2834.98975	0.14204
2833.06118	0.12705
2831.13262	0.11139
2829.20405	0.09792
2827.27549	0.08757
2825.34692	0.08000
2823.41836	0.07437
2821.48979	0.06994
2819.56123	0.06630
2817.63267	0.06331
2815.70410	0.06088
2813.77554	0.05885
2811.84697	0.05697
2809.91841	0.05502
2807.98984	0.05313
2806.06128	0.05142
2804.13271	0.04974
2802.20415	0.04803
2800.27559	0.04651
2798.34702	0.04531
2796.41846	0.04432
2794.48989	0.04338
2792.56133	0.04239
2790.63276	0.04128
2788.70420	0.04014
2786.77563	0.03903
2784.84707	0.03797
2782.91851	0.03699
2780.98994	0.03613
2779.06138	0.03541
2777.13281	0.03482
2775.20425	0.03423
2773.27568	0.03363
2771.34712	0.03315
2769.41855	0.03280
2767.48999	0.03245
2765.56143	0.03208
2763.63286	0.03177
2761.70430	0.03139
2759.77573	0.03099
2757.84717	0.03069
2755.91860	0.03042
2753.99004	0.03010
2752.06147	0.02979
2750.13291	0.02957
2748.20435	0.02942
2746.27578	0.02932
2744.34722	0.02928
2742.41865	0.02931
2740.49009	0.02939
2738.56152	0.02953
2736.63296	0.02980
2734.70439	0.03013
2732.77583	0.03036
2730.84727	0.03054
2728.91870	0.03085
2726.99014	0.03129
2725.06157	0.03172
2723.13301	0.03195
2721.20444	0.03178
2719.27588	0.03127
2717.34731	0.03066
2715.41875	0.03006
2713.49019	0.02949
2711.56162	0.02897
2709.63306	0.02847
2707.70449	0.02799
2705.77593	0.02757
2703.84736	0.02718
2701.91880	0.02685
2699.99023	0.02661
2698.06167	0.02637
2696.13311	0.02611
2694.20454	0.02595
2692.27598	0.02588
2690.34741	0.02583
2688.41885	0.02577
2686.49028	0.02566
2684.56172	0.02548
2682.63315	0.02537
2680.70459	0.02540
2678.77603	0.02542
2676.84746	0.02531
2674.91890	0.02519
2672.99033	0.02514
2671.06177	0.02507
2669.13320	0.02498
2667.20464	0.02500
2665.27607	0.02519
2663.34751	0.02543
2661.41895	0.02559
2659.49038	0.02562
2657.56182	0.02560
2655.63325	0.02555
2653.70469	0.02540
2651.77612	0.02518
2649.84756	0.02502
2647.91899	0.02494
2645.99043	0.02484
2644.06187	0.02463
2642.13330	0.02433
2640.20474	0.02407
2638.27617	0.02394
2636.34761	0.02383
2634.41904	0.02367
2632.49048	0.02353
2630.56191	0.02345
2628.63335	0.02339
2626.70479	0.02326
2624.77622	0.02301
2622.84766	0.02274
2620.91909	0.02260
2618.99053	0.02261
2617.06196	0.02264
2615.13340	0.02260
2613.20483	0.02253
2611.27627	0.02235
2609.34771	0.02200
2607.41914	0.02163
2605.49058	0.02136
2603.56201	0.02114
2601.63345	0.02095
2599.70488	0.02082
2597.77632	0.02064
2595.84775	0.02036
2593.91919	0.02020
2591.99062	0.02027
2590.06206	0.02039
2588.13350	0.02045
2586.20493	0.02052
2584.27637	0.02061
2582.34780	0.02065
2580.41924	0.02063
2578.49067	0.02045
2576.56211	0.02009
2574.63354	0.01977
2572.70498	0.01959
2570.77642	0.01935
2568.84785	0.01906
2566.91929	0.01888
2564.99072	0.01872
2563.06216	0.01850
2561.13359	0.01828
2559.20503	0.01808
2557.27646	0.01800
2555.34790	0.01809
2553.41934	0.01804
2551.49077	0.01771
2549.56221	0.01736
2547.63364	0.01718
2545.70508	0.01710
2543.77651	0.01705
2541.84795	0.01701
2539.91938	0.01692
2537.99082	0.01673
2536.06226	0.01657
2534.13369	0.01647
2532.20513	0.01640
2530.27656	0.01640
2528.34800	0.01642
2526.41943	0.01631
2524.49087	0.01602
2522.56230	0.01575
2520.63374	0.01571
2518.70518	0.01574
2516.77661	0.01568
2514.84805	0.01557
2512.91948	0.01547
2510.99092	0.01533
2509.06235	0.01514
2507.13379	0.01503
2505.20522	0.01504
2503.27666	0.01504
2501.34810	0.01503
2499.41953	0.01512
2497.49097	0.01519
2495.56240	0.01514
2493.63384	0.01502
2491.70527	0.01494
2489.77671	0.01484
2487.84814	0.01472
2485.91958	0.01466
2483.99102	0.01464
2482.06245	0.01461
2480.13389	0.01461
2478.20532	0.01458
2476.27676	0.01441
2474.34819	0.01415
2472.41963	0.01400
2470.49106	0.01401
2468.56250	0.01409
2466.63394	0.01415
2464.70537	0.01415
2462.77681	0.01408
2460.84824	0.01411
2458.91968	0.01429
2456.99111	0.01441
2455.06255	0.01443
2453.13398	0.01441
2451.20542	0.01438
2449.27686	0.01429
2447.34829	0.01420
2445.41973	0.01417
2443.49116	0.01407
2441.56260	0.01389
2439.63403	0.01377
2437.70547	0.01379
2435.77690	0.01390
2433.84834	0.01404
2431.91978	0.01408
2429.99121	0.01398
2428.06265	0.01386
2426.13408	0.01379
2424.20552	0.01379
2422.27695	0.01378
2420.34839	0.01362
2418.41982	0.01345
2416.49126	0.01339
2414.56270	0.01339
2412.63413	0.01341
2410.70557	0.01351
2408.77700	0.01354
2406.84844	0.01329
2404.91987	0.01302
2402.99131	0.01298
2401.06274	0.01307
2399.13418	0.01314
2397.20562	0.01311
2395.27705	0.01300
2393.34849	0.01289
2391.41992	0.01277
2389.49136	0.01265
2387.56279	0.01250
2385.63423	0.01209
2383.70566	0.01117
2381.77710	0.00959
2379.84854	0.00726
2377.91997	0.00434
2375.99141	0.00117
2374.06284	-0.00204
2372.13428	-0.00516
2370.20571	-0.00818
2368.27715	-0.01101
2366.34858	-0.01339
2364.42002	-0.01513
2362.49146	-0.01611
2360.56289	-0.01625
2358.63433	-0.01551
2356.70576	-0.01387
2354.77720	-0.01113
2352.84863	-0.00707
2350.92007	-0.00291
2348.99150	-0.00109
2347.06294	-0.00267
2345.13437	-0.00592
2343.20581	-0.00806
2341.27725	-0.00851
2339.34868	-0.00811
2337.42012	-0.00745
2335.49155	-0.00684
2333.56299	-0.00640
2331.63442	-0.00591
2329.70586	-0.00472
2327.77729	-0.00233
2325.84873	0.00050
2323.92017	0.00217
2321.99160	0.00250
2320.06304	0.00290
2318.13447	0.00389
2316.20591	0.00495
2314.27734	0.00578
2312.34878	0.00657
2310.42021	0.00751
2308.49165	0.00855
2306.56309	0.00951
2304.63452	0.01032
2302.70596	0.01096
2300.77739	0.01142
2298.84883	0.01186
2296.92026	0.01239
2294.99170	0.01298
2293.06313	0.01349
2291.13457	0.01386
2289.20601	0.01421
2287.27744	0.01460
2285.34888	0.01487
2283.42031	0.01477
2281.49175	0.01430
2279.56318	0.01380
2277.63462	0.01346
2275.70605	0.01325
2273.77749	0.01320
2271.84893	0.01328
2269.92036	0.01328
2267.99180	0.01297
2266.06323	0.01247
2264.13467	0.01219
2262.20610	0.01229
2260.27754	0.01256
2258.34897	0.01270
2256.42041	0.01251
2254.49185	0.01213
2252.56328	0.01196
2250.63472	0.01206
2248.70615	0.01213
2246.77759	0.01208
2244.84902	0.01211
2242.92046	0.01225
2240.99189	0.01229
2239.06333	0.01213
2237.13477	0.01201
2235.20620	0.01210
2233.27764	0.01226
2231.34907	0.01238
2229.42051	0.01255
2227.49194	0.01255
2225.56338	0.01213
2223.63481	0.01160
2221.70625	0.01132
2219.77769	0.01121
2217.84912	0.01113
2215.92056	0.01111
2213.99199	0.01108
2212.06343	0.01100
2210.13486	0.01095
2208.20630	0.01103
2206.27773	0.01127
2204.34917	0.01132
2202.42061	0.01104
2200.49204	0.01089
2198.56348	0.01088
2196.63491	0.01079
2194.70635	0.01089
2192.77778	0.01132
2190.84922	0.01177
2188.92065	0.01205
2186.99209	0.01213
2185.06353	0.01176
2183.13496	0.01100
2181.20640	0.01072
2179.27783	0.01122
2177.34927	0.01141
2175.42070	0.01075
2173.49214	0.01029
2171.56357	0.01087
2169.63501	0.01208
2167.70645	0.01308
2165.77788	0.01356
2163.84932	0.01419
2161.92075	0.01379
2159.99219	0.00970
2158.06362	0.00435
2156.13506	0.00241
2154.20649	0.00309
2152.27793	0.00404
2150.34937	0.00469
2148.42080	0.00511
2146.49224	0.00537
2144.56367	0.00551
2142.63511	0.00565
2140.70654	0.00606
2138.77798	0.00644
2136.84941	0.00607
2134.92085	0.00516
2132.99229	0.00467
2131.06372	0.00497
2129.13516	0.00572
2127.20659	0.00654
2125.27803	0.00727
2123.34946	0.00783
2121.42090	0.00823
2119.49233	0.00873
2117.56377	0.00944
2115.63521	0.01011
2113.70664	0.01040
2111.77808	0.01023
2109.84951	0.00988
2107.92095	0.00970
2105.99238	0.00972
2104.06382	0.00984
2102.13525	0.00999
2100.20669	0.00990
2098.27812	0.00937
2096.34956	0.00862
2094.42100	0.00827
2092.49243	0.00857
2090.56387	0.00917
2088.63530	0.00978
2086.70674	0.01025
2084.77817	0.01039
2082.84961	0.01031
2080.92104	0.01028
2078.99248	0.01033
2077.06392	0.01030
2075.13535	0.01014
2073.20679	0.00997
2071.27822	0.00988
2069.34966	0.00985
2067.42109	0.00986
2065.49253	0.00971
2063.56396	0.00934
2061.63540	0.00931
2059.70684	0.00981
2057.77827	0.01022
2055.84971	0.01032
2053.92114	0.01101
2051.99258	0.01242
2050.06401	0.01283
2048.13545	0.01168
2046.20688	0.01075
2044.27832	0.01083
2042.34976	0.01129
2040.42119	0.01132
2038.49263	0.01067
2036.56406	0.00977
2034.63550	0.00903
2032.70693	0.00866
2030.77837	0.00831
2028.84980	0.00743
2026.92124	0.00673
2024.99268	0.00712
2023.06411	0.00778
2021.13555	0.00783
2019.20698	0.00778
2017.27842	0.00812
2015.34985	0.00845
2013.42129	0.00833
2011.49272	0.00798
2009.56416	0.00748
2007.63560	0.00661
2005.70703	0.00574
2003.77847	0.00553
2001.84990	0.00597
1999.92134	0.00658
1997.99277	0.00717
1996.06421	0.00790
1994.13564	0.00871
1992.20708	0.00915
1990.27852	0.00901
1988.34995	0.00892
1986.42139	0.00945
1984.49282	0.01053
1982.56426	0.01189
1980.63569	0.01247
1978.70713	0.01089
1976.77856	0.00817
1974.85000	0.00646
1972.92144	0.00574
1970.99287	0.00546
1969.06431	0.00558
1967.13574	0.00597
1965.20718	0.00634
1963.27861	0.00636
1961.35005	0.00573
1959.42148	0.00492
1957.49292	0.00490
1955.56436	0.00561
1953.63579	0.00608
1951.70723	0.00600
1949.77866	0.00589
1947.85010	0.00627
1945.92153	0.00688
1943.99297	0.00728
1942.06440	0.00736
1940.13584	0.00708
1938.20728	0.00675
1936.27871	0.00661
1934.35015	0.00661
1932.42158	0.00669
1930.49302	0.00683
1928.56445	0.00698
1926.63589	0.00729
1924.70732	0.00799
1922.77876	0.00876
1920.85020	0.00904
1918.92163	0.00898
1916.99307	0.00870
1915.06450	0.00832
1913.13594	0.00823
1911.20737	0.00846
1909.27881	0.00860
1907.35024	0.00847
1905.42168	0.00842
1903.49312	0.00868
1901.56455	0.00900
1899.63599	0.00910
1897.70742	0.00922
1895.77886	0.00946
1893.85029	0.00958
1891.92173	0.00966
1889.99316	0.00982
1888.06460	0.00964
1886.13604	0.00921
1884.20747	0.00890
1882.27891	0.00872
1880.35034	0.00869
1878.42178	0.00874
1876.49321	0.00881
1874.56465	0.00898
1872.63608	0.00942
1870.70752	0.01020
1868.77896	0.01075
1866.85039	0.01040
1864.92183	0.00967
1862.99326	0.00928
1861.06470	0.00933
1859.13613	0.00943
1857.20757	0.00935
1855.27900	0.00926
1853.35044	0.00938
1851.42187	0.00965
1849.49331	0.00998
1847.56475	0.01045
1845.63618	0.01103
1843.70762	0.01114
1841.77905	0.01058
1839.85049	0.01020
1837.92192	0.01024
1835.99336	0.01026
1834.06479	0.01033
1832.13623	0.01094
1830.20767	0.01177
1828.27910	0.01192
1826.35054	0.01167
1824.42197	0.01138
1822.49341	0.01092
1820.56484	0.01051
1818.63628	0.01026
1816.70771	0.01020
1814.77915	0.01058
1812.85059	0.01137
1810.92202	0.01196
1808.99346	0.01197
1807.06489	0.01187
1805.13633	0.01224
1803.20776	0.01311
1801.27920	0.01396
1799.35063	0.01427
1797.42207	0.01444
1795.49351	0.01505
1793.56494	0.01613
1791.63638	0.01689
1789.70781	0.01674
1787.77925	0.01668
1785.85068	0.01729
1783.92212	0.01818
1781.99355	0.01906
1780.06499	0.01978
1778.13643	0.02019
1776.20786	0.02070
1774.27930	0.02174
1772.35073	0.02284
1770.42217	0.02306
1768.49360	0.02273
1766.56504	0.02245
1764.63647	0.02264
1762.70791	0.02341
1760.77935	0.02417
1758.85078	0.02474
1756.92222	0.02535
1754.99365	0.02591
1753.06509	0.02698
1751.13652	0.02887
1749.20796	0.03048
1747.27939	0.03109
1745.35083	0.03154
1743.42227	0.03222
1741.49370	0.03303
1739.56514	0.03380
1737.63657	0.03438
1735.70801	0.03514
1733.77944	0.03564
1731.85088	0.03494
1729.92231	0.03404
1727.99375	0.03353
1726.06519	0.03364
1724.13662	0.03425
1722.20806	0.03491
1720.27949	0.03588
1718.35093	0.03757
1716.42236	0.03856
1714.49380	0.03771
1712.56523	0.03665
1710.63667	0.03616
1708.70811	0.03626
1706.77954	0.03652
1704.85098	0.03632
1702.92241	0.03595
1700.99385	0.03581
1699.06528	0.03534
1697.13672	0.03412
1695.20815	0.03206
1693.27959	0.03025
1691.35103	0.02962
1689.42246	0.02975
1687.49390	0.03027
1685.56533	0.03125
1683.63677	0.03152
1681.70820	0.03018
1679.77964	0.02899
1677.85107	0.02851
1675.92251	0.02867
1673.99395	0.02903
1672.06538	0.02945
1670.13682	0.02986
1668.20825	0.02941
1666.27969	0.02873
1664.35112	0.02878
1662.42256	0.02908
1660.49399	0.02889
1658.56543	0.02879
1656.63687	0.02955
1654.70830	0.03130
1652.77974	0.03231
1650.85117	0.03155
1648.92261	0.03159
1646.99404	0.03182
1645.06548	0.03072
1643.13691	0.02957
1641.20835	0.02929
1639.27979	0.02983
1637.35122	0.03087
1635.42266	0.03100
1633.49409	0.02971
1631.56553	0.02886
1629.63696	0.02879
1627.70840	0.02897
1625.77983	0.02916
1623.85127	0.02927
1621.92271	0.02889
1619.99414	0.02852
1618.06558	0.02865
1616.13701	0.02846
1614.20845	0.02763
1612.27988	0.02715
1610.35132	0.02724
1608.42275	0.02742
1606.49419	0.02735
1604.56562	0.02724
1602.63706	0.02723
1600.70850	0.02715
1598.77993	0.02706
1596.85137	0.02717
1594.92280	0.02737
1592.99424	0.02740
1591.06567	0.02731
1589.13711	0.02723
1587.20854	0.02717
1585.27998	0.02720
1583.35142	0.02732
1581.42285	0.02757
1579.49429	0.02815
1577.56572	0.02902
1575.63716	0.02902
1573.70859	0.02811
1571.78003	0.02777
1569.85146	0.02777
1567.92290	0.02723
1565.99434	0.02662
1564.06577	0.02647
1562.13721	0.02709
1560.20864	0.02892
1558.28008	0.02995
1556.35151	0.02834
1554.42295	0.02702
1552.49438	0.02646
1550.56582	0.02637
1548.63726	0.02628
1546.70869	0.02664
1544.78013	0.02800
1542.85156	0.02962
1540.92300	0.02984
1538.99443	0.02710
1537.06587	0.02474
1535.13730	0.02405
1533.20874	0.02357
1531.28018	0.02256
1529.35161	0.02211
1527.42305	0.02250
1525.49448	0.02306
1523.56592	0.02365
1521.63735	0.02400
1519.70879	0.02344
1517.78022	0.02273
1515.85166	0.02185
1513.92310	0.02097
1511.99453	0.02104
1510.06597	0.02247
1508.13740	0.02437
1506.20884	0.02312
1504.28027	0.02023
1502.35171	0.01923
1500.42314	0.01956
1498.49458	0.02037
1496.56602	0.02055
1494.63745	0.02014
1492.70889	0.02058
1490.78032	0.02228
1488.85176	0.02369
1486.92319	0.02372
1484.99463	0.02389
1483.06606	0.02527
1481.13750	0.02799
1479.20894	0.03224
1477.28037	0.03979
1475.35181	0.05209
1473.42324	0.06687
1471.49468	0.07823
1469.56611	0.08635
1467.63755	0.09692
1465.70898	0.11358
1463.78042	0.13204
1461.85186	0.14288
1459.92329	0.14752
1457.99473	0.15093
1456.06616	0.15242
1454.13760	0.15067
1452.20903	0.14745
1450.28047	0.14203
1448.35190	0.13190
1446.42334	0.11728
1444.49478	0.10301
1442.56621	0.09177
1440.63765	0.08459
1438.70908	0.08160
1436.78052	0.08054
1434.85195	0.07701
1432.92339	0.07015
1430.99482	0.06180
1429.06626	0.05414
1427.13770	0.04933
1425.20913	0.04676
1423.28057	0.04515
1421.35200	0.04422
1419.42344	0.04371
1417.49487	0.04242
1415.56631	0.04060
1413.63774	0.03930
1411.70918	0.03844
1409.78062	0.03763
1407.85205	0.03696
1405.92349	0.03658
1403.99492	0.03614
1402.06636	0.03576
1400.13779	0.03594
1398.20923	0.03637
1396.28066	0.03656
1394.35210	0.03643
1392.42354	0.03649
1390.49497	0.03788
1388.56641	0.04193
1386.63784	0.04989
1384.70928	0.06269
1382.78071	0.08280
1380.85215	0.11343
1378.92358	0.15286
1376.99502	0.18800
1375.06646	0.19698
1373.13789	0.17293
1371.20933	0.13867
1369.28076	0.11065
1367.35220	0.09206
1365.42363	0.08308
1363.49507	0.08098
1361.56650	0.08225
1359.63794	0.08304
1357.70937	0.08079
1355.78081	0.07520
1353.85225	0.06811
1351.92368	0.06174
1349.99512	0.05679
1348.06655	0.05294
1346.13799	0.04989
1344.20942	0.04764
1342.28086	0.04631
1340.35229	0.04555
1338.42373	0.04450
1336.49517	0.04323
1334.56660	0.04256
1332.63804	0.04262
1330.70947	0.04288
1328.78091	0.04275
1326.85234	0.04211
1324.92378	0.04115
1322.99521	0.04018
1321.06665	0.03949
1319.13809	0.03896
1317.20952	0.03838
1315.28096	0.03788
1313.35239	0.03764
1311.42383	0.03774
1309.49526	0.03860
1307.56670	0.04040
1305.63813	0.04230
1303.70957	0.04309
1301.78101	0.04271
1299.85244	0.04212
1297.92388	0.04191
1295.99531	0.04188
1294.06675	0.04158
1292.13818	0.04092
1290.20962	0.04014
1288.28105	0.03944
1286.35249	0.03878
1284.42393	0.03816
1282.49536	0.03768
1280.56680	0.03738
1278.63823	0.03715
1276.70967	0.03697
1274.78110	0.03693
1272.85254	0.03705
1270.92397	0.03724
1268.99541	0.03747
1267.06685	0.03781
1265.13828	0.03833
1263.20972	0.03906
1261.28115	0.04012
1259.35259	0.04158
1257.42402	0.04306
1255.49546	0.04379
1253.56689	0.04332
1251.63833	0.04215
1249.70977	0.04115
1247.78120	0.04057
1245.85264	0.04027
1243.92407	0.04014
1241.99551	0.04014
1240.06694	0.04022
1238.13838	0.04036
1236.20981	0.04053
1234.28125	0.04072
1232.35269	0.04094
1230.42412	0.04116
1228.49556	0.04134
1226.56699	0.04152
1224.63843	0.04178
1222.70986	0.04215
1220.78130	0.04266
1218.85273	0.04307
1216.92417	0.04301
1214.99561	0.04247
1213.06704	0.04175
1211.13848	0.04112
1209.20991	0.04072
1207.28135	0.04049
1205.35278	0.04035
1203.42422	0.04022
1201.49565	0.04002
1199.56709	0.03978
1197.63853	0.03955
1195.70996	0.03939
1193.78140	0.03923
1191.85283	0.03902
1189.92427	0.03886
1187.99570	0.03883
1186.06714	0.03898
1184.13857	0.03939
1182.21001	0.04012
1180.28145	0.04121
1178.35288	0.04281
1176.42432	0.04532
1174.49575	0.04929
1172.56719	0.05490
1170.63862	0.06132
1168.71006	0.06647
1166.78149	0.06851
1164.85293	0.06746
1162.92437	0.06492
1160.99580	0.06236
1159.06724	0.06041
1157.13867	0.05921
1155.21011	0.05857
1153.28154	0.05795
1151.35298	0.05678
1149.42441	0.05491
1147.49585	0.05262
1145.56729	0.05029
1143.63872	0.04815
1141.71016	0.04627
1139.78159	0.04474
1137.85303	0.04361
1135.92446	0.04273
1133.99590	0.04204
1132.06733	0.04151
1130.13877	0.04103
1128.21021	0.04059
1126.28164	0.04024
1124.35308	0.03999
1122.42451	0.03990
1120.49595	0.03995
1118.56738	0.04008
1116.63882	0.04029
1114.71025	0.04060
1112.78169	0.04094
1110.85312	0.04143
1108.92456	0.04229
1106.99600	0.04346
1105.06743	0.04469
1103.13887	0.04554
1101.21030	0.04561
1099.28174	0.04491
1097.35317	0.04395
1095.42461	0.04310
1093.49604	0.04245
1091.56748	0.04204
1089.63892	0.04181
1087.71035	0.04160
1085.78179	0.04145
1083.85322	0.04135
1081.92466	0.04123
1079.99609	0.04112
1078.06753	0.04105
1076.13896	0.04099
1074.21040	0.04087
1072.28184	0.04070
1070.35327	0.04056
1068.42471	0.04057
1066.49614	0.04069
1064.56758	0.04080
1062.63901	0.04089
1060.71045	0.04107
1058.78188	0.04137
1056.85332	0.04168
1054.92476	0.04195
1052.99619	0.04228
1051.06763	0.04279
1049.13906	0.04343
1047.21050	0.04391
1045.28193	0.04396
1043.35337	0.04347
1041.42480	0.04263
1039.49624	0.04177
1037.56768	0.04111
1035.63911	0.04058
1033.71055	0.04004
1031.78198	0.03954
1029.85342	0.03911
1027.92485	0.03873
1025.99629	0.03835
1024.06772	0.03802
1022.13916	0.03785
1020.21060	0.03769
1018.28203	0.03746
1016.35347	0.03730
1014.42490	0.03724
1012.49634	0.03733
1010.56777	0.03777
1008.63921	0.03865
1006.71064	0.04020
1004.78208	0.04307
1002.85352	0.04815
1000.92495	0.05551
998.99639	0.06246
997.06782	0.06438
995.13926	0.05972
993.21069	0.05197
991.28213	0.04523
989.35356	0.04090
987.42500	0.03863
985.49644	0.03799
983.56787	0.03898
981.63931	0.04199
979.71074	0.04750
977.78218	0.05555
975.85361	0.06478
973.92505	0.07146
971.99648	0.07136
970.06792	0.06448
968.13936	0.05549
966.21079	0.04836
964.28223	0.04372
962.35366	0.04078
960.42510	0.03883
958.49653	0.03741
956.56797	0.03631
954.63940	0.03553
952.71084	0.03497
950.78228	0.03448
948.85371	0.03406
946.92515	0.03384
944.99658	0.03398
943.06802	0.03436
941.13945	0.03444
939.21089	0.03371
937.28232	0.03227
935.35376	0.03073
933.42520	0.02957
931.49663	0.02883
929.56807	0.02821
927.63950	0.02764
925.71094	0.02723
923.78237	0.02692
921.85381	0.02659
919.92524	0.02641
917.99668	0.02644
916.06812	0.02659
914.13955	0.02687
912.21099	0.02728
910.28242	0.02783
908.35386	0.02885
906.42529	0.03089
904.49673	0.03440
902.56816	0.03903
900.63960	0.04302
898.71104	0.04426
896.78247	0.04228
894.85391	0.03858
892.92534	0.03504
890.99678	0.03255
889.06821	0.03102
887.13965	0.03003
885.21108	0.02922
883.28252	0.02857
881.35396	0.02823
879.42539	0.02815
877.49683	0.02813
875.56826	0.02805
873.63970	0.02801
871.71113	0.02815
869.78257	0.02841
867.85400	0.02859
865.92544	0.02876
863.99687	0.02906
862.06831	0.02949
860.13975	0.02998
858.21118	0.03049
856.28262	0.03107
854.35405	0.03180
852.42549	0.03278
850.49692	0.03433
848.56836	0.03688
846.63979	0.04125
844.71123	0.04844
842.78267	0.05656
840.85410	0.05948
838.92554	0.05440
836.99697	0.04638
835.06841	0.04065
833.13984	0.03762
831.21128	0.03583
829.28271	0.03451
827.35415	0.03361
825.42559	0.03304
823.49702	0.03271
821.56846	0.03276
819.63989	0.03340
817.71133	0.03483
815.78276	0.03736
813.85420	0.04099
811.92563	0.04485
809.99707	0.04744
808.06851	0.04764
806.13994	0.04557
804.21138	0.04242
802.28281	0.03943
800.35425	0.03715
798.42568	0.03544
796.49712	0.03406
794.56855	0.03273
792.63999	0.03126
790.71143	0.02974
788.78286	0.02838
786.85430	0.02724
784.92573	0.02615
782.99717	0.02506
781.06860	0.02414
779.14004	0.02348
777.21147	0.02303
775.28291	0.02273
773.35435	0.02259
771.42578	0.02257
769.49722	0.02251
767.56865	0.02239
765.64009	0.02232
763.71152	0.02222
761.78296	0.02191
759.85439	0.02156
757.92583	0.02125
755.99727	0.02080
754.06870	0.02024
752.14014	0.01986
750.21157	0.01979
748.28301	0.01986
746.35444	0.01988
744.42588	0.01992
742.49731	0.02011
740.56875	0.02050
738.64019	0.02121
736.71162	0.02259
734.78306	0.02539
732.85449	0.02964
730.92593	0.03288
728.99736	0.03276
727.06880	0.03085
725.14023	0.03021
723.21167	0.03213
721.28311	0.03589
719.35454	0.03786
717.42598	0.03509
715.49741	0.03006
713.56885	0.02632
711.64028	0.02416
709.71172	0.02280
707.78315	0.02199
705.85459	0.02166
703.92603	0.02164
701.99746	0.02150
700.06890	0.02096
698.14033	0.02030
696.21177	0.01978
694.28320	0.01935
692.35464	0.01906
690.42607	0.01892
688.49751	0.01870
686.56895	0.01827
684.64038	0.01778
682.71182	0.01753
680.78325	0.01761
678.85469	0.01784
676.92612	0.01807
674.99756	0.01826
673.06899	0.01802
671.14043	0.01574
669.21187	0.01186
667.28330	0.01259
665.35474	0.01758
663.42617	0.02012
661.49761	0.02040
659.56904	0.02015
657.64048	0.01965
655.71191	0.01946
653.78335	0.01979
651.85479	0.02015
649.92622	0.02054
647.99766	0.02115
646.06909	0.02183
644.14053	0.02250
642.21196	0.02325
640.28340	0.02414
638.35483	0.02543
636.42627	0.02704
634.49771	0.02818
632.56914	0.02863
630.64058	0.02878
628.71201	0.02852
626.78345	0.02769
624.85488	0.02672
622.92632	0.02607
620.99775	0.02574
619.06919	0.02566
617.14062	0.02590
615.21206	0.02635
613.28350	0.02676
611.35493	0.02714
609.42637	0.02740
607.49780	0.02685
605.56924	0.02593
603.64067	0.02615
601.71211	0.02689
599.78354	0.02682
