3997.91411	-0.05899
3995.98555	-0.05891
3994.05698	-0.05881
3992.12842	-0.05881
3990.19985	-0.05893
3988.27129	-0.05901
3986.34272	-0.05903
3984.41416	-0.05915
3982.48560	-0.05939
3980.55703	-0.05952
3978.62847	-0.05935
3976.69990	-0.05902
3974.77134	-0.05878
3972.84277	-0.05878
3970.91421	-0.05896
3968.98564	-0.05906
3967.05708	-0.05905
3965.12852	-0.05911
3963.19995	-0.05907
3961.27139	-0.05884
3959.34282	-0.05875
3957.41426	-0.05892
3955.48569	-0.05916
3953.55713	-0.05934
3951.62856	-0.05943
3949.70000	-0.05938
3947.77144	-0.05926
3945.84287	-0.05914
3943.91431	-0.05906
3941.98574	-0.05914
3940.05718	-0.05939
3938.12861	-0.05964
3936.20005	-0.05965
3934.27148	-0.05933
3932.34292	-0.05910
3930.41436	-0.05933
3928.48579	-0.05967
3926.55723	-0.05975
3924.62866	-0.05973
3922.70010	-0.05962
3920.77153	-0.05919
3918.84297	-0.05875
3916.91440	-0.05885
3914.98584	-0.05925
3913.05728	-0.05938
3911.12871	-0.05936
3909.20015	-0.05934
3907.27158	-0.05916
3905.34302	-0.05892
3903.41445	-0.05887
3901.48589	-0.05902
3899.55732	-0.05925
3897.62876	-0.05946
3895.70020	-0.05941
3893.77163	-0.05922
3891.84307	-0.05930
3889.91450	-0.05959
3887.98594	-0.05959
3886.05737	-0.05949
3884.12881	-0.05954
3882.20024	-0.05949
3880.27168	-0.05945
3878.34312	-0.05947
3876.41455	-0.05938
3874.48599	-0.05928
3872.55742	-0.05918
3870.62886	-0.05919
3868.70029	-0.05949
3866.77173	-0.05969
3864.84316	-0.05965
3862.91460	-0.05964
3860.98604	-0.05973
3859.05747	-0.05965
3857.12891	-0.05930
3855.20034	-0.05914
3853.27178	-0.05970
3851.34321	-0.06015
3849.41465	-0.06009
3847.48608	-0.05999
3845.55752	-0.05990
3843.62896	-0.05979
3841.70039	-0.05980
3839.77183	-0.05982
3837.84326	-0.05983
3835.91470	-0.05991
3833.98613	-0.05999
3832.05757	-0.06004
3830.12900	-0.06003
3828.20044	-0.05999
3826.27187	-0.05999
3824.34331	-0.05992
3822.41475	-0.05989
3820.48618	-0.06012
3818.55762	-0.06025
3816.62905	-0.06023
3814.70049	-0.06027
3812.77192	-0.06015
3810.84336	-0.05992
3808.91479	-0.05975
3806.98623	-0.05981
3805.05767	-0.06004
3803.12910	-0.06023
3801.20054	-0.06047
3799.27197	-0.06050
3797.34341	-0.06023
3795.41484	-0.05988
3793.48628	-0.05968
3791.55771	-0.05964
3789.62915	-0.05970
3787.70059	-0.05989
3785.77202	-0.06009
3783.84346	-0.06006
3781.91489	-0.05975
3779.98633	-0.05953
3778.05776	-0.05966
3776.12920	-0.05994
3774.20063	-0.06011
3772.27207	-0.06010
3770.34351	-0.06004
3768.41494	-0.05991
3766.48638	-0.05975
3764.55781	-0.05974
3762.62925	-0.05978
3760.70068	-0.05976
3758.77212	-0.05973
3756.84355	-0.05967
3754.91499	-0.05969
3752.98643	-0.05986
3751.05786	-0.06016
3749.12930	-0.06032
3747.20073	-0.06013
3745.27217	-0.05992
3743.34360	-0.06010
3741.41504	-0.06040
3739.48647	-0.06041
3737.55791	-0.06013
3735.62935	-0.06015
3733.70078	-0.06088
3731.77222	-0.06149
3729.84365	-0.06164
3727.91509	-0.06169
3725.98652	-0.06176
3724.05796	-0.06152
3722.12939	-0.06107
3720.20083	-0.06086
3718.27227	-0.06081
3716.34370	-0.06060
3714.41514	-0.06044
3712.48657	-0.06086
3710.55801	-0.06165
3708.62944	-0.06186
3706.70088	-0.06148
3704.77231	-0.06106
3702.84375	-0.06105
3700.91519	-0.06143
3698.98662	-0.06170
3697.05806	-0.06173
3695.12949	-0.06181
3693.20093	-0.06210
3691.27236	-0.06249
3689.34380	-0.06279
3687.41523	-0.06260
3685.48667	-0.06210
3683.55811	-0.06162
3681.62954	-0.06113
3679.70098	-0.06076
3677.77241	-0.06080
3675.84385	-0.06130
3673.91528	-0.06151
3671.98672	-0.06119
3670.05815	-0.06126
3668.12959	-0.06165
3666.20103	-0.06158
3664.27246	-0.06127
3662.34390	-0.06109
3660.41533	-0.06106
3658.48677	-0.06106
3656.55820	-0.06105
3654.62964	-0.06089
3652.70107	-0.06051
3650.77251	-0.06015
3648.84395	-0.06034
3646.91538	-0.06098
3644.98682	-0.06119
3643.05825	-0.06093
3641.12969	-0.06073
3639.20112	-0.06081
3637.27256	-0.06096
3635.34399	-0.06112
3633.41543	-0.06123
3631.48687	-0.06109
3629.55830	-0.06085
3627.62974	-0.06112
3625.70117	-0.06154
3623.77261	-0.06158
3621.84404	-0.06138
3619.91548	-0.06118
3617.98691	-0.06105
3616.05835	-0.06076
3614.12979	-0.06040
3612.20122	-0.06029
3610.27266	-0.06062
3608.34409	-0.06108
3606.41553	-0.06116
3604.48696	-0.06109
3602.55840	-0.06137
3600.62983	-0.06182
3598.70127	-0.06195
3596.77271	-0.06189
3594.84414	-0.06188
3592.91558	-0.06182
3590.98701	-0.06152
3589.05845	-0.06113
3587.12988	-0.06109
3585.20132	-0.06132
3583.27275	-0.06132
3581.34419	-0.06119
3579.41562	-0.06116
3577.48706	-0.06121
3575.55850	-0.06137
3573.62993	-0.06151
3571.70137	-0.06135
3569.77280	-0.06085
3567.84424	-0.06042
3565.91567	-0.06051
3563.98711	-0.06085
3562.05854	-0.06100
3560.12998	-0.06092
3558.20142	-0.06069
3556.27285	-0.06049
3554.34429	-0.06052
3552.41572	-0.06072
3550.48716	-0.06063
3548.55859	-0.06018
3546.63003	-0.06001
3544.70146	-0.06046
3542.77290	-0.06092
3540.84434	-0.06100
3538.91577	-0.06081
3536.98721	-0.06051
3535.05864	-0.06040
3533.13008	-0.06063
3531.20151	-0.06091
3529.27295	-0.06100
3527.34438	-0.06099
3525.41582	-0.06100
3523.48726	-0.06106
3521.55869	-0.06101
3519.63013	-0.06093
3517.70156	-0.06096
3515.77300	-0.06083
3513.84443	-0.06056
3511.91587	-0.06047
3509.98730	-0.06044
3508.05874	-0.06027
3506.13018	-0.06015
3504.20161	-0.06018
3502.27305	-0.06039
3500.34448	-0.06065
3498.41592	-0.06062
3496.48735	-0.06038
3494.55879	-0.06035
3492.63022	-0.06051
3490.70166	-0.06058
3488.77310	-0.06060
3486.84453	-0.06077
3484.91597	-0.06100
3482.98740	-0.06098
3481.05884	-0.06062
3479.13027	-0.06021
3477.20171	-0.06024
3475.27314	-0.06061
3473.34458	-0.06087
3471.41602	-0.06097
3469.48745	-0.06094
3467.55889	-0.06080
3465.63032	-0.06076
3463.70176	-0.06085
3461.77319	-0.06072
3459.84463	-0.06031
3457.91606	-0.06011
3455.98750	-0.06020
3454.05894	-0.06037
3452.13037	-0.06049
3450.20181	-0.06032
3448.27324	-0.06009
3446.34468	-0.06021
3444.41611	-0.06046
3442.48755	-0.06061
3440.55898	-0.06076
3438.63042	-0.06079
3436.70186	-0.06049
3434.77329	-0.06006
3432.84473	-0.05997
3430.91616	-0.06007
3428.98760	-0.06013
3427.05903	-0.06024
3425.13047	-0.06031
3423.20190	-0.06037
3421.27334	-0.06049
3419.34478	-0.06047
3417.41621	-0.06038
3415.48765	-0.06025
3413.55908	-0.05997
3411.63052	-0.05975
3409.70195	-0.05974
3407.77339	-0.05990
3405.84482	-0.06029
3403.91626	-0.06068
3401.98770	-0.06083
3400.05913	-0.06084
3398.13057	-0.06073
3396.20200	-0.06052
3394.27344	-0.06059
3392.34487	-0.06092
3390.41631	-0.06095
3388.48774	-0.06070
3386.55918	-0.06050
3384.63062	-0.06049
3382.70205	-0.06069
3380.77349	-0.06079
3378.84492	-0.06059
3376.91636	-0.06042
3374.98779	-0.06044
3373.05923	-0.06043
3371.13066	-0.06039
3369.20210	-0.06042
3367.27354	-0.06054
3365.34497	-0.06080
3363.41641	-0.06108
3361.48784	-0.06116
3359.55928	-0.06100
3357.63071	-0.06081
3355.70215	-0.06077
3353.77358	-0.06068
3351.84502	-0.06039
3349.91646	-0.06007
3347.98789	-0.06006
3346.05933	-0.06028
3344.13076	-0.06047
3342.20220	-0.06074
3340.27363	-0.06106
3338.34507	-0.06102
3336.41650	-0.06073
3334.48794	-0.06057
3332.55937	-0.06069
3330.63081	-0.06094
3328.70225	-0.06099
3326.77368	-0.06076
3324.84512	-0.06042
3322.91655	-0.06020
3320.98799	-0.06029
3319.05942	-0.06071
3317.13086	-0.06109
3315.20229	-0.06118
3313.27373	-0.06113
3311.34517	-0.06101
3309.41660	-0.06086
3307.48804	-0.06088
3305.55947	-0.06101
3303.63091	-0.06106
3301.70234	-0.06112
3299.77378	-0.06125
3297.84521	-0.06120
3295.91665	-0.06097
3293.98809	-0.06083
3292.05952	-0.06093
3290.13096	-0.06110
3288.20239	-0.06111
3286.27383	-0.06100
3284.34526	-0.06092
3282.41670	-0.06096
3280.48813	-0.06118
3278.55957	-0.06152
3276.63101	-0.06175
3274.70244	-0.06161
3272.77388	-0.06126
3270.84531	-0.06119
3268.91675	-0.06140
3266.98818	-0.06137
3265.05962	-0.06118
3263.13105	-0.06123
3261.20249	-0.06134
3259.27393	-0.06128
3257.34536	-0.06119
3255.41680	-0.06129
3253.48823	-0.06151
3251.55967	-0.06169
3249.63110	-0.06187
3247.70254	-0.06209
3245.77397	-0.06230
3243.84541	-0.06226
3241.91685	-0.06196
3239.98828	-0.06184
3238.05972	-0.06213
3236.13115	-0.06236
3234.20259	-0.06216
3232.27402	-0.06183
3230.34546	-0.06175
3228.41689	-0.06196
3226.48833	-0.06222
3224.55977	-0.06221
3222.63120	-0.06200
3220.70264	-0.06193
3218.77407	-0.06204
3216.84551	-0.06203
3214.91694	-0.06186
3212.98838	-0.06177
3211.05981	-0.06174
3209.13125	-0.06166
3207.20269	-0.06161
3205.27412	-0.06171
3203.34556	-0.06186
3201.41699	-0.06194
3199.48843	-0.06195
3197.55986	-0.06193
3195.63130	-0.06195
3193.70273	-0.06206
3191.77417	-0.06222
3189.84561	-0.06245
3187.91704	-0.06265
3185.98848	-0.06269
3184.05991	-0.06262
3182.13135	-0.06254
3180.20278	-0.06231
3178.27422	-0.06190
3176.34565	-0.06176
3174.41709	-0.06201
3172.48853	-0.06223
3170.55996	-0.06219
3168.63140	-0.06220
3166.70283	-0.06247
3164.77427	-0.06279
3162.84570	-0.06294
3160.91714	-0.06302
3158.98857	-0.06310
3157.06001	-0.06312
3155.13145	-0.06307
3153.20288	-0.06300
3151.27432	-0.06285
3149.34575	-0.06266
3147.41719	-0.06258
3145.48862	-0.06267
3143.56006	-0.06294
3141.63149	-0.06316
3139.70293	-0.06305
3137.77437	-0.06286
3135.84580	-0.06305
3133.91724	-0.06348
3131.98867	-0.06369
3130.06011	-0.06358
3128.13154	-0.06339
3126.20298	-0.06334
3124.27441	-0.06348
3122.34585	-0.06364
3120.41729	-0.06364
3118.48872	-0.06356
3116.56016	-0.06359
3114.63159	-0.06380
3112.70303	-0.06400
3110.77446	-0.06412
3108.84590	-0.06421
3106.91733	-0.06421
3104.98877	-0.06398
3103.06021	-0.06364
3101.13164	-0.06349
3099.20308	-0.06354
3097.27451	-0.06359
3095.34595	-0.06369
3093.41738	-0.06385
3091.48882	-0.06389
3089.56025	-0.06387
3087.63169	-0.06389
3085.70312	-0.06393
3083.77456	-0.06401
3081.84600	-0.06408
3079.91743	-0.06409
3077.98887	-0.06414
3076.06030	-0.06424
3074.13174	-0.06425
3072.20317	-0.06417
3070.27461	-0.06413
3068.34604	-0.06422
3066.41748	-0.06440
3064.48892	-0.06457
3062.56035	-0.06460
3060.63179	-0.06461
3058.70322	-0.06468
3056.77466	-0.06475
3054.84609	-0.06483
3052.91753	-0.06497
3050.98896	-0.06507
3049.06040	-0.06509
3047.13184	-0.06512
3045.20327	-0.06524
3043.27471	-0.06539
3041.34614	-0.06541
3039.41758	-0.06524
3037.48901	-0.06506
3035.56045	-0.06500
3033.63188	-0.06506
3031.70332	-0.06522
3029.77476	-0.06539
3027.84619	-0.06543
3025.91763	-0.06540
3023.98906	-0.06541
3022.06050	-0.06547
3020.13193	-0.06552
3018.20337	-0.06542
3016.27480	-0.06528
3014.34624	-0.06521
3012.41768	-0.06517
3010.48911	-0.06507
3008.56055	-0.06487
3006.63198	-0.06470
3004.70342	-0.06458
3002.77485	-0.06436
3000.84629	-0.06404
2998.91772	-0.06365
2996.98916	-0.06306
2995.06060	-0.06230
2993.13203	-0.06170
2991.20347	-0.06136
2989.27490	-0.06080
2987.34634	-0.05956
2985.41777	-0.05790
2983.48921	-0.05629
2981.56064	-0.05471
2979.63208	-0.05296
2977.70352	-0.05096
2975.77495	-0.04869
2973.84639	-0.04604
2971.91782	-0.04298
2969.98926	-0.03961
2968.06069	-0.03599
2966.13213	-0.03225
2964.20356	-0.02862
2962.27500	-0.02549
2960.34644	-0.02318
2958.41787	-0.02166
2956.48931	-0.02043
2954.56074	-0.01909
2952.63218	-0.01784
2950.70361	-0.01739
2948.77505	-0.01827
2946.84648	-0.02039
2944.91792	-0.02319
2942.98936	-0.02589
2941.06079	-0.02790
2939.13223	-0.02889
2937.20366	-0.02855
2935.27510	-0.02675
2933.34653	-0.02400
2931.41797	-0.02097
2929.48940	-0.01789
2927.56084	-0.01477
2925.63228	-0.01179
2923.70371	-0.00908
2921.77515	-0.00674
2919.84658	-0.00504
2917.91802	-0.00436
2915.98945	-0.00487
2914.06089	-0.00632
2912.13232	-0.00816
2910.20376	-0.01000
2908.27520	-0.01172
2906.34663	-0.01336
2904.41807	-0.01519
2902.48950	-0.01731
2900.56094	-0.01940
2898.63237	-0.02128
2896.70381	-0.02299
2894.77524	-0.02437
2892.84668	-0.02528
2890.91812	-0.02586
2888.98955	-0.02625
2887.06099	-0.02647
2885.13242	-0.02646
2883.20386	-0.02620
2881.27529	-0.02574
2879.34673	-0.02520
2877.41816	-0.02487
2875.48960	-0.02483
2873.56104	-0.02477
2871.63247	-0.02459
2869.70391	-0.02451
2867.77534	-0.02476
2865.84678	-0.02573
2863.91821	-0.02774
2861.98965	-0.03055
2860.06108	-0.03350
2858.13252	-0.03581
2856.20396	-0.03713
2854.27539	-0.03759
2852.34683	-0.03733
2850.41826	-0.03636
2848.48970	-0.03479
2846.56113	-0.03285
2844.63257	-0.03068
2842.70400	-0.02842
2840.77544	-0.02648
2838.84687	-0.02556
2836.91831	-0.02612
2834.98975	-0.02812
2833.06118	-0.03123
2831.13262	-0.03477
2829.20405	-0.03777
2827.27549	-0.03992
2825.34692	-0.04153
2823.41836	-0.04278
2821.48979	-0.04378
2819.56123	-0.04457
2817.63267	-0.04514
2815.70410	-0.04564
2813.77554	-0.04617
2811.84697	-0.04669
2809.91841	-0.04723
2807.98984	-0.04782
2806.06128	-0.04832
2804.13271	-0.04876
2802.20415	-0.04921
2800.27559	-0.04955
2798.34702	-0.04971
2796.41846	-0.04989
2794.48989	-0.05022
2792.56133	-0.05061
2790.63276	-0.05100
2788.70420	-0.05141
2786.77563	-0.05176
2784.84707	-0.05197
2782.91851	-0.05218
2780.98994	-0.05241
2779.06138	-0.05259
2777.13281	-0.05274
2775.20425	-0.05295
2773.27568	-0.05314
2771.34712	-0.05318
2769.41855	-0.05315
2767.48999	-0.05323
2765.56143	-0.05345
2763.63286	-0.05368
2761.70430	-0.05380
2759.77573	-0.05377
2757.84717	-0.05371
2755.91860	-0.05380
2753.99004	-0.05404
2752.06147	-0.05430
2750.13291	-0.05447
2748.20435	-0.05451
2746.27578	-0.05446
2744.34722	-0.05443
2742.41865	-0.05440
2740.49009	-0.05430
2738.56152	-0.05415
2736.63296	-0.05394
2734.70439	-0.05373
2732.77583	-0.05364
2730.84727	-0.05371
2728.91870	-0.05379
2726.99014	-0.05374
2725.06157	-0.05355
2723.13301	-0.05340
2721.20444	-0.05337
2719.27588	-0.05347
2717.34731	-0.05370
2715.41875	-0.05398
2713.49019	-0.05426
2711.56162	-0.05448
2709.63306	-0.05461
2707.70449	-0.05466
2705.77593	-0.05474
2703.84736	-0.05487
2701.91880	-0.05500
2699.99023	-0.05508
2698.06167	-0.05511
2696.13311	-0.05508
2694.20454	-0.05496
2692.27598	-0.05483
2690.34741	-0.05479
2688.41885	-0.05485
2686.49028	-0.05489
2684.56172	-0.05488
2682.63315	-0.05487
2680.70459	-0.05493
2678.77603	-0.05505
2676.84746	-0.05520
2674.91890	-0.05535
2672.99033	-0.05543
2671.06177	-0.05539
2669.13320	-0.05521
2667.20464	-0.05497
2665.27607	-0.05472
2663.34751	-0.05449
2661.41895	-0.05434
2659.49038	-0.05421
2657.56182	-0.05405
2655.63325	-0.05394
2653.70469	-0.05395
2651.77612	-0.05403
2649.84756	-0.05402
2647.91899	-0.05390
2645.99043	-0.05383
2644.06187	-0.05388
2642.13330	-0.05390
2640.20474	-0.05384
2638.27617	-0.05379
2636.34761	-0.05379
2634.41904	-0.05383
2632.49048	-0.05386
2630.56191	-0.05374
2628.63335	-0.05359
2626.70479	-0.05365
2624.77622	-0.05381
2622.84766	-0.05380
2620.91909	-0.05362
2618.99053	-0.05345
2617.06196	-0.05338
2615.13340	-0.05340
2613.20483	-0.05339
2611.27627	-0.05333
2609.34771	-0.05340
2607.41914	-0.05366
2605.49058	-0.05389
2603.56201	-0.05395
2601.63345	-0.05392
2599.70488	-0.05384
2597.77632	-0.05383
2595.84775	-0.05386
2593.91919	-0.05381
2591.99062	-0.05372
2590.06206	-0.05365
2588.13350	-0.05361
2586.20493	-0.05353
2584.27637	-0.05334
2582.34780	-0.05324
2580.41924	-0.05332
2578.49067	-0.05340
2576.56211	-0.05345
2574.63354	-0.05353
2572.70498	-0.05363
2570.77642	-0.05371
2568.84785	-0.05382
2566.91929	-0.05390
2564.99072	-0.05391
2563.06216	-0.05377
2561.13359	-0.05353
2559.20503	-0.05346
2557.27646	-0.05367
2555.34790	-0.05394
2553.41934	-0.05404
2551.49077	-0.05399
2549.56221	-0.05392
2547.63364	-0.05386
2545.70508	-0.05384
2543.77651	-0.05394
2541.84795	-0.05402
2539.91938	-0.05391
2537.99082	-0.05369
2536.06226	-0.05362
2534.13369	-0.05370
2532.20513	-0.05380
2530.27656	-0.05388
2528.34800	-0.05401
2526.41943	-0.05415
2524.49087	-0.05418
2522.56230	-0.05409
2520.63374	-0.05390
2518.70518	-0.05380
2516.77661	-0.05392
2514.84805	-0.05412
2512.91948	-0.05419
2510.99092	-0.05419
2509.06235	-0.05427
2507.13379	-0.05430
2505.20522	-0.05417
2503.27666	-0.05407
2501.34810	-0.05412
2499.41953	-0.05413
2497.49097	-0.05399
2495.56240	-0.05385
2493.63384	-0.05381
2491.70527	-0.05384
2489.77671	-0.05392
2487.84814	-0.05400
2485.91958	-0.05405
2483.99102	-0.05409
2482.06245	-0.05413
2480.13389	-0.05410
2478.20532	-0.05401
2476.27676	-0.05390
2474.34819	-0.05380
2472.41963	-0.05370
2470.49106	-0.05364
2468.56250	-0.05364
2466.63394	-0.05364
2464.70537	-0.05359
2462.77681	-0.05358
2460.84824	-0.05359
2458.91968	-0.05353
2456.99111	-0.05346
2455.06255	-0.05351
2453.13398	-0.05362
2451.20542	-0.05359
2449.27686	-0.05344
2447.34829	-0.05342
2445.41973	-0.05346
2443.49116	-0.05346
2441.56260	-0.05349
2439.63403	-0.05356
2437.70547	-0.05360
2435.77690	-0.05355
2433.84834	-0.05347
2431.91978	-0.05346
2429.99121	-0.05347
2428.06265	-0.05343
2426.13408	-0.05341
2424.20552	-0.05342
2422.27695	-0.05342
2420.34839	-0.05351
2418.41982	-0.05368
2416.49126	-0.05380
2414.56270	-0.05382
2412.63413	-0.05376
2410.70557	-0.05373
2408.77700	-0.05379
2406.84844	-0.05390
2404.91987	-0.05398
2402.99131	-0.05401
2401.06274	-0.05396
2399.13418	-0.05236
2397.20562	-0.05203
2395.27705	-0.05250
2393.34849	-0.05307
2391.41992	-0.05373
2389.49136	-0.05459
2387.56279	-0.05555
2385.63423	-0.05646
2383.70566	-0.05714
2381.77710	-0.05737
2379.84854	-0.05706
2377.91997	-0.05626
2375.99141	-0.05522
2374.06284	-0.05431
2372.13428	-0.05383
2370.20571	-0.05392
2368.27715	-0.05359
2366.34858	-0.05340
2364.42002	-0.05423
2362.49146	-0.05392
2360.56289	-0.05466
2358.63433	-0.05634
2356.70576	-0.05446
2354.77720	-0.05740
2352.84863	-0.06054
2350.92007	-0.06132
2348.99150	-0.06150
2347.06294	-0.05866
2345.13437	-0.05516
2343.20581	-0.05598
2341.27725	-0.06067
2339.34868	-0.06224
2337.42012	-0.05989
2335.49155	-0.05553
2333.56299	-0.05246
2331.63442	-0.05163
2329.70586	-0.05186
2327.77729	-0.05235
2325.84873	-0.05162
2323.92017	-0.05027
2321.99160	-0.04962
2320.06304	-0.04943
2318.13447	-0.04971
2316.20591	-0.05025
2314.27734	-0.05072
2312.34878	-0.05124
2310.42021	-0.05181
2308.49165	-0.05220
2306.56309	-0.05251
2304.63452	-0.05257
2302.70596	-0.05233
2300.77739	-0.05199
2298.84883	-0.05163
2296.92026	-0.05123
2294.99170	-0.05074
2293.06313	-0.05021
2291.13457	-0.04959
2289.20601	-0.04909
2287.27744	-0.04872
2285.34888	-0.04835
2283.42031	-0.04800
2281.49175	-0.04778
2279.56318	-0.04779
2277.63462	-0.04792
2275.70605	-0.04813
2273.77749	-0.04835
2271.84893	-0.04837
2269.92036	-0.04833
2267.99180	-0.04859
2266.06323	-0.04912
2264.13467	-0.04942
2262.20610	-0.04925
2260.27754	-0.04893
2258.34897	-0.04877
2256.42041	-0.04886
2254.49185	-0.04909
2252.56328	-0.04940
2250.63472	-0.04947
2248.70615	-0.04849
2246.77759	-0.04866
2244.84902	-0.04891
2242.92046	-0.04887
2240.99189	-0.04854
2239.06333	-0.04828
2237.13477	-0.04813
2235.20620	-0.04804
2233.27764	-0.04805
2231.34907	-0.04804
2229.42051	-0.04794
2227.49194	-0.04791
2225.56338	-0.04800
2223.63481	-0.04806
2221.70625	-0.04802
2219.77769	-0.04796
2217.84912	-0.04788
2215.92056	-0.04769
2213.99199	-0.04738
2212.06343	-0.04714
2210.13486	-0.04720
2208.20630	-0.04736
2206.27773	-0.04733
2204.34917	-0.04696
2202.42061	-0.04654
2200.49204	-0.04648
2198.56348	-0.04658
2196.63491	-0.04642
2194.70635	-0.04624
2192.77778	-0.04645
2190.84922	-0.04675
2188.92065	-0.04659
2186.99209	-0.04632
2185.06353	-0.04656
2183.13496	-0.04696
2181.20640	-0.04711
2179.27783	-0.04732
2177.34927	-0.04760
2175.42070	-0.04726
2173.49214	-0.04622
2171.56357	-0.04519
2169.63501	-0.04455
2167.70645	-0.04416
2165.77788	-0.04368
2163.84932	-0.04339
2161.92075	-0.04481
2159.99219	-0.04814
2158.06362	-0.05032
2156.13506	-0.04989
2154.20649	-0.04886
2152.27793	-0.04869
2150.34937	-0.04888
2148.42080	-0.04872
2146.49224	-0.04849
2144.56367	-0.04852
2142.63511	-0.04856
2140.70654	-0.04848
2138.77798	-0.04851
2136.84941	-0.04877
2134.92085	-0.04896
2132.99229	-0.04858
2131.06372	-0.04779
2129.13516	-0.04723
2127.20659	-0.04712
2125.27803	-0.04709
2123.34946	-0.04688
2121.42090	-0.04644
2119.49233	-0.04582
2117.56377	-0.04524
2115.63521	-0.04477
2113.70664	-0.04444
2111.77808	-0.04441
2109.84951	-0.04457
2107.92095	-0.04463
2105.99238	-0.04442
2104.06382	-0.04415
2102.13525	-0.04403
2100.20669	-0.04410
2098.27812	-0.04438
2096.34956	-0.04468
2094.42100	-0.04472
2092.49243	-0.04458
2090.56387	-0.04436
2088.63530	-0.04408
2086.70674	-0.04375
2084.77817	-0.04338
2082.84961	-0.04305
2080.92104	-0.04288
2078.99248	-0.04282
2077.06392	-0.04268
2075.13535	-0.04255
2073.20679	-0.04259
2071.27822	-0.04276
2069.34966	-0.04293
2067.42109	-0.04296
2065.49253	-0.04287
2063.56396	-0.04274
2061.63540	-0.04254
2059.70684	-0.04224
2057.77827	-0.04203
2055.84971	-0.04179
2053.92114	-0.04094
2051.99258	-0.03985
2050.06401	-0.03965
2048.13545	-0.04032
2046.20688	-0.04072
2044.27832	-0.04053
2042.34976	-0.04036
2040.42119	-0.04035
2038.49263	-0.04035
2036.56406	-0.04070
2034.63550	-0.04145
2032.70693	-0.04218
2030.77837	-0.04242
2028.84980	-0.04207
2026.92124	-0.04167
2024.99268	-0.04133
2023.06411	-0.04090
2021.13555	-0.04073
2019.20698	-0.04087
2017.27842	-0.04086
2015.34985	-0.04066
2013.42129	-0.04054
2011.49272	-0.04054
2009.56416	-0.04090
2007.63560	-0.04156
2005.70703	-0.04170
2003.77847	-0.04128
2001.84990	-0.04087
1999.92134	-0.04030
1997.99277	-0.03959
1996.06421	-0.03916
1994.13564	-0.03892
1992.20708	-0.03850
1990.27852	-0.03795
1988.34995	-0.03763
1986.42139	-0.03755
1984.49282	-0.03752
1982.56426	-0.03729
1980.63569	-0.03700
1978.70713	-0.03743
1976.77856	-0.03864
1974.85000	-0.03948
1972.92144	-0.03941
1970.99287	-0.03911
1969.06431	-0.03916
1967.13574	-0.03914
1965.20718	-0.03884
1963.27861	-0.03890
1961.35005	-0.03929
1959.42148	-0.03933
1957.49292	-0.03897
1955.56436	-0.03856
1953.63579	-0.03817
1951.70723	-0.03788
1949.77866	-0.03785
1947.85010	-0.03810
1945.92153	-0.03843
1943.99297	-0.03850
1942.06440	-0.03836
1940.13584	-0.03826
1938.20728	-0.03812
1936.27871	-0.03781
1934.35015	-0.03749
1932.42158	-0.03739
1930.49302	-0.03742
1928.56445	-0.03730
1926.63589	-0.03704
1924.70732	-0.03668
1922.77876	-0.03629
1920.85020	-0.03605
1918.92163	-0.03593
1916.99307	-0.03589
1915.06450	-0.03587
1913.13594	-0.03585
1911.20737	-0.03584
1909.27881	-0.03571
1907.35024	-0.03554
1905.42168	-0.03547
1903.49312	-0.03537
1901.56455	-0.03519
1899.63599	-0.03509
1897.70742	-0.03507
1895.77886	-0.03497
1893.85029	-0.03477
1891.92173	-0.03444
1889.99316	-0.03412
1888.06460	-0.03402
1886.13604	-0.03402
1884.20747	-0.03398
1882.27891	-0.03391
1880.35034	-0.03372
1878.42178	-0.03355
1876.49321	-0.03359
1874.56465	-0.03372
1872.63608	-0.03371
1870.70752	-0.03348
1868.77896	-0.03318
1866.85039	-0.03311
1864.92183	-0.03318
1862.99326	-0.03310
1861.06470	-0.03287
1859.13613	-0.03266
1857.20757	-0.03247
1855.27900	-0.03226
1853.35044	-0.03212
1851.42187	-0.03201
1849.49331	-0.03187
1847.56475	-0.03174
1845.63618	-0.03159
1843.70762	-0.03145
1841.77905	-0.03144
1839.85049	-0.03149
1837.92192	-0.03142
1835.99336	-0.03114
1834.06479	-0.03083
1832.13623	-0.03075
1830.20767	-0.03077
1828.27910	-0.03059
1826.35054	-0.03031
1824.42197	-0.03011
1822.49341	-0.03013
1820.56484	-0.03035
1818.63628	-0.03061
1816.70771	-0.03069
1814.77915	-0.03050
1812.85059	-0.03014
1810.92202	-0.02981
1808.99346	-0.02959
1807.06489	-0.02938
1805.13633	-0.02907
1803.20776	-0.02862
1801.27920	-0.02823
1799.35063	-0.02803
1797.42207	-0.02782
1795.49351	-0.02747
1793.56494	-0.02699
1791.63638	-0.02650
1789.70781	-0.02608
1787.77925	-0.02556
1785.85068	-0.02492
1783.92212	-0.02438
1781.99355	-0.02389
1780.06499	-0.02336
1778.13643	-0.02287
1776.20786	-0.02245
1774.27930	-0.02209
1772.35073	-0.02174
1770.42217	-0.02128
1768.49360	-0.02084
1766.56504	-0.02060
1764.63647	-0.02045
1762.70791	-0.02010
1760.77935	-0.01964
1758.85078	-0.01932
1756.92222	-0.01909
1754.99365	-0.01889
1753.06509	-0.01859
1751.13652	-0.01820
1749.20796	-0.01807
1747.27939	-0.01804
1745.35083	-0.01776
1743.42227	-0.01747
1741.49370	-0.01739
1739.56514	-0.01729
1737.63657	-0.01698
1735.70801	-0.01654
1733.77944	-0.01610
1731.85088	-0.01588
1729.92231	-0.01580
1727.99375	-0.01571
1726.06519	-0.01554
1724.13662	-0.01529
1722.20806	-0.01500
1720.27949	-0.01465
1718.35093	-0.01418
1716.42236	-0.01379
1714.49380	-0.01369
1712.56523	-0.01365
1710.63667	-0.01351
1708.70811	-0.01337
1706.77954	-0.01326
1704.85098	-0.01311
1702.92241	-0.01297
1700.99385	-0.01303
1699.06528	-0.01339
1697.13672	-0.01378
1695.20815	-0.01409
1693.27959	-0.01431
1691.35103	-0.01435
1689.42246	-0.01430
1687.49390	-0.01430
1685.56533	-0.01435
1683.63677	-0.01444
1681.70820	-0.01463
1679.77964	-0.01480
1677.85107	-0.01485
1675.92251	-0.01480
1673.99395	-0.01476
1672.06538	-0.01483
1670.13682	-0.01489
1668.20825	-0.01487
1666.27969	-0.01485
1664.35112	-0.01483
1662.42256	-0.01471
1660.49399	-0.01450
1658.56543	-0.01437
1656.63687	-0.01432
1654.70830	-0.01428
1652.77974	-0.01420
1650.85117	-0.01408
1648.92261	-0.01390
1646.99404	-0.01374
1645.06548	-0.01367
1643.13691	-0.01351
1641.20835	-0.01329
1639.27979	-0.01320
1637.35122	-0.01321
1635.42266	-0.01313
1633.49409	-0.01302
1631.56553	-0.01298
1629.63696	-0.01294
1627.70840	-0.01286
1625.77983	-0.01275
1623.85127	-0.01265
1621.92271	-0.01252
1619.99414	-0.01240
1618.06558	-0.01229
1616.13701	-0.01214
1614.20845	-0.01196
1612.27988	-0.01186
1610.35132	-0.01179
1608.42275	-0.01167
1606.49419	-0.01154
1604.56562	-0.01144
1602.63706	-0.01136
1600.70850	-0.01127
1598.77993	-0.01116
1596.85137	-0.01105
1594.92280	-0.01096
1592.99424	-0.01084
1591.06567	-0.01069
1589.13711	-0.01055
1587.20854	-0.01047
1585.27998	-0.01040
1583.35142	-0.01028
1581.42285	-0.01016
1579.49429	-0.01016
1577.56572	-0.01025
1575.63716	-0.01023
1573.70859	-0.01012
1571.78003	-0.01010
1569.85146	-0.01005
1567.92290	-0.00985
1565.99434	-0.00969
1564.06577	-0.00967
1562.13721	-0.00972
1560.20864	-0.00967
1558.28008	-0.00941
1556.35151	-0.00918
1554.42295	-0.00907
1552.49438	-0.00899
1550.56582	-0.00892
1548.63726	-0.00890
1546.70869	-0.00888
1544.78013	-0.00879
1542.85156	-0.00885
1540.92300	-0.00899
1538.99443	-0.00879
1537.06587	-0.00854
1535.13730	-0.00835
1533.20874	-0.00814
1531.28018	-0.00804
1529.35161	-0.00801
1527.42305	-0.00787
1525.49448	-0.00766
1523.56592	-0.00748
1521.63735	-0.00726
1519.70879	-0.00710
1517.78022	-0.00699
1515.85166	-0.00689
1513.92310	-0.00683
1511.99453	-0.00671
1510.06597	-0.00647
1508.13740	-0.00626
1506.20884	-0.00638
1504.28027	-0.00663
1502.35171	-0.00670
1500.42314	-0.00657
1498.49458	-0.00619
1496.56602	-0.00573
1494.63745	-0.00543
1492.70889	-0.00508
1490.78032	-0.00439
1488.85176	-0.00359
1486.92319	-0.00308
1484.99463	-0.00257
1483.06606	-0.00173
1481.13750	-0.00055
1479.20894	0.00091
1477.28037	0.00281
1475.35181	0.00529
1473.42324	0.00858
1471.49468	0.01256
1469.56611	0.01616
1467.63755	0.01953
1465.70898	0.02345
1463.78042	0.02733
1461.85186	0.02986
1459.92329	0.03152
1457.99473	0.03335
1456.06616	0.03486
1454.13760	0.03508
1452.20903	0.03472
1450.28047	0.03393
1448.35190	0.03217
1446.42334	0.02920
1444.49478	0.02581
1442.56621	0.02283
1440.63765	0.02078
1438.70908	0.01975
1436.78052	0.01928
1434.85195	0.01816
1432.92339	0.01595
1430.99482	0.01324
1429.06626	0.01083
1427.13770	0.00918
1425.20913	0.00809
1423.28057	0.00729
1421.35200	0.00681
1419.42344	0.00653
1417.49487	0.00599
1415.56631	0.00514
1413.63774	0.00438
1411.70918	0.00385
1409.78062	0.00346
1407.85205	0.00321
1405.92349	0.00310
1403.99492	0.00306
1402.06636	0.00307
1400.13779	0.00332
1398.20923	0.00372
1396.28066	0.00390
1394.35210	0.00401
1392.42354	0.00469
1390.49497	0.00619
1388.56641	0.00858
1386.63784	0.01198
1384.70928	0.01635
1382.78071	0.02203
1380.85215	0.02948
1378.92358	0.03794
1376.99502	0.04463
1375.06646	0.04604
1373.13789	0.04146
1371.20933	0.03440
1369.28076	0.02789
1367.35220	0.02316
1365.42363	0.02070
1363.49507	0.01995
1361.56650	0.01991
1359.63794	0.01960
1357.70937	0.01850
1355.78081	0.01665
1353.85225	0.01449
1351.92368	0.01254
1349.99512	0.01100
1348.06655	0.00987
1346.13799	0.00908
1344.20942	0.00853
1342.28086	0.00820
1340.35229	0.00808
1338.42373	0.00796
1336.49517	0.00776
1334.56660	0.00759
1332.63804	0.00753
1330.70947	0.00756
1328.78091	0.00757
1326.85234	0.00739
1324.92378	0.00705
1322.99521	0.00672
1321.06665	0.00650
1319.13809	0.00644
1317.20952	0.00643
1315.28096	0.00636
1313.35239	0.00631
1311.42383	0.00639
1309.49526	0.00668
1307.56670	0.00722
1305.63813	0.00778
1303.70957	0.00797
1301.78101	0.00780
1299.85244	0.00759
1297.92388	0.00749
1295.99531	0.00738
1294.06675	0.00714
1292.13818	0.00683
1290.20962	0.00657
1288.28105	0.00637
1286.35249	0.00615
1284.42393	0.00586
1282.49536	0.00565
1280.56680	0.00562
1278.63823	0.00563
1276.70967	0.00560
1274.78110	0.00557
1272.85254	0.00557
1270.92397	0.00565
1268.99541	0.00581
1267.06685	0.00596
1265.13828	0.00605
1263.20972	0.00619
1261.28115	0.00650
1259.35259	0.00699
1257.42402	0.00746
1255.49546	0.00761
1253.56689	0.00730
1251.63833	0.00681
1249.70977	0.00654
1247.78120	0.00656
1245.85264	0.00660
1243.92407	0.00652
1241.99551	0.00646
1240.06694	0.00658
1238.13838	0.00673
1236.20981	0.00678
1234.28125	0.00678
1232.35269	0.00678
1230.42412	0.00682
1228.49556	0.00693
1226.56699	0.00712
1224.63843	0.00736
1222.70986	0.00761
1220.78130	0.00788
1218.85273	0.00812
1216.92417	0.00822
1214.99561	0.00817
1213.06704	0.00803
1211.13848	0.00789
1209.20991	0.00780
1207.28135	0.00777
1205.35278	0.00776
1203.42422	0.00774
1201.49565	0.00767
1199.56709	0.00756
1197.63853	0.00747
1195.70996	0.00744
1193.78140	0.00747
1191.85283	0.00755
1189.92427	0.00772
1187.99570	0.00789
1186.06714	0.00805
1184.13857	0.00831
1182.21001	0.00872
1180.28145	0.00925
1178.35288	0.00991
1176.42432	0.01073
1174.49575	0.01190
1172.56719	0.01340
1170.63862	0.01493
1168.71006	0.01604
1166.78149	0.01639
1164.85293	0.01600
1162.92437	0.01522
1160.99580	0.01450
1159.06724	0.01405
1157.13867	0.01378
1155.21011	0.01349
1153.28154	0.01313
1151.35298	0.01258
1149.42441	0.01185
1147.49585	0.01110
1145.56729	0.01038
1143.63872	0.00969
1141.71016	0.00907
1139.78159	0.00858
1137.85303	0.00814
1135.92446	0.00776
1133.99590	0.00751
1132.06733	0.00734
1130.13877	0.00723
1128.21021	0.00714
1126.28164	0.00696
1124.35308	0.00664
1122.42451	0.00632
1120.49595	0.00619
1118.56738	0.00619
1116.63882	0.00621
1114.71025	0.00618
1112.78169	0.00615
1110.85312	0.00620
1108.92456	0.00633
1106.99600	0.00649
1105.06743	0.00668
1103.13887	0.00676
1101.21030	0.00654
1099.28174	0.00618
1097.35317	0.00594
1095.42461	0.00578
1093.49604	0.00554
1091.56748	0.00521
1089.63892	0.00484
1087.71035	0.00438
1085.78179	0.00381
1083.85322	0.00321
1081.92466	0.00263
1079.99609	0.00213
1078.06753	0.00176
1076.13896	0.00147
1074.21040	0.00124
1072.28184	0.00114
1070.35327	0.00107
1068.42471	0.00077
1066.49614	0.00047
1064.56758	0.00073
1062.63901	0.00129
1060.71045	0.00149
1058.78188	0.00137
1056.85332	0.00140
1054.92476	0.00167
1052.99619	0.00196
1051.06763	0.00223
1049.13906	0.00252
1047.21050	0.00283
1045.28193	0.00310
1043.35337	0.00324
1041.42480	0.00329
1039.49624	0.00333
1037.56768	0.00351
1035.63911	0.00394
1033.71055	0.00444
1031.78198	0.00462
1029.85342	0.00428
1027.92485	0.00390
1025.99629	0.00400
1024.06772	0.00437
1022.13916	0.00463
1020.21060	0.00473
1018.28203	0.00477
1016.35347	0.00483
1014.42490	0.00497
1012.49634	0.00522
1010.56777	0.00566
1008.63921	0.00639
1006.71064	0.00759
1004.78208	0.00932
1002.85352	0.01160
1000.92495	0.01420
998.99639	0.01622
997.06782	0.01648
995.13926	0.01495
993.21069	0.01284
991.28213	0.01122
989.35356	0.01039
987.42500	0.01022
985.49644	0.01055
983.56787	0.01132
981.63931	0.01257
979.71074	0.01432
977.78218	0.01643
975.85361	0.01855
973.92505	0.01989
971.99648	0.01949
970.06792	0.01746
968.13936	0.01499
966.21079	0.01299
964.28223	0.01162
962.35366	0.01071
960.42510	0.01006
958.49653	0.00949
956.56797	0.00899
954.63940	0.00867
952.71084	0.00854
950.78228	0.00846
948.85371	0.00830
946.92515	0.00815
944.99658	0.00813
943.06802	0.00817
941.13945	0.00806
939.21089	0.00763
937.28232	0.00697
935.35376	0.00629
933.42520	0.00567
931.49663	0.00515
929.56807	0.00476
927.63950	0.00440
925.71094	0.00401
923.78237	0.00359
921.85381	0.00309
919.92524	0.00253
917.99668	0.00196
916.06812	0.00146
914.13955	0.00100
912.21099	0.00054
910.28242	0.00007
908.35386	-0.00037
906.42529	-0.00066
904.49673	-0.00058
902.56816	-0.00029
900.63960	-0.00027
898.71104	-0.00105
896.78247	-0.00276
894.85391	-0.00492
892.92534	-0.00666
890.99678	-0.00744
889.06821	-0.00748
887.13965	-0.00735
885.21108	-0.00715
883.28252	-0.00665
881.35396	-0.00601
879.42539	-0.00544
877.49683	-0.00493
875.56826	-0.00453
873.63970	-0.00423
871.71113	-0.00390
869.78257	-0.00367
867.85400	-0.00363
865.92544	-0.00366
863.99687	-0.00361
862.06831	-0.00351
860.13975	-0.00340
858.21118	-0.00321
856.28262	-0.00298
854.35405	-0.00278
852.42549	-0.00245
850.49692	-0.00174
848.56836	-0.00056
846.63979	0.00132
844.71123	0.00399
842.78267	0.00632
840.85410	0.00617
838.92554	0.00322
836.99697	-0.00035
835.06841	-0.00289
833.13984	-0.00458
831.21128	-0.00581
829.28271	-0.00668
827.35415	-0.00734
825.42559	-0.00800
823.49702	-0.00863
821.56846	-0.00910
819.63989	-0.00939
817.71133	-0.00967
815.78276	-0.01011
813.85420	-0.01065
811.92563	-0.01131
809.99707	-0.01238
808.06851	-0.01410
806.13994	-0.01627
804.21138	-0.01848
802.28281	-0.02049
800.35425	-0.02222
798.42568	-0.02371
796.49712	-0.02513
794.56855	-0.02645
792.63999	-0.02766
790.71143	-0.02896
788.78286	-0.03038
786.85430	-0.03187
784.92573	-0.03348
782.99717	-0.03511
781.06860	-0.03673
779.14004	-0.03843
777.21147	-0.04020
775.28291	-0.04218
773.35435	-0.04462
771.42578	-0.04741
769.49722	-0.05016
767.56865	-0.05252
765.64009	-0.05442
763.71152	-0.05598
761.78296	-0.05733
759.85439	-0.05819
757.92583	-0.05832
755.99727	-0.05809
754.06870	-0.05810
752.14014	-0.05864
750.21157	-0.05965
748.28301	-0.06072
746.35444	-0.06162
744.42588	-0.06249
742.49731	-0.06326
740.56875	-0.06364
738.64019	-0.06381
736.71162	-0.06416
734.78306	-0.06461
732.85449	-0.06477
730.92593	-0.06447
728.99736	-0.06400
727.06880	-0.06384
725.14023	-0.06418
723.21167	-0.06529
721.28311	-0.06565
719.35454	-0.06570
717.42598	-0.06563
715.49741	-0.06531
713.56885	-0.06477
711.64028	-0.06388
709.71172	-0.06302
707.78315	-0.06240
705.85459	-0.06164
703.92603	-0.06079
701.99746	-0.06017
700.06890	-0.05962
698.14033	-0.05891
696.21177	-0.05815
694.28320	-0.05753
692.35464	-0.05696
690.42607	-0.05601
688.49751	-0.05444
686.56895	-0.05292
684.64038	-0.05197
682.71182	-0.05140
680.78325	-0.05053
678.85469	-0.04902
676.92612	-0.04755
674.99756	-0.04680
673.06899	-0.04594
671.14043	-0.04195
669.21187	-0.03566
667.28330	-0.03707
665.35474	-0.03925
663.42617	-0.04137
661.49761	-0.04146
659.56904	-0.04028
657.64048	-0.03897
655.71191	-0.03847
653.78335	-0.03886
651.85479	-0.03921
649.92622	-0.03958
647.99766	-0.04105
646.06909	-0.04381
644.14053	-0.04753
642.21196	-0.05292
640.28340	-0.06157
638.35483	-0.07611
636.42627	-0.09944
634.49771	-0.13093
632.56914	-0.16044
630.64058	-0.17035
628.71201	-0.15052
626.78345	-0.11559
624.85488	-0.08505
622.92632	-0.06508
620.99775	-0.05310
619.06919	-0.04538
617.14062	-0.04030
615.21206	-0.03722
613.28350	-0.03509
611.35493	-0.03335
609.42637	-0.03268
607.49780	-0.03289
605.56924	-0.03300
603.64067	-0.03335
601.71211	-0.03450
599.78354	-0.03650
