3997.91411	0.00976
3995.98555	0.00987
3994.05698	0.00976
3992.12842	0.00965
3990.19985	0.00973
3988.27129	0.00979
3986.34272	0.00975
3984.41416	0.00973
3982.48560	0.00976
3980.55703	0.00979
3978.62847	0.00981
3976.69990	0.00980
3974.77134	0.00979
3972.84277	0.00980
3970.91421	0.00977
3968.98564	0.00968
3967.05708	0.00965
3965.12852	0.00976
3963.19995	0.00987
3961.27139	0.00972
3959.34282	0.00946
3957.41426	0.00936
3955.48569	0.00932
3953.55713	0.00931
3951.62856	0.00945
3949.70000	0.00975
3947.77144	0.00987
3945.84287	0.00983
3943.91431	0.00998
3941.98574	0.00998
3940.05718	0.00971
3938.12861	0.00953
3936.20005	0.00955
3934.27148	0.00993
3932.34292	0.01029
3930.41436	0.01003
3928.48579	0.00953
3926.55723	0.00954
3924.62866	0.00979
3922.70010	0.00982
3920.77153	0.00992
3918.84297	0.01017
3916.91440	0.01014
3914.98584	0.00974
3913.05728	0.00949
3911.12871	0.00941
3909.20015	0.00926
3907.27158	0.00942
3905.34302	0.01003
3903.41445	0.01043
3901.48589	0.01046
3899.55732	0.01034
3897.62876	0.00980
3895.70020	0.00929
3893.77163	0.00949
3891.84307	0.00982
3889.91450	0.00942
3887.98594	0.00936
3886.05737	0.00996
3884.12881	0.00989
3882.20024	0.00989
3880.27168	0.01012
3878.34312	0.00958
3876.41455	0.00928
3874.48599	0.00950
3872.55742	0.00973
3870.62886	0.01016
3868.70029	0.00990
3866.77173	0.00965
3864.84316	0.01027
3862.91460	0.01052
3860.98604	0.01001
3859.05747	0.00921
3857.12891	0.00898
3855.20034	0.01003
3853.27178	0.01077
3851.34321	0.00977
3849.41465	0.00898
3847.48608	0.00914
3845.55752	0.00957
3843.62896	0.00971
3841.70039	0.00965
3839.77183	0.01001
3837.84326	0.01025
3835.91470	0.00978
3833.98613	0.00955
3832.05757	0.00976
3830.12900	0.00973
3828.20044	0.00967
3826.27187	0.00946
3824.34331	0.00925
3822.41475	0.00983
3820.48618	0.00986
3818.55762	0.00936
3816.62905	0.00979
3814.70049	0.00980
3812.77192	0.00920
3810.84336	0.00916
3808.91479	0.00969
3806.98623	0.00983
3805.05767	0.00911
3803.12910	0.00928
3801.20054	0.00976
3799.27197	0.00932
3797.34341	0.00937
3795.41484	0.00957
3793.48628	0.00940
3791.55771	0.00943
3789.62915	0.00952
3787.70059	0.00949
3785.77202	0.00943
3783.84346	0.00927
3781.91489	0.00932
3779.98633	0.00964
3778.05776	0.00953
3776.12920	0.00916
3774.20063	0.00906
3772.27207	0.00934
3770.34351	0.00976
3768.41494	0.00982
3766.48638	0.00983
3764.55781	0.00969
3762.62925	0.00945
3760.70068	0.00968
3758.77212	0.00976
3756.84355	0.00925
3754.91499	0.00899
3752.98643	0.00958
3751.05786	0.00997
3749.12930	0.00919
3747.20073	0.00906
3745.27217	0.01065
3743.34360	0.01077
3741.41504	0.00940
3739.48647	0.00914
3737.55791	0.00996
3735.62935	0.01066
3733.70078	0.01067
3731.77222	0.01037
3729.84365	0.01007
3727.91509	0.01041
3725.98652	0.01089
3724.05796	0.01089
3722.12939	0.01059
3720.20083	0.01016
3718.27227	0.00970
3716.34370	0.00926
3714.41514	0.00928
3712.48657	0.00978
3710.55801	0.00997
3708.62944	0.00968
3706.70088	0.00944
3704.77231	0.00955
3702.84375	0.00995
3700.91519	0.01015
3698.98662	0.01006
3697.05806	0.00997
3695.12949	0.00968
3693.20093	0.00934
3691.27236	0.00948
3689.34380	0.00978
3687.41523	0.00949
3685.48667	0.00895
3683.55811	0.00893
3681.62954	0.00897
3679.70098	0.00884
3677.77241	0.00923
3675.84385	0.00970
3673.91528	0.00880
3671.98672	0.00857
3670.05815	0.00947
3668.12959	0.00925
3666.20103	0.00867
3664.27246	0.00872
3662.34390	0.00880
3660.41533	0.00870
3658.48677	0.00897
3656.55820	0.00926
3654.62964	0.00868
3652.70107	0.00855
3650.77251	0.00979
3648.84395	0.01062
3646.91538	0.01010
3644.98682	0.00948
3643.05825	0.00967
3641.12969	0.01004
3639.20112	0.01009
3637.27256	0.01009
3635.34399	0.01022
3633.41543	0.01018
3631.48687	0.01050
3629.55830	0.01149
3627.62974	0.01144
3625.70117	0.01058
3623.77261	0.01032
3621.84404	0.01061
3619.91548	0.01099
3617.98691	0.01094
3616.05835	0.01082
3614.12979	0.01113
3612.20122	0.01137
3610.27266	0.01152
3608.34409	0.01172
3606.41553	0.01152
3604.48696	0.01127
3602.55840	0.01139
3600.62983	0.01158
3598.70127	0.01167
3596.77271	0.01188
3594.84414	0.01202
3592.91558	0.01159
3590.98701	0.01126
3589.05845	0.01179
3587.12988	0.01235
3585.20132	0.01207
3583.27275	0.01168
3581.34419	0.01163
3579.41562	0.01167
3577.48706	0.01168
3575.55850	0.01172
3573.62993	0.01179
3571.70137	0.01203
3569.77280	0.01281
3567.84424	0.01370
3565.91567	0.01356
3563.98711	0.01278
3562.05854	0.01250
3560.12998	0.01257
3558.20142	0.01244
3556.27285	0.01232
3554.34429	0.01260
3552.41572	0.01297
3550.48716	0.01307
3548.55859	0.01334
3546.63003	0.01384
3544.70146	0.01396
3542.77290	0.01366
3540.84434	0.01337
3538.91577	0.01339
3536.98721	0.01365
3535.05864	0.01382
3533.13008	0.01382
3531.20151	0.01383
3529.27295	0.01387
3527.34438	0.01399
3525.41582	0.01421
3523.48726	0.01438
3521.55869	0.01435
3519.63013	0.01435
3517.70156	0.01443
3515.77300	0.01445
3513.84443	0.01462
3511.91587	0.01506
3509.98730	0.01534
3508.05874	0.01514
3506.13018	0.01496
3504.20161	0.01519
3502.27305	0.01538
3500.34448	0.01529
3498.41592	0.01521
3496.48735	0.01523
3494.55879	0.01527
3492.63022	0.01545
3490.70166	0.01580
3488.77310	0.01602
3486.84453	0.01590
3484.91597	0.01568
3482.98740	0.01560
3481.05884	0.01553
3479.13027	0.01558
3477.20171	0.01583
3475.27314	0.01603
3473.34458	0.01601
3471.41602	0.01592
3469.48745	0.01601
3467.55889	0.01635
3465.63032	0.01662
3463.70176	0.01665
3461.77319	0.01655
3459.84463	0.01644
3457.91606	0.01649
3455.98750	0.01673
3454.05894	0.01699
3452.13037	0.01706
3450.20181	0.01695
3448.27324	0.01683
3446.34468	0.01674
3444.41611	0.01684
3442.48755	0.01708
3440.55898	0.01706
3438.63042	0.01691
3436.70186	0.01692
3434.77329	0.01702
3432.84473	0.01702
3430.91616	0.01694
3428.98760	0.01698
3427.05903	0.01712
3425.13047	0.01721
3423.20190	0.01739
3421.27334	0.01763
3419.34478	0.01760
3417.41621	0.01743
3415.48765	0.01746
3413.55908	0.01747
3411.63052	0.01729
3409.70195	0.01705
3407.77339	0.01685
3405.84482	0.01664
3403.91626	0.01655
3401.98770	0.01659
3400.05913	0.01672
3398.13057	0.01691
3396.20200	0.01669
3394.27344	0.01635
3392.34487	0.01615
3390.41631	0.01611
3388.48774	0.01624
3386.55918	0.01653
3384.63062	0.01684
3382.70205	0.01706
3380.77349	0.01716
3378.84492	0.01706
3376.91636	0.01674
3374.98779	0.01646
3373.05923	0.01646
3371.13066	0.01662
3369.20210	0.01682
3367.27354	0.01708
3365.34497	0.01727
3363.41641	0.01728
3361.48784	0.01727
3359.55928	0.01736
3357.63071	0.01746
3355.70215	0.01745
3353.77358	0.01730
3351.84502	0.01711
3349.91646	0.01712
3347.98789	0.01731
3346.05933	0.01741
3344.13076	0.01739
3342.20220	0.01741
3340.27363	0.01742
3338.34507	0.01742
3336.41650	0.01753
3334.48794	0.01759
3332.55937	0.01750
3330.63081	0.01742
3328.70225	0.01738
3326.77368	0.01731
3324.84512	0.01723
3322.91655	0.01717
3320.98799	0.01718
3319.05942	0.01731
3317.13086	0.01741
3315.20229	0.01738
3313.27373	0.01728
3311.34517	0.01714
3309.41660	0.01687
3307.48804	0.01665
3305.55947	0.01668
3303.63091	0.01686
3301.70234	0.01690
3299.77378	0.01683
3297.84521	0.01689
3295.91665	0.01705
3293.98809	0.01711
3292.05952	0.01702
3290.13096	0.01694
3288.20239	0.01694
3286.27383	0.01696
3284.34526	0.01697
3282.41670	0.01704
3280.48813	0.01705
3278.55957	0.01695
3276.63101	0.01687
3274.70244	0.01687
3272.77388	0.01682
3270.84531	0.01672
3268.91675	0.01669
3266.98818	0.01662
3265.05962	0.01643
3263.13105	0.01630
3261.20249	0.01631
3259.27393	0.01633
3257.34536	0.01627
3255.41680	0.01620
3253.48823	0.01615
3251.55967	0.01608
3249.63110	0.01601
3247.70254	0.01599
3245.77397	0.01598
3243.84541	0.01585
3241.91685	0.01580
3239.98828	0.01600
3238.05972	0.01614
3236.13115	0.01593
3234.20259	0.01562
3232.27402	0.01548
3230.34546	0.01546
3228.41689	0.01550
3226.48833	0.01566
3224.55977	0.01580
3222.63120	0.01579
3220.70264	0.01578
3218.77407	0.01583
3216.84551	0.01579
3214.91694	0.01571
3212.98838	0.01562
3211.05981	0.01553
3209.13125	0.01553
3207.20269	0.01560
3205.27412	0.01555
3203.34556	0.01536
3201.41699	0.01528
3199.48843	0.01529
3197.55986	0.01519
3195.63130	0.01498
3193.70273	0.01483
3191.77417	0.01478
3189.84561	0.01477
3187.91704	0.01477
3185.98848	0.01474
3184.05991	0.01461
3182.13135	0.01447
3180.20278	0.01452
3178.27422	0.01473
3176.34565	0.01483
3174.41709	0.01476
3172.48853	0.01464
3170.55996	0.01449
3168.63140	0.01428
3166.70283	0.01414
3164.77427	0.01407
3162.84570	0.01395
3160.91714	0.01380
3158.98857	0.01380
3157.06001	0.01389
3155.13145	0.01389
3153.20288	0.01377
3151.27432	0.01371
3149.34575	0.01372
3147.41719	0.01368
3145.48862	0.01362
3143.56006	0.01359
3141.63149	0.01352
3139.70293	0.01339
3137.77437	0.01334
3135.84580	0.01328
3133.91724	0.01323
3131.98867	0.01324
3130.06011	0.01321
3128.13154	0.01311
3126.20298	0.01296
3124.27441	0.01280
3122.34585	0.01264
3120.41729	0.01240
3118.48872	0.01218
3116.56016	0.01215
3114.63159	0.01222
3112.70303	0.01219
3110.77446	0.01208
3108.84590	0.01205
3106.91733	0.01203
3104.98877	0.01189
3103.06021	0.01166
3101.13164	0.01149
3099.20308	0.01147
3097.27451	0.01162
3095.34595	0.01173
3093.41738	0.01165
3091.48882	0.01146
3089.56025	0.01128
3087.63169	0.01120
3085.70312	0.01114
3083.77456	0.01103
3081.84600	0.01098
3079.91743	0.01094
3077.98887	0.01079
3076.06030	0.01064
3074.13174	0.01059
3072.20317	0.01052
3070.27461	0.01037
3068.34604	0.01028
3066.41748	0.01029
3064.48892	0.01023
3062.56035	0.01003
3060.63179	0.00983
3058.70322	0.00977
3056.77466	0.00976
3054.84609	0.00975
3052.91753	0.00980
3050.98896	0.00982
3049.06040	0.00971
3047.13184	0.00953
3045.20327	0.00931
3043.27471	0.00908
3041.34614	0.00897
3039.41758	0.00900
3037.48901	0.00896
3035.56045	0.00878
3033.63188	0.00869
3031.70332	0.00879
3029.77476	0.00888
3027.84619	0.00885
3025.91763	0.00883
3023.98906	0.00884
3022.06050	0.00885
3020.13193	0.00890
3018.20337	0.00904
3016.27480	0.00927
3014.34624	0.00948
3012.41768	0.00961
3010.48911	0.00977
3008.56055	0.01007
3006.63198	0.01058
3004.70342	0.01121
3002.77485	0.01193
3000.84629	0.01280
2998.91772	0.01376
2996.98916	0.01479
2995.06060	0.01602
2993.13203	0.01749
2991.20347	0.01922
2989.27490	0.02145
2987.34634	0.02427
2985.41777	0.02762
2983.48921	0.03168
2981.56064	0.03678
2979.63208	0.04308
2977.70352	0.05067
2975.77495	0.05987
2973.84639	0.07103
2971.91782	0.08425
2969.98926	0.09937
2968.06069	0.11616
2966.13213	0.13440
2964.20356	0.15296
2962.27500	0.16914
2960.34644	0.18097
2958.41787	0.18989
2956.48931	0.19960
2954.56074	0.21206
2952.63218	0.22450
2950.70361	0.23074
2948.77505	0.22605
2946.84648	0.21039
2944.91792	0.18789
2942.98936	0.16478
2941.06079	0.14686
2939.13223	0.13718
2937.20366	0.13596
2935.27510	0.14204
2933.34653	0.15409
2931.41797	0.17099
2929.48940	0.19101
2927.56084	0.21184
2925.63228	0.23177
2923.70371	0.25055
2921.77515	0.26845
2919.84658	0.28429
2917.91802	0.29444
2915.98945	0.29526
2914.06089	0.28706
2912.13232	0.27429
2910.20376	0.26146
2908.27520	0.24990
2906.34663	0.23879
2904.41807	0.22711
2902.48950	0.21451
2900.56094	0.20160
2898.63237	0.18928
2896.70381	0.17814
2894.77524	0.16869
2892.84668	0.16143
2890.91812	0.15644
2888.98955	0.15350
2887.06099	0.15231
2885.13242	0.15267
2883.20386	0.15451
2881.27529	0.15763
2879.34673	0.16106
2877.41816	0.16331
2875.48960	0.16395
2873.56104	0.16426
2871.63247	0.16586
2869.70391	0.16881
2867.77534	0.17067
2865.84678	0.16723
2863.91821	0.15576
2861.98965	0.13836
2860.06108	0.12048
2858.13252	0.10634
2856.20396	0.09715
2854.27539	0.09240
2852.34683	0.09138
2850.41826	0.09396
2848.48970	0.10056
2846.56113	0.11128
2844.63257	0.12520
2842.70400	0.14049
2840.77544	0.15436
2838.84687	0.16289
2836.91831	0.16248
2834.98975	0.15236
2833.06118	0.13580
2831.13262	0.11801
2829.20405	0.10269
2827.27549	0.09098
2825.34692	0.08243
2823.41836	0.07615
2821.48979	0.07142
2819.56123	0.06776
2817.63267	0.06476
2815.70410	0.06218
2813.77554	0.05995
2811.84697	0.05800
2809.91841	0.05624
2807.98984	0.05460
2806.06128	0.05288
2804.13271	0.05103
2802.20415	0.04927
2800.27559	0.04779
2798.34702	0.04658
2796.41846	0.04558
2794.48989	0.04464
2792.56133	0.04357
2790.63276	0.04242
2788.70420	0.04130
2786.77563	0.04028
2784.84707	0.03933
2782.91851	0.03844
2780.98994	0.03765
2779.06138	0.03696
2777.13281	0.03632
2775.20425	0.03570
2773.27568	0.03517
2771.34712	0.03476
2769.41855	0.03438
2767.48999	0.03405
2765.56143	0.03378
2763.63286	0.03353
2761.70430	0.03323
2759.77573	0.03285
2757.84717	0.03247
2755.91860	0.03213
2753.99004	0.03186
2752.06147	0.03167
2750.13291	0.03153
2748.20435	0.03142
2746.27578	0.03138
2744.34722	0.03141
2742.41865	0.03139
2740.49009	0.03142
2738.56152	0.03163
2736.63296	0.03194
2734.70439	0.03228
2732.77583	0.03264
2730.84727	0.03299
2728.91870	0.03335
2726.99014	0.03381
2725.06157	0.03433
2723.13301	0.03466
2721.20444	0.03462
2719.27588	0.03416
2717.34731	0.03339
2715.41875	0.03257
2713.49019	0.03188
2711.56162	0.03126
2709.63306	0.03065
2707.70449	0.03013
2705.77593	0.02977
2703.84736	0.02943
2701.91880	0.02906
2699.99023	0.02875
2698.06167	0.02852
2696.13311	0.02833
2694.20454	0.02819
2692.27598	0.02812
2690.34741	0.02806
2688.41885	0.02799
2686.49028	0.02789
2684.56172	0.02781
2682.63315	0.02780
2680.70459	0.02777
2678.77603	0.02770
2676.84746	0.02763
2674.91890	0.02753
2672.99033	0.02740
2671.06177	0.02730
2669.13320	0.02730
2667.20464	0.02735
2665.27607	0.02739
2663.34751	0.02747
2661.41895	0.02765
2659.49038	0.02777
2657.56182	0.02772
2655.63325	0.02759
2653.70469	0.02745
2651.77612	0.02726
2649.84756	0.02702
2647.91899	0.02682
2645.99043	0.02664
2644.06187	0.02647
2642.13330	0.02627
2640.20474	0.02607
2638.27617	0.02585
2636.34761	0.02560
2634.41904	0.02539
2632.49048	0.02525
2630.56191	0.02514
2628.63335	0.02511
2626.70479	0.02514
2624.77622	0.02514
2622.84766	0.02507
2620.91909	0.02499
2618.99053	0.02495
2617.06196	0.02495
2615.13340	0.02498
2613.20483	0.02498
2611.27627	0.02479
2609.34771	0.02441
2607.41914	0.02405
2605.49058	0.02379
2603.56201	0.02355
2601.63345	0.02332
2599.70488	0.02318
2597.77632	0.02308
2595.84775	0.02301
2593.91919	0.02304
2591.99062	0.02311
2590.06206	0.02315
2588.13350	0.02326
2586.20493	0.02353
2584.27637	0.02381
2582.34780	0.02393
2580.41924	0.02378
2578.49067	0.02344
2576.56211	0.02313
2574.63354	0.02295
2572.70498	0.02272
2570.77642	0.02242
2568.84785	0.02213
2566.91929	0.02187
2564.99072	0.02162
2563.06216	0.02136
2561.13359	0.02111
2559.20503	0.02092
2557.27646	0.02082
2555.34790	0.02074
2553.41934	0.02063
2551.49077	0.02051
2549.56221	0.02039
2547.63364	0.02024
2545.70508	0.02003
2543.77651	0.01980
2541.84795	0.01958
2539.91938	0.01944
2537.99082	0.01941
2536.06226	0.01940
2534.13369	0.01939
2532.20513	0.01942
2530.27656	0.01936
2528.34800	0.01913
2526.41943	0.01896
2524.49087	0.01890
2522.56230	0.01876
2520.63374	0.01853
2518.70518	0.01837
2516.77661	0.01830
2514.84805	0.01816
2512.91948	0.01801
2510.99092	0.01797
2509.06235	0.01799
2507.13379	0.01796
2505.20522	0.01784
2503.27666	0.01774
2501.34810	0.01776
2499.41953	0.01785
2497.49097	0.01792
2495.56240	0.01792
2493.63384	0.01783
2491.70527	0.01769
2489.77671	0.01759
2487.84814	0.01756
2485.91958	0.01752
2483.99102	0.01741
2482.06245	0.01729
2480.13389	0.01722
2478.20532	0.01723
2476.27676	0.01725
2474.34819	0.01720
2472.41963	0.01711
2470.49106	0.01698
2468.56250	0.01685
2466.63394	0.01681
2464.70537	0.01692
2462.77681	0.01706
2460.84824	0.01714
2458.91968	0.01716
2456.99111	0.01714
2455.06255	0.01712
2453.13398	0.01710
2451.20542	0.01708
2449.27686	0.01706
2447.34829	0.01703
2445.41973	0.01698
2443.49116	0.01701
2441.56260	0.01703
2439.63403	0.01691
2437.70547	0.01676
2435.77690	0.01678
2433.84834	0.01693
2431.91978	0.01702
2429.99121	0.01697
2428.06265	0.01688
2426.13408	0.01678
2424.20552	0.01668
2422.27695	0.01660
2420.34839	0.01654
2418.41982	0.01645
2416.49126	0.01634
2414.56270	0.01625
2412.63413	0.01626
2410.70557	0.01634
2408.77700	0.01628
2406.84844	0.01606
2404.91987	0.01595
2402.99131	0.01603
2401.06274	0.01607
2399.13418	0.01401
2397.20562	0.01363
2395.27705	0.01441
2393.34849	0.01538
2391.41992	0.01637
2389.49136	0.01739
2387.56279	0.01852
2385.63423	0.01972
2383.70566	0.02080
2381.77710	0.02153
2379.84854	0.02173
2377.91997	0.02116
2375.99141	0.02003
2374.06284	0.01883
2372.13428	0.01787
2370.20571	0.01722
2368.27715	0.01689
2366.34858	0.01699
2364.42002	0.01743
2362.49146	0.01783
2360.56289	0.01826
2358.63433	0.01880
2356.70576	0.01963
2354.77720	0.02133
2352.84863	0.02503
2350.92007	0.02919
2348.99150	0.03109
2347.06294	0.02782
2345.13437	0.02352
2343.20581	0.02149
2341.27725	0.02118
2339.34868	0.02142
2337.42012	0.02197
2335.49155	0.02236
2333.56299	0.02270
2331.63442	0.02356
2329.70586	0.02527
2327.77729	0.02796
2325.84873	0.02959
2323.92017	0.02877
2321.99160	0.02647
2320.06304	0.02447
2318.13447	0.02347
2316.20591	0.02304
2314.27734	0.02276
2312.34878	0.02263
2310.42021	0.02235
2308.49165	0.02194
2306.56309	0.02140
2304.63452	0.02104
2302.70596	0.02078
2300.77739	0.02053
2298.84883	0.02039
2296.92026	0.02029
2294.99170	0.02015
2293.06313	0.01999
2291.13457	0.01978
2289.20601	0.01944
2287.27744	0.01892
2285.34888	0.01811
2283.42031	0.01717
2281.49175	0.01642
2279.56318	0.01599
2277.63462	0.01578
2275.70605	0.01569
2273.77749	0.01577
2271.84893	0.01597
2269.92036	0.01613
2267.99180	0.01612
2266.06323	0.01604
2264.13467	0.01615
2262.20610	0.01649
2260.27754	0.01679
2258.34897	0.01678
2256.42041	0.01643
2254.49185	0.01624
2252.56328	0.01678
2250.63472	0.01732
2248.70615	0.01602
2246.77759	0.01576
2244.84902	0.01548
2242.92046	0.01530
2240.99189	0.01521
2239.06333	0.01520
2237.13477	0.01519
2235.20620	0.01515
2233.27764	0.01515
2231.34907	0.01519
2229.42051	0.01510
2227.49194	0.01484
2225.56338	0.01470
2223.63481	0.01481
2221.70625	0.01493
2219.77769	0.01496
2217.84912	0.01493
2215.92056	0.01483
2213.99199	0.01482
2212.06343	0.01489
2210.13486	0.01481
2208.20630	0.01455
2206.27773	0.01439
2204.34917	0.01457
2202.42061	0.01485
2200.49204	0.01489
2198.56348	0.01472
2196.63491	0.01472
2194.70635	0.01496
2192.77778	0.01520
2190.84922	0.01543
2188.92065	0.01564
2186.99209	0.01560
2185.06353	0.01519
2183.13496	0.01454
2181.20640	0.01422
2179.27783	0.01443
2177.34927	0.01435
2175.42070	0.01384
2173.49214	0.01401
2171.56357	0.01499
2169.63501	0.01588
2167.70645	0.01631
2165.77788	0.01663
2163.84932	0.01695
2161.92075	0.01598
2159.99219	0.01182
2158.06362	0.00697
2156.13506	0.00590
2154.20649	0.00749
2152.27793	0.00878
2150.34937	0.00926
2148.42080	0.00949
2146.49224	0.00973
2144.56367	0.01000
2142.63511	0.01019
2140.70654	0.01014
2138.77798	0.00992
2136.84941	0.00948
2134.92085	0.00880
2132.99229	0.00857
2131.06372	0.00920
2129.13516	0.01006
2127.20659	0.01063
2125.27803	0.01107
2123.34946	0.01152
2121.42090	0.01201
2119.49233	0.01240
2117.56377	0.01259
2115.63521	0.01272
2113.70664	0.01294
2111.77808	0.01314
2109.84951	0.01313
2107.92095	0.01298
2105.99238	0.01293
2104.06382	0.01301
2102.13525	0.01320
2100.20669	0.01337
2098.27812	0.01295
2096.34956	0.01220
2094.42100	0.01178
2092.49243	0.01211
2090.56387	0.01278
2088.63530	0.01317
2086.70674	0.01320
2084.77817	0.01321
2082.84961	0.01331
2080.92104	0.01338
2078.99248	0.01330
2077.06392	0.01315
2075.13535	0.01303
2073.20679	0.01294
2071.27822	0.01284
2069.34966	0.01268
2067.42109	0.01244
2065.49253	0.01230
2063.56396	0.01236
2061.63540	0.01268
2059.70684	0.01316
2057.77827	0.01356
2055.84971	0.01372
2053.92114	0.01409
2051.99258	0.01478
2050.06401	0.01458
2048.13545	0.01325
2046.20688	0.01220
2044.27832	0.01201
2042.34976	0.01230
2040.42119	0.01259
2038.49263	0.01245
2036.56406	0.01180
2034.63550	0.01076
2032.70693	0.00974
2030.77837	0.00932
2028.84980	0.00960
2026.92124	0.01003
2024.99268	0.01017
2023.06411	0.01019
2021.13555	0.01033
2019.20698	0.01041
2017.27842	0.01021
2015.34985	0.00977
2013.42129	0.00935
2011.49272	0.00925
2009.56416	0.00926
2007.63560	0.00892
2005.70703	0.00862
2003.77847	0.00901
2001.84990	0.00983
1999.92134	0.01059
1997.99277	0.01115
1996.06421	0.01153
1994.13564	0.01195
1992.20708	0.01240
1990.27852	0.01260
1988.34995	0.01277
1986.42139	0.01302
1984.49282	0.01339
1982.56426	0.01392
1980.63569	0.01370
1978.70713	0.01169
1976.77856	0.00909
1974.85000	0.00800
1972.92144	0.00808
1970.99287	0.00816
1969.06431	0.00830
1967.13574	0.00868
1965.20718	0.00889
1963.27861	0.00870
1961.35005	0.00816
1959.42148	0.00782
1957.49292	0.00827
1955.56436	0.00918
1953.63579	0.00976
1951.70723	0.00983
1949.77866	0.00966
1947.85010	0.00956
1945.92153	0.00975
1943.99297	0.01019
1942.06440	0.01030
1940.13584	0.01002
1938.20728	0.00999
1936.27871	0.01005
1934.35015	0.00989
1932.42158	0.00967
1930.49302	0.00966
1928.56445	0.00981
1926.63589	0.01000
1924.70732	0.01036
1922.77876	0.01066
1920.85020	0.01070
1918.92163	0.01098
1916.99307	0.01109
1915.06450	0.01082
1913.13594	0.01066
1911.20737	0.01069
1909.27881	0.01086
1907.35024	0.01100
1905.42168	0.01113
1903.49312	0.01134
1901.56455	0.01157
1899.63599	0.01172
1897.70742	0.01183
1895.77886	0.01191
1893.85029	0.01176
1891.92173	0.01167
1889.99316	0.01185
1888.06460	0.01171
1886.13604	0.01147
1884.20747	0.01151
1882.27891	0.01168
1880.35034	0.01186
1878.42178	0.01196
1876.49321	0.01189
1874.56465	0.01163
1872.63608	0.01142
1870.70752	0.01181
1868.77896	0.01231
1866.85039	0.01207
1864.92183	0.01170
1862.99326	0.01174
1861.06470	0.01193
1859.13613	0.01215
1857.20757	0.01233
1855.27900	0.01236
1853.35044	0.01227
1851.42187	0.01217
1849.49331	0.01209
1847.56475	0.01203
1845.63618	0.01240
1843.70762	0.01271
1841.77905	0.01237
1839.85049	0.01230
1837.92192	0.01261
1835.99336	0.01272
1834.06479	0.01263
1832.13623	0.01281
1830.20767	0.01302
1828.27910	0.01274
1826.35054	0.01268
1824.42197	0.01283
1822.49341	0.01258
1820.56484	0.01232
1818.63628	0.01231
1816.70771	0.01244
1814.77915	0.01274
1812.85059	0.01331
1810.92202	0.01387
1808.99346	0.01413
1807.06489	0.01424
1805.13633	0.01448
1803.20776	0.01501
1801.27920	0.01558
1799.35063	0.01566
1797.42207	0.01549
1795.49351	0.01578
1793.56494	0.01678
1791.63638	0.01758
1789.70781	0.01769
1787.77925	0.01822
1785.85068	0.01939
1783.92212	0.02036
1781.99355	0.02109
1780.06499	0.02175
1778.13643	0.02206
1776.20786	0.02229
1774.27930	0.02300
1772.35073	0.02377
1770.42217	0.02398
1768.49360	0.02416
1766.56504	0.02418
1764.63647	0.02430
1762.70791	0.02500
1760.77935	0.02546
1758.85078	0.02579
1756.92222	0.02630
1754.99365	0.02638
1753.06509	0.02680
1751.13652	0.02771
1749.20796	0.02813
1747.27939	0.02816
1745.35083	0.02839
1743.42227	0.02879
1741.49370	0.02925
1739.56514	0.02935
1737.63657	0.02918
1735.70801	0.03031
1733.77944	0.03174
1731.85088	0.03165
1729.92231	0.03170
1727.99375	0.03240
1726.06519	0.03334
1724.13662	0.03426
1722.20806	0.03467
1720.27949	0.03532
1718.35093	0.03671
1716.42236	0.03753
1714.49380	0.03761
1712.56523	0.03780
1710.63667	0.03814
1708.70811	0.03848
1706.77954	0.03856
1704.85098	0.03773
1702.92241	0.03681
1700.99385	0.03661
1699.06528	0.03536
1697.13672	0.03431
1695.20815	0.03386
1693.27959	0.03270
1691.35103	0.03204
1689.42246	0.03146
1687.49390	0.03074
1685.56533	0.03108
1683.63677	0.03104
1681.70820	0.02964
1679.77964	0.02870
1677.85107	0.02863
1675.92251	0.02883
1673.99395	0.02825
1672.06538	0.02778
1670.13682	0.02822
1668.20825	0.02795
1666.27969	0.02720
1664.35112	0.02746
1662.42256	0.02787
1660.49399	0.02730
1658.56543	0.02632
1656.63687	0.02588
1654.70830	0.02667
1652.77974	0.02622
1650.85117	0.02324
1648.92261	0.02213
1646.99404	0.02286
1645.06548	0.02274
1643.13691	0.02268
1641.20835	0.02346
1639.27979	0.02445
1637.35122	0.02582
1635.42266	0.02667
1633.49409	0.02587
1631.56553	0.02532
1629.63696	0.02569
1627.70840	0.02581
1625.77983	0.02566
1623.85127	0.02576
1621.92271	0.02528
1619.99414	0.02468
1618.06558	0.02525
1616.13701	0.02553
1614.20845	0.02477
1612.27988	0.02448
1610.35132	0.02471
1608.42275	0.02473
1606.49419	0.02450
1604.56562	0.02427
1602.63706	0.02408
1600.70850	0.02381
1598.77993	0.02358
1596.85137	0.02349
1594.92280	0.02339
1592.99424	0.02318
1591.06567	0.02297
1589.13711	0.02283
1587.20854	0.02271
1585.27998	0.02261
1583.35142	0.02244
1581.42285	0.02199
1579.49429	0.02160
1577.56572	0.02200
1575.63716	0.02201
1573.70859	0.02101
1571.78003	0.02103
1569.85146	0.02188
1567.92290	0.02182
1565.99434	0.02134
1564.06577	0.02072
1562.13721	0.02053
1560.20864	0.02185
1558.28008	0.02218
1556.35151	0.02097
1554.42295	0.02096
1552.49438	0.02154
1550.56582	0.02184
1548.63726	0.02158
1546.70869	0.02115
1544.78013	0.02094
1542.85156	0.02087
1540.92300	0.02125
1538.99443	0.02079
1537.06587	0.01970
1535.13730	0.02020
1533.20874	0.02104
1531.28018	0.02055
1529.35161	0.02026
1527.42305	0.02047
1525.49448	0.02017
1523.56592	0.02005
1521.63735	0.02042
1519.70879	0.02017
1517.78022	0.02007
1515.85166	0.02020
1513.92310	0.01992
1511.99453	0.01962
1510.06597	0.01973
1508.13740	0.02080
1506.20884	0.02099
1504.28027	0.01939
1502.35171	0.01874
1500.42314	0.01950
1498.49458	0.02045
1496.56602	0.02072
1494.63745	0.02017
1492.70889	0.02031
1490.78032	0.02173
1488.85176	0.02293
1486.92319	0.02355
1484.99463	0.02442
1483.06606	0.02610
1481.13750	0.02839
1479.20894	0.03116
1477.28037	0.03516
1475.35181	0.04157
1473.42324	0.05177
1471.49468	0.06472
1469.56611	0.07837
1467.63755	0.09392
1465.70898	0.11219
1463.78042	0.12922
1461.85186	0.14120
1459.92329	0.15001
1457.99473	0.15789
1456.06616	0.16240
1454.13760	0.16261
1452.20903	0.16057
1450.28047	0.15546
1448.35190	0.14497
1446.42334	0.12958
1444.49478	0.11344
1442.56621	0.10019
1440.63765	0.09134
1438.70908	0.08745
1436.78052	0.08583
1434.85195	0.08150
1432.92339	0.07377
1430.99482	0.06485
1429.06626	0.05670
1427.13770	0.05100
1425.20913	0.04774
1423.28057	0.04557
1421.35200	0.04435
1419.42344	0.04390
1417.49487	0.04279
1415.56631	0.04143
1413.63774	0.04070
1411.70918	0.04022
1409.78062	0.03961
1407.85205	0.03911
1405.92349	0.03889
1403.99492	0.03846
1402.06636	0.03794
1400.13779	0.03793
1398.20923	0.03801
1396.28066	0.03809
1394.35210	0.03832
1392.42354	0.03873
1390.49497	0.04051
1388.56641	0.04512
1386.63784	0.05366
1384.70928	0.06828
1382.78071	0.09261
1380.85215	0.12925
1378.92358	0.17476
1376.99502	0.21377
1375.06646	0.22426
1373.13789	0.19991
1371.20933	0.16003
1369.28076	0.12521
1367.35220	0.10234
1365.42363	0.09102
1363.49507	0.08840
1361.56650	0.09011
1359.63794	0.09158
1357.70937	0.08956
1355.78081	0.08339
1353.85225	0.07518
1351.92368	0.06770
1349.99512	0.06202
1348.06655	0.05776
1346.13799	0.05445
1344.20942	0.05189
1342.28086	0.05015
1340.35229	0.04916
1338.42373	0.04832
1336.49517	0.04762
1334.56660	0.04751
1332.63804	0.04792
1330.70947	0.04827
1328.78091	0.04810
1326.85234	0.04728
1324.92378	0.04597
1322.99521	0.04458
1321.06665	0.04351
1319.13809	0.04278
1317.20952	0.04216
1315.28096	0.04171
1313.35239	0.04160
1311.42383	0.04193
1309.49526	0.04308
1307.56670	0.04527
1305.63813	0.04757
1303.70957	0.04859
1301.78101	0.04814
1299.85244	0.04740
1297.92388	0.04717
1295.99531	0.04713
1294.06675	0.04674
1292.13818	0.04594
1290.20962	0.04501
1288.28105	0.04415
1286.35249	0.04340
1284.42393	0.04276
1282.49536	0.04228
1280.56680	0.04197
1278.63823	0.04177
1276.70967	0.04156
1274.78110	0.04135
1272.85254	0.04133
1270.92397	0.04153
1268.99541	0.04185
1267.06685	0.04229
1265.13828	0.04294
1263.20972	0.04382
1261.28115	0.04507
1259.35259	0.04675
1257.42402	0.04855
1255.49546	0.04959
1253.56689	0.04917
1251.63833	0.04780
1249.70977	0.04659
1247.78120	0.04594
1245.85264	0.04568
1243.92407	0.04561
1241.99551	0.04570
1240.06694	0.04591
1238.13838	0.04616
1236.20981	0.04637
1234.28125	0.04655
1232.35269	0.04671
1230.42412	0.04689
1228.49556	0.04716
1226.56699	0.04760
1224.63843	0.04826
1222.70986	0.04907
1220.78130	0.04984
1218.85273	0.05031
1216.92417	0.05037
1214.99561	0.05009
1213.06704	0.04976
1211.13848	0.04954
1209.20991	0.04937
1207.28135	0.04915
1205.35278	0.04893
1203.42422	0.04879
1201.49565	0.04875
1199.56709	0.04873
1197.63853	0.04877
1195.70996	0.04880
1193.78140	0.04880
1191.85283	0.04884
1189.92427	0.04902
1187.99570	0.04934
1186.06714	0.04973
1184.13857	0.05018
1182.21001	0.05080
1180.28145	0.05182
1178.35288	0.05350
1176.42432	0.05622
1174.49575	0.06058
1172.56719	0.06694
1170.63862	0.07447
1168.71006	0.08081
1166.78149	0.08354
1164.85293	0.08242
1162.92437	0.07939
1160.99580	0.07634
1159.06724	0.07401
1157.13867	0.07254
1155.21011	0.07175
1153.28154	0.07101
1151.35298	0.06963
1149.42441	0.06755
1147.49585	0.06517
1145.56729	0.06274
1143.63872	0.06045
1141.71016	0.05853
1139.78159	0.05707
1137.85303	0.05598
1135.92446	0.05518
1133.99590	0.05465
1132.06733	0.05429
1130.13877	0.05404
1128.21021	0.05390
1126.28164	0.05380
1124.35308	0.05372
1122.42451	0.05369
1120.49595	0.05376
1118.56738	0.05394
1116.63882	0.05422
1114.71025	0.05460
1112.78169	0.05510
1110.85312	0.05583
1108.92456	0.05697
1106.99600	0.05860
1105.06743	0.06035
1103.13887	0.06156
1101.21030	0.06180
1099.28174	0.06126
1097.35317	0.06051
1095.42461	0.05989
1093.49604	0.05946
1091.56748	0.05911
1089.63892	0.05872
1087.71035	0.05836
1085.78179	0.05815
1083.85322	0.05809
1081.92466	0.05806
1079.99609	0.05799
1078.06753	0.05785
1076.13896	0.05772
1074.21040	0.05778
1072.28184	0.05802
1070.35327	0.05825
1068.42471	0.05830
1066.49614	0.05833
1064.56758	0.05864
1062.63901	0.05919
1060.71045	0.05971
1058.78188	0.06007
1056.85332	0.06035
1054.92476	0.06074
1052.99619	0.06136
1051.06763	0.06219
1049.13906	0.06309
1047.21050	0.06393
1045.28193	0.06452
1043.35337	0.06464
1041.42480	0.06439
1039.49624	0.06410
1037.56768	0.06386
1035.63911	0.06361
1033.71055	0.06327
1031.78198	0.06285
1029.85342	0.06241
1027.92485	0.06201
1025.99629	0.06168
1024.06772	0.06148
1022.13916	0.06133
1020.21060	0.06110
1018.28203	0.06081
1016.35347	0.06064
1014.42490	0.06061
1012.49634	0.06061
1010.56777	0.06084
1008.63921	0.06161
1006.71064	0.06318
1004.78208	0.06620
1002.85352	0.07193
1000.92495	0.08076
998.99639	0.08953
997.06782	0.09238
995.13926	0.08722
993.21069	0.07832
991.28213	0.07056
989.35356	0.06546
987.42500	0.06259
985.49644	0.06146
983.56787	0.06195
981.63931	0.06446
979.71074	0.06984
977.78218	0.07851
975.85361	0.08908
973.92505	0.09714
971.99648	0.09733
970.06792	0.08932
968.13936	0.07875
966.21079	0.07049
964.28223	0.06523
962.35366	0.06188
960.42510	0.05961
958.49653	0.05807
956.56797	0.05697
954.63940	0.05615
952.71084	0.05551
950.78228	0.05502
948.85371	0.05475
946.92515	0.05477
944.99658	0.05502
943.06802	0.05542
941.13945	0.05567
939.21089	0.05524
937.28232	0.05408
935.35376	0.05271
933.42520	0.05153
931.49663	0.05061
929.56807	0.04989
927.63950	0.04933
925.71094	0.04888
923.78237	0.04854
921.85381	0.04826
919.92524	0.04802
917.99668	0.04788
916.06812	0.04789
914.13955	0.04803
912.21099	0.04826
910.28242	0.04850
908.35386	0.04898
906.42529	0.05021
904.49673	0.05283
902.56816	0.05680
900.63960	0.06058
898.71104	0.06177
896.78247	0.05948
894.85391	0.05544
892.92534	0.05190
890.99678	0.04962
889.06821	0.04831
887.13965	0.04761
885.21108	0.04728
883.28252	0.04707
881.35396	0.04675
879.42539	0.04646
877.49683	0.04637
875.56826	0.04639
873.63970	0.04638
871.71113	0.04636
869.78257	0.04634
867.85400	0.04623
865.92544	0.04608
863.99687	0.04612
862.06831	0.04629
860.13975	0.04637
858.21118	0.04641
856.28262	0.04655
854.35405	0.04691
852.42549	0.04758
850.49692	0.04862
848.56836	0.05048
846.63979	0.05460
844.71123	0.06279
842.78267	0.07334
840.85410	0.07856
838.92554	0.07359
836.99697	0.06403
835.06841	0.05696
833.13984	0.05331
831.21128	0.05145
829.28271	0.05040
827.35415	0.04968
825.42559	0.04919
823.49702	0.04906
821.56846	0.04943
819.63989	0.05023
817.71133	0.05152
815.78276	0.05381
813.85420	0.05748
811.92563	0.06189
809.99707	0.06531
808.06851	0.06588
806.13994	0.06350
804.21138	0.06001
802.28281	0.05706
800.35425	0.05497
798.42568	0.05337
796.49712	0.05200
794.56855	0.05071
792.63999	0.04933
790.71143	0.04806
788.78286	0.04705
786.85430	0.04607
784.92573	0.04506
782.99717	0.04433
781.06860	0.04402
779.14004	0.04385
777.21147	0.04349
775.28291	0.04311
773.35435	0.04290
771.42578	0.04272
769.49722	0.04259
767.56865	0.04260
765.64009	0.04259
763.71152	0.04249
761.78296	0.04236
759.85439	0.04209
757.92583	0.04167
755.99727	0.04136
754.06870	0.04122
752.14014	0.04103
750.21157	0.04070
748.28301	0.04038
746.35444	0.04021
744.42588	0.04009
742.49731	0.04001
740.56875	0.04008
738.64019	0.04024
736.71162	0.04033
734.78306	0.04034
732.85449	0.04044
730.92593	0.04060
728.99736	0.04061
727.06880	0.04049
725.14023	0.04042
723.21167	0.04100
721.28311	0.04106
719.35454	0.04117
717.42598	0.04118
715.49741	0.04107
713.56885	0.04121
711.64028	0.04141
709.71172	0.04152
707.78315	0.04172
705.85459	0.04222
703.92603	0.04292
701.99746	0.04349
700.06890	0.04393
698.14033	0.04431
696.21177	0.04456
694.28320	0.04477
692.35464	0.04513
690.42607	0.04555
688.49751	0.04584
686.56895	0.04610
684.64038	0.04652
682.71182	0.04698
680.78325	0.04738
678.85469	0.04786
676.92612	0.04844
674.99756	0.04896
673.06899	0.04894
671.14043	0.04566
669.21187	0.03933
667.28330	0.04015
665.35474	0.04389
663.42617	0.04775
661.49761	0.04849
659.56904	0.04845
657.64048	0.04872
655.71191	0.04881
653.78335	0.04879
651.85479	0.04887
649.92622	0.04925
647.99766	0.05009
646.06909	0.05096
644.14053	0.05132
642.21196	0.05125
640.28340	0.05112
638.35483	0.05112
636.42627	0.05128
634.49771	0.05153
632.56914	0.05183
630.64058	0.05207
628.71201	0.05236
626.78345	0.05284
624.85488	0.05319
622.92632	0.05311
620.99775	0.05351
619.06919	0.05463
617.14062	0.05544
615.21206	0.05563
613.28350	0.05592
611.35493	0.05652
609.42637	0.05691
607.49780	0.05681
605.56924	0.05630
603.64067	0.05573
601.71211	0.05570
599.78354	0.05623
