3997.91411	-0.06715
3995.98555	-0.06729
3994.05698	-0.06730
3992.12842	-0.06707
3990.19985	-0.06693
3988.27129	-0.06701
3986.34272	-0.06701
3984.41416	-0.06688
3982.48560	-0.06683
3980.55703	-0.06693
3978.62847	-0.06709
3976.69990	-0.06722
3974.77134	-0.06732
3972.84277	-0.06742
3970.91421	-0.06754
3968.98564	-0.06769
3967.05708	-0.06775
3965.12852	-0.06766
3963.19995	-0.06750
3961.27139	-0.06734
3959.34282	-0.06730
3957.41426	-0.06735
3955.48569	-0.06736
3953.55713	-0.06744
3951.62856	-0.06775
3949.70000	-0.06810
3947.77144	-0.06822
3945.84287	-0.06814
3943.91431	-0.06813
3941.98574	-0.06816
3940.05718	-0.06801
3938.12861	-0.06775
3936.20005	-0.06769
3934.27148	-0.06796
3932.34292	-0.06833
3930.41436	-0.06837
3928.48579	-0.06821
3926.55723	-0.06835
3924.62866	-0.06857
3922.70010	-0.06828
3920.77153	-0.06786
3918.84297	-0.06786
3916.91440	-0.06802
3914.98584	-0.06787
3913.05728	-0.06756
3911.12871	-0.06756
3909.20015	-0.06798
3907.27158	-0.06873
3905.34302	-0.06963
3903.41445	-0.07025
3901.48589	-0.07038
3899.55732	-0.07008
3897.62876	-0.06932
3895.70020	-0.06863
3893.77163	-0.06859
3891.84307	-0.06893
3889.91450	-0.06895
3887.98594	-0.06898
3886.05737	-0.06950
3884.12881	-0.06990
3882.20024	-0.06995
3880.27168	-0.06986
3878.34312	-0.06937
3876.41455	-0.06913
3874.48599	-0.06969
3872.55742	-0.07038
3870.62886	-0.07081
3868.70029	-0.07082
3866.77173	-0.07060
3864.84316	-0.07070
3862.91460	-0.07062
3860.98604	-0.07004
3859.05747	-0.06969
3857.12891	-0.06999
3855.20034	-0.07127
3853.27178	-0.07289
3851.34321	-0.07237
3849.41465	-0.07074
3847.48608	-0.06970
3845.55752	-0.06960
3843.62896	-0.07040
3841.70039	-0.07157
3839.77183	-0.07234
3837.84326	-0.07237
3835.91470	-0.07188
3833.98613	-0.07135
3832.05757	-0.07096
3830.12900	-0.07065
3828.20044	-0.07049
3826.27187	-0.07052
3824.34331	-0.07073
3822.41475	-0.07142
3820.48618	-0.07209
3818.55762	-0.07175
3816.62905	-0.07109
3814.70049	-0.07044
3812.77192	-0.06963
3810.84336	-0.06910
3808.91479	-0.06938
3806.98623	-0.07029
3805.05767	-0.07084
3803.12910	-0.07126
3801.20054	-0.07185
3799.27197	-0.07182
3797.34341	-0.07137
3795.41484	-0.07066
3793.48628	-0.06984
3791.55771	-0.06950
3789.62915	-0.06956
3787.70059	-0.06968
3785.77202	-0.06998
3783.84346	-0.07026
3781.91489	-0.07047
3779.98633	-0.07074
3778.05776	-0.07055
3776.12920	-0.07001
3774.20063	-0.06992
3772.27207	-0.07050
3770.34351	-0.07131
3768.41494	-0.07154
3766.48638	-0.07118
3764.55781	-0.07071
3762.62925	-0.07043
3760.70068	-0.07068
3758.77212	-0.07126
3756.84355	-0.07153
3754.91499	-0.07181
3752.98643	-0.07290
3751.05786	-0.07444
3749.12930	-0.07471
3747.20073	-0.07429
3745.27217	-0.07440
3743.34360	-0.07426
3741.41504	-0.07337
3739.48647	-0.07293
3737.55791	-0.07368
3735.62935	-0.07500
3733.70078	-0.07527
3731.77222	-0.07440
3729.84365	-0.07354
3727.91509	-0.07335
3725.98652	-0.07366
3724.05796	-0.07371
3722.12939	-0.07327
3720.20083	-0.07259
3718.27227	-0.07183
3716.34370	-0.07139
3714.41514	-0.07189
3712.48657	-0.07352
3710.55801	-0.07472
3708.62944	-0.07417
3706.70088	-0.07315
3704.77231	-0.07265
3702.84375	-0.07266
3700.91519	-0.07267
3698.98662	-0.07256
3697.05806	-0.07264
3695.12949	-0.07299
3693.20093	-0.07369
3691.27236	-0.07467
3689.34380	-0.07516
3687.41523	-0.07453
3685.48667	-0.07348
3683.55811	-0.07265
3681.62954	-0.07234
3679.70098	-0.07278
3677.77241	-0.07402
3675.84385	-0.07540
3673.91528	-0.07519
3671.98672	-0.07441
3670.05815	-0.07445
3668.12959	-0.07405
3666.20103	-0.07272
3664.27246	-0.07168
3662.34390	-0.07139
3660.41533	-0.07141
3658.48677	-0.07154
3656.55820	-0.07188
3654.62964	-0.07223
3652.70107	-0.07267
3650.77251	-0.07359
3648.84395	-0.07436
3646.91538	-0.07363
3644.98682	-0.07224
3643.05825	-0.07139
3641.12969	-0.07109
3639.20112	-0.07094
3637.27256	-0.07085
3635.34399	-0.07094
3633.41543	-0.07122
3631.48687	-0.07173
3629.55830	-0.07246
3627.62974	-0.07243
3625.70117	-0.07145
3623.77261	-0.07070
3621.84404	-0.07074
3619.91548	-0.07138
3617.98691	-0.07165
3616.05835	-0.07118
3614.12979	-0.07058
3612.20122	-0.07024
3610.27266	-0.07037
3608.34409	-0.07053
3606.41553	-0.07003
3604.48696	-0.06948
3602.55840	-0.06968
3600.62983	-0.07013
3598.70127	-0.07024
3596.77271	-0.07041
3594.84414	-0.07062
3592.91558	-0.07022
3590.98701	-0.06976
3589.05845	-0.07018
3587.12988	-0.07093
3585.20132	-0.07073
3583.27275	-0.07003
3581.34419	-0.06968
3579.41562	-0.06959
3577.48706	-0.06939
3575.55850	-0.06917
3573.62993	-0.06907
3571.70137	-0.06911
3569.77280	-0.06973
3567.84424	-0.07099
3565.91567	-0.07136
3563.98711	-0.07024
3562.05854	-0.06896
3560.12998	-0.06818
3558.20142	-0.06776
3556.27285	-0.06756
3554.34429	-0.06767
3552.41572	-0.06793
3550.48716	-0.06787
3548.55859	-0.06771
3546.63003	-0.06795
3544.70146	-0.06816
3542.77290	-0.06796
3540.84434	-0.06772
3538.91577	-0.06753
3536.98721	-0.06714
3535.05864	-0.06667
3533.13008	-0.06643
3531.20151	-0.06645
3529.27295	-0.06666
3527.34438	-0.06692
3525.41582	-0.06696
3523.48726	-0.06681
3521.55869	-0.06679
3519.63013	-0.06684
3517.70156	-0.06673
3515.77300	-0.06635
3513.84443	-0.06606
3511.91587	-0.06625
3509.98730	-0.06645
3508.05874	-0.06604
3506.13018	-0.06553
3504.20161	-0.06563
3502.27305	-0.06593
3500.34448	-0.06589
3498.41592	-0.06581
3496.48735	-0.06568
3494.55879	-0.06523
3492.63022	-0.06483
3490.70166	-0.06487
3488.77310	-0.06500
3486.84453	-0.06479
3484.91597	-0.06441
3482.98740	-0.06448
3481.05884	-0.06488
3479.13027	-0.06491
3477.20171	-0.06455
3475.27314	-0.06431
3473.34458	-0.06430
3471.41602	-0.06423
3469.48745	-0.06419
3467.55889	-0.06431
3465.63032	-0.06439
3463.70176	-0.06444
3461.77319	-0.06464
3459.84463	-0.06475
3457.91606	-0.06447
3455.98750	-0.06399
3454.05894	-0.06355
3452.13037	-0.06334
3450.20181	-0.06351
3448.27324	-0.06394
3446.34468	-0.06421
3444.41611	-0.06418
3442.48755	-0.06402
3440.55898	-0.06388
3438.63042	-0.06378
3436.70186	-0.06372
3434.77329	-0.06363
3432.84473	-0.06361
3430.91616	-0.06372
3428.98760	-0.06358
3427.05903	-0.06320
3425.13047	-0.06306
3423.20190	-0.06327
3421.27334	-0.06339
3419.34478	-0.06301
3417.41621	-0.06250
3415.48765	-0.06255
3413.55908	-0.06291
3411.63052	-0.06285
3409.70195	-0.06229
3407.77339	-0.06182
3405.84482	-0.06201
3403.91626	-0.06274
3401.98770	-0.06325
3400.05913	-0.06326
3398.13057	-0.06311
3396.20200	-0.06317
3394.27344	-0.06355
3392.34487	-0.06388
3390.41631	-0.06387
3388.48774	-0.06373
3386.55918	-0.06368
3384.63062	-0.06360
3382.70205	-0.06351
3380.77349	-0.06352
3378.84492	-0.06360
3376.91636	-0.06358
3374.98779	-0.06329
3373.05923	-0.06301
3371.13066	-0.06303
3369.20210	-0.06306
3367.27354	-0.06292
3365.34497	-0.06285
3363.41641	-0.06281
3361.48784	-0.06275
3359.55928	-0.06284
3357.63071	-0.06307
3355.70215	-0.06327
3353.77358	-0.06347
3351.84502	-0.06370
3349.91646	-0.06371
3347.98789	-0.06340
3346.05933	-0.06311
3344.13076	-0.06316
3342.20220	-0.06340
3340.27363	-0.06362
3338.34507	-0.06374
3336.41650	-0.06370
3334.48794	-0.06369
3332.55937	-0.06392
3330.63081	-0.06408
3328.70225	-0.06404
3326.77368	-0.06412
3324.84512	-0.06422
3322.91655	-0.06405
3320.98799	-0.06377
3319.05942	-0.06375
3317.13086	-0.06392
3315.20229	-0.06395
3313.27373	-0.06379
3311.34517	-0.06377
3309.41660	-0.06400
3307.48804	-0.06425
3305.55947	-0.06429
3303.63091	-0.06415
3301.70234	-0.06402
3299.77378	-0.06405
3297.84521	-0.06417
3295.91665	-0.06423
3293.98809	-0.06424
3292.05952	-0.06431
3290.13096	-0.06440
3288.20239	-0.06439
3286.27383	-0.06433
3284.34526	-0.06435
3282.41670	-0.06442
3280.48813	-0.06456
3278.55957	-0.06490
3276.63101	-0.06539
3274.70244	-0.06582
3272.77388	-0.06590
3270.84531	-0.06550
3268.91675	-0.06504
3266.98818	-0.06501
3265.05962	-0.06539
3263.13105	-0.06568
3261.20249	-0.06573
3259.27393	-0.06593
3257.34536	-0.06619
3255.41680	-0.06600
3253.48823	-0.06551
3251.55967	-0.06538
3249.63110	-0.06567
3247.70254	-0.06592
3245.77397	-0.06610
3243.84541	-0.06629
3241.91685	-0.06639
3239.98828	-0.06649
3238.05972	-0.06660
3236.13115	-0.06654
3234.20259	-0.06637
3232.27402	-0.06623
3230.34546	-0.06600
3228.41689	-0.06583
3226.48833	-0.06598
3224.55977	-0.06615
3222.63120	-0.06615
3220.70264	-0.06612
3218.77407	-0.06610
3216.84551	-0.06614
3214.91694	-0.06641
3212.98838	-0.06672
3211.05981	-0.06671
3209.13125	-0.06642
3207.20269	-0.06628
3205.27412	-0.06646
3203.34556	-0.06669
3201.41699	-0.06689
3199.48843	-0.06715
3197.55986	-0.06725
3195.63130	-0.06712
3193.70273	-0.06712
3191.77417	-0.06743
3189.84561	-0.06783
3187.91704	-0.06803
3185.98848	-0.06803
3184.05991	-0.06806
3182.13135	-0.06812
3180.20278	-0.06805
3178.27422	-0.06792
3176.34565	-0.06784
3174.41709	-0.06789
3172.48853	-0.06814
3170.55996	-0.06849
3168.63140	-0.06866
3166.70283	-0.06865
3164.77427	-0.06866
3162.84570	-0.06865
3160.91714	-0.06876
3158.98857	-0.06921
3157.06001	-0.06962
3155.13145	-0.06971
3153.20288	-0.06968
3151.27432	-0.06960
3149.34575	-0.06926
3147.41719	-0.06894
3145.48862	-0.06910
3143.56006	-0.06965
3141.63149	-0.07007
3139.70293	-0.07015
3137.77437	-0.07000
3135.84580	-0.06983
3133.91724	-0.06975
3131.98867	-0.06976
3130.06011	-0.06989
3128.13154	-0.07012
3126.20298	-0.07034
3124.27441	-0.07062
3122.34585	-0.07087
3120.41729	-0.07083
3118.48872	-0.07060
3116.56016	-0.07050
3114.63159	-0.07057
3112.70303	-0.07072
3110.77446	-0.07089
3108.84590	-0.07098
3106.91733	-0.07092
3104.98877	-0.07078
3103.06021	-0.07066
3101.13164	-0.07062
3099.20308	-0.07050
3097.27451	-0.07030
3095.34595	-0.07025
3093.41738	-0.07034
3091.48882	-0.07031
3089.56025	-0.07018
3087.63169	-0.07014
3085.70312	-0.07023
3083.77456	-0.07037
3081.84600	-0.07056
3079.91743	-0.07072
3077.98887	-0.07071
3076.06030	-0.07060
3074.13174	-0.07057
3072.20317	-0.07065
3070.27461	-0.07082
3068.34604	-0.07098
3066.41748	-0.07105
3064.48892	-0.07110
3062.56035	-0.07118
3060.63179	-0.07127
3058.70322	-0.07137
3056.77466	-0.07146
3054.84609	-0.07142
3052.91753	-0.07135
3050.98896	-0.07152
3049.06040	-0.07182
3047.13184	-0.07203
3045.20327	-0.07218
3043.27471	-0.07235
3041.34614	-0.07253
3039.41758	-0.07264
3037.48901	-0.07271
3035.56045	-0.07291
3033.63188	-0.07320
3031.70332	-0.07338
3029.77476	-0.07344
3027.84619	-0.07349
3025.91763	-0.07377
3023.98906	-0.07416
3022.06050	-0.07434
3020.13193	-0.07432
3018.20337	-0.07447
3016.27480	-0.07494
3014.34624	-0.07562
3012.41768	-0.07619
3010.48911	-0.07642
3008.56055	-0.07645
3006.63198	-0.07655
3004.70342	-0.07676
3002.77485	-0.07702
3000.84629	-0.07725
2998.91772	-0.07738
2996.98916	-0.07745
2995.06060	-0.07747
2993.13203	-0.07746
2991.20347	-0.07749
2989.27490	-0.07732
2987.34634	-0.07674
2985.41777	-0.07593
2983.48921	-0.07507
2981.56064	-0.07424
2979.63208	-0.07333
2977.70352	-0.07212
2975.77495	-0.07066
2973.84639	-0.06902
2971.91782	-0.06708
2969.98926	-0.06481
2968.06069	-0.06231
2966.13213	-0.05964
2964.20356	-0.05689
2962.27500	-0.05419
2960.34644	-0.05145
2958.41787	-0.04867
2956.48931	-0.04595
2954.56074	-0.04332
2952.63218	-0.04061
2950.70361	-0.03727
2948.77505	-0.03275
2946.84648	-0.02664
2944.91792	-0.01861
2942.98936	-0.00861
2941.06079	0.00320
2939.13223	0.01673
2937.20366	0.03223
2935.27510	0.05024
2933.34653	0.07135
2931.41797	0.09604
2929.48940	0.12513
2927.56084	0.15994
2925.63228	0.20218
2923.70371	0.25323
2921.77515	0.31280
2919.84658	0.37691
2917.91802	0.43438
2915.98945	0.46690
2914.06089	0.46143
2912.13232	0.42455
2910.20376	0.37547
2908.27520	0.32885
2906.34663	0.28994
2904.41807	0.25877
2902.48950	0.23387
2900.56094	0.21388
2898.63237	0.19733
2896.70381	0.18245
2894.77524	0.16817
2892.84668	0.15413
2890.91812	0.14022
2888.98955	0.12660
2887.06099	0.11339
2885.13242	0.10052
2883.20386	0.08815
2881.27529	0.07639
2879.34673	0.06524
2877.41816	0.05502
2875.48960	0.04631
2873.56104	0.03956
2871.63247	0.03486
2869.70391	0.03212
2867.77534	0.03163
2865.84678	0.03430
2863.91821	0.04126
2861.98965	0.05374
2860.06108	0.07373
2858.13252	0.10446
2856.20396	0.15079
2854.27539	0.21842
2852.34683	0.30741
2850.41826	0.39505
2848.48970	0.43034
2846.56113	0.38951
2844.63257	0.31142
2842.70400	0.23660
2840.77544	0.17811
2838.84687	0.13522
2836.91831	0.10417
2834.98975	0.08154
2833.06118	0.06467
2831.13262	0.05155
2829.20405	0.04106
2827.27549	0.03268
2825.34692	0.02580
2823.41836	0.01995
2821.48979	0.01501
2819.56123	0.01092
2817.63267	0.00733
2815.70410	0.00392
2813.77554	0.00077
2811.84697	-0.00192
2809.91841	-0.00423
2807.98984	-0.00634
2806.06128	-0.00833
2804.13271	-0.01023
2802.20415	-0.01204
2800.27559	-0.01379
2798.34702	-0.01541
2796.41846	-0.01680
2794.48989	-0.01806
2792.56133	-0.01941
2790.63276	-0.02075
2788.70420	-0.02183
2786.77563	-0.02279
2784.84707	-0.02383
2782.91851	-0.02494
2780.98994	-0.02607
2779.06138	-0.02719
2777.13281	-0.02828
2775.20425	-0.02930
2773.27568	-0.03009
2771.34712	-0.03073
2769.41855	-0.03141
2767.48999	-0.03215
2765.56143	-0.03278
2763.63286	-0.03321
2761.70430	-0.03360
2759.77573	-0.03406
2757.84717	-0.03464
2755.91860	-0.03526
2753.99004	-0.03568
2752.06147	-0.03594
2750.13291	-0.03630
2748.20435	-0.03673
2746.27578	-0.03705
2744.34722	-0.03734
2742.41865	-0.03761
2740.49009	-0.03776
2738.56152	-0.03783
2736.63296	-0.03794
2734.70439	-0.03824
2732.77583	-0.03879
2730.84727	-0.03930
2728.91870	-0.03954
2726.99014	-0.03969
2725.06157	-0.03996
2723.13301	-0.04030
2721.20444	-0.04059
2719.27588	-0.04087
2717.34731	-0.04122
2715.41875	-0.04152
2713.49019	-0.04173
2711.56162	-0.04195
2709.63306	-0.04221
2707.70449	-0.04246
2705.77593	-0.04271
2703.84736	-0.04294
2701.91880	-0.04310
2699.99023	-0.04325
2698.06167	-0.04348
2696.13311	-0.04374
2694.20454	-0.04393
2692.27598	-0.04409
2690.34741	-0.04423
2688.41885	-0.04427
2686.49028	-0.04423
2684.56172	-0.04426
2682.63315	-0.04440
2680.70459	-0.04452
2678.77603	-0.04448
2676.84746	-0.04433
2674.91890	-0.04417
2672.99033	-0.04408
2671.06177	-0.04408
2669.13320	-0.04412
2667.20464	-0.04415
2665.27607	-0.04417
2663.34751	-0.04415
2661.41895	-0.04413
2659.49038	-0.04415
2657.56182	-0.04417
2655.63325	-0.04425
2653.70469	-0.04442
2651.77612	-0.04455
2649.84756	-0.04454
2647.91899	-0.04449
2645.99043	-0.04448
2644.06187	-0.04440
2642.13330	-0.04419
2640.20474	-0.04396
2638.27617	-0.04389
2636.34761	-0.04400
2634.41904	-0.04413
2632.49048	-0.04425
2630.56191	-0.04439
2628.63335	-0.04460
2626.70479	-0.04488
2624.77622	-0.04516
2622.84766	-0.04541
2620.91909	-0.04559
2618.99053	-0.04576
2617.06196	-0.04613
2615.13340	-0.04653
2613.20483	-0.04674
2611.27627	-0.04690
2609.34771	-0.04713
2607.41914	-0.04732
2605.49058	-0.04743
2603.56201	-0.04744
2601.63345	-0.04742
2599.70488	-0.04753
2597.77632	-0.04773
2595.84775	-0.04798
2593.91919	-0.04827
2591.99062	-0.04859
2590.06206	-0.04887
2588.13350	-0.04899
2586.20493	-0.04894
2584.27637	-0.04890
2582.34780	-0.04899
2580.41924	-0.04915
2578.49067	-0.04933
2576.56211	-0.04966
2574.63354	-0.04995
2572.70498	-0.04997
2570.77642	-0.04994
2568.84785	-0.05008
2566.91929	-0.05026
2564.99072	-0.05031
2563.06216	-0.05035
2561.13359	-0.05055
2559.20503	-0.05075
2557.27646	-0.05075
2555.34790	-0.05063
2553.41934	-0.05058
2551.49077	-0.05062
2549.56221	-0.05076
2547.63364	-0.05107
2545.70508	-0.05140
2543.77651	-0.05146
2541.84795	-0.05137
2539.91938	-0.05144
2537.99082	-0.05158
2536.06226	-0.05165
2534.13369	-0.05174
2532.20513	-0.05185
2530.27656	-0.05186
2528.34800	-0.05179
2526.41943	-0.05176
2524.49087	-0.05180
2522.56230	-0.05192
2520.63374	-0.05209
2518.70518	-0.05232
2516.77661	-0.05255
2514.84805	-0.05264
2512.91948	-0.05262
2510.99092	-0.05257
2509.06235	-0.05259
2507.13379	-0.05278
2505.20522	-0.05305
2503.27666	-0.05312
2501.34810	-0.05301
2499.41953	-0.05297
2497.49097	-0.05305
2495.56240	-0.05313
2493.63384	-0.05315
2491.70527	-0.05311
2489.77671	-0.05312
2487.84814	-0.05316
2485.91958	-0.05315
2483.99102	-0.05308
2482.06245	-0.05309
2480.13389	-0.05322
2478.20532	-0.05331
2476.27676	-0.05324
2474.34819	-0.05317
2472.41963	-0.05331
2470.49106	-0.05360
2468.56250	-0.05384
2466.63394	-0.05394
2464.70537	-0.05397
2462.77681	-0.05390
2460.84824	-0.05371
2458.91968	-0.05359
2456.99111	-0.05361
2455.06255	-0.05364
2453.13398	-0.05368
2451.20542	-0.05379
2449.27686	-0.05391
2447.34829	-0.05397
2445.41973	-0.05408
2443.49116	-0.05429
2441.56260	-0.05441
2439.63403	-0.05440
2437.70547	-0.05438
2435.77690	-0.05433
2433.84834	-0.05418
2431.91978	-0.05410
2429.99121	-0.05420
2428.06265	-0.05427
2426.13408	-0.05415
2424.20552	-0.05402
2422.27695	-0.05402
2420.34839	-0.05406
2418.41982	-0.05402
2416.49126	-0.05394
2414.56270	-0.05384
2412.63413	-0.05379
2410.70557	-0.05383
2408.77700	-0.05393
2406.84844	-0.05410
2404.91987	-0.05427
2402.99131	-0.05434
2401.06274	-0.05424
2399.13418	-0.05284
2397.20562	-0.05260
2395.27705	-0.05324
2393.34849	-0.05402
2391.41992	-0.05468
2389.49136	-0.05523
2387.56279	-0.05578
2385.63423	-0.05643
2383.70566	-0.05706
2381.77710	-0.05742
2379.84854	-0.05738
2377.91997	-0.05689
2375.99141	-0.05615
2374.06284	-0.05554
2372.13428	-0.05550
2370.20571	-0.05599
2368.27715	-0.05576
2366.34858	-0.05535
2364.42002	-0.05596
2362.49146	-0.05558
2360.56289	-0.05638
2358.63433	-0.05795
2356.70576	-0.05577
2354.77720	-0.05842
2352.84863	-0.06082
2350.92007	-0.06046
2348.99150	-0.05991
2347.06294	-0.05725
2345.13437	-0.05440
2343.20581	-0.05585
2341.27725	-0.06090
2339.34868	-0.06244
2337.42012	-0.05986
2335.49155	-0.05530
2333.56299	-0.05208
2331.63442	-0.05116
2329.70586	-0.05159
2327.77729	-0.05254
2325.84873	-0.05220
2323.92017	-0.05100
2321.99160	-0.05035
2320.06304	-0.05008
2318.13447	-0.05024
2316.20591	-0.05071
2314.27734	-0.05125
2312.34878	-0.05201
2310.42021	-0.05289
2308.49165	-0.05343
2306.56309	-0.05369
2304.63452	-0.05362
2302.70596	-0.05335
2300.77739	-0.05312
2298.84883	-0.05289
2296.92026	-0.05259
2294.99170	-0.05223
2293.06313	-0.05192
2291.13457	-0.05159
2289.20601	-0.05133
2287.27744	-0.05097
2285.34888	-0.05049
2283.42031	-0.05011
2281.49175	-0.04992
2279.56318	-0.04998
2277.63462	-0.05019
2275.70605	-0.05038
2273.77749	-0.05057
2271.84893	-0.05069
2269.92036	-0.05055
2267.99180	-0.05029
2266.06323	-0.05031
2264.13467	-0.05063
2262.20610	-0.05093
2260.27754	-0.05092
2258.34897	-0.05079
2256.42041	-0.05095
2254.49185	-0.05141
2252.56328	-0.05196
2250.63472	-0.05220
2248.70615	-0.05139
2246.77759	-0.05123
2244.84902	-0.05097
2242.92046	-0.05059
2240.99189	-0.05043
2239.06333	-0.05060
2237.13477	-0.05073
2235.20620	-0.05062
2233.27764	-0.05037
2231.34907	-0.05026
2229.42051	-0.05045
2227.49194	-0.05067
2225.56338	-0.05069
2223.63481	-0.05073
2221.70625	-0.05071
2219.77769	-0.05029
2217.84912	-0.04984
2215.92056	-0.04997
2213.99199	-0.05040
2212.06343	-0.05035
2210.13486	-0.04983
2208.20630	-0.04951
2206.27773	-0.04969
2204.34917	-0.04983
2202.42061	-0.04963
2200.49204	-0.04945
2198.56348	-0.04940
2196.63491	-0.04937
2194.70635	-0.04944
2192.77778	-0.04950
2190.84922	-0.04938
2188.92065	-0.04914
2186.99209	-0.04899
2185.06353	-0.04921
2183.13496	-0.04952
2181.20640	-0.04908
2179.27783	-0.04828
2177.34927	-0.04825
2175.42070	-0.04863
2173.49214	-0.04864
2171.56357	-0.04851
2169.63501	-0.04832
2167.70645	-0.04770
2165.77788	-0.04674
2163.84932	-0.04642
2161.92075	-0.04767
2159.99219	-0.04990
2158.06362	-0.05113
2156.13506	-0.05067
2154.20649	-0.04974
2152.27793	-0.04922
2150.34937	-0.04896
2148.42080	-0.04878
2146.49224	-0.04856
2144.56367	-0.04818
2142.63511	-0.04782
2140.70654	-0.04770
2138.77798	-0.04788
2136.84941	-0.04840
2134.92085	-0.04906
2132.99229	-0.04939
2131.06372	-0.04921
2129.13516	-0.04880
2127.20659	-0.04835
2125.27803	-0.04799
2123.34946	-0.04788
2121.42090	-0.04780
2119.49233	-0.04739
2117.56377	-0.04683
2115.63521	-0.04652
2113.70664	-0.04654
2111.77808	-0.04669
2109.84951	-0.04668
2107.92095	-0.04648
2105.99238	-0.04647
2104.06382	-0.04653
2102.13525	-0.04625
2100.20669	-0.04593
2098.27812	-0.04617
2096.34956	-0.04683
2094.42100	-0.04702
2092.49243	-0.04659
2090.56387	-0.04615
2088.63530	-0.04583
2086.70674	-0.04542
2084.77817	-0.04511
2082.84961	-0.04505
2080.92104	-0.04508
2078.99248	-0.04507
2077.06392	-0.04487
2075.13535	-0.04463
2073.20679	-0.04461
2071.27822	-0.04456
2069.34966	-0.04420
2067.42109	-0.04390
2065.49253	-0.04402
2063.56396	-0.04421
2061.63540	-0.04408
2059.70684	-0.04386
2057.77827	-0.04379
2055.84971	-0.04372
2053.92114	-0.04334
2051.99258	-0.04269
2050.06401	-0.04230
2048.13545	-0.04244
2046.20688	-0.04294
2044.27832	-0.04339
2042.34976	-0.04338
2040.42119	-0.04296
2038.49263	-0.04250
2036.56406	-0.04235
2034.63550	-0.04243
2032.70693	-0.04237
2030.77837	-0.04210
2028.84980	-0.04164
2026.92124	-0.04088
2024.99268	-0.04029
2023.06411	-0.04051
2021.13555	-0.04107
2019.20698	-0.04118
2017.27842	-0.04111
2015.34985	-0.04121
2013.42129	-0.04129
2011.49272	-0.04136
2009.56416	-0.04155
2007.63560	-0.04192
2005.70703	-0.04224
2003.77847	-0.04188
2001.84990	-0.04116
1999.92134	-0.04078
1997.99277	-0.04050
1996.06421	-0.04007
1994.13564	-0.03985
1992.20708	-0.03987
1990.27852	-0.03993
1988.34995	-0.03987
1986.42139	-0.03954
1984.49282	-0.03886
1982.56426	-0.03812
1980.63569	-0.03795
1978.70713	-0.03885
1976.77856	-0.04009
1974.85000	-0.04042
1972.92144	-0.03998
1970.99287	-0.03971
1969.06431	-0.03977
1967.13574	-0.03965
1965.20718	-0.03924
1963.27861	-0.03897
1961.35005	-0.03912
1959.42148	-0.03947
1957.49292	-0.03955
1955.56436	-0.03925
1953.63579	-0.03871
1951.70723	-0.03809
1949.77866	-0.03772
1947.85010	-0.03772
1945.92153	-0.03793
1943.99297	-0.03813
1942.06440	-0.03784
1940.13584	-0.03701
1938.20728	-0.03651
1936.27871	-0.03655
1934.35015	-0.03662
1932.42158	-0.03665
1930.49302	-0.03667
1928.56445	-0.03655
1926.63589	-0.03645
1924.70732	-0.03648
1922.77876	-0.03616
1920.85020	-0.03550
1918.92163	-0.03515
1916.99307	-0.03502
1915.06450	-0.03474
1913.13594	-0.03452
1911.20737	-0.03460
1909.27881	-0.03471
1907.35024	-0.03461
1905.42168	-0.03435
1903.49312	-0.03401
1901.56455	-0.03360
1899.63599	-0.03328
1897.70742	-0.03318
1895.77886	-0.03304
1893.85029	-0.03277
1891.92173	-0.03275
1889.99316	-0.03297
1888.06460	-0.03293
1886.13604	-0.03274
1884.20747	-0.03267
1882.27891	-0.03243
1880.35034	-0.03211
1878.42178	-0.03205
1876.49321	-0.03211
1874.56465	-0.03214
1872.63608	-0.03230
1870.70752	-0.03270
1868.77896	-0.03299
1866.85039	-0.03266
1864.92183	-0.03196
1862.99326	-0.03148
1861.06470	-0.03120
1859.13613	-0.03091
1857.20757	-0.03060
1855.27900	-0.03038
1853.35044	-0.03033
1851.42187	-0.03039
1849.49331	-0.03051
1847.56475	-0.03073
1845.63618	-0.03102
1843.70762	-0.03094
1841.77905	-0.03034
1839.85049	-0.02983
1837.92192	-0.02960
1835.99336	-0.02939
1834.06479	-0.02923
1832.13623	-0.02931
1830.20767	-0.02949
1828.27910	-0.02933
1826.35054	-0.02895
1824.42197	-0.02847
1822.49341	-0.02785
1820.56484	-0.02735
1818.63628	-0.02709
1816.70771	-0.02682
1814.77915	-0.02649
1812.85059	-0.02629
1810.92202	-0.02604
1808.99346	-0.02544
1807.06489	-0.02468
1805.13633	-0.02413
1803.20776	-0.02392
1801.27920	-0.02377
1799.35063	-0.02327
1797.42207	-0.02244
1795.49351	-0.02166
1793.56494	-0.02101
1791.63638	-0.01989
1789.70781	-0.01816
1787.77925	-0.01657
1785.85068	-0.01540
1783.92212	-0.01461
1781.99355	-0.01407
1780.06499	-0.01337
1778.13643	-0.01249
1776.20786	-0.01210
1774.27930	-0.01243
1772.35073	-0.01264
1770.42217	-0.01175
1768.49360	-0.01034
1766.56504	-0.00923
1764.63647	-0.00861
1762.70791	-0.00830
1760.77935	-0.00784
1758.85078	-0.00717
1756.92222	-0.00632
1754.99365	-0.00540
1753.06509	-0.00479
1751.13652	-0.00435
1749.20796	-0.00326
1747.27939	-0.00123
1745.35083	0.00120
1743.42227	0.00361
1741.49370	0.00591
1739.56514	0.00812
1737.63657	0.00967
1735.70801	0.01020
1733.77944	0.01046
1731.85088	0.01144
1729.92231	0.01284
1727.99375	0.01443
1726.06519	0.01601
1724.13662	0.01764
1722.20806	0.01932
1720.27949	0.02055
1718.35093	0.02174
1716.42236	0.02451
1714.49380	0.02841
1712.56523	0.03149
1710.63667	0.03303
1708.70811	0.03303
1706.77954	0.03170
1704.85098	0.02972
1702.92241	0.02747
1700.99385	0.02420
1699.06528	0.02089
1697.13672	0.01895
1695.20815	0.01737
1693.27959	0.01596
1691.35103	0.01430
1689.42246	0.01227
1687.49390	0.01025
1685.56533	0.00790
1683.63677	0.00620
1681.70820	0.00659
1679.77964	0.00727
1677.85107	0.00721
1675.92251	0.00655
1673.99395	0.00593
1672.06538	0.00548
1670.13682	0.00518
1668.20825	0.00582
1666.27969	0.00675
1664.35112	0.00690
1662.42256	0.00686
1660.49399	0.00741
1658.56543	0.00783
1656.63687	0.00728
1654.70830	0.00565
1652.77974	0.00499
1650.85117	0.00640
1648.92261	0.00708
1646.99404	0.00752
1645.06548	0.00921
1643.13691	0.01088
1641.20835	0.01142
1639.27979	0.01087
1637.35122	0.00965
1635.42266	0.00931
1633.49409	0.01064
1631.56553	0.01171
1629.63696	0.01191
1627.70840	0.01173
1625.77983	0.01143
1623.85127	0.01119
1621.92271	0.01160
1619.99414	0.01209
1618.06558	0.01195
1616.13701	0.01216
1614.20845	0.01321
1612.27988	0.01394
1610.35132	0.01413
1608.42275	0.01434
1606.49419	0.01485
1604.56562	0.01536
1602.63706	0.01577
1600.70850	0.01624
1598.77993	0.01667
1596.85137	0.01687
1594.92280	0.01705
1592.99424	0.01741
1591.06567	0.01787
1589.13711	0.01841
1587.20854	0.01899
1585.27998	0.01945
1583.35142	0.01971
1581.42285	0.01971
1579.49429	0.01923
1577.56572	0.01827
1575.63716	0.01788
1573.70859	0.01823
1571.78003	0.01793
1569.85146	0.01707
1567.92290	0.01681
1565.99434	0.01688
1564.06577	0.01655
1562.13721	0.01545
1560.20864	0.01299
1558.28008	0.01134
1556.35151	0.01264
1554.42295	0.01388
1552.49438	0.01438
1550.56582	0.01455
1548.63726	0.01461
1546.70869	0.01416
1544.78013	0.01279
1542.85156	0.01071
1540.92300	0.00879
1538.99443	0.00900
1537.06587	0.01014
1535.13730	0.01003
1533.20874	0.00922
1531.28018	0.00901
1529.35161	0.00886
1527.42305	0.00816
1525.49448	0.00723
1523.56592	0.00625
1521.63735	0.00557
1519.70879	0.00557
1517.78022	0.00578
1515.85166	0.00630
1513.92310	0.00692
1511.99453	0.00672
1510.06597	0.00538
1508.13740	0.00364
1506.20884	0.00392
1504.28027	0.00610
1502.35171	0.00732
1500.42314	0.00741
1498.49458	0.00710
1496.56602	0.00736
1494.63745	0.00823
1492.70889	0.00852
1490.78032	0.00812
1488.85176	0.00835
1486.92319	0.00998
1484.99463	0.01215
1483.06606	0.01469
1481.13750	0.01902
1479.20894	0.02878
1477.28037	0.05273
1475.35181	0.10106
1473.42324	0.16655
1471.49468	0.20377
1469.56611	0.19526
1467.63755	0.17558
1465.70898	0.16147
1463.78042	0.15296
1461.85186	0.14258
1459.92329	0.12637
1457.99473	0.10665
1456.06616	0.09157
1454.13760	0.08392
1452.20903	0.07809
1450.28047	0.07237
1448.35190	0.06757
1446.42334	0.06448
1444.49478	0.06276
1442.56621	0.06139
1440.63765	0.05981
1438.70908	0.05785
1436.78052	0.05573
1434.85195	0.05430
1432.92339	0.05300
1430.99482	0.05107
1429.06626	0.04905
1427.13770	0.04744
1425.20913	0.04594
1423.28057	0.04465
1421.35200	0.04367
1419.42344	0.04283
1417.49487	0.04272
1415.56631	0.04321
1413.63774	0.04344
1411.70918	0.04318
1409.78062	0.04267
1407.85205	0.04191
1405.92349	0.04078
1403.99492	0.03967
1402.06636	0.03875
1400.13779	0.03768
1398.20923	0.03642
1396.28066	0.03511
1394.35210	0.03422
1392.42354	0.03426
1390.49497	0.03451
1388.56641	0.03438
1386.63784	0.03444
1384.70928	0.03531
1382.78071	0.03689
1380.85215	0.03898
1378.92358	0.04106
1376.99502	0.04216
1375.06646	0.04208
1373.13789	0.04182
1371.20933	0.04192
1369.28076	0.04193
1367.35220	0.04170
1365.42363	0.04110
1363.49507	0.04015
1361.56650	0.03947
1359.63794	0.03932
1357.70937	0.03921
1355.78081	0.03902
1353.85225	0.03886
1351.92368	0.03866
1349.99512	0.03828
1348.06655	0.03779
1346.13799	0.03726
1344.20942	0.03662
1342.28086	0.03575
1340.35229	0.03478
1338.42373	0.03418
1336.49517	0.03398
1334.56660	0.03382
1332.63804	0.03357
1330.70947	0.03342
1328.78091	0.03348
1326.85234	0.03371
1324.92378	0.03403
1322.99521	0.03437
1321.06665	0.03473
1319.13809	0.03519
1317.20952	0.03576
1315.28096	0.03627
1313.35239	0.03668
1311.42383	0.03710
1309.49526	0.03751
1307.56670	0.03784
1305.63813	0.03809
1303.70957	0.03831
1301.78101	0.03857
1299.85244	0.03879
1297.92388	0.03884
1295.99531	0.03882
1294.06675	0.03883
1292.13818	0.03881
1290.20962	0.03875
1288.28105	0.03874
1286.35249	0.03880
1284.42393	0.03888
1282.49536	0.03893
1280.56680	0.03896
1278.63823	0.03898
1276.70967	0.03901
1274.78110	0.03908
1272.85254	0.03913
1270.92397	0.03916
1268.99541	0.03935
1267.06685	0.03970
1265.13828	0.04001
1263.20972	0.04020
1261.28115	0.04028
1259.35259	0.04023
1257.42402	0.04012
1255.49546	0.04004
1253.56689	0.03998
1251.63833	0.03997
1249.70977	0.04009
1247.78120	0.04036
1245.85264	0.04063
1243.92407	0.04075
1241.99551	0.04092
1240.06694	0.04133
1238.13838	0.04169
1236.20981	0.04180
1234.28125	0.04173
1232.35269	0.04163
1230.42412	0.04160
1228.49556	0.04164
1226.56699	0.04170
1224.63843	0.04186
1222.70986	0.04208
1220.78130	0.04235
1218.85273	0.04263
1216.92417	0.04285
1214.99561	0.04303
1213.06704	0.04324
1211.13848	0.04351
1209.20991	0.04380
1207.28135	0.04413
1205.35278	0.04457
1203.42422	0.04509
1201.49565	0.04562
1199.56709	0.04616
1197.63853	0.04675
1195.70996	0.04737
1193.78140	0.04790
1191.85283	0.04836
1189.92427	0.04877
1187.99570	0.04915
1186.06714	0.04954
1184.13857	0.04999
1182.21001	0.05046
1180.28145	0.05088
1178.35288	0.05121
1176.42432	0.05139
1174.49575	0.05151
1172.56719	0.05163
1170.63862	0.05171
1168.71006	0.05167
1166.78149	0.05146
1164.85293	0.05112
1162.92437	0.05080
1160.99580	0.05058
1159.06724	0.05034
1157.13867	0.04999
1155.21011	0.04960
1153.28154	0.04921
1151.35298	0.04885
1149.42441	0.04847
1147.49585	0.04805
1145.56729	0.04767
1143.63872	0.04744
1141.71016	0.04736
1139.78159	0.04742
1137.85303	0.04759
1135.92446	0.04787
1133.99590	0.04831
1132.06733	0.04884
1130.13877	0.04936
1128.21021	0.04986
1126.28164	0.05043
1124.35308	0.05103
1122.42451	0.05146
1120.49595	0.05156
1118.56738	0.05138
1116.63882	0.05113
1114.71025	0.05082
1112.78169	0.05035
1110.85312	0.04987
1108.92456	0.04956
1106.99600	0.04925
1105.06743	0.04881
1103.13887	0.04844
1101.21030	0.04831
1099.28174	0.04828
1097.35317	0.04826
1095.42461	0.04819
1093.49604	0.04800
1091.56748	0.04763
1089.63892	0.04707
1087.71035	0.04642
1085.78179	0.04577
1083.85322	0.04515
1081.92466	0.04453
1079.99609	0.04386
1078.06753	0.04316
1076.13896	0.04250
1074.21040	0.04205
1072.28184	0.04190
1070.35327	0.04172
1068.42471	0.04112
1066.49614	0.04055
1064.56758	0.04072
1062.63901	0.04123
1060.71045	0.04126
1058.78188	0.04079
1056.85332	0.04048
1054.92476	0.04054
1052.99619	0.04079
1051.06763	0.04109
1049.13906	0.04135
1047.21050	0.04145
1045.28193	0.04141
1043.35337	0.04130
1041.42480	0.04113
1039.49624	0.04087
1037.56768	0.04076
1035.63911	0.04095
1033.71055	0.04121
1031.78198	0.04121
1029.85342	0.04079
1027.92485	0.04028
1025.99629	0.04018
1024.06772	0.04026
1022.13916	0.04006
1020.21060	0.03969
1018.28203	0.03934
1016.35347	0.03910
1014.42490	0.03895
1012.49634	0.03880
1010.56777	0.03861
1008.63921	0.03839
1006.71064	0.03822
1004.78208	0.03816
1002.85352	0.03812
1000.92495	0.03818
998.99639	0.03853
997.06782	0.03908
995.13926	0.03953
993.21069	0.03978
991.28213	0.03987
989.35356	0.03980
987.42500	0.03947
985.49644	0.03899
983.56787	0.03860
981.63931	0.03840
979.71074	0.03830
977.78218	0.03823
975.85361	0.03824
973.92505	0.03839
971.99648	0.03857
970.06792	0.03864
968.13936	0.03867
966.21079	0.03876
964.28223	0.03880
962.35366	0.03873
960.42510	0.03854
958.49653	0.03832
956.56797	0.03822
954.63940	0.03819
952.71084	0.03806
950.78228	0.03791
948.85371	0.03783
946.92515	0.03779
944.99658	0.03776
943.06802	0.03773
941.13945	0.03772
939.21089	0.03766
937.28232	0.03748
935.35376	0.03721
933.42520	0.03686
931.49663	0.03652
929.56807	0.03630
927.63950	0.03620
925.71094	0.03608
923.78237	0.03586
921.85381	0.03561
919.92524	0.03558
917.99668	0.03584
916.06812	0.03634
914.13955	0.03724
912.21099	0.03860
910.28242	0.03984
908.35386	0.04004
906.42529	0.03865
904.49673	0.03606
902.56816	0.03332
900.63960	0.03116
898.71104	0.02969
896.78247	0.02878
894.85391	0.02827
892.92534	0.02803
890.99678	0.02802
889.06821	0.02815
887.13965	0.02828
885.21108	0.02823
883.28252	0.02795
881.35396	0.02760
879.42539	0.02733
877.49683	0.02713
875.56826	0.02683
873.63970	0.02645
871.71113	0.02610
869.78257	0.02577
867.85400	0.02533
865.92544	0.02471
863.99687	0.02419
862.06831	0.02397
860.13975	0.02383
858.21118	0.02351
856.28262	0.02303
854.35405	0.02250
852.42549	0.02204
850.49692	0.02173
848.56836	0.02158
846.63979	0.02147
844.71123	0.02123
842.78267	0.02081
840.85410	0.02031
838.92554	0.01991
836.99697	0.01952
835.06841	0.01900
833.13984	0.01837
831.21128	0.01771
829.28271	0.01705
827.35415	0.01639
825.42559	0.01574
823.49702	0.01521
821.56846	0.01481
819.63989	0.01444
817.71133	0.01387
815.78276	0.01299
813.85420	0.01201
811.92563	0.01108
809.99707	0.01026
808.06851	0.00958
806.13994	0.00888
804.21138	0.00806
802.28281	0.00723
800.35425	0.00655
798.42568	0.00602
796.49712	0.00543
794.56855	0.00479
792.63999	0.00429
790.71143	0.00389
788.78286	0.00346
786.85430	0.00304
784.92573	0.00257
782.99717	0.00197
781.06860	0.00108
779.14004	-0.00011
777.21147	-0.00139
775.28291	-0.00261
773.35435	-0.00392
771.42578	-0.00548
769.49722	-0.00708
767.56865	-0.00830
765.64009	-0.00920
763.71152	-0.01018
761.78296	-0.01111
759.85439	-0.01151
757.92583	-0.01136
755.99727	-0.01090
754.06870	-0.01029
752.14014	-0.00985
750.21157	-0.00974
748.28301	-0.00976
746.35444	-0.00992
744.42588	-0.01025
742.49731	-0.01044
740.56875	-0.00991
738.64019	-0.00765
736.71162	-0.00177
734.78306	0.01028
732.85449	0.02683
730.92593	0.03899
728.99736	0.04175
727.06880	0.04206
725.14023	0.04874
723.21167	0.06648
721.28311	0.09896
719.35454	0.13948
717.42598	0.16706
715.49741	0.16042
713.56885	0.12340
711.64028	0.08103
709.71172	0.05003
707.78315	0.03083
705.85459	0.01888
703.92603	0.01101
701.99746	0.00535
700.06890	0.00100
698.14033	-0.00211
696.21177	-0.00427
694.28320	-0.00621
692.35464	-0.00804
690.42607	-0.00913
688.49751	-0.00926
686.56895	-0.00921
684.64038	-0.00933
682.71182	-0.00952
680.78325	-0.00959
678.85469	-0.00918
676.92612	-0.00861
674.99756	-0.00863
673.06899	-0.00867
671.14043	-0.00568
669.21187	-0.00019
667.28330	-0.00196
665.35474	-0.00421
663.42617	-0.00660
661.49761	-0.00750
659.56904	-0.00738
657.64048	-0.00696
655.71191	-0.00709
653.78335	-0.00807
651.85479	-0.00902
649.92622	-0.01005
647.99766	-0.01261
646.06909	-0.01726
644.14053	-0.02399
642.21196	-0.03387
640.28340	-0.04871
638.35483	-0.06996
636.42627	-0.09898
634.49771	-0.13482
632.56914	-0.16882
630.64058	-0.18512
628.71201	-0.17214
626.78345	-0.13891
624.85488	-0.10326
622.92632	-0.07456
620.99775	-0.05417
619.06919	-0.04100
617.14062	-0.03337
615.21206	-0.02830
613.28350	-0.02337
611.35493	-0.01952
609.42637	-0.01849
607.49780	-0.01922
605.56924	-0.02016
603.64067	-0.02105
601.71211	-0.02215
599.78354	-0.02456
