3997.91411	0.02150
3995.98555	0.02144
3994.05698	0.02138
3992.12842	0.02126
3990.19985	0.02111
3988.27129	0.02108
3986.34272	0.02121
3984.41416	0.02131
3982.48560	0.02130
3980.55703	0.02131
3978.62847	0.02144
3976.69990	0.02160
3974.77134	0.02163
3972.84277	0.02153
3970.91421	0.02141
3968.98564	0.02131
3967.05708	0.02126
3965.12852	0.02129
3963.19995	0.02136
3961.27139	0.02138
3959.34282	0.02131
3957.41426	0.02123
3955.48569	0.02124
3953.55713	0.02130
3951.62856	0.02127
3949.70000	0.02115
3947.77144	0.02110
3945.84287	0.02120
3943.91431	0.02131
3941.98574	0.02132
3940.05718	0.02126
3938.12861	0.02120
3936.20005	0.02117
3934.27148	0.02114
3932.34292	0.02117
3930.41436	0.02129
3928.48579	0.02138
3926.55723	0.02132
3924.62866	0.02120
3922.70010	0.02114
3920.77153	0.02119
3918.84297	0.02124
3916.91440	0.02123
3914.98584	0.02124
3913.05728	0.02126
3911.12871	0.02123
3909.20015	0.02111
3907.27158	0.02097
3905.34302	0.02084
3903.41445	0.02075
3901.48589	0.02079
3899.55732	0.02097
3897.62876	0.02113
3895.70020	0.02107
3893.77163	0.02089
3891.84307	0.02078
3889.91450	0.02076
3887.98594	0.02070
3886.05737	0.02062
3884.12881	0.02059
3882.20024	0.02065
3880.27168	0.02078
3878.34312	0.02088
3876.41455	0.02083
3874.48599	0.02064
3872.55742	0.02042
3870.62886	0.02032
3868.70029	0.02029
3866.77173	0.02018
3864.84316	0.01999
3862.91460	0.01990
3860.98604	0.01998
3859.05747	0.02004
3857.12891	0.01994
3855.20034	0.01986
3853.27178	0.02008
3851.34321	0.02032
3849.41465	0.02024
3847.48608	0.01999
3845.55752	0.01978
3843.62896	0.01966
3841.70039	0.01960
3839.77183	0.01961
3837.84326	0.01971
3835.91470	0.01985
3833.98613	0.01995
3832.05757	0.02005
3830.12900	0.02014
3828.20044	0.02012
3826.27187	0.01994
3824.34331	0.01967
3822.41475	0.01954
3820.48618	0.01961
3818.55762	0.01975
3816.62905	0.01992
3814.70049	0.02011
3812.77192	0.02016
3810.84336	0.02002
3808.91479	0.01982
3806.98623	0.01966
3805.05767	0.01961
3803.12910	0.01968
3801.20054	0.01980
3799.27197	0.01985
3797.34341	0.01985
3795.41484	0.01988
3793.48628	0.01985
3791.55771	0.01974
3789.62915	0.01969
3787.70059	0.01974
3785.77202	0.01977
3783.84346	0.01974
3781.91489	0.01969
3779.98633	0.01966
3778.05776	0.01966
3776.12920	0.01973
3774.20063	0.01987
3772.27207	0.01995
3770.34351	0.01985
3768.41494	0.01962
3766.48638	0.01944
3764.55781	0.01930
3762.62925	0.01916
3760.70068	0.01913
3758.77212	0.01922
3756.84355	0.01917
3754.91499	0.01882
3752.98643	0.01840
3751.05786	0.01827
3749.12930	0.01844
3747.20073	0.01861
3745.27217	0.01868
3743.34360	0.01875
3741.41504	0.01868
3739.48647	0.01848
3737.55791	0.01837
3735.62935	0.01838
3733.70078	0.01844
3731.77222	0.01854
3729.84365	0.01866
3727.91509	0.01869
3725.98652	0.01870
3724.05796	0.01874
3722.12939	0.01876
3720.20083	0.01873
3718.27227	0.01866
3716.34370	0.01862
3714.41514	0.01866
3712.48657	0.01880
3710.55801	0.01898
3708.62944	0.01910
3706.70088	0.01913
3704.77231	0.01911
3702.84375	0.01912
3700.91519	0.01921
3698.98662	0.01929
3697.05806	0.01933
3695.12949	0.01935
3693.20093	0.01933
3691.27236	0.01924
3689.34380	0.01918
3687.41523	0.01935
3685.48667	0.01961
3683.55811	0.01971
3681.62954	0.01967
3679.70098	0.01960
3677.77241	0.01955
3675.84385	0.01963
3673.91528	0.01975
3671.98672	0.01982
3670.05815	0.01996
3668.12959	0.02018
3666.20103	0.02032
3664.27246	0.02043
3662.34390	0.02057
3660.41533	0.02070
3658.48677	0.02080
3656.55820	0.02090
3654.62964	0.02100
3652.70107	0.02110
3650.77251	0.02124
3648.84395	0.02156
3646.91538	0.02208
3644.98682	0.02249
3643.05825	0.02270
3641.12969	0.02290
3639.20112	0.02313
3637.27256	0.02327
3635.34399	0.02332
3633.41543	0.02338
3631.48687	0.02356
3629.55830	0.02393
3627.62974	0.02435
3625.70117	0.02458
3623.77261	0.02475
3621.84404	0.02503
3619.91548	0.02543
3617.98691	0.02588
3616.05835	0.02627
3614.12979	0.02652
3612.20122	0.02668
3610.27266	0.02695
3608.34409	0.02748
3606.41553	0.02803
3604.48696	0.02835
3602.55840	0.02854
3600.62983	0.02871
3598.70127	0.02885
3596.77271	0.02899
3594.84414	0.02912
3592.91558	0.02917
3590.98701	0.02922
3589.05845	0.02949
3587.12988	0.03000
3585.20132	0.03050
3583.27275	0.03087
3581.34419	0.03114
3579.41562	0.03133
3577.48706	0.03155
3575.55850	0.03197
3573.62993	0.03252
3571.70137	0.03300
3569.77280	0.03344
3567.84424	0.03397
3565.91567	0.03441
3563.98711	0.03461
3562.05854	0.03475
3560.12998	0.03508
3558.20142	0.03556
3556.27285	0.03602
3554.34429	0.03641
3552.41572	0.03680
3550.48716	0.03720
3548.55859	0.03760
3546.63003	0.03799
3544.70146	0.03835
3542.77290	0.03869
3540.84434	0.03909
3538.91577	0.03957
3536.98721	0.04006
3535.05864	0.04047
3533.13008	0.04081
3531.20151	0.04112
3529.27295	0.04134
3527.34438	0.04152
3525.41582	0.04183
3523.48726	0.04236
3521.55869	0.04299
3519.63013	0.04349
3517.70156	0.04375
3515.77300	0.04395
3513.84443	0.04414
3511.91587	0.04419
3509.98730	0.04425
3508.05874	0.04461
3506.13018	0.04515
3504.20161	0.04561
3502.27305	0.04599
3500.34448	0.04634
3498.41592	0.04663
3496.48735	0.04687
3494.55879	0.04710
3492.63022	0.04726
3490.70166	0.04745
3488.77310	0.04783
3486.84453	0.04827
3484.91597	0.04855
3482.98740	0.04876
3481.05884	0.04908
3479.13027	0.04949
3477.20171	0.04986
3475.27314	0.05008
3473.34458	0.05020
3471.41602	0.05036
3469.48745	0.05063
3467.55889	0.05104
3465.63032	0.05153
3463.70176	0.05182
3461.77319	0.05187
3459.84463	0.05193
3457.91606	0.05221
3455.98750	0.05266
3454.05894	0.05313
3452.13037	0.05344
3450.20181	0.05365
3448.27324	0.05386
3446.34468	0.05394
3444.41611	0.05388
3442.48755	0.05394
3440.55898	0.05421
3438.63042	0.05456
3436.70186	0.05499
3434.77329	0.05541
3432.84473	0.05563
3430.91616	0.05560
3428.98760	0.05549
3427.05903	0.05557
3425.13047	0.05588
3423.20190	0.05614
3421.27334	0.05617
3419.34478	0.05622
3417.41621	0.05654
3415.48765	0.05695
3413.55908	0.05721
3411.63052	0.05737
3409.70195	0.05750
3407.77339	0.05760
3405.84482	0.05772
3403.91626	0.05787
3401.98770	0.05800
3400.05913	0.05806
3398.13057	0.05796
3396.20200	0.05798
3394.27344	0.05808
3392.34487	0.05832
3390.41631	0.05854
3388.48774	0.05863
3386.55918	0.05871
3384.63062	0.05883
3382.70205	0.05897
3380.77349	0.05907
3378.84492	0.05912
3376.91636	0.05917
3374.98779	0.05926
3373.05923	0.05941
3371.13066	0.05953
3369.20210	0.05959
3367.27354	0.05964
3365.34497	0.05971
3363.41641	0.05977
3361.48784	0.05989
3359.55928	0.06011
3357.63071	0.06039
3355.70215	0.06056
3353.77358	0.06042
3351.84502	0.06014
3349.91646	0.06003
3347.98789	0.06007
3346.05933	0.06006
3344.13076	0.06013
3342.20220	0.06031
3340.27363	0.06038
3338.34507	0.06033
3336.41650	0.06040
3334.48794	0.06057
3332.55937	0.06063
3330.63081	0.06061
3328.70225	0.06069
3326.77368	0.06083
3324.84512	0.06094
3322.91655	0.06105
3320.98799	0.06121
3319.05942	0.06128
3317.13086	0.06126
3315.20229	0.06121
3313.27373	0.06124
3311.34517	0.06132
3309.41660	0.06134
3307.48804	0.06134
3305.55947	0.06146
3303.63091	0.06170
3301.70234	0.06194
3299.77378	0.06195
3297.84521	0.06167
3295.91665	0.06137
3293.98809	0.06115
3292.05952	0.06091
3290.13096	0.06067
3288.20239	0.06055
3286.27383	0.06054
3284.34526	0.06048
3282.41670	0.06027
3280.48813	0.05994
3278.55957	0.05955
3276.63101	0.05922
3274.70244	0.05895
3272.77388	0.05865
3270.84531	0.05838
3268.91675	0.05824
3266.98818	0.05816
3265.05962	0.05797
3263.13105	0.05764
3261.20249	0.05723
3259.27393	0.05689
3257.34536	0.05659
3255.41680	0.05628
3253.48823	0.05603
3251.55967	0.05572
3249.63110	0.05526
3247.70254	0.05483
3245.77397	0.05455
3243.84541	0.05434
3241.91685	0.05402
3239.98828	0.05357
3238.05972	0.05305
3236.13115	0.05258
3234.20259	0.05227
3232.27402	0.05210
3230.34546	0.05190
3228.41689	0.05155
3226.48833	0.05110
3224.55977	0.05077
3222.63120	0.05051
3220.70264	0.05015
3218.77407	0.04986
3216.84551	0.04978
3214.91694	0.04970
3212.98838	0.04950
3211.05981	0.04922
3209.13125	0.04885
3207.20269	0.04843
3205.27412	0.04809
3203.34556	0.04784
3201.41699	0.04759
3199.48843	0.04731
3197.55986	0.04705
3195.63130	0.04671
3193.70273	0.04631
3191.77417	0.04599
3189.84561	0.04572
3187.91704	0.04541
3185.98848	0.04508
3184.05991	0.04471
3182.13135	0.04442
3180.20278	0.04433
3178.27422	0.04413
3176.34565	0.04355
3174.41709	0.04284
3172.48853	0.04243
3170.55996	0.04237
3168.63140	0.04231
3166.70283	0.04205
3164.77427	0.04178
3162.84570	0.04160
3160.91714	0.04133
3158.98857	0.04096
3157.06001	0.04054
3155.13145	0.04001
3153.20288	0.03955
3151.27432	0.03938
3149.34575	0.03925
3147.41719	0.03893
3145.48862	0.03857
3143.56006	0.03832
3141.63149	0.03813
3139.70293	0.03795
3137.77437	0.03773
3135.84580	0.03743
3133.91724	0.03709
3131.98867	0.03675
3130.06011	0.03651
3128.13154	0.03641
3126.20298	0.03632
3124.27441	0.03613
3122.34585	0.03588
3120.41729	0.03562
3118.48872	0.03537
3116.56016	0.03513
3114.63159	0.03497
3112.70303	0.03493
3110.77446	0.03490
3108.84590	0.03477
3106.91733	0.03463
3104.98877	0.03453
3103.06021	0.03430
3101.13164	0.03402
3099.20308	0.03394
3097.27451	0.03405
3095.34595	0.03412
3093.41738	0.03401
3091.48882	0.03378
3089.56025	0.03361
3087.63169	0.03356
3085.70312	0.03357
3083.77456	0.03361
3081.84600	0.03352
3079.91743	0.03327
3077.98887	0.03304
3076.06030	0.03289
3074.13174	0.03269
3072.20317	0.03248
3070.27461	0.03233
3068.34604	0.03218
3066.41748	0.03198
3064.48892	0.03175
3062.56035	0.03152
3060.63179	0.03124
3058.70322	0.03088
3056.77466	0.03053
3054.84609	0.03034
3052.91753	0.03025
3050.98896	0.03006
3049.06040	0.02977
3047.13184	0.02949
3045.20327	0.02928
3043.27471	0.02914
3041.34614	0.02901
3039.41758	0.02883
3037.48901	0.02860
3035.56045	0.02837
3033.63188	0.02816
3031.70332	0.02794
3029.77476	0.02775
3027.84619	0.02762
3025.91763	0.02749
3023.98906	0.02726
3022.06050	0.02698
3020.13193	0.02675
3018.20337	0.02660
3016.27480	0.02654
3014.34624	0.02654
3012.41768	0.02651
3010.48911	0.02651
3008.56055	0.02660
3006.63198	0.02666
3004.70342	0.02665
3002.77485	0.02666
3000.84629	0.02675
2998.91772	0.02695
2996.98916	0.02725
2995.06060	0.02755
2993.13203	0.02787
2991.20347	0.02830
2989.27490	0.02896
2987.34634	0.02986
2985.41777	0.03078
2983.48921	0.03158
2981.56064	0.03248
2979.63208	0.03373
2977.70352	0.03531
2975.77495	0.03708
2973.84639	0.03898
2971.91782	0.04102
2969.98926	0.04332
2968.06069	0.04597
2966.13213	0.04886
2964.20356	0.05186
2962.27500	0.05480
2960.34644	0.05743
2958.41787	0.05967
2956.48931	0.06179
2954.56074	0.06395
2952.63218	0.06603
2950.70361	0.06815
2948.77505	0.07094
2946.84648	0.07504
2944.91792	0.08062
2942.98936	0.08767
2941.06079	0.09639
2939.13223	0.10700
2937.20366	0.11950
2935.27510	0.13381
2933.34653	0.15008
2931.41797	0.16888
2929.48940	0.19091
2927.56084	0.21695
2925.63228	0.24836
2923.70371	0.28662
2921.77515	0.33210
2919.84658	0.38241
2917.91802	0.43003
2915.98945	0.46157
2914.06089	0.46526
2912.13232	0.44254
2910.20376	0.40651
2908.27520	0.36963
2906.34663	0.33778
2904.41807	0.31201
2902.48950	0.29126
2900.56094	0.27434
2898.63237	0.26038
2896.70381	0.24824
2894.77524	0.23679
2892.84668	0.22557
2890.91812	0.21452
2888.98955	0.20355
2887.06099	0.19258
2885.13242	0.18188
2883.20386	0.17173
2881.27529	0.16215
2879.34673	0.15305
2877.41816	0.14447
2875.48960	0.13678
2873.56104	0.13050
2871.63247	0.12583
2869.70391	0.12264
2867.77534	0.12098
2865.84678	0.12137
2863.91821	0.12482
2861.98965	0.13251
2860.06108	0.14583
2858.13252	0.16692
2856.20396	0.19924
2854.27539	0.24734
2852.34683	0.31295
2850.41826	0.38360
2848.48970	0.42454
2846.56113	0.40904
2844.63257	0.35557
2842.70400	0.29747
2840.77544	0.24967
2838.84687	0.21349
2836.91831	0.18671
2834.98975	0.16685
2833.06118	0.15168
2831.13262	0.13972
2829.20405	0.13022
2827.27549	0.12258
2825.34692	0.11623
2823.41836	0.11084
2821.48979	0.10629
2819.56123	0.10231
2817.63267	0.09877
2815.70410	0.09564
2813.77554	0.09284
2811.84697	0.09027
2809.91841	0.08788
2807.98984	0.08567
2806.06128	0.08365
2804.13271	0.08183
2802.20415	0.08012
2800.27559	0.07849
2798.34702	0.07699
2796.41846	0.07565
2794.48989	0.07436
2792.56133	0.07305
2790.63276	0.07176
2788.70420	0.07048
2786.77563	0.06927
2784.84707	0.06824
2782.91851	0.06730
2780.98994	0.06632
2779.06138	0.06530
2777.13281	0.06430
2775.20425	0.06330
2773.27568	0.06234
2771.34712	0.06157
2769.41855	0.06094
2767.48999	0.06033
2765.56143	0.05971
2763.63286	0.05913
2761.70430	0.05854
2759.77573	0.05795
2757.84717	0.05745
2755.91860	0.05700
2753.99004	0.05651
2752.06147	0.05598
2750.13291	0.05553
2748.20435	0.05521
2746.27578	0.05495
2744.34722	0.05474
2742.41865	0.05460
2740.49009	0.05444
2738.56152	0.05418
2736.63296	0.05389
2734.70439	0.05361
2732.77583	0.05328
2730.84727	0.05294
2728.91870	0.05263
2726.99014	0.05233
2725.06157	0.05200
2723.13301	0.05163
2721.20444	0.05124
2719.27588	0.05090
2717.34731	0.05067
2715.41875	0.05042
2713.49019	0.05008
2711.56162	0.04979
2709.63306	0.04952
2707.70449	0.04921
2705.77593	0.04888
2703.84736	0.04859
2701.91880	0.04839
2699.99023	0.04823
2698.06167	0.04803
2696.13311	0.04780
2694.20454	0.04757
2692.27598	0.04742
2690.34741	0.04734
2688.41885	0.04722
2686.49028	0.04703
2684.56172	0.04684
2682.63315	0.04675
2680.70459	0.04672
2678.77603	0.04665
2676.84746	0.04655
2674.91890	0.04646
2672.99033	0.04638
2671.06177	0.04632
2669.13320	0.04634
2667.20464	0.04642
2665.27607	0.04654
2663.34751	0.04665
2661.41895	0.04665
2659.49038	0.04661
2657.56182	0.04661
2655.63325	0.04651
2653.70469	0.04632
2651.77612	0.04616
2649.84756	0.04603
2647.91899	0.04587
2645.99043	0.04573
2644.06187	0.04561
2642.13330	0.04550
2640.20474	0.04537
2638.27617	0.04526
2636.34761	0.04517
2634.41904	0.04506
2632.49048	0.04487
2630.56191	0.04453
2628.63335	0.04415
2626.70479	0.04381
2624.77622	0.04348
2622.84766	0.04309
2620.91909	0.04277
2618.99053	0.04259
2617.06196	0.04239
2615.13340	0.04202
2613.20483	0.04160
2611.27627	0.04125
2609.34771	0.04097
2607.41914	0.04073
2605.49058	0.04055
2603.56201	0.04033
2601.63345	0.04002
2599.70488	0.03975
2597.77632	0.03957
2595.84775	0.03934
2593.91919	0.03903
2591.99062	0.03880
2590.06206	0.03866
2588.13350	0.03849
2586.20493	0.03822
2584.27637	0.03794
2582.34780	0.03767
2580.41924	0.03735
2578.49067	0.03701
2576.56211	0.03683
2574.63354	0.03682
2572.70498	0.03677
2570.77642	0.03656
2568.84785	0.03630
2566.91929	0.03610
2564.99072	0.03591
2563.06216	0.03574
2561.13359	0.03558
2559.20503	0.03542
2557.27646	0.03536
2555.34790	0.03531
2553.41934	0.03508
2551.49077	0.03479
2549.56221	0.03464
2547.63364	0.03453
2545.70508	0.03435
2543.77651	0.03419
2541.84795	0.03405
2539.91938	0.03380
2537.99082	0.03357
2536.06226	0.03351
2534.13369	0.03356
2532.20513	0.03363
2530.27656	0.03366
2528.34800	0.03355
2526.41943	0.03335
2524.49087	0.03322
2522.56230	0.03320
2520.63374	0.03307
2518.70518	0.03281
2516.77661	0.03263
2514.84805	0.03253
2512.91948	0.03245
2510.99092	0.03245
2509.06235	0.03241
2507.13379	0.03222
2505.20522	0.03199
2503.27666	0.03181
2501.34810	0.03172
2499.41953	0.03177
2497.49097	0.03181
2495.56240	0.03173
2493.63384	0.03162
2491.70527	0.03154
2489.77671	0.03141
2487.84814	0.03123
2485.91958	0.03108
2483.99102	0.03092
2482.06245	0.03079
2480.13389	0.03079
2478.20532	0.03087
2476.27676	0.03089
2474.34819	0.03086
2472.41963	0.03078
2470.49106	0.03062
2468.56250	0.03044
2466.63394	0.03030
2464.70537	0.03021
2462.77681	0.03017
2460.84824	0.03011
2458.91968	0.03005
2456.99111	0.03007
2455.06255	0.03012
2453.13398	0.03007
2451.20542	0.02987
2449.27686	0.02970
2447.34829	0.02961
2445.41973	0.02949
2443.49116	0.02932
2441.56260	0.02918
2439.63403	0.02912
2437.70547	0.02915
2435.77690	0.02920
2433.84834	0.02918
2431.91978	0.02912
2429.99121	0.02905
2428.06265	0.02892
2426.13408	0.02877
2424.20552	0.02872
2422.27695	0.02868
2420.34839	0.02866
2418.41982	0.02870
2416.49126	0.02875
2414.56270	0.02873
2412.63413	0.02869
2410.70557	0.02873
2408.77700	0.02873
2406.84844	0.02859
2404.91987	0.02837
2402.99131	0.02821
2401.06274	0.02812
2399.13418	0.02831
2397.20562	0.02829
2395.27705	0.02818
2393.34849	0.02805
2391.41992	0.02787
2389.49136	0.02763
2387.56279	0.02744
2385.63423	0.02728
2383.70566	0.02712
2381.77710	0.02687
2379.84854	0.02656
2377.91997	0.02627
2375.99141	0.02609
2374.06284	0.02597
2372.13428	0.02582
2370.20571	0.02564
2368.27715	0.02547
2366.34858	0.02535
2364.42002	0.02539
2362.49146	0.02561
2360.56289	0.02586
2358.63433	0.02606
2356.70576	0.02626
2354.77720	0.02643
2352.84863	0.02642
2350.92007	0.02631
2348.99150	0.02631
2347.06294	0.02661
2345.13437	0.02692
2343.20581	0.02710
2341.27725	0.02724
2339.34868	0.02734
2337.42012	0.02737
2335.49155	0.02741
2333.56299	0.02742
2331.63442	0.02735
2329.70586	0.02745
2327.77729	0.02809
2325.84873	0.02928
2323.92017	0.03018
2321.99160	0.03015
2320.06304	0.02960
2318.13447	0.02912
2316.20591	0.02878
2314.27734	0.02855
2312.34878	0.02845
2310.42021	0.02845
2308.49165	0.02846
2306.56309	0.02854
2304.63452	0.02867
2302.70596	0.02871
2300.77739	0.02862
2298.84883	0.02855
2296.92026	0.02858
2294.99170	0.02866
2293.06313	0.02879
2291.13457	0.02901
2289.20601	0.02926
2287.27744	0.02946
2285.34888	0.02953
2283.42031	0.02938
2281.49175	0.02902
2279.56318	0.02865
2277.63462	0.02839
2275.70605	0.02814
2273.77749	0.02791
2271.84893	0.02782
2269.92036	0.02777
2267.99180	0.02753
2266.06323	0.02712
2264.13467	0.02674
2262.20610	0.02653
2260.27754	0.02653
2258.34897	0.02655
2256.42041	0.02644
2254.49185	0.02630
2252.56328	0.02625
2250.63472	0.02622
2248.70615	0.02621
2246.77759	0.02595
2244.84902	0.02594
2242.92046	0.02613
2240.99189	0.02623
2239.06333	0.02631
2237.13477	0.02633
2235.20620	0.02612
2233.27764	0.02584
2231.34907	0.02569
2229.42051	0.02564
2227.49194	0.02552
2225.56338	0.02536
2223.63481	0.02533
2221.70625	0.02535
2219.77769	0.02529
2217.84912	0.02544
2215.92056	0.02578
2213.99199	0.02572
2212.06343	0.02528
2210.13486	0.02498
2208.20630	0.02499
2206.27773	0.02514
2204.34917	0.02519
2202.42061	0.02518
2200.49204	0.02522
2198.56348	0.02533
2196.63491	0.02553
2194.70635	0.02561
2192.77778	0.02546
2190.84922	0.02535
2188.92065	0.02537
2186.99209	0.02533
2185.06353	0.02508
2183.13496	0.02458
2181.20640	0.02412
2179.27783	0.02412
2177.34927	0.02425
2175.42070	0.02411
2173.49214	0.02415
2171.56357	0.02475
2169.63501	0.02556
2167.70645	0.02617
2165.77788	0.02647
2163.84932	0.02669
2161.92075	0.02610
2159.99219	0.02301
2158.06362	0.01910
2156.13506	0.01802
2154.20649	0.01912
2152.27793	0.02030
2150.34937	0.02094
2148.42080	0.02104
2146.49224	0.02108
2144.56367	0.02122
2142.63511	0.02115
2140.70654	0.02108
2138.77798	0.02116
2136.84941	0.02097
2134.92085	0.02059
2132.99229	0.02062
2131.06372	0.02106
2129.13516	0.02153
2127.20659	0.02186
2125.27803	0.02218
2123.34946	0.02264
2121.42090	0.02319
2119.49233	0.02366
2117.56377	0.02391
2115.63521	0.02403
2113.70664	0.02414
2111.77808	0.02413
2109.84951	0.02401
2107.92095	0.02390
2105.99238	0.02384
2104.06382	0.02384
2102.13525	0.02386
2100.20669	0.02390
2098.27812	0.02392
2096.34956	0.02351
2094.42100	0.02295
2092.49243	0.02277
2090.56387	0.02293
2088.63530	0.02329
2086.70674	0.02381
2084.77817	0.02418
2082.84961	0.02431
2080.92104	0.02439
2078.99248	0.02452
2077.06392	0.02460
2075.13535	0.02467
2073.20679	0.02474
2071.27822	0.02472
2069.34966	0.02459
2067.42109	0.02459
2065.49253	0.02472
2063.56396	0.02474
2061.63540	0.02451
2059.70684	0.02430
2057.77827	0.02439
2055.84971	0.02453
2053.92114	0.02490
2051.99258	0.02587
2050.06401	0.02646
2048.13545	0.02590
2046.20688	0.02513
2044.27832	0.02478
2042.34976	0.02468
2040.42119	0.02478
2038.49263	0.02503
2036.56406	0.02514
2034.63550	0.02480
2032.70693	0.02401
2030.77837	0.02317
2028.84980	0.02272
2026.92124	0.02275
2024.99268	0.02302
2023.06411	0.02329
2021.13555	0.02341
2019.20698	0.02337
2017.27842	0.02341
2015.34985	0.02367
2013.42129	0.02386
2011.49272	0.02381
2009.56416	0.02353
2007.63560	0.02291
2005.70703	0.02239
2003.77847	0.02236
2001.84990	0.02249
1999.92134	0.02255
1997.99277	0.02279
1996.06421	0.02316
1994.13564	0.02311
1992.20708	0.02273
1990.27852	0.02266
1988.34995	0.02302
1986.42139	0.02348
1984.49282	0.02389
1982.56426	0.02458
1980.63569	0.02547
1978.70713	0.02545
1976.77856	0.02410
1974.85000	0.02260
1972.92144	0.02174
1970.99287	0.02134
1969.06431	0.02114
1967.13574	0.02105
1965.20718	0.02121
1963.27861	0.02146
1961.35005	0.02107
1959.42148	0.02027
1957.49292	0.02014
1955.56436	0.02058
1953.63579	0.02080
1951.70723	0.02081
1949.77866	0.02101
1947.85010	0.02126
1945.92153	0.02133
1943.99297	0.02129
1942.06440	0.02129
1940.13584	0.02150
1938.20728	0.02173
1936.27871	0.02168
1934.35015	0.02155
1932.42158	0.02162
1930.49302	0.02178
1928.56445	0.02182
1926.63589	0.02177
1924.70732	0.02182
1922.77876	0.02202
1920.85020	0.02227
1918.92163	0.02247
1916.99307	0.02258
1915.06450	0.02268
1913.13594	0.02293
1911.20737	0.02319
1909.27881	0.02325
1907.35024	0.02317
1905.42168	0.02317
1903.49312	0.02324
1901.56455	0.02325
1899.63599	0.02317
1897.70742	0.02314
1895.77886	0.02321
1893.85029	0.02318
1891.92173	0.02301
1889.99316	0.02287
1888.06460	0.02283
1886.13604	0.02285
1884.20747	0.02289
1882.27891	0.02295
1880.35034	0.02295
1878.42178	0.02285
1876.49321	0.02276
1874.56465	0.02281
1872.63608	0.02288
1870.70752	0.02285
1868.77896	0.02284
1866.85039	0.02287
1864.92183	0.02291
1862.99326	0.02295
1861.06470	0.02291
1859.13613	0.02279
1857.20757	0.02269
1855.27900	0.02267
1853.35044	0.02275
1851.42187	0.02285
1849.49331	0.02289
1847.56475	0.02285
1845.63618	0.02279
1843.70762	0.02279
1841.77905	0.02282
1839.85049	0.02282
1837.92192	0.02285
1835.99336	0.02290
1834.06479	0.02294
1832.13623	0.02303
1830.20767	0.02319
1828.27910	0.02336
1826.35054	0.02358
1824.42197	0.02392
1822.49341	0.02424
1820.56484	0.02433
1818.63628	0.02414
1816.70771	0.02390
1814.77915	0.02385
1812.85059	0.02400
1810.92202	0.02425
1808.99346	0.02452
1807.06489	0.02475
1805.13633	0.02496
1803.20776	0.02519
1801.27920	0.02550
1799.35063	0.02587
1797.42207	0.02625
1795.49351	0.02667
1793.56494	0.02725
1791.63638	0.02802
1789.70781	0.02876
1787.77925	0.02931
1785.85068	0.02974
1783.92212	0.03019
1781.99355	0.03066
1780.06499	0.03099
1778.13643	0.03113
1776.20786	0.03119
1774.27930	0.03132
1772.35073	0.03155
1770.42217	0.03176
1768.49360	0.03190
1766.56504	0.03206
1764.63647	0.03219
1762.70791	0.03236
1760.77935	0.03265
1758.85078	0.03303
1756.92222	0.03353
1754.99365	0.03412
1753.06509	0.03489
1751.13652	0.03603
1749.20796	0.03756
1747.27939	0.03923
1745.35083	0.04092
1743.42227	0.04265
1741.49370	0.04441
1739.56514	0.04603
1737.63657	0.04723
1735.70801	0.04813
1733.77944	0.04903
1731.85088	0.04983
1729.92231	0.05041
1727.99375	0.05108
1726.06519	0.05214
1724.13662	0.05352
1722.20806	0.05492
1720.27949	0.05625
1718.35093	0.05784
1716.42236	0.05978
1714.49380	0.06164
1712.56523	0.06295
1710.63667	0.06365
1708.70811	0.06382
1706.77954	0.06354
1704.85098	0.06290
1702.92241	0.06221
1700.99385	0.06173
1699.06528	0.06145
1697.13672	0.06113
1695.20815	0.06063
1693.27959	0.06007
1691.35103	0.05965
1689.42246	0.05952
1687.49390	0.05970
1685.56533	0.06032
1683.63677	0.06132
1681.70820	0.06222
1679.77964	0.06293
1677.85107	0.06379
1675.92251	0.06495
1673.99395	0.06618
1672.06538	0.06725
1670.13682	0.06836
1668.20825	0.06953
1666.27969	0.07054
1664.35112	0.07152
1662.42256	0.07262
1660.49399	0.07359
1658.56543	0.07426
1656.63687	0.07478
1654.70830	0.07544
1652.77974	0.07633
1650.85117	0.07696
1648.92261	0.07730
1646.99404	0.07791
1645.06548	0.07880
1643.13691	0.07948
1641.20835	0.07978
1639.27979	0.07976
1637.35122	0.07947
1635.42266	0.07894
1633.49409	0.07826
1631.56553	0.07751
1629.63696	0.07666
1627.70840	0.07564
1625.77983	0.07444
1623.85127	0.07312
1621.92271	0.07176
1619.99414	0.07039
1618.06558	0.06895
1616.13701	0.06749
1614.20845	0.06628
1612.27988	0.06539
1610.35132	0.06469
1608.42275	0.06413
1606.49419	0.06367
1604.56562	0.06334
1602.63706	0.06310
1600.70850	0.06295
1598.77993	0.06292
1596.85137	0.06300
1594.92280	0.06319
1592.99424	0.06344
1591.06567	0.06374
1589.13711	0.06415
1587.20854	0.06473
1585.27998	0.06551
1583.35142	0.06649
1581.42285	0.06757
1579.49429	0.06854
1577.56572	0.06913
1575.63716	0.06918
1573.70859	0.06870
1571.78003	0.06796
1569.85146	0.06720
1567.92290	0.06654
1565.99434	0.06604
1564.06577	0.06570
1562.13721	0.06558
1560.20864	0.06578
1558.28008	0.06618
1556.35151	0.06636
1554.42295	0.06644
1552.49438	0.06675
1550.56582	0.06731
1548.63726	0.06796
1546.70869	0.06865
1544.78013	0.06934
1542.85156	0.06972
1540.92300	0.06921
1538.99443	0.06762
1537.06587	0.06553
1535.13730	0.06336
1533.20874	0.06107
1531.28018	0.05891
1529.35161	0.05708
1527.42305	0.05547
1525.49448	0.05398
1523.56592	0.05270
1521.63735	0.05159
1519.70879	0.05064
1517.78022	0.04979
1515.85166	0.04887
1513.92310	0.04787
1511.99453	0.04694
1510.06597	0.04613
1508.13740	0.04533
1506.20884	0.04442
1504.28027	0.04356
1502.35171	0.04290
1500.42314	0.04244
1498.49458	0.04211
1496.56602	0.04179
1494.63745	0.04152
1492.70889	0.04143
1490.78032	0.04161
1488.85176	0.04208
1486.92319	0.04283
1484.99463	0.04392
1483.06606	0.04572
1481.13750	0.04914
1479.20894	0.05737
1477.28037	0.07827
1475.35181	0.11905
1473.42324	0.16969
1471.49468	0.19990
1469.56611	0.19730
1467.63755	0.18263
1465.70898	0.17433
1463.78042	0.17233
1461.85186	0.16691
1459.92329	0.15366
1457.99473	0.13666
1456.06616	0.12267
1454.13760	0.11390
1452.20903	0.10770
1450.28047	0.10232
1448.35190	0.09783
1446.42334	0.09451
1444.49478	0.09226
1442.56621	0.09073
1440.63765	0.08957
1438.70908	0.08853
1436.78052	0.08730
1434.85195	0.08574
1432.92339	0.08392
1430.99482	0.08193
1429.06626	0.07994
1427.13770	0.07825
1425.20913	0.07702
1423.28057	0.07624
1421.35200	0.07580
1419.42344	0.07555
1417.49487	0.07534
1415.56631	0.07513
1413.63774	0.07490
1411.70918	0.07453
1409.78062	0.07390
1407.85205	0.07302
1405.92349	0.07194
1403.99492	0.07073
1402.06636	0.06954
1400.13779	0.06846
1398.20923	0.06749
1396.28066	0.06667
1394.35210	0.06606
1392.42354	0.06566
1390.49497	0.06546
1388.56641	0.06556
1386.63784	0.06617
1384.70928	0.06741
1382.78071	0.06943
1380.85215	0.07208
1378.92358	0.07457
1376.99502	0.07583
1375.06646	0.07550
1373.13789	0.07425
1371.20933	0.07301
1369.28076	0.07204
1367.35220	0.07109
1365.42363	0.07004
1363.49507	0.06902
1361.56650	0.06815
1359.63794	0.06751
1357.70937	0.06706
1355.78081	0.06667
1353.85225	0.06633
1351.92368	0.06605
1349.99512	0.06573
1348.06655	0.06528
1346.13799	0.06472
1344.20942	0.06418
1342.28086	0.06370
1340.35229	0.06326
1338.42373	0.06276
1336.49517	0.06227
1334.56660	0.06189
1332.63804	0.06165
1330.70947	0.06157
1328.78091	0.06166
1326.85234	0.06191
1324.92378	0.06234
1322.99521	0.06301
1321.06665	0.06383
1319.13809	0.06462
1317.20952	0.06518
1315.28096	0.06548
1313.35239	0.06561
1311.42383	0.06566
1309.49526	0.06574
1307.56670	0.06587
1305.63813	0.06602
1303.70957	0.06616
1301.78101	0.06625
1299.85244	0.06633
1297.92388	0.06642
1295.99531	0.06649
1294.06675	0.06651
1292.13818	0.06651
1290.20962	0.06655
1288.28105	0.06664
1286.35249	0.06678
1284.42393	0.06694
1282.49536	0.06710
1280.56680	0.06725
1278.63823	0.06737
1276.70967	0.06747
1274.78110	0.06756
1272.85254	0.06767
1270.92397	0.06785
1268.99541	0.06816
1267.06685	0.06860
1265.13828	0.06907
1263.20972	0.06950
1261.28115	0.06984
1259.35259	0.07006
1257.42402	0.07019
1255.49546	0.07023
1253.56689	0.07024
1251.63833	0.07030
1249.70977	0.07040
1247.78120	0.07044
1245.85264	0.07036
1243.92407	0.07021
1241.99551	0.07004
1240.06694	0.06979
1238.13838	0.06944
1236.20981	0.06901
1234.28125	0.06848
1232.35269	0.06789
1230.42412	0.06741
1228.49556	0.06707
1226.56699	0.06684
1224.63843	0.06671
1222.70986	0.06655
1220.78130	0.06611
1218.85273	0.06532
1216.92417	0.06468
1214.99561	0.06459
1213.06704	0.06485
1211.13848	0.06507
1209.20991	0.06515
1207.28135	0.06519
1205.35278	0.06533
1203.42422	0.06562
1201.49565	0.06595
1199.56709	0.06629
1197.63853	0.06658
1195.70996	0.06684
1193.78140	0.06714
1191.85283	0.06753
1189.92427	0.06798
1187.99570	0.06849
1186.06714	0.06913
1184.13857	0.06990
1182.21001	0.07078
1180.28145	0.07174
1178.35288	0.07273
1176.42432	0.07362
1174.49575	0.07443
1172.56719	0.07523
1170.63862	0.07603
1168.71006	0.07683
1166.78149	0.07757
1164.85293	0.07819
1162.92437	0.07868
1160.99580	0.07899
1159.06724	0.07907
1157.13867	0.07893
1155.21011	0.07868
1153.28154	0.07838
1151.35298	0.07803
1149.42441	0.07767
1147.49585	0.07737
1145.56729	0.07712
1143.63872	0.07689
1141.71016	0.07682
1139.78159	0.07703
1137.85303	0.07746
1135.92446	0.07800
1133.99590	0.07862
1132.06733	0.07922
1130.13877	0.07981
1128.21021	0.08050
1126.28164	0.08122
1124.35308	0.08191
1122.42451	0.08271
1120.49595	0.08373
1118.56738	0.08490
1116.63882	0.08605
1114.71025	0.08713
1112.78169	0.08818
1110.85312	0.08917
1108.92456	0.08995
1106.99600	0.09051
1105.06743	0.09099
1103.13887	0.09160
1101.21030	0.09239
1099.28174	0.09328
1097.35317	0.09428
1095.42461	0.09547
1093.49604	0.09678
1091.56748	0.09804
1089.63892	0.09925
1087.71035	0.10046
1085.78179	0.10153
1083.85322	0.10240
1081.92466	0.10311
1079.99609	0.10355
1078.06753	0.10362
1076.13896	0.10346
1074.21040	0.10320
1072.28184	0.10295
1070.35327	0.10273
1068.42471	0.10248
1066.49614	0.10217
1064.56758	0.10185
1062.63901	0.10158
1060.71045	0.10142
1058.78188	0.10137
1056.85332	0.10129
1054.92476	0.10116
1052.99619	0.10112
1051.06763	0.10126
1049.13906	0.10140
1047.21050	0.10139
1045.28193	0.10122
1043.35337	0.10096
1041.42480	0.10058
1039.49624	0.10002
1037.56768	0.09929
1035.63911	0.09843
1033.71055	0.09746
1031.78198	0.09637
1029.85342	0.09514
1027.92485	0.09388
1025.99629	0.09265
1024.06772	0.09135
1022.13916	0.08989
1020.21060	0.08840
1018.28203	0.08703
1016.35347	0.08575
1014.42490	0.08440
1012.49634	0.08299
1010.56777	0.08159
1008.63921	0.08023
1006.71064	0.07889
1004.78208	0.07763
1002.85352	0.07659
1000.92495	0.07580
998.99639	0.07514
997.06782	0.07448
995.13926	0.07372
993.21069	0.07280
991.28213	0.07166
989.35356	0.07017
987.42500	0.06845
985.49644	0.06679
983.56787	0.06532
981.63931	0.06409
979.71074	0.06313
977.78218	0.06238
975.85361	0.06176
973.92505	0.06118
971.99648	0.06064
970.06792	0.06018
968.13936	0.05968
966.21079	0.05905
964.28223	0.05838
962.35366	0.05769
960.42510	0.05693
958.49653	0.05622
956.56797	0.05568
954.63940	0.05528
952.71084	0.05494
950.78228	0.05460
948.85371	0.05422
946.92515	0.05389
944.99658	0.05365
943.06802	0.05350
941.13945	0.05345
939.21089	0.05348
937.28232	0.05339
935.35376	0.05303
933.42520	0.05265
931.49663	0.05245
929.56807	0.05232
927.63950	0.05220
925.71094	0.05213
923.78237	0.05216
921.85381	0.05231
919.92524	0.05264
917.99668	0.05323
916.06812	0.05420
914.13955	0.05585
912.21099	0.05821
910.28242	0.06053
908.35386	0.06160
906.42529	0.06082
904.49673	0.05865
902.56816	0.05623
900.63960	0.05427
898.71104	0.05284
896.78247	0.05191
894.85391	0.05132
892.92534	0.05076
890.99678	0.05024
889.06821	0.04986
887.13965	0.04942
885.21108	0.04881
883.28252	0.04823
881.35396	0.04772
879.42539	0.04733
877.49683	0.04712
875.56826	0.04686
873.63970	0.04642
871.71113	0.04593
869.78257	0.04554
867.85400	0.04528
865.92544	0.04506
863.99687	0.04491
862.06831	0.04486
860.13975	0.04482
858.21118	0.04474
856.28262	0.04467
854.35405	0.04461
852.42549	0.04452
850.49692	0.04441
848.56836	0.04425
846.63979	0.04409
844.71123	0.04406
842.78267	0.04405
840.85410	0.04384
838.92554	0.04366
836.99697	0.04373
835.06841	0.04388
833.13984	0.04395
831.21128	0.04403
829.28271	0.04415
827.35415	0.04431
825.42559	0.04446
823.49702	0.04461
821.56846	0.04483
819.63989	0.04514
817.71133	0.04539
815.78276	0.04555
813.85420	0.04576
811.92563	0.04595
809.99707	0.04613
808.06851	0.04645
806.13994	0.04680
804.21138	0.04707
802.28281	0.04736
800.35425	0.04755
798.42568	0.04750
796.49712	0.04739
794.56855	0.04748
792.63999	0.04772
790.71143	0.04797
788.78286	0.04829
786.85430	0.04876
784.92573	0.04936
782.99717	0.04997
781.06860	0.05047
779.14004	0.05076
777.21147	0.05078
775.28291	0.05062
773.35435	0.05047
771.42578	0.05039
769.49722	0.05033
767.56865	0.05037
765.64009	0.05058
763.71152	0.05084
761.78296	0.05096
759.85439	0.05093
757.92583	0.05095
755.99727	0.05125
754.06870	0.05179
752.14014	0.05245
750.21157	0.05310
748.28301	0.05367
746.35444	0.05429
744.42588	0.05523
742.49731	0.05655
740.56875	0.05821
738.64019	0.06080
736.71162	0.06639
734.78306	0.07916
732.85449	0.09983
730.92593	0.11782
728.99736	0.12200
727.06880	0.11868
725.14023	0.12141
723.21167	0.13744
721.28311	0.16833
719.35454	0.20615
717.42598	0.23080
715.49741	0.22406
713.56885	0.19024
711.64028	0.15150
709.71172	0.12309
707.78315	0.10570
705.85459	0.09484
703.92603	0.08739
701.99746	0.08210
700.06890	0.07836
698.14033	0.07547
696.21177	0.07297
694.28320	0.07080
692.35464	0.06909
690.42607	0.06782
688.49751	0.06687
686.56895	0.06613
684.64038	0.06558
682.71182	0.06526
680.78325	0.06502
678.85469	0.06457
676.92612	0.06394
674.99756	0.06356
673.06899	0.06346
671.14043	0.06355
669.21187	0.06381
667.28330	0.06364
665.35474	0.06303
663.42617	0.06244
661.49761	0.06247
659.56904	0.06266
657.64048	0.06248
655.71191	0.06203
653.78335	0.06171
651.85479	0.06185
649.92622	0.06234
647.99766	0.06261
646.06909	0.06262
644.14053	0.06285
642.21196	0.06323
640.28340	0.06345
638.35483	0.06362
636.42627	0.06396
634.49771	0.06469
632.56914	0.06596
630.64058	0.06727
628.71201	0.06772
626.78345	0.06689
624.85488	0.06528
622.92632	0.06395
620.99775	0.06339
619.06919	0.06308
617.14062	0.06260
615.21206	0.06279
613.28350	0.06385
611.35493	0.06433
609.42637	0.06365
607.49780	0.06242
605.56924	0.06124
603.64067	0.06116
601.71211	0.06242
599.78354	0.06376
