3997.91411	0.01951
3995.98555	0.01952
3994.05698	0.01953
3992.12842	0.01953
3990.19985	0.01952
3988.27129	0.01947
3986.34272	0.01944
3984.41416	0.01940
3982.48560	0.01936
3980.55703	0.01944
3978.62847	0.01962
3976.69990	0.01974
3974.77134	0.01975
3972.84277	0.01979
3970.91421	0.01978
3968.98564	0.01957
3967.05708	0.01928
3965.12852	0.01922
3963.19995	0.01948
3961.27139	0.01971
3959.34282	0.01964
3957.41426	0.01947
3955.48569	0.01940
3953.55713	0.01943
3951.62856	0.01959
3949.70000	0.01972
3947.77144	0.01961
3945.84287	0.01947
3943.91431	0.01967
3941.98574	0.01997
3940.05718	0.01989
3938.12861	0.01963
3936.20005	0.01958
3934.27148	0.01982
3932.34292	0.02006
3930.41436	0.02002
3928.48579	0.01983
3926.55723	0.01985
3924.62866	0.02000
3922.70010	0.01999
3920.77153	0.02002
3918.84297	0.02025
3916.91440	0.02032
3914.98584	0.02000
3913.05728	0.01961
3911.12871	0.01942
3909.20015	0.01947
3907.27158	0.01989
3905.34302	0.02070
3903.41445	0.02141
3901.48589	0.02152
3899.55732	0.02104
3897.62876	0.02018
3895.70020	0.01959
3893.77163	0.01965
3891.84307	0.02006
3889.91450	0.02020
3887.98594	0.02027
3886.05737	0.02060
3884.12881	0.02073
3882.20024	0.02055
3880.27168	0.02023
3878.34312	0.01980
3876.41455	0.01976
3874.48599	0.02025
3872.55742	0.02083
3870.62886	0.02113
3868.70029	0.02087
3866.77173	0.02054
3864.84316	0.02062
3862.91460	0.02067
3860.98604	0.02033
3859.05747	0.02008
3857.12891	0.02025
3855.20034	0.02099
3853.27178	0.02191
3851.34321	0.02140
3849.41465	0.02029
3847.48608	0.01967
3845.55752	0.01971
3843.62896	0.02017
3841.70039	0.02066
3839.77183	0.02096
3837.84326	0.02097
3835.91470	0.02060
3833.98613	0.02019
3832.05757	0.01992
3830.12900	0.01974
3828.20044	0.01980
3826.27187	0.01993
3824.34331	0.01994
3822.41475	0.02028
3820.48618	0.02071
3818.55762	0.02048
3816.62905	0.02007
3814.70049	0.01957
3812.77192	0.01909
3810.84336	0.01901
3808.91479	0.01938
3806.98623	0.01981
3805.05767	0.01994
3803.12910	0.02023
3801.20054	0.02055
3799.27197	0.02031
3797.34341	0.01985
3795.41484	0.01927
3793.48628	0.01869
3791.55771	0.01838
3789.62915	0.01835
3787.70059	0.01851
3785.77202	0.01873
3783.84346	0.01878
3781.91489	0.01885
3779.98633	0.01908
3778.05776	0.01899
3776.12920	0.01850
3774.20063	0.01825
3772.27207	0.01850
3770.34351	0.01903
3768.41494	0.01934
3766.48638	0.01932
3764.55781	0.01903
3762.62925	0.01880
3760.70068	0.01903
3758.77212	0.01949
3756.84355	0.01955
3754.91499	0.01960
3752.98643	0.02032
3751.05786	0.02135
3749.12930	0.02135
3747.20073	0.02090
3745.27217	0.02069
3743.34360	0.02029
3741.41504	0.01983
3739.48647	0.01984
3737.55791	0.02045
3735.62935	0.02104
3733.70078	0.02050
3731.77222	0.01944
3729.84365	0.01887
3727.91509	0.01885
3725.98652	0.01910
3724.05796	0.01921
3722.12939	0.01911
3720.20083	0.01884
3718.27227	0.01846
3716.34370	0.01826
3714.41514	0.01866
3712.48657	0.01952
3710.55801	0.01974
3708.62944	0.01904
3706.70088	0.01843
3704.77231	0.01821
3702.84375	0.01827
3700.91519	0.01833
3698.98662	0.01825
3697.05806	0.01820
3695.12949	0.01833
3693.20093	0.01879
3691.27236	0.01960
3689.34380	0.02004
3687.41523	0.01938
3685.48667	0.01853
3683.55811	0.01818
3681.62954	0.01831
3679.70098	0.01874
3677.77241	0.01943
3675.84385	0.02009
3673.91528	0.02004
3671.98672	0.02001
3670.05815	0.02014
3668.12959	0.01942
3666.20103	0.01846
3664.27246	0.01806
3662.34390	0.01814
3660.41533	0.01843
3658.48677	0.01880
3656.55820	0.01920
3654.62964	0.01939
3652.70107	0.01973
3650.77251	0.02082
3648.84395	0.02184
3646.91538	0.02119
3644.98682	0.02005
3643.05825	0.01942
3641.12969	0.01923
3639.20112	0.01924
3637.27256	0.01934
3635.34399	0.01953
3633.41543	0.01985
3631.48687	0.02043
3629.55830	0.02128
3627.62974	0.02133
3625.70117	0.02050
3623.77261	0.01999
3621.84404	0.02024
3619.91548	0.02114
3617.98691	0.02177
3616.05835	0.02185
3614.12979	0.02186
3612.20122	0.02180
3610.27266	0.02183
3608.34409	0.02198
3606.41553	0.02169
3604.48696	0.02118
3602.55840	0.02109
3600.62983	0.02138
3598.70127	0.02157
3596.77271	0.02143
3594.84414	0.02098
3592.91558	0.02051
3590.98701	0.02046
3589.05845	0.02106
3587.12988	0.02159
3585.20132	0.02120
3583.27275	0.02074
3581.34419	0.02075
3579.41562	0.02095
3577.48706	0.02103
3575.55850	0.02083
3573.62993	0.02046
3571.70137	0.02035
3569.77280	0.02091
3567.84424	0.02207
3565.91567	0.02255
3563.98711	0.02205
3562.05854	0.02166
3560.12998	0.02158
3558.20142	0.02150
3556.27285	0.02154
3554.34429	0.02176
3552.41572	0.02200
3550.48716	0.02221
3548.55859	0.02255
3546.63003	0.02294
3544.70146	0.02309
3542.77290	0.02291
3540.84434	0.02261
3538.91577	0.02251
3536.98721	0.02273
3535.05864	0.02300
3533.13008	0.02319
3531.20151	0.02340
3529.27295	0.02377
3527.34438	0.02422
3525.41582	0.02442
3523.48726	0.02414
3521.55869	0.02369
3519.63013	0.02352
3517.70156	0.02360
3515.77300	0.02368
3513.84443	0.02381
3511.91587	0.02407
3509.98730	0.02431
3508.05874	0.02445
3506.13018	0.02456
3504.20161	0.02473
3502.27305	0.02485
3500.34448	0.02477
3498.41592	0.02467
3496.48735	0.02463
3494.55879	0.02450
3492.63022	0.02436
3490.70166	0.02443
3488.77310	0.02480
3486.84453	0.02517
3484.91597	0.02533
3482.98740	0.02539
3481.05884	0.02546
3479.13027	0.02549
3477.20171	0.02556
3475.27314	0.02575
3473.34458	0.02595
3471.41602	0.02595
3469.48745	0.02587
3467.55889	0.02593
3465.63032	0.02605
3463.70176	0.02601
3461.77319	0.02590
3459.84463	0.02602
3457.91606	0.02635
3455.98750	0.02661
3454.05894	0.02656
3452.13037	0.02642
3450.20181	0.02659
3448.27324	0.02702
3446.34468	0.02726
3444.41611	0.02709
3442.48755	0.02666
3440.55898	0.02626
3438.63042	0.02607
3436.70186	0.02609
3434.77329	0.02631
3432.84473	0.02654
3430.91616	0.02655
3428.98760	0.02653
3427.05903	0.02669
3425.13047	0.02681
3423.20190	0.02683
3421.27334	0.02700
3419.34478	0.02718
3417.41621	0.02703
3415.48765	0.02660
3413.55908	0.02627
3411.63052	0.02638
3409.70195	0.02663
3407.77339	0.02662
3405.84482	0.02639
3403.91626	0.02622
3401.98770	0.02623
3400.05913	0.02634
3398.13057	0.02647
3396.20200	0.02659
3394.27344	0.02657
3392.34487	0.02631
3390.41631	0.02610
3388.48774	0.02621
3386.55918	0.02641
3384.63062	0.02639
3382.70205	0.02627
3380.77349	0.02615
3378.84492	0.02611
3376.91636	0.02626
3374.98779	0.02640
3373.05923	0.02631
3371.13066	0.02629
3369.20210	0.02637
3367.27354	0.02626
3365.34497	0.02612
3363.41641	0.02625
3361.48784	0.02646
3359.55928	0.02653
3357.63071	0.02651
3355.70215	0.02643
3353.77358	0.02639
3351.84502	0.02643
3349.91646	0.02631
3347.98789	0.02601
3346.05933	0.02584
3344.13076	0.02587
3342.20220	0.02598
3340.27363	0.02614
3338.34507	0.02626
3336.41650	0.02636
3334.48794	0.02646
3332.55937	0.02644
3330.63081	0.02631
3328.70225	0.02622
3326.77368	0.02636
3324.84512	0.02661
3322.91655	0.02676
3320.98799	0.02677
3319.05942	0.02670
3317.13086	0.02667
3315.20229	0.02677
3313.27373	0.02679
3311.34517	0.02668
3309.41660	0.02667
3307.48804	0.02673
3305.55947	0.02678
3303.63091	0.02693
3301.70234	0.02705
3299.77378	0.02701
3297.84521	0.02694
3295.91665	0.02696
3293.98809	0.02698
3292.05952	0.02685
3290.13096	0.02670
3288.20239	0.02668
3286.27383	0.02668
3284.34526	0.02644
3282.41670	0.02604
3280.48813	0.02577
3278.55957	0.02573
3276.63101	0.02574
3274.70244	0.02557
3272.77388	0.02532
3270.84531	0.02520
3268.91675	0.02532
3266.98818	0.02548
3265.05962	0.02546
3263.13105	0.02539
3261.20249	0.02535
3259.27393	0.02523
3257.34536	0.02503
3255.41680	0.02490
3253.48823	0.02487
3251.55967	0.02477
3249.63110	0.02459
3247.70254	0.02453
3245.77397	0.02459
3243.84541	0.02456
3241.91685	0.02426
3239.98828	0.02389
3238.05972	0.02380
3236.13115	0.02395
3234.20259	0.02410
3232.27402	0.02417
3230.34546	0.02422
3228.41689	0.02423
3226.48833	0.02412
3224.55977	0.02388
3222.63120	0.02365
3220.70264	0.02348
3218.77407	0.02331
3216.84551	0.02319
3214.91694	0.02321
3212.98838	0.02325
3211.05981	0.02319
3209.13125	0.02303
3207.20269	0.02290
3205.27412	0.02297
3203.34556	0.02305
3201.41699	0.02299
3199.48843	0.02297
3197.55986	0.02295
3195.63130	0.02277
3193.70273	0.02251
3191.77417	0.02240
3189.84561	0.02242
3187.91704	0.02239
3185.98848	0.02229
3184.05991	0.02220
3182.13135	0.02210
3180.20278	0.02203
3178.27422	0.02197
3176.34565	0.02186
3174.41709	0.02175
3172.48853	0.02171
3170.55996	0.02163
3168.63140	0.02143
3166.70283	0.02127
3164.77427	0.02118
3162.84570	0.02105
3160.91714	0.02095
3158.98857	0.02100
3157.06001	0.02094
3155.13145	0.02063
3153.20288	0.02027
3151.27432	0.02012
3149.34575	0.02023
3147.41719	0.02033
3145.48862	0.02030
3143.56006	0.02028
3141.63149	0.02030
3139.70293	0.02022
3137.77437	0.02006
3135.84580	0.01989
3133.91724	0.01977
3131.98867	0.01982
3130.06011	0.01991
3128.13154	0.01992
3126.20298	0.01989
3124.27441	0.01978
3122.34585	0.01964
3120.41729	0.01957
3118.48872	0.01957
3116.56016	0.01951
3114.63159	0.01943
3112.70303	0.01941
3110.77446	0.01937
3108.84590	0.01946
3106.91733	0.01980
3104.98877	0.02015
3103.06021	0.02030
3101.13164	0.02025
3099.20308	0.02006
3097.27451	0.01996
3095.34595	0.01994
3093.41738	0.01978
3091.48882	0.01953
3089.56025	0.01937
3087.63169	0.01942
3085.70312	0.01964
3083.77456	0.01979
3081.84600	0.01978
3079.91743	0.01973
3077.98887	0.01965
3076.06030	0.01960
3074.13174	0.01961
3072.20317	0.01961
3070.27461	0.01957
3068.34604	0.01956
3066.41748	0.01953
3064.48892	0.01946
3062.56035	0.01937
3060.63179	0.01926
3058.70322	0.01917
3056.77466	0.01911
3054.84609	0.01910
3052.91753	0.01908
3050.98896	0.01894
3049.06040	0.01877
3047.13184	0.01876
3045.20327	0.01889
3043.27471	0.01901
3041.34614	0.01909
3039.41758	0.01910
3037.48901	0.01899
3035.56045	0.01894
3033.63188	0.01918
3031.70332	0.01950
3029.77476	0.01953
3027.84619	0.01937
3025.91763	0.01924
3023.98906	0.01909
3022.06050	0.01882
3020.13193	0.01853
3018.20337	0.01847
3016.27480	0.01869
3014.34624	0.01888
3012.41768	0.01875
3010.48911	0.01850
3008.56055	0.01842
3006.63198	0.01850
3004.70342	0.01856
3002.77485	0.01859
3000.84629	0.01862
2998.91772	0.01867
2996.98916	0.01889
2995.06060	0.01921
2993.13203	0.01938
2991.20347	0.01951
2989.27490	0.01987
2987.34634	0.02043
2985.41777	0.02107
2983.48921	0.02189
2981.56064	0.02291
2979.63208	0.02403
2977.70352	0.02528
2975.77495	0.02686
2973.84639	0.02898
2971.91782	0.03151
2969.98926	0.03391
2968.06069	0.03589
2966.13213	0.03788
2964.20356	0.04028
2962.27500	0.04289
2960.34644	0.04542
2958.41787	0.04788
2956.48931	0.05044
2954.56074	0.05326
2952.63218	0.05656
2950.70361	0.06046
2948.77505	0.06486
2946.84648	0.07000
2944.91792	0.07650
2942.98936	0.08475
2941.06079	0.09469
2939.13223	0.10633
2937.20366	0.11987
2935.27510	0.13547
2933.34653	0.15337
2931.41797	0.17412
2929.48940	0.19838
2927.56084	0.22667
2925.63228	0.25967
2923.70371	0.29775
2921.77515	0.33954
2919.84658	0.38055
2917.91802	0.41297
2915.98945	0.42791
2914.06089	0.42150
2912.13232	0.39850
2910.20376	0.36832
2908.27520	0.33847
2906.34663	0.31242
2904.41807	0.29086
2902.48950	0.27319
2900.56094	0.25853
2898.63237	0.24602
2896.70381	0.23481
2894.77524	0.22419
2892.84668	0.21367
2890.91812	0.20303
2888.98955	0.19242
2887.06099	0.18217
2885.13242	0.17232
2883.20386	0.16277
2881.27529	0.15337
2879.34673	0.14415
2877.41816	0.13560
2875.48960	0.12828
2873.56104	0.12244
2871.63247	0.11829
2869.70391	0.11597
2867.77534	0.11560
2865.84678	0.11760
2863.91821	0.12294
2861.98965	0.13288
2860.06108	0.14909
2858.13252	0.17395
2856.20396	0.21078
2854.27539	0.26202
2852.34683	0.32358
2850.41826	0.37697
2848.48970	0.39431
2846.56113	0.36768
2844.63257	0.31862
2842.70400	0.26934
2840.77544	0.22849
2838.84687	0.19676
2836.91831	0.17261
2834.98975	0.15416
2833.06118	0.13985
2831.13262	0.12856
2829.20405	0.11956
2827.27549	0.11224
2825.34692	0.10623
2823.41836	0.10124
2821.48979	0.09697
2819.56123	0.09315
2817.63267	0.08971
2815.70410	0.08663
2813.77554	0.08395
2811.84697	0.08162
2809.91841	0.07947
2807.98984	0.07743
2806.06128	0.07554
2804.13271	0.07381
2802.20415	0.07228
2800.27559	0.07092
2798.34702	0.06954
2796.41846	0.06809
2794.48989	0.06671
2792.56133	0.06549
2790.63276	0.06438
2788.70420	0.06334
2786.77563	0.06236
2784.84707	0.06137
2782.91851	0.06034
2780.98994	0.05935
2779.06138	0.05844
2777.13281	0.05760
2775.20425	0.05681
2773.27568	0.05599
2771.34712	0.05516
2769.41855	0.05442
2767.48999	0.05373
2765.56143	0.05303
2763.63286	0.05237
2761.70430	0.05184
2759.77573	0.05141
2757.84717	0.05102
2755.91860	0.05063
2753.99004	0.05022
2752.06147	0.04978
2750.13291	0.04940
2748.20435	0.04913
2746.27578	0.04892
2744.34722	0.04873
2742.41865	0.04850
2740.49009	0.04820
2738.56152	0.04789
2736.63296	0.04764
2734.70439	0.04736
2732.77583	0.04702
2730.84727	0.04668
2728.91870	0.04635
2726.99014	0.04600
2725.06157	0.04568
2723.13301	0.04546
2721.20444	0.04525
2719.27588	0.04499
2717.34731	0.04472
2715.41875	0.04446
2713.49019	0.04418
2711.56162	0.04383
2709.63306	0.04346
2707.70449	0.04313
2705.77593	0.04286
2703.84736	0.04266
2701.91880	0.04250
2699.99023	0.04230
2698.06167	0.04207
2696.13311	0.04186
2694.20454	0.04168
2692.27598	0.04157
2690.34741	0.04150
2688.41885	0.04143
2686.49028	0.04138
2684.56172	0.04132
2682.63315	0.04122
2680.70459	0.04110
2678.77603	0.04101
2676.84746	0.04102
2674.91890	0.04108
2672.99033	0.04110
2671.06177	0.04109
2669.13320	0.04112
2667.20464	0.04122
2665.27607	0.04145
2663.34751	0.04177
2661.41895	0.04200
2659.49038	0.04205
2657.56182	0.04203
2655.63325	0.04199
2653.70469	0.04195
2651.77612	0.04192
2649.84756	0.04188
2647.91899	0.04181
2645.99043	0.04176
2644.06187	0.04172
2642.13330	0.04164
2640.20474	0.04155
2638.27617	0.04145
2636.34761	0.04130
2634.41904	0.04107
2632.49048	0.04079
2630.56191	0.04054
2628.63335	0.04029
2626.70479	0.04001
2624.77622	0.03971
2622.84766	0.03937
2620.91909	0.03899
2618.99053	0.03859
2617.06196	0.03818
2615.13340	0.03786
2613.20483	0.03760
2611.27627	0.03729
2609.34771	0.03698
2607.41914	0.03677
2605.49058	0.03657
2603.56201	0.03632
2601.63345	0.03610
2599.70488	0.03594
2597.77632	0.03575
2595.84775	0.03551
2593.91919	0.03523
2591.99062	0.03492
2590.06206	0.03470
2588.13350	0.03454
2586.20493	0.03430
2584.27637	0.03403
2582.34780	0.03384
2580.41924	0.03366
2578.49067	0.03343
2576.56211	0.03320
2574.63354	0.03294
2572.70498	0.03265
2570.77642	0.03242
2568.84785	0.03231
2566.91929	0.03216
2564.99072	0.03192
2563.06216	0.03168
2561.13359	0.03155
2559.20503	0.03155
2557.27646	0.03159
2555.34790	0.03155
2553.41934	0.03138
2551.49077	0.03117
2549.56221	0.03102
2547.63364	0.03095
2545.70508	0.03079
2543.77651	0.03043
2541.84795	0.03007
2539.91938	0.02985
2537.99082	0.02976
2536.06226	0.02979
2534.13369	0.02984
2532.20513	0.02981
2530.27656	0.02977
2528.34800	0.02967
2526.41943	0.02942
2524.49087	0.02918
2522.56230	0.02901
2520.63374	0.02887
2518.70518	0.02878
2516.77661	0.02868
2514.84805	0.02846
2512.91948	0.02822
2510.99092	0.02808
2509.06235	0.02801
2507.13379	0.02794
2505.20522	0.02786
2503.27666	0.02768
2501.34810	0.02744
2499.41953	0.02733
2497.49097	0.02732
2495.56240	0.02729
2493.63384	0.02726
2491.70527	0.02715
2489.77671	0.02699
2487.84814	0.02692
2485.91958	0.02686
2483.99102	0.02679
2482.06245	0.02680
2480.13389	0.02683
2478.20532	0.02677
2476.27676	0.02664
2474.34819	0.02650
2472.41963	0.02640
2470.49106	0.02637
2468.56250	0.02631
2466.63394	0.02617
2464.70537	0.02605
2462.77681	0.02601
2460.84824	0.02603
2458.91968	0.02607
2456.99111	0.02617
2455.06255	0.02626
2453.13398	0.02618
2451.20542	0.02589
2449.27686	0.02560
2447.34829	0.02550
2445.41973	0.02552
2443.49116	0.02545
2441.56260	0.02525
2439.63403	0.02506
2437.70547	0.02498
2435.77690	0.02492
2433.84834	0.02475
2431.91978	0.02452
2429.99121	0.02442
2428.06265	0.02455
2426.13408	0.02471
2424.20552	0.02474
2422.27695	0.02468
2420.34839	0.02460
2418.41982	0.02449
2416.49126	0.02435
2414.56270	0.02421
2412.63413	0.02413
2410.70557	0.02406
2408.77700	0.02385
2406.84844	0.02355
2404.91987	0.02338
2402.99131	0.02335
2401.06274	0.02333
2399.13418	0.02331
2397.20562	0.02329
2395.27705	0.02324
2393.34849	0.02319
2391.41992	0.02315
2389.49136	0.02317
2387.56279	0.02318
2385.63423	0.02312
2383.70566	0.02299
2381.77710	0.02285
2379.84854	0.02275
2377.91997	0.02278
2375.99141	0.02287
2374.06284	0.02284
2372.13428	0.02266
2370.20571	0.02253
2368.27715	0.02259
2366.34858	0.02275
2364.42002	0.02295
2362.49146	0.02329
2360.56289	0.02379
2358.63433	0.02425
2356.70576	0.02445
2354.77720	0.02450
2352.84863	0.02469
2350.92007	0.02489
2348.99150	0.02494
2347.06294	0.02494
2345.13437	0.02501
2343.20581	0.02512
2341.27725	0.02519
2339.34868	0.02518
2337.42012	0.02512
2335.49155	0.02511
2333.56299	0.02524
2331.63442	0.02548
2329.70586	0.02609
2327.77729	0.02771
2325.84873	0.02993
2323.92017	0.03097
2321.99160	0.03024
2320.06304	0.02901
2318.13447	0.02822
2316.20591	0.02778
2314.27734	0.02745
2312.34878	0.02708
2310.42021	0.02665
2308.49165	0.02633
2306.56309	0.02628
2304.63452	0.02630
2302.70596	0.02621
2300.77739	0.02610
2298.84883	0.02604
2296.92026	0.02603
2294.99170	0.02616
2293.06313	0.02649
2291.13457	0.02685
2289.20601	0.02717
2287.27744	0.02735
2285.34888	0.02716
2283.42031	0.02659
2281.49175	0.02595
2279.56318	0.02549
2277.63462	0.02526
2275.70605	0.02511
2273.77749	0.02484
2271.84893	0.02450
2269.92036	0.02421
2267.99180	0.02402
2266.06323	0.02400
2264.13467	0.02404
2262.20610	0.02392
2260.27754	0.02364
2258.34897	0.02332
2256.42041	0.02290
2254.49185	0.02250
2252.56328	0.02240
2250.63472	0.02246
2248.70615	0.02245
2246.77759	0.02245
2244.84902	0.02256
2242.92046	0.02276
2240.99189	0.02289
2239.06333	0.02283
2237.13477	0.02267
2235.20620	0.02244
2233.27764	0.02204
2231.34907	0.02152
2229.42051	0.02122
2227.49194	0.02121
2225.56338	0.02120
2223.63481	0.02110
2221.70625	0.02094
2219.77769	0.02081
2217.84912	0.02089
2215.92056	0.02120
2213.99199	0.02140
2212.06343	0.02130
2210.13486	0.02125
2208.20630	0.02138
2206.27773	0.02128
2204.34917	0.02104
2202.42061	0.02110
2200.49204	0.02128
2198.56348	0.02123
2196.63491	0.02125
2194.70635	0.02154
2192.77778	0.02188
2190.84922	0.02206
2188.92065	0.02199
2186.99209	0.02176
2185.06353	0.02147
2183.13496	0.02085
2181.20640	0.02029
2179.27783	0.02035
2177.34927	0.02023
2175.42070	0.01949
2173.49214	0.01927
2171.56357	0.02020
2169.63501	0.02162
2167.70645	0.02285
2165.77788	0.02367
2163.84932	0.02407
2161.92075	0.02281
2159.99219	0.01780
2158.06362	0.01206
2156.13506	0.01058
2154.20649	0.01181
2152.27793	0.01284
2150.34937	0.01352
2148.42080	0.01407
2146.49224	0.01427
2144.56367	0.01421
2142.63511	0.01422
2140.70654	0.01433
2138.77798	0.01427
2136.84941	0.01368
2134.92085	0.01282
2132.99229	0.01270
2131.06372	0.01352
2129.13516	0.01456
2127.20659	0.01546
2125.27803	0.01623
2123.34946	0.01688
2121.42090	0.01745
2119.49233	0.01805
2117.56377	0.01874
2115.63521	0.01933
2113.70664	0.01956
2111.77808	0.01945
2109.84951	0.01925
2107.92095	0.01915
2105.99238	0.01907
2104.06382	0.01900
2102.13525	0.01908
2100.20669	0.01915
2098.27812	0.01882
2096.34956	0.01798
2094.42100	0.01731
2092.49243	0.01755
2090.56387	0.01835
2088.63530	0.01905
2086.70674	0.01951
2084.77817	0.01975
2082.84961	0.01991
2080.92104	0.02016
2078.99248	0.02032
2077.06392	0.02014
2075.13535	0.01979
2073.20679	0.01950
2071.27822	0.01944
2069.34966	0.01941
2067.42109	0.01932
2065.49253	0.01931
2063.56396	0.01920
2061.63540	0.01892
2059.70684	0.01893
2057.77827	0.01929
2055.84971	0.01968
2053.92114	0.02081
2051.99258	0.02274
2050.06401	0.02327
2048.13545	0.02166
2046.20688	0.02014
2044.27832	0.01975
2042.34976	0.01976
2040.42119	0.01985
2038.49263	0.02021
2036.56406	0.02041
2034.63550	0.01982
2032.70693	0.01883
2030.77837	0.01803
2028.84980	0.01752
2026.92124	0.01734
2024.99268	0.01723
2023.06411	0.01704
2021.13555	0.01696
2019.20698	0.01695
2017.27842	0.01702
2015.34985	0.01723
2013.42129	0.01739
2011.49272	0.01731
2009.56416	0.01668
2007.63560	0.01535
2005.70703	0.01437
2003.77847	0.01457
2001.84990	0.01533
1999.92134	0.01601
1997.99277	0.01667
1996.06421	0.01733
1994.13564	0.01789
1992.20708	0.01834
1990.27852	0.01868
1988.34995	0.01897
1986.42139	0.01921
1984.49282	0.01980
1982.56426	0.02126
1980.63569	0.02216
1978.70713	0.02025
1976.77856	0.01680
1974.85000	0.01482
1972.92144	0.01427
1970.99287	0.01412
1969.06431	0.01432
1967.13574	0.01469
1965.20718	0.01473
1963.27861	0.01424
1961.35005	0.01346
1959.42148	0.01313
1957.49292	0.01372
1955.56436	0.01456
1953.63579	0.01487
1951.70723	0.01481
1949.77866	0.01477
1947.85010	0.01476
1945.92153	0.01484
1943.99297	0.01518
1942.06440	0.01562
1940.13584	0.01574
1938.20728	0.01547
1936.27871	0.01513
1934.35015	0.01490
1932.42158	0.01484
1930.49302	0.01507
1928.56445	0.01548
1926.63589	0.01580
1924.70732	0.01605
1922.77876	0.01645
1920.85020	0.01687
1918.92163	0.01713
1916.99307	0.01709
1915.06450	0.01686
1913.13594	0.01674
1911.20737	0.01690
1909.27881	0.01722
1907.35024	0.01747
1905.42168	0.01755
1903.49312	0.01757
1901.56455	0.01752
1899.63599	0.01744
1897.70742	0.01741
1895.77886	0.01746
1893.85029	0.01755
1891.92173	0.01768
1889.99316	0.01772
1888.06460	0.01754
1886.13604	0.01732
1884.20747	0.01717
1882.27891	0.01701
1880.35034	0.01688
1878.42178	0.01693
1876.49321	0.01703
1874.56465	0.01706
1872.63608	0.01717
1870.70752	0.01755
1868.77896	0.01793
1866.85039	0.01783
1864.92183	0.01748
1862.99326	0.01726
1861.06470	0.01718
1859.13613	0.01716
1857.20757	0.01718
1855.27900	0.01718
1853.35044	0.01715
1851.42187	0.01721
1849.49331	0.01747
1847.56475	0.01785
1845.63618	0.01814
1843.70762	0.01807
1841.77905	0.01770
1839.85049	0.01745
1837.92192	0.01743
1835.99336	0.01754
1834.06479	0.01786
1832.13623	0.01848
1830.20767	0.01905
1828.27910	0.01908
1826.35054	0.01896
1824.42197	0.01894
1822.49341	0.01876
1820.56484	0.01838
1818.63628	0.01796
1816.70771	0.01786
1814.77915	0.01835
1812.85059	0.01913
1810.92202	0.01980
1808.99346	0.02023
1807.06489	0.02058
1805.13633	0.02107
1803.20776	0.02185
1801.27920	0.02277
1799.35063	0.02339
1797.42207	0.02386
1795.49351	0.02463
1793.56494	0.02584
1791.63638	0.02706
1789.70781	0.02769
1787.77925	0.02823
1785.85068	0.02904
1783.92212	0.02988
1781.99355	0.03065
1780.06499	0.03137
1778.13643	0.03199
1776.20786	0.03284
1774.27930	0.03426
1772.35073	0.03589
1770.42217	0.03690
1768.49360	0.03749
1766.56504	0.03822
1764.63647	0.03925
1762.70791	0.04084
1760.77935	0.04259
1758.85078	0.04407
1756.92222	0.04577
1754.99365	0.04773
1753.06509	0.05002
1751.13652	0.05321
1749.20796	0.05681
1747.27939	0.05987
1745.35083	0.06276
1743.42227	0.06592
1741.49370	0.06921
1739.56514	0.07211
1737.63657	0.07381
1735.70801	0.07443
1733.77944	0.07386
1731.85088	0.07261
1729.92231	0.07206
1727.99375	0.07244
1726.06519	0.07396
1724.13662	0.07666
1722.20806	0.07964
1720.27949	0.08235
1718.35093	0.08527
1716.42236	0.08756
1714.49380	0.08782
1712.56523	0.08715
1710.63667	0.08604
1708.70811	0.08443
1706.77954	0.08192
1704.85098	0.07844
1702.92241	0.07527
1700.99385	0.07219
1699.06528	0.06862
1697.13672	0.06504
1695.20815	0.06062
1693.27959	0.05669
1691.35103	0.05405
1689.42246	0.05201
1687.49390	0.05068
1685.56533	0.05005
1683.63677	0.04888
1681.70820	0.04692
1679.77964	0.04543
1677.85107	0.04456
1675.92251	0.04413
1673.99395	0.04383
1672.06538	0.04369
1670.13682	0.04362
1668.20825	0.04296
1666.27969	0.04219
1664.35112	0.04200
1662.42256	0.04207
1660.49399	0.04181
1658.56543	0.04161
1656.63687	0.04201
1654.70830	0.04322
1652.77974	0.04409
1650.85117	0.04348
1648.92261	0.04338
1646.99404	0.04372
1645.06548	0.04320
1643.13691	0.04239
1641.20835	0.04212
1639.27979	0.04243
1637.35122	0.04302
1635.42266	0.04274
1633.49409	0.04138
1631.56553	0.04043
1629.63696	0.04008
1627.70840	0.03989
1625.77983	0.03957
1623.85127	0.03904
1621.92271	0.03819
1619.99414	0.03746
1618.06558	0.03715
1616.13701	0.03668
1614.20845	0.03568
1612.27988	0.03488
1610.35132	0.03451
1608.42275	0.03424
1606.49419	0.03389
1604.56562	0.03357
1602.63706	0.03328
1600.70850	0.03297
1598.77993	0.03277
1596.85137	0.03273
1594.92280	0.03265
1592.99424	0.03240
1591.06567	0.03212
1589.13711	0.03198
1587.20854	0.03191
1585.27998	0.03175
1583.35142	0.03154
1581.42285	0.03144
1579.49429	0.03166
1577.56572	0.03223
1575.63716	0.03245
1573.70859	0.03202
1571.78003	0.03189
1569.85146	0.03212
1567.92290	0.03201
1565.99434	0.03176
1564.06577	0.03178
1562.13721	0.03221
1560.20864	0.03337
1558.28008	0.03434
1556.35151	0.03367
1554.42295	0.03297
1552.49438	0.03261
1550.56582	0.03244
1548.63726	0.03230
1546.70869	0.03243
1544.78013	0.03315
1542.85156	0.03419
1540.92300	0.03460
1538.99443	0.03325
1537.06587	0.03188
1535.13730	0.03141
1533.20874	0.03100
1531.28018	0.03024
1529.35161	0.02985
1527.42305	0.02993
1525.49448	0.02999
1523.56592	0.03005
1521.63735	0.03011
1519.70879	0.02969
1517.78022	0.02910
1515.85166	0.02837
1513.92310	0.02765
1511.99453	0.02760
1510.06597	0.02836
1508.13740	0.02948
1506.20884	0.02872
1504.28027	0.02677
1502.35171	0.02592
1500.42314	0.02592
1498.49458	0.02632
1496.56602	0.02632
1494.63745	0.02583
1492.70889	0.02579
1490.78032	0.02656
1488.85176	0.02724
1486.92319	0.02718
1484.99463	0.02731
1483.06606	0.02872
1481.13750	0.03264
1479.20894	0.04185
1477.28037	0.06366
1475.35181	0.10578
1473.42324	0.16072
1471.49468	0.18895
1469.56611	0.18064
1467.63755	0.16610
1465.70898	0.15670
1463.78042	0.15142
1461.85186	0.14423
1459.92329	0.13291
1457.99473	0.11771
1456.06616	0.10300
1454.13760	0.09422
1452.20903	0.08811
1450.28047	0.08294
1448.35190	0.07856
1446.42334	0.07490
1444.49478	0.07223
1442.56621	0.07037
1440.63765	0.06902
1438.70908	0.06808
1436.78052	0.06680
1434.85195	0.06460
1432.92339	0.06224
1430.99482	0.05998
1429.06626	0.05772
1427.13770	0.05586
1425.20913	0.05458
1423.28057	0.05372
1421.35200	0.05342
1419.42344	0.05372
1417.49487	0.05383
1415.56631	0.05352
1413.63774	0.05335
1411.70918	0.05331
1409.78062	0.05301
1407.85205	0.05242
1405.92349	0.05156
1403.99492	0.05031
1402.06636	0.04906
1400.13779	0.04821
1398.20923	0.04760
1396.28066	0.04701
1394.35210	0.04633
1392.42354	0.04583
1390.49497	0.04605
1388.56641	0.04724
1386.63784	0.04916
1384.70928	0.05151
1382.78071	0.05472
1380.85215	0.05895
1378.92358	0.06317
1376.99502	0.06611
1375.06646	0.06715
1373.13789	0.06649
1371.20933	0.06524
1369.28076	0.06422
1367.35220	0.06353
1365.42363	0.06288
1363.49507	0.06174
1361.56650	0.05998
1359.63794	0.05839
1357.70937	0.05749
1355.78081	0.05710
1353.85225	0.05670
1351.92368	0.05597
1349.99512	0.05488
1348.06655	0.05349
1346.13799	0.05196
1344.20942	0.05056
1342.28086	0.04948
1340.35229	0.04853
1338.42373	0.04723
1336.49517	0.04574
1334.56660	0.04460
1332.63804	0.04388
1330.70947	0.04340
1328.78091	0.04307
1326.85234	0.04291
1324.92378	0.04292
1322.99521	0.04317
1321.06665	0.04363
1319.13809	0.04417
1317.20952	0.04458
1315.28096	0.04489
1313.35239	0.04521
1311.42383	0.04553
1309.49526	0.04585
1307.56670	0.04626
1305.63813	0.04674
1303.70957	0.04717
1301.78101	0.04758
1299.85244	0.04795
1297.92388	0.04820
1295.99531	0.04836
1294.06675	0.04846
1292.13818	0.04853
1290.20962	0.04860
1288.28105	0.04866
1286.35249	0.04870
1284.42393	0.04870
1282.49536	0.04871
1280.56680	0.04881
1278.63823	0.04893
1276.70967	0.04899
1274.78110	0.04902
1272.85254	0.04906
1270.92397	0.04913
1268.99541	0.04920
1267.06685	0.04931
1265.13828	0.04948
1263.20972	0.04967
1261.28115	0.04987
1259.35259	0.05004
1257.42402	0.05018
1255.49546	0.05028
1253.56689	0.05036
1251.63833	0.05047
1249.70977	0.05060
1247.78120	0.05079
1245.85264	0.05117
1243.92407	0.05182
1241.99551	0.05270
1240.06694	0.05383
1238.13838	0.05523
1236.20981	0.05682
1234.28125	0.05845
1232.35269	0.05985
1230.42412	0.06069
1228.49556	0.06081
1226.56699	0.06029
1224.63843	0.05941
1222.70986	0.05876
1220.78130	0.05943
1218.85273	0.06135
1216.92417	0.06255
1214.99561	0.06190
1213.06704	0.06060
1211.13848	0.05997
1209.20991	0.06008
1207.28135	0.06046
1205.35278	0.06071
1203.42422	0.06067
1201.49565	0.06033
1199.56709	0.05976
1197.63853	0.05902
1195.70996	0.05828
1193.78140	0.05765
1191.85283	0.05720
1189.92427	0.05697
1187.99570	0.05690
1186.06714	0.05693
1184.13857	0.05707
1182.21001	0.05739
1180.28145	0.05787
1178.35288	0.05839
1176.42432	0.05884
1174.49575	0.05923
1172.56719	0.05961
1170.63862	0.05998
1168.71006	0.06023
1166.78149	0.06022
1164.85293	0.05994
1162.92437	0.05952
1160.99580	0.05900
1159.06724	0.05839
1157.13867	0.05767
1155.21011	0.05686
1153.28154	0.05604
1151.35298	0.05527
1149.42441	0.05452
1147.49585	0.05382
1145.56729	0.05321
1143.63872	0.05274
1141.71016	0.05246
1139.78159	0.05237
1137.85303	0.05242
1135.92446	0.05258
1133.99590	0.05285
1132.06733	0.05318
1130.13877	0.05354
1128.21021	0.05394
1126.28164	0.05438
1124.35308	0.05483
1122.42451	0.05524
1120.49595	0.05557
1118.56738	0.05588
1116.63882	0.05625
1114.71025	0.05661
1112.78169	0.05695
1110.85312	0.05727
1108.92456	0.05753
1106.99600	0.05766
1105.06743	0.05772
1103.13887	0.05780
1101.21030	0.05791
1099.28174	0.05805
1097.35317	0.05823
1095.42461	0.05849
1093.49604	0.05882
1091.56748	0.05912
1089.63892	0.05928
1087.71035	0.05935
1085.78179	0.05944
1083.85322	0.05962
1081.92466	0.05982
1079.99609	0.05991
1078.06753	0.05990
1076.13896	0.05991
1074.21040	0.05996
1072.28184	0.06003
1070.35327	0.06007
1068.42471	0.06006
1066.49614	0.06000
1064.56758	0.05999
1062.63901	0.06000
1060.71045	0.05999
1058.78188	0.05995
1056.85332	0.05983
1054.92476	0.05969
1052.99619	0.05962
1051.06763	0.05960
1049.13906	0.05960
1047.21050	0.05954
1045.28193	0.05945
1043.35337	0.05937
1041.42480	0.05930
1039.49624	0.05930
1037.56768	0.05933
1035.63911	0.05927
1033.71055	0.05911
1031.78198	0.05885
1029.85342	0.05843
1027.92485	0.05795
1025.99629	0.05756
1024.06772	0.05726
1022.13916	0.05697
1020.21060	0.05662
1018.28203	0.05620
1016.35347	0.05571
1014.42490	0.05510
1012.49634	0.05440
1010.56777	0.05375
1008.63921	0.05317
1006.71064	0.05254
1004.78208	0.05189
1002.85352	0.05139
1000.92495	0.05107
998.99639	0.05077
997.06782	0.05027
995.13926	0.04964
993.21069	0.04899
991.28213	0.04828
989.35356	0.04756
987.42500	0.04688
985.49644	0.04621
983.56787	0.04553
981.63931	0.04490
979.71074	0.04450
977.78218	0.04435
975.85361	0.04429
973.92505	0.04407
971.99648	0.04360
970.06792	0.04304
968.13936	0.04263
966.21079	0.04233
964.28223	0.04199
962.35366	0.04160
960.42510	0.04126
958.49653	0.04095
956.56797	0.04070
954.63940	0.04055
952.71084	0.04046
950.78228	0.04036
948.85371	0.04024
946.92515	0.04016
944.99658	0.04014
943.06802	0.04017
941.13945	0.04012
939.21089	0.03991
937.28232	0.03961
935.35376	0.03935
933.42520	0.03917
931.49663	0.03895
929.56807	0.03864
927.63950	0.03830
925.71094	0.03801
923.78237	0.03785
921.85381	0.03785
919.92524	0.03792
917.99668	0.03804
916.06812	0.03838
914.13955	0.03898
912.21099	0.03967
910.28242	0.04017
908.35386	0.04022
906.42529	0.03967
904.49673	0.03870
902.56816	0.03764
900.63960	0.03666
898.71104	0.03581
896.78247	0.03509
894.85391	0.03435
892.92534	0.03362
890.99678	0.03315
889.06821	0.03285
887.13965	0.03241
885.21108	0.03174
883.28252	0.03098
881.35396	0.03044
879.42539	0.03020
877.49683	0.03001
875.56826	0.02967
873.63970	0.02927
871.71113	0.02900
869.78257	0.02878
867.85400	0.02856
865.92544	0.02840
863.99687	0.02821
862.06831	0.02789
860.13975	0.02749
858.21118	0.02714
856.28262	0.02688
854.35405	0.02660
852.42549	0.02634
850.49692	0.02622
848.56836	0.02615
846.63979	0.02613
844.71123	0.02639
842.78267	0.02678
840.85410	0.02682
838.92554	0.02643
836.99697	0.02597
835.06841	0.02568
833.13984	0.02554
831.21128	0.02554
829.28271	0.02570
827.35415	0.02591
825.42559	0.02612
823.49702	0.02626
821.56846	0.02628
819.63989	0.02632
817.71133	0.02646
815.78276	0.02656
813.85420	0.02667
811.92563	0.02707
809.99707	0.02766
808.06851	0.02801
806.13994	0.02802
804.21138	0.02795
802.28281	0.02791
800.35425	0.02791
798.42568	0.02804
796.49712	0.02806
794.56855	0.02776
792.63999	0.02738
790.71143	0.02707
788.78286	0.02696
786.85430	0.02722
784.92573	0.02763
782.99717	0.02782
781.06860	0.02797
779.14004	0.02831
777.21147	0.02861
775.28291	0.02875
773.35435	0.02879
771.42578	0.02878
769.49722	0.02877
767.56865	0.02896
765.64009	0.02950
763.71152	0.03021
761.78296	0.03072
759.85439	0.03101
757.92583	0.03119
755.99727	0.03127
754.06870	0.03155
752.14014	0.03221
750.21157	0.03292
748.28301	0.03356
746.35444	0.03454
744.42588	0.03585
742.49731	0.03719
740.56875	0.03894
738.64019	0.04235
736.71162	0.04949
734.78306	0.06203
732.85449	0.07734
730.92593	0.08790
728.99736	0.09034
727.06880	0.09104
725.14023	0.09779
723.21167	0.11449
721.28311	0.14215
719.35454	0.17470
717.42598	0.19585
715.49741	0.19031
713.56885	0.16108
711.64028	0.12685
709.71172	0.10090
707.78315	0.08446
705.85459	0.07432
703.92603	0.06766
701.99746	0.06291
700.06890	0.05953
698.14033	0.05724
696.21177	0.05555
694.28320	0.05411
692.35464	0.05293
690.42607	0.05200
688.49751	0.05105
686.56895	0.05011
684.64038	0.04948
682.71182	0.04905
680.78325	0.04861
678.85469	0.04817
676.92612	0.04775
674.99756	0.04732
673.06899	0.04706
671.14043	0.04700
669.21187	0.04682
667.28330	0.04641
665.35474	0.04610
663.42617	0.04578
661.49761	0.04552
659.56904	0.04553
657.64048	0.04572
655.71191	0.04571
653.78335	0.04541
651.85479	0.04503
649.92622	0.04489
647.99766	0.04511
646.06909	0.04547
644.14053	0.04560
642.21196	0.04549
640.28340	0.04560
638.35483	0.04636
636.42627	0.04778
634.49771	0.04935
632.56914	0.05004
630.64058	0.04939
628.71201	0.04828
626.78345	0.04747
624.85488	0.04681
622.92632	0.04618
620.99775	0.04602
619.06919	0.04646
617.14062	0.04701
615.21206	0.04734
613.28350	0.04737
611.35493	0.04672
609.42637	0.04587
607.49780	0.04656
605.56924	0.04808
603.64067	0.04796
601.71211	0.04688
599.78354	0.04622
