3997.91411	0.01382
3995.98555	0.01380
3994.05698	0.01386
3992.12842	0.01395
3990.19985	0.01394
3988.27129	0.01379
3986.34272	0.01361
3984.41416	0.01351
3982.48560	0.01350
3980.55703	0.01358
3978.62847	0.01374
3976.69990	0.01386
3974.77134	0.01388
3972.84277	0.01394
3970.91421	0.01395
3968.98564	0.01372
3967.05708	0.01342
3965.12852	0.01338
3963.19995	0.01358
3961.27139	0.01375
3959.34282	0.01375
3957.41426	0.01373
3955.48569	0.01373
3953.55713	0.01373
3951.62856	0.01374
3949.70000	0.01382
3947.77144	0.01379
3945.84287	0.01363
3943.91431	0.01365
3941.98574	0.01380
3940.05718	0.01375
3938.12861	0.01358
3936.20005	0.01357
3934.27148	0.01380
3932.34292	0.01410
3930.41436	0.01419
3928.48579	0.01404
3926.55723	0.01402
3924.62866	0.01418
3922.70010	0.01412
3920.77153	0.01392
3918.84297	0.01391
3916.91440	0.01404
3914.98584	0.01400
3913.05728	0.01381
3911.12871	0.01359
3909.20015	0.01348
3907.27158	0.01369
3905.34302	0.01432
3903.41445	0.01496
3901.48589	0.01511
3899.55732	0.01482
3897.62876	0.01428
3895.70020	0.01386
3893.77163	0.01382
3891.84307	0.01402
3889.91450	0.01402
3887.98594	0.01394
3886.05737	0.01416
3884.12881	0.01443
3882.20024	0.01444
3880.27168	0.01418
3878.34312	0.01378
3876.41455	0.01374
3874.48599	0.01415
3872.55742	0.01452
3870.62886	0.01464
3868.70029	0.01450
3866.77173	0.01430
3864.84316	0.01440
3862.91460	0.01448
3860.98604	0.01426
3859.05747	0.01408
3857.12891	0.01415
3855.20034	0.01465
3853.27178	0.01551
3851.34321	0.01534
3849.41465	0.01449
3847.48608	0.01381
3845.55752	0.01352
3843.62896	0.01360
3841.70039	0.01385
3839.77183	0.01418
3837.84326	0.01443
3835.91470	0.01439
3833.98613	0.01418
3832.05757	0.01392
3830.12900	0.01377
3828.20044	0.01386
3826.27187	0.01403
3824.34331	0.01406
3822.41475	0.01428
3820.48618	0.01457
3818.55762	0.01440
3816.62905	0.01415
3814.70049	0.01393
3812.77192	0.01371
3810.84336	0.01362
3808.91479	0.01374
3806.98623	0.01390
3805.05767	0.01398
3803.12910	0.01426
3801.20054	0.01456
3799.27197	0.01430
3797.34341	0.01387
3795.41484	0.01352
3793.48628	0.01317
3791.55771	0.01292
3789.62915	0.01288
3787.70059	0.01304
3785.77202	0.01324
3783.84346	0.01328
3781.91489	0.01332
3779.98633	0.01352
3778.05776	0.01350
3776.12920	0.01317
3774.20063	0.01298
3772.27207	0.01313
3770.34351	0.01341
3768.41494	0.01346
3766.48638	0.01332
3764.55781	0.01318
3762.62925	0.01307
3760.70068	0.01320
3758.77212	0.01353
3756.84355	0.01375
3754.91499	0.01396
3752.98643	0.01427
3751.05786	0.01453
3749.12930	0.01455
3747.20073	0.01450
3745.27217	0.01446
3743.34360	0.01418
3741.41504	0.01382
3739.48647	0.01369
3737.55791	0.01396
3735.62935	0.01441
3733.70078	0.01417
3731.77222	0.01336
3729.84365	0.01279
3727.91509	0.01272
3725.98652	0.01292
3724.05796	0.01300
3722.12939	0.01296
3720.20083	0.01291
3718.27227	0.01284
3716.34370	0.01285
3714.41514	0.01306
3712.48657	0.01342
3710.55801	0.01350
3708.62944	0.01319
3706.70088	0.01294
3704.77231	0.01290
3702.84375	0.01302
3700.91519	0.01307
3698.98662	0.01290
3697.05806	0.01278
3695.12949	0.01293
3693.20093	0.01327
3691.27236	0.01358
3689.34380	0.01361
3687.41523	0.01332
3685.48667	0.01305
3683.55811	0.01299
3681.62954	0.01309
3679.70098	0.01327
3677.77241	0.01372
3675.84385	0.01440
3673.91528	0.01447
3671.98672	0.01430
3670.05815	0.01431
3668.12959	0.01384
3666.20103	0.01309
3664.27246	0.01272
3662.34390	0.01285
3660.41533	0.01322
3658.48677	0.01361
3656.55820	0.01394
3654.62964	0.01400
3652.70107	0.01407
3650.77251	0.01474
3648.84395	0.01552
3646.91538	0.01519
3644.98682	0.01446
3643.05825	0.01400
3641.12969	0.01390
3639.20112	0.01403
3637.27256	0.01420
3635.34399	0.01431
3633.41543	0.01441
3631.48687	0.01467
3629.55830	0.01511
3627.62974	0.01514
3625.70117	0.01466
3623.77261	0.01438
3621.84404	0.01461
3619.91548	0.01532
3617.98691	0.01591
3616.05835	0.01603
3614.12979	0.01606
3612.20122	0.01602
3610.27266	0.01590
3608.34409	0.01581
3606.41553	0.01555
3604.48696	0.01516
3602.55840	0.01502
3600.62983	0.01520
3598.70127	0.01541
3596.77271	0.01554
3594.84414	0.01541
3592.91558	0.01494
3590.98701	0.01459
3589.05845	0.01476
3587.12988	0.01518
3585.20132	0.01522
3583.27275	0.01506
3581.34419	0.01498
3579.41562	0.01490
3577.48706	0.01478
3575.55850	0.01464
3573.62993	0.01452
3571.70137	0.01451
3569.77280	0.01494
3567.84424	0.01590
3565.91567	0.01647
3563.98711	0.01618
3562.05854	0.01569
3560.12998	0.01534
3558.20142	0.01521
3556.27285	0.01534
3554.34429	0.01563
3552.41572	0.01594
3550.48716	0.01608
3548.55859	0.01611
3546.63003	0.01615
3544.70146	0.01616
3542.77290	0.01618
3540.84434	0.01617
3538.91577	0.01617
3536.98721	0.01629
3535.05864	0.01645
3533.13008	0.01647
3531.20151	0.01649
3529.27295	0.01667
3527.34438	0.01686
3525.41582	0.01702
3523.48726	0.01704
3521.55869	0.01670
3519.63013	0.01628
3517.70156	0.01604
3515.77300	0.01599
3513.84443	0.01622
3511.91587	0.01664
3509.98730	0.01693
3508.05874	0.01708
3506.13018	0.01725
3504.20161	0.01737
3502.27305	0.01731
3500.34448	0.01710
3498.41592	0.01691
3496.48735	0.01687
3494.55879	0.01698
3492.63022	0.01710
3490.70166	0.01710
3488.77310	0.01715
3486.84453	0.01735
3484.91597	0.01753
3482.98740	0.01756
3481.05884	0.01747
3479.13027	0.01741
3477.20171	0.01748
3475.27314	0.01762
3473.34458	0.01770
3471.41602	0.01777
3469.48745	0.01787
3467.55889	0.01787
3465.63032	0.01777
3463.70176	0.01778
3461.77319	0.01796
3459.84463	0.01816
3457.91606	0.01824
3455.98750	0.01811
3454.05894	0.01795
3452.13037	0.01802
3450.20181	0.01824
3448.27324	0.01858
3446.34468	0.01883
3444.41611	0.01866
3442.48755	0.01829
3440.55898	0.01804
3438.63042	0.01794
3436.70186	0.01811
3434.77329	0.01848
3432.84473	0.01868
3430.91616	0.01852
3428.98760	0.01820
3427.05903	0.01799
3425.13047	0.01801
3423.20190	0.01827
3421.27334	0.01856
3419.34478	0.01867
3417.41621	0.01862
3415.48765	0.01848
3413.55908	0.01842
3411.63052	0.01848
3409.70195	0.01846
3407.77339	0.01833
3405.84482	0.01830
3403.91626	0.01844
3401.98770	0.01864
3400.05913	0.01875
3398.13057	0.01872
3396.20200	0.01861
3394.27344	0.01857
3392.34487	0.01859
3390.41631	0.01864
3388.48774	0.01871
3386.55918	0.01868
3384.63062	0.01860
3382.70205	0.01857
3380.77349	0.01853
3378.84492	0.01848
3376.91636	0.01851
3374.98779	0.01850
3373.05923	0.01837
3371.13066	0.01832
3369.20210	0.01841
3367.27354	0.01841
3365.34497	0.01828
3363.41641	0.01819
3361.48784	0.01826
3359.55928	0.01841
3357.63071	0.01849
3355.70215	0.01841
3353.77358	0.01822
3351.84502	0.01815
3349.91646	0.01815
3347.98789	0.01806
3346.05933	0.01804
3344.13076	0.01807
3342.20220	0.01805
3340.27363	0.01803
3338.34507	0.01799
3336.41650	0.01799
3334.48794	0.01803
3332.55937	0.01791
3330.63081	0.01769
3328.70225	0.01761
3326.77368	0.01775
3324.84512	0.01796
3322.91655	0.01796
3320.98799	0.01781
3319.05942	0.01774
3317.13086	0.01786
3315.20229	0.01806
3313.27373	0.01811
3311.34517	0.01785
3309.41660	0.01751
3307.48804	0.01737
3305.55947	0.01755
3303.63091	0.01784
3301.70234	0.01791
3299.77378	0.01767
3297.84521	0.01741
3295.91665	0.01739
3293.98809	0.01748
3292.05952	0.01741
3290.13096	0.01729
3288.20239	0.01740
3286.27383	0.01757
3284.34526	0.01749
3282.41670	0.01731
3280.48813	0.01720
3278.55957	0.01705
3276.63101	0.01686
3274.70244	0.01673
3272.77388	0.01664
3270.84531	0.01664
3268.91675	0.01679
3266.98818	0.01698
3265.05962	0.01693
3263.13105	0.01665
3261.20249	0.01637
3259.27393	0.01628
3257.34536	0.01634
3255.41680	0.01642
3253.48823	0.01647
3251.55967	0.01643
3249.63110	0.01627
3247.70254	0.01605
3245.77397	0.01590
3243.84541	0.01578
3241.91685	0.01555
3239.98828	0.01533
3238.05972	0.01534
3236.13115	0.01552
3234.20259	0.01571
3232.27402	0.01576
3230.34546	0.01563
3228.41689	0.01553
3226.48833	0.01554
3224.55977	0.01541
3222.63120	0.01515
3220.70264	0.01500
3218.77407	0.01489
3216.84551	0.01480
3214.91694	0.01480
3212.98838	0.01476
3211.05981	0.01465
3209.13125	0.01459
3207.20269	0.01468
3205.27412	0.01479
3203.34556	0.01474
3201.41699	0.01465
3199.48843	0.01465
3197.55986	0.01460
3195.63130	0.01436
3193.70273	0.01412
3191.77417	0.01412
3189.84561	0.01419
3187.91704	0.01399
3185.98848	0.01371
3184.05991	0.01365
3182.13135	0.01366
3180.20278	0.01366
3178.27422	0.01367
3176.34565	0.01364
3174.41709	0.01360
3172.48853	0.01357
3170.55996	0.01346
3168.63140	0.01335
3166.70283	0.01331
3164.77427	0.01320
3162.84570	0.01294
3160.91714	0.01281
3158.98857	0.01289
3157.06001	0.01286
3155.13145	0.01261
3153.20288	0.01235
3151.27432	0.01226
3149.34575	0.01223
3147.41719	0.01206
3145.48862	0.01196
3143.56006	0.01204
3141.63149	0.01203
3139.70293	0.01184
3137.77437	0.01169
3135.84580	0.01167
3133.91724	0.01167
3131.98867	0.01165
3130.06011	0.01161
3128.13154	0.01162
3126.20298	0.01167
3124.27441	0.01163
3122.34585	0.01150
3120.41729	0.01143
3118.48872	0.01139
3116.56016	0.01137
3114.63159	0.01135
3112.70303	0.01124
3110.77446	0.01102
3108.84590	0.01092
3106.91733	0.01106
3104.98877	0.01126
3103.06021	0.01135
3101.13164	0.01132
3099.20308	0.01122
3097.27451	0.01122
3095.34595	0.01124
3093.41738	0.01104
3091.48882	0.01077
3089.56025	0.01058
3087.63169	0.01047
3085.70312	0.01048
3083.77456	0.01058
3081.84600	0.01071
3079.91743	0.01084
3077.98887	0.01085
3076.06030	0.01070
3074.13174	0.01050
3072.20317	0.01041
3070.27461	0.01046
3068.34604	0.01054
3066.41748	0.01053
3064.48892	0.01049
3062.56035	0.01047
3060.63179	0.01042
3058.70322	0.01037
3056.77466	0.01037
3054.84609	0.01038
3052.91753	0.01029
3050.98896	0.01011
3049.06040	0.00999
3047.13184	0.00995
3045.20327	0.00992
3043.27471	0.00994
3041.34614	0.00999
3039.41758	0.00991
3037.48901	0.00969
3035.56045	0.00957
3033.63188	0.00962
3031.70332	0.00969
3029.77476	0.00971
3027.84619	0.00970
3025.91763	0.00966
3023.98906	0.00955
3022.06050	0.00941
3020.13193	0.00928
3018.20337	0.00925
3016.27480	0.00939
3014.34624	0.00960
3012.41768	0.00971
3010.48911	0.00967
3008.56055	0.00961
3006.63198	0.00971
3004.70342	0.00992
3002.77485	0.01011
3000.84629	0.01025
2998.91772	0.01044
2996.98916	0.01074
2995.06060	0.01114
2993.13203	0.01155
2991.20347	0.01195
2989.27490	0.01252
2987.34634	0.01325
2985.41777	0.01403
2983.48921	0.01493
2981.56064	0.01597
2979.63208	0.01709
2977.70352	0.01836
2975.77495	0.01986
2973.84639	0.02160
2971.91782	0.02356
2969.98926	0.02573
2968.06069	0.02809
2966.13213	0.03059
2964.20356	0.03313
2962.27500	0.03549
2960.34644	0.03765
2958.41787	0.03975
2956.48931	0.04188
2954.56074	0.04407
2952.63218	0.04657
2950.70361	0.04963
2948.77505	0.05341
2946.84648	0.05828
2944.91792	0.06468
2942.98936	0.07286
2941.06079	0.08298
2939.13223	0.09503
2937.20366	0.10897
2935.27510	0.12497
2933.34653	0.14325
2931.41797	0.16387
2929.48940	0.18701
2927.56084	0.21279
2925.63228	0.24107
2923.70371	0.27123
2921.77515	0.30122
2919.84658	0.32717
2917.91802	0.34375
2915.98945	0.34644
2914.06089	0.33524
2912.13232	0.31517
2910.20376	0.29243
2908.27520	0.27123
2906.34663	0.25326
2904.41807	0.23840
2902.48950	0.22591
2900.56094	0.21522
2898.63237	0.20587
2896.70381	0.19726
2894.77524	0.18883
2892.84668	0.18029
2890.91812	0.17156
2888.98955	0.16276
2887.06099	0.15414
2885.13242	0.14583
2883.20386	0.13784
2881.27529	0.13016
2879.34673	0.12279
2877.41816	0.11602
2875.48960	0.11030
2873.56104	0.10585
2871.63247	0.10279
2869.70391	0.10126
2867.77534	0.10148
2865.84678	0.10406
2863.91821	0.11007
2861.98965	0.12071
2860.06108	0.13724
2858.13252	0.16077
2856.20396	0.19204
2854.27539	0.23000
2852.34683	0.26946
2850.41826	0.29985
2848.48970	0.30982
2846.56113	0.29658
2844.63257	0.26796
2842.70400	0.23428
2840.77544	0.20232
2838.84687	0.17505
2836.91831	0.15316
2834.98975	0.13615
2833.06118	0.12300
2831.13262	0.11267
2829.20405	0.10439
2827.27549	0.09762
2825.34692	0.09204
2823.41836	0.08739
2821.48979	0.08337
2819.56123	0.07981
2817.63267	0.07662
2815.70410	0.07375
2813.77554	0.07120
2811.84697	0.06893
2809.91841	0.06687
2807.98984	0.06497
2806.06128	0.06320
2804.13271	0.06152
2802.20415	0.05996
2800.27559	0.05851
2798.34702	0.05714
2796.41846	0.05584
2794.48989	0.05461
2792.56133	0.05348
2790.63276	0.05246
2788.70420	0.05147
2786.77563	0.05047
2784.84707	0.04948
2782.91851	0.04848
2780.98994	0.04748
2779.06138	0.04658
2777.13281	0.04586
2775.20425	0.04522
2773.27568	0.04451
2771.34712	0.04381
2769.41855	0.04326
2767.48999	0.04277
2765.56143	0.04221
2763.63286	0.04160
2761.70430	0.04107
2759.77573	0.04067
2757.84717	0.04032
2755.91860	0.03996
2753.99004	0.03957
2752.06147	0.03918
2750.13291	0.03884
2748.20435	0.03856
2746.27578	0.03830
2744.34722	0.03804
2742.41865	0.03774
2740.49009	0.03744
2738.56152	0.03723
2736.63296	0.03715
2734.70439	0.03706
2732.77583	0.03685
2730.84727	0.03655
2728.91870	0.03623
2726.99014	0.03594
2725.06157	0.03567
2723.13301	0.03540
2721.20444	0.03512
2719.27588	0.03486
2717.34731	0.03463
2715.41875	0.03439
2713.49019	0.03412
2711.56162	0.03383
2709.63306	0.03355
2707.70449	0.03326
2705.77593	0.03300
2703.84736	0.03279
2701.91880	0.03259
2699.99023	0.03240
2698.06167	0.03224
2696.13311	0.03211
2694.20454	0.03203
2692.27598	0.03196
2690.34741	0.03189
2688.41885	0.03187
2686.49028	0.03191
2684.56172	0.03189
2682.63315	0.03177
2680.70459	0.03166
2678.77603	0.03164
2676.84746	0.03167
2674.91890	0.03171
2672.99033	0.03173
2671.06177	0.03171
2669.13320	0.03169
2667.20464	0.03172
2665.27607	0.03187
2663.34751	0.03210
2661.41895	0.03223
2659.49038	0.03225
2657.56182	0.03231
2655.63325	0.03236
2653.70469	0.03229
2651.77612	0.03216
2649.84756	0.03207
2647.91899	0.03199
2645.99043	0.03189
2644.06187	0.03180
2642.13330	0.03175
2640.20474	0.03166
2638.27617	0.03152
2636.34761	0.03135
2634.41904	0.03113
2632.49048	0.03086
2630.56191	0.03059
2628.63335	0.03034
2626.70479	0.03005
2624.77622	0.02973
2622.84766	0.02941
2620.91909	0.02913
2618.99053	0.02888
2617.06196	0.02858
2615.13340	0.02824
2613.20483	0.02789
2611.27627	0.02763
2609.34771	0.02749
2607.41914	0.02734
2605.49058	0.02709
2603.56201	0.02681
2601.63345	0.02659
2599.70488	0.02642
2597.77632	0.02620
2595.84775	0.02599
2593.91919	0.02581
2591.99062	0.02554
2590.06206	0.02523
2588.13350	0.02511
2586.20493	0.02502
2584.27637	0.02478
2582.34780	0.02446
2580.41924	0.02420
2578.49067	0.02401
2576.56211	0.02392
2574.63354	0.02381
2572.70498	0.02356
2570.77642	0.02331
2568.84785	0.02313
2566.91929	0.02291
2564.99072	0.02263
2563.06216	0.02240
2561.13359	0.02229
2559.20503	0.02226
2557.27646	0.02225
2555.34790	0.02219
2553.41934	0.02200
2551.49077	0.02175
2549.56221	0.02154
2547.63364	0.02137
2545.70508	0.02122
2543.77651	0.02107
2541.84795	0.02095
2539.91938	0.02088
2537.99082	0.02086
2536.06226	0.02087
2534.13369	0.02089
2532.20513	0.02079
2530.27656	0.02063
2528.34800	0.02051
2526.41943	0.02039
2524.49087	0.02028
2522.56230	0.02016
2520.63374	0.01999
2518.70518	0.01989
2516.77661	0.01995
2514.84805	0.01999
2512.91948	0.01995
2510.99092	0.01991
2509.06235	0.01978
2507.13379	0.01950
2505.20522	0.01926
2503.27666	0.01910
2501.34810	0.01895
2499.41953	0.01889
2497.49097	0.01890
2495.56240	0.01889
2493.63384	0.01887
2491.70527	0.01893
2489.77671	0.01899
2487.84814	0.01893
2485.91958	0.01872
2483.99102	0.01858
2482.06245	0.01863
2480.13389	0.01867
2478.20532	0.01851
2476.27676	0.01827
2474.34819	0.01810
2472.41963	0.01811
2470.49106	0.01823
2468.56250	0.01831
2466.63394	0.01833
2464.70537	0.01828
2462.77681	0.01818
2460.84824	0.01811
2458.91968	0.01815
2456.99111	0.01823
2455.06255	0.01829
2453.13398	0.01828
2451.20542	0.01819
2449.27686	0.01805
2447.34829	0.01791
2445.41973	0.01778
2443.49116	0.01762
2441.56260	0.01747
2439.63403	0.01737
2437.70547	0.01727
2435.77690	0.01714
2433.84834	0.01705
2431.91978	0.01701
2429.99121	0.01696
2428.06265	0.01697
2426.13408	0.01706
2424.20552	0.01710
2422.27695	0.01702
2420.34839	0.01687
2418.41982	0.01682
2416.49126	0.01682
2414.56270	0.01683
2412.63413	0.01695
2410.70557	0.01702
2408.77700	0.01680
2406.84844	0.01647
2404.91987	0.01630
2402.99131	0.01629
2401.06274	0.01630
2399.13418	0.01628
2397.20562	0.01629
2395.27705	0.01629
2393.34849	0.01623
2391.41992	0.01614
2389.49136	0.01609
2387.56279	0.01604
2385.63423	0.01587
2383.70566	0.01548
2381.77710	0.01487
2379.84854	0.01418
2377.91997	0.01350
2375.99141	0.01273
2374.06284	0.01183
2372.13428	0.01090
2370.20571	0.01008
2368.27715	0.00937
2366.34858	0.00873
2364.42002	0.00826
2362.49146	0.00820
2360.56289	0.00856
2358.63433	0.00913
2356.70576	0.00979
2354.77720	0.01067
2352.84863	0.01189
2350.92007	0.01312
2348.99150	0.01364
2347.06294	0.01319
2345.13437	0.01237
2343.20581	0.01194
2341.27725	0.01190
2339.34868	0.01204
2337.42012	0.01229
2335.49155	0.01256
2333.56299	0.01284
2331.63442	0.01321
2329.70586	0.01404
2327.77729	0.01586
2325.84873	0.01820
2323.92017	0.01938
2321.99160	0.01899
2320.06304	0.01829
2318.13447	0.01805
2316.20591	0.01803
2314.27734	0.01803
2312.34878	0.01806
2310.42021	0.01814
2308.49165	0.01830
2306.56309	0.01848
2304.63452	0.01861
2302.70596	0.01873
2300.77739	0.01885
2298.84883	0.01893
2296.92026	0.01907
2294.99170	0.01943
2293.06313	0.01993
2291.13457	0.02026
2289.20601	0.02048
2287.27744	0.02066
2285.34888	0.02056
2283.42031	0.02007
2281.49175	0.01948
2279.56318	0.01911
2277.63462	0.01893
2275.70605	0.01872
2273.77749	0.01838
2271.84893	0.01801
2269.92036	0.01775
2267.99180	0.01755
2266.06323	0.01732
2264.13467	0.01707
2262.20610	0.01695
2260.27754	0.01709
2258.34897	0.01717
2256.42041	0.01677
2254.49185	0.01617
2252.56328	0.01587
2250.63472	0.01579
2248.70615	0.01580
2246.77759	0.01593
2244.84902	0.01608
2242.92046	0.01630
2240.99189	0.01661
2239.06333	0.01670
2237.13477	0.01640
2235.20620	0.01598
2233.27764	0.01565
2231.34907	0.01541
2229.42051	0.01532
2227.49194	0.01536
2225.56338	0.01538
2223.63481	0.01533
2221.70625	0.01519
2219.77769	0.01498
2217.84912	0.01498
2215.92056	0.01527
2213.99199	0.01543
2212.06343	0.01517
2210.13486	0.01496
2208.20630	0.01521
2206.27773	0.01544
2204.34917	0.01528
2202.42061	0.01499
2200.49204	0.01471
2198.56348	0.01446
2196.63491	0.01465
2194.70635	0.01527
2192.77778	0.01591
2190.84922	0.01650
2188.92065	0.01693
2186.99209	0.01677
2185.06353	0.01588
2183.13496	0.01473
2181.20640	0.01418
2179.27783	0.01426
2177.34927	0.01389
2175.42070	0.01308
2173.49214	0.01334
2171.56357	0.01491
2169.63501	0.01654
2167.70645	0.01733
2165.77788	0.01767
2163.84932	0.01843
2161.92075	0.01764
2159.99219	0.01201
2158.06362	0.00541
2156.13506	0.00395
2154.20649	0.00572
2152.27793	0.00722
2150.34937	0.00793
2148.42080	0.00824
2146.49224	0.00843
2144.56367	0.00852
2142.63511	0.00842
2140.70654	0.00819
2138.77798	0.00786
2136.84941	0.00726
2134.92085	0.00663
2132.99229	0.00674
2131.06372	0.00773
2129.13516	0.00880
2127.20659	0.00964
2125.27803	0.01047
2123.34946	0.01127
2121.42090	0.01191
2119.49233	0.01250
2117.56377	0.01307
2115.63521	0.01356
2113.70664	0.01382
2111.77808	0.01381
2109.84951	0.01364
2107.92095	0.01348
2105.99238	0.01335
2104.06382	0.01332
2102.13525	0.01350
2100.20669	0.01364
2098.27812	0.01331
2096.34956	0.01243
2094.42100	0.01162
2092.49243	0.01168
2090.56387	0.01244
2088.63530	0.01321
2086.70674	0.01375
2084.77817	0.01397
2082.84961	0.01402
2080.92104	0.01431
2078.99248	0.01473
2077.06392	0.01466
2075.13535	0.01418
2073.20679	0.01387
2071.27822	0.01389
2069.34966	0.01394
2067.42109	0.01385
2065.49253	0.01365
2063.56396	0.01335
2061.63540	0.01318
2059.70684	0.01335
2057.77827	0.01367
2055.84971	0.01399
2053.92114	0.01512
2051.99258	0.01725
2050.06401	0.01813
2048.13545	0.01685
2046.20688	0.01560
2044.27832	0.01514
2042.34976	0.01461
2040.42119	0.01415
2038.49263	0.01425
2036.56406	0.01442
2034.63550	0.01377
2032.70693	0.01281
2030.77837	0.01251
2028.84980	0.01255
2026.92124	0.01231
2024.99268	0.01181
2023.06411	0.01142
2021.13555	0.01137
2019.20698	0.01145
2017.27842	0.01150
2015.34985	0.01161
2013.42129	0.01176
2011.49272	0.01187
2009.56416	0.01156
2007.63560	0.01045
2005.70703	0.00936
2003.77847	0.00934
2001.84990	0.01001
1999.92134	0.01071
1997.99277	0.01144
1996.06421	0.01225
1994.13564	0.01286
1992.20708	0.01320
1990.27852	0.01338
1988.34995	0.01343
1986.42139	0.01345
1984.49282	0.01398
1982.56426	0.01554
1980.63569	0.01665
1978.70713	0.01482
1976.77856	0.01121
1974.85000	0.00922
1972.92144	0.00892
1970.99287	0.00902
1969.06431	0.00932
1967.13574	0.00949
1965.20718	0.00925
1963.27861	0.00886
1961.35005	0.00839
1959.42148	0.00818
1957.49292	0.00869
1955.56436	0.00940
1953.63579	0.00965
1951.70723	0.00960
1949.77866	0.00971
1947.85010	0.01002
1945.92153	0.01026
1943.99297	0.01045
1942.06440	0.01075
1940.13584	0.01087
1938.20728	0.01064
1936.27871	0.01044
1934.35015	0.01038
1932.42158	0.01035
1930.49302	0.01035
1928.56445	0.01049
1926.63589	0.01074
1924.70732	0.01106
1922.77876	0.01145
1920.85020	0.01181
1918.92163	0.01207
1916.99307	0.01220
1915.06450	0.01215
1913.13594	0.01205
1911.20737	0.01208
1909.27881	0.01217
1907.35024	0.01219
1905.42168	0.01212
1903.49312	0.01212
1901.56455	0.01220
1899.63599	0.01232
1897.70742	0.01244
1895.77886	0.01257
1893.85029	0.01266
1891.92173	0.01274
1889.99316	0.01285
1888.06460	0.01283
1886.13604	0.01265
1884.20747	0.01252
1882.27891	0.01249
1880.35034	0.01243
1878.42178	0.01227
1876.49321	0.01211
1874.56465	0.01214
1872.63608	0.01239
1870.70752	0.01279
1868.77896	0.01314
1866.85039	0.01309
1864.92183	0.01276
1862.99326	0.01251
1861.06470	0.01241
1859.13613	0.01242
1857.20757	0.01245
1855.27900	0.01247
1853.35044	0.01251
1851.42187	0.01257
1849.49331	0.01273
1847.56475	0.01295
1845.63618	0.01316
1843.70762	0.01326
1841.77905	0.01313
1839.85049	0.01295
1837.92192	0.01293
1835.99336	0.01299
1834.06479	0.01315
1832.13623	0.01360
1830.20767	0.01407
1828.27910	0.01410
1826.35054	0.01394
1824.42197	0.01391
1822.49341	0.01378
1820.56484	0.01334
1818.63628	0.01275
1816.70771	0.01246
1814.77915	0.01275
1812.85059	0.01335
1810.92202	0.01382
1808.99346	0.01393
1807.06489	0.01391
1805.13633	0.01404
1803.20776	0.01439
1801.27920	0.01478
1799.35063	0.01490
1797.42207	0.01485
1795.49351	0.01491
1793.56494	0.01524
1791.63638	0.01551
1789.70781	0.01535
1787.77925	0.01515
1785.85068	0.01514
1783.92212	0.01520
1781.99355	0.01530
1780.06499	0.01537
1778.13643	0.01532
1776.20786	0.01532
1774.27930	0.01563
1772.35073	0.01614
1770.42217	0.01633
1768.49360	0.01617
1766.56504	0.01594
1764.63647	0.01590
1762.70791	0.01610
1760.77935	0.01626
1758.85078	0.01623
1756.92222	0.01622
1754.99365	0.01624
1753.06509	0.01647
1751.13652	0.01706
1749.20796	0.01754
1747.27939	0.01759
1745.35083	0.01757
1743.42227	0.01762
1741.49370	0.01767
1739.56514	0.01769
1737.63657	0.01776
1735.70801	0.01814
1733.77944	0.01878
1731.85088	0.01886
1729.92231	0.01846
1727.99375	0.01812
1726.06519	0.01811
1724.13662	0.01839
1722.20806	0.01870
1720.27949	0.01909
1718.35093	0.01992
1716.42236	0.02059
1714.49380	0.02029
1712.56523	0.01979
1710.63667	0.01959
1708.70811	0.01968
1706.77954	0.01996
1704.85098	0.02022
1702.92241	0.02035
1700.99385	0.02064
1699.06528	0.02104
1697.13672	0.02110
1695.20815	0.02074
1693.27959	0.02030
1691.35103	0.02023
1689.42246	0.02054
1687.49390	0.02103
1685.56533	0.02183
1683.63677	0.02261
1681.70820	0.02234
1679.77964	0.02179
1677.85107	0.02156
1675.92251	0.02172
1673.99395	0.02203
1672.06538	0.02233
1670.13682	0.02274
1668.20825	0.02285
1666.27969	0.02265
1664.35112	0.02273
1662.42256	0.02304
1660.49399	0.02309
1658.56543	0.02312
1656.63687	0.02355
1654.70830	0.02455
1652.77974	0.02541
1650.85117	0.02503
1648.92261	0.02484
1646.99404	0.02509
1645.06548	0.02491
1643.13691	0.02449
1641.20835	0.02438
1639.27979	0.02463
1637.35122	0.02512
1635.42266	0.02538
1633.49409	0.02501
1631.56553	0.02471
1629.63696	0.02471
1627.70840	0.02483
1625.77983	0.02496
1623.85127	0.02519
1621.92271	0.02528
1619.99414	0.02523
1618.06558	0.02541
1616.13701	0.02562
1614.20845	0.02543
1612.27988	0.02529
1610.35132	0.02545
1608.42275	0.02563
1606.49419	0.02567
1604.56562	0.02572
1602.63706	0.02580
1600.70850	0.02582
1598.77993	0.02586
1596.85137	0.02602
1594.92280	0.02615
1592.99424	0.02610
1591.06567	0.02596
1589.13711	0.02583
1587.20854	0.02571
1585.27998	0.02553
1583.35142	0.02530
1581.42285	0.02508
1579.49429	0.02502
1577.56572	0.02518
1575.63716	0.02510
1573.70859	0.02457
1571.78003	0.02423
1569.85146	0.02415
1567.92290	0.02387
1565.99434	0.02349
1564.06577	0.02326
1562.13721	0.02329
1560.20864	0.02382
1558.28008	0.02431
1556.35151	0.02370
1554.42295	0.02298
1552.49438	0.02247
1550.56582	0.02216
1548.63726	0.02191
1546.70869	0.02188
1544.78013	0.02221
1542.85156	0.02267
1540.92300	0.02277
1538.99443	0.02192
1537.06587	0.02102
1535.13730	0.02073
1533.20874	0.02065
1531.28018	0.02032
1529.35161	0.02011
1527.42305	0.02020
1525.49448	0.02029
1523.56592	0.02042
1521.63735	0.02062
1519.70879	0.02046
1517.78022	0.02018
1515.85166	0.01985
1513.92310	0.01950
1511.99453	0.01951
1510.06597	0.01998
1508.13740	0.02057
1506.20884	0.02004
1504.28027	0.01892
1502.35171	0.01846
1500.42314	0.01853
1498.49458	0.01889
1496.56602	0.01906
1494.63745	0.01891
1492.70889	0.01901
1490.78032	0.01968
1488.85176	0.02032
1486.92319	0.02042
1484.99463	0.02071
1483.06606	0.02189
1481.13750	0.02450
1479.20894	0.02967
1477.28037	0.04067
1475.35181	0.06188
1473.42324	0.09621
1471.49468	0.13196
1469.56611	0.15048
1467.63755	0.15657
1465.70898	0.15370
1463.78042	0.14096
1461.85186	0.12644
1459.92329	0.11464
1457.99473	0.10327
1456.06616	0.09195
1454.13760	0.08375
1452.20903	0.07707
1450.28047	0.07101
1448.35190	0.06585
1446.42334	0.06172
1444.49478	0.05870
1442.56621	0.05643
1440.63765	0.05467
1438.70908	0.05330
1436.78052	0.05167
1434.85195	0.04937
1432.92339	0.04693
1430.99482	0.04436
1429.06626	0.04152
1427.13770	0.03884
1425.20913	0.03652
1423.28057	0.03445
1421.35200	0.03287
1419.42344	0.03162
1417.49487	0.03021
1415.56631	0.02886
1413.63774	0.02789
1411.70918	0.02720
1409.78062	0.02662
1407.85205	0.02618
1405.92349	0.02593
1403.99492	0.02562
1402.06636	0.02524
1400.13779	0.02508
1398.20923	0.02513
1396.28066	0.02505
1394.35210	0.02472
1392.42354	0.02436
1390.49497	0.02440
1388.56641	0.02502
1386.63784	0.02610
1384.70928	0.02772
1382.78071	0.03044
1380.85215	0.03440
1378.92358	0.03833
1376.99502	0.04045
1375.06646	0.04015
1373.13789	0.03836
1371.20933	0.03673
1369.28076	0.03563
1367.35220	0.03462
1365.42363	0.03367
1363.49507	0.03277
1361.56650	0.03168
1359.63794	0.03060
1357.70937	0.02991
1355.78081	0.02957
1353.85225	0.02930
1351.92368	0.02896
1349.99512	0.02859
1348.06655	0.02813
1346.13799	0.02755
1344.20942	0.02698
1342.28086	0.02658
1340.35229	0.02631
1338.42373	0.02573
1336.49517	0.02478
1334.56660	0.02386
1332.63804	0.02319
1330.70947	0.02281
1328.78091	0.02267
1326.85234	0.02272
1324.92378	0.02291
1322.99521	0.02326
1321.06665	0.02375
1319.13809	0.02428
1317.20952	0.02472
1315.28096	0.02511
1313.35239	0.02558
1311.42383	0.02601
1309.49526	0.02632
1307.56670	0.02656
1305.63813	0.02670
1303.70957	0.02674
1301.78101	0.02671
1299.85244	0.02661
1297.92388	0.02641
1295.99531	0.02610
1294.06675	0.02569
1292.13818	0.02523
1290.20962	0.02485
1288.28105	0.02460
1286.35249	0.02440
1284.42393	0.02419
1282.49536	0.02405
1280.56680	0.02397
1278.63823	0.02392
1276.70967	0.02391
1274.78110	0.02397
1272.85254	0.02408
1270.92397	0.02415
1268.99541	0.02415
1267.06685	0.02414
1265.13828	0.02418
1263.20972	0.02422
1261.28115	0.02426
1259.35259	0.02421
1257.42402	0.02409
1255.49546	0.02395
1253.56689	0.02377
1251.63833	0.02358
1249.70977	0.02343
1247.78120	0.02331
1245.85264	0.02321
1243.92407	0.02314
1241.99551	0.02305
1240.06694	0.02293
1238.13838	0.02276
1236.20981	0.02256
1234.28125	0.02246
1232.35269	0.02243
1230.42412	0.02236
1228.49556	0.02222
1226.56699	0.02211
1224.63843	0.02213
1222.70986	0.02215
1220.78130	0.02199
1218.85273	0.02171
1216.92417	0.02156
1214.99561	0.02156
1213.06704	0.02152
1211.13848	0.02139
1209.20991	0.02125
1207.28135	0.02116
1205.35278	0.02112
1203.42422	0.02110
1201.49565	0.02105
1199.56709	0.02104
1197.63853	0.02110
1195.70996	0.02117
1193.78140	0.02119
1191.85283	0.02126
1189.92427	0.02143
1187.99570	0.02159
1186.06714	0.02171
1184.13857	0.02186
1182.21001	0.02205
1180.28145	0.02229
1178.35288	0.02252
1176.42432	0.02276
1174.49575	0.02304
1172.56719	0.02332
1170.63862	0.02358
1168.71006	0.02373
1166.78149	0.02372
1164.85293	0.02368
1162.92437	0.02372
1160.99580	0.02382
1159.06724	0.02392
1157.13867	0.02400
1155.21011	0.02413
1153.28154	0.02436
1151.35298	0.02463
1149.42441	0.02484
1147.49585	0.02497
1145.56729	0.02503
1143.63872	0.02508
1141.71016	0.02525
1139.78159	0.02556
1137.85303	0.02587
1135.92446	0.02620
1133.99590	0.02658
1132.06733	0.02698
1130.13877	0.02736
1128.21021	0.02779
1126.28164	0.02818
1124.35308	0.02841
1122.42451	0.02857
1120.49595	0.02875
1118.56738	0.02891
1116.63882	0.02911
1114.71025	0.02941
1112.78169	0.02978
1110.85312	0.03013
1108.92456	0.03038
1106.99600	0.03059
1105.06743	0.03090
1103.13887	0.03131
1101.21030	0.03176
1099.28174	0.03225
1097.35317	0.03280
1095.42461	0.03338
1093.49604	0.03397
1091.56748	0.03450
1089.63892	0.03495
1087.71035	0.03536
1085.78179	0.03570
1083.85322	0.03594
1081.92466	0.03613
1079.99609	0.03628
1078.06753	0.03631
1076.13896	0.03623
1074.21040	0.03620
1072.28184	0.03627
1070.35327	0.03641
1068.42471	0.03652
1066.49614	0.03658
1064.56758	0.03670
1062.63901	0.03682
1060.71045	0.03683
1058.78188	0.03676
1056.85332	0.03666
1054.92476	0.03661
1052.99619	0.03665
1051.06763	0.03673
1049.13906	0.03679
1047.21050	0.03680
1045.28193	0.03680
1043.35337	0.03676
1041.42480	0.03662
1039.49624	0.03642
1037.56768	0.03624
1035.63911	0.03606
1033.71055	0.03586
1031.78198	0.03560
1029.85342	0.03521
1027.92485	0.03471
1025.99629	0.03422
1024.06772	0.03381
1022.13916	0.03340
1020.21060	0.03298
1018.28203	0.03255
1016.35347	0.03208
1014.42490	0.03160
1012.49634	0.03114
1010.56777	0.03072
1008.63921	0.03028
1006.71064	0.02970
1004.78208	0.02908
1002.85352	0.02853
1000.92495	0.02804
998.99639	0.02749
997.06782	0.02684
995.13926	0.02614
993.21069	0.02541
991.28213	0.02467
989.35356	0.02396
987.42500	0.02321
985.49644	0.02244
983.56787	0.02168
981.63931	0.02096
979.71074	0.02047
977.78218	0.02024
975.85361	0.02003
973.92505	0.01969
971.99648	0.01921
970.06792	0.01863
968.13936	0.01807
966.21079	0.01755
964.28223	0.01700
962.35366	0.01646
960.42510	0.01601
958.49653	0.01560
956.56797	0.01516
954.63940	0.01476
952.71084	0.01448
950.78228	0.01426
948.85371	0.01406
946.92515	0.01394
944.99658	0.01395
943.06802	0.01399
941.13945	0.01398
939.21089	0.01387
937.28232	0.01371
935.35376	0.01364
933.42520	0.01361
931.49663	0.01359
929.56807	0.01360
927.63950	0.01354
925.71094	0.01330
923.78237	0.01307
921.85381	0.01308
919.92524	0.01317
917.99668	0.01327
916.06812	0.01355
914.13955	0.01407
912.21099	0.01475
910.28242	0.01535
908.35386	0.01553
906.42529	0.01514
904.49673	0.01440
902.56816	0.01369
900.63960	0.01314
898.71104	0.01277
896.78247	0.01261
894.85391	0.01259
892.92534	0.01261
890.99678	0.01270
889.06821	0.01274
887.13965	0.01257
885.21108	0.01206
883.28252	0.01139
881.35396	0.01088
879.42539	0.01062
877.49683	0.01034
875.56826	0.00997
873.63970	0.00970
871.71113	0.00967
869.78257	0.00977
867.85400	0.00983
865.92544	0.00989
863.99687	0.00993
862.06831	0.00986
860.13975	0.00971
858.21118	0.00963
856.28262	0.00962
854.35405	0.00958
852.42549	0.00955
850.49692	0.00955
848.56836	0.00943
846.63979	0.00934
844.71123	0.00952
842.78267	0.00983
840.85410	0.00999
838.92554	0.00987
836.99697	0.00968
835.06841	0.00966
833.13984	0.00984
831.21128	0.01014
829.28271	0.01044
827.35415	0.01065
825.42559	0.01080
823.49702	0.01102
821.56846	0.01125
819.63989	0.01141
817.71133	0.01163
815.78276	0.01187
813.85420	0.01208
811.92563	0.01242
809.99707	0.01293
808.06851	0.01331
806.13994	0.01330
804.21138	0.01312
802.28281	0.01315
800.35425	0.01343
798.42568	0.01380
796.49712	0.01396
794.56855	0.01375
792.63999	0.01354
790.71143	0.01367
788.78286	0.01388
786.85430	0.01380
784.92573	0.01358
782.99717	0.01369
781.06860	0.01429
779.14004	0.01497
777.21147	0.01531
775.28291	0.01547
773.35435	0.01569
771.42578	0.01591
769.49722	0.01605
767.56865	0.01614
765.64009	0.01632
763.71152	0.01666
761.78296	0.01697
759.85439	0.01715
757.92583	0.01735
755.99727	0.01757
754.06870	0.01782
752.14014	0.01831
750.21157	0.01902
748.28301	0.01978
746.35444	0.02068
744.42588	0.02181
742.49731	0.02318
740.56875	0.02492
738.64019	0.02742
736.71162	0.03109
734.78306	0.03653
732.85449	0.04461
730.92593	0.05553
728.99736	0.06852
727.06880	0.08319
725.14023	0.10007
723.21167	0.11909
721.28311	0.13796
719.35454	0.15103
717.42598	0.15063
715.49741	0.13459
713.56885	0.11033
711.64028	0.08748
709.71172	0.07008
707.78315	0.05749
705.85459	0.04835
703.92603	0.04151
701.99746	0.03615
700.06890	0.03199
698.14033	0.02871
696.21177	0.02584
694.28320	0.02336
692.35464	0.02152
690.42607	0.02024
688.49751	0.01911
686.56895	0.01802
684.64038	0.01715
682.71182	0.01644
680.78325	0.01577
678.85469	0.01515
676.92612	0.01449
674.99756	0.01372
673.06899	0.01313
671.14043	0.01256
669.21187	0.01184
667.28330	0.01204
665.35474	0.01296
663.42617	0.01321
661.49761	0.01295
659.56904	0.01271
657.64048	0.01258
655.71191	0.01246
653.78335	0.01226
651.85479	0.01210
649.92622	0.01227
647.99766	0.01268
646.06909	0.01289
644.14053	0.01288
642.21196	0.01304
640.28340	0.01370
638.35483	0.01488
636.42627	0.01639
634.49771	0.01796
632.56914	0.01903
630.64058	0.01882
628.71201	0.01759
626.78345	0.01662
624.85488	0.01641
622.92632	0.01622
620.99775	0.01559
619.06919	0.01496
617.14062	0.01488
615.21206	0.01524
613.28350	0.01563
611.35493	0.01584
609.42637	0.01608
607.49780	0.01682
605.56924	0.01752
603.64067	0.01730
601.71211	0.01689
599.78354	0.01700
