3997.91411	0.01205
3995.98555	0.01202
3994.05698	0.01194
3992.12842	0.01190
3990.19985	0.01191
3988.27129	0.01197
3986.34272	0.01203
3984.41416	0.01207
3982.48560	0.01215
3980.55703	0.01228
3978.62847	0.01233
3976.69990	0.01231
3974.77134	0.01238
3972.84277	0.01246
3970.91421	0.01238
3968.98564	0.01218
3967.05708	0.01213
3965.12852	0.01224
3963.19995	0.01231
3961.27139	0.01218
3959.34282	0.01196
3957.41426	0.01185
3955.48569	0.01187
3953.55713	0.01197
3951.62856	0.01219
3949.70000	0.01252
3947.77144	0.01274
3945.84287	0.01273
3943.91431	0.01264
3941.98574	0.01253
3940.05718	0.01234
3938.12861	0.01217
3936.20005	0.01219
3934.27148	0.01254
3932.34292	0.01287
3930.41436	0.01277
3928.48579	0.01243
3926.55723	0.01225
3924.62866	0.01227
3922.70010	0.01238
3920.77153	0.01252
3918.84297	0.01263
3916.91440	0.01262
3914.98584	0.01244
3913.05728	0.01221
3911.12871	0.01204
3909.20015	0.01204
3907.27158	0.01230
3905.34302	0.01276
3903.41445	0.01313
3901.48589	0.01315
3899.55732	0.01289
3897.62876	0.01265
3895.70020	0.01254
3893.77163	0.01245
3891.84307	0.01235
3889.91450	0.01233
3887.98594	0.01244
3886.05737	0.01260
3884.12881	0.01271
3882.20024	0.01274
3880.27168	0.01268
3878.34312	0.01258
3876.41455	0.01254
3874.48599	0.01264
3872.55742	0.01285
3870.62886	0.01299
3868.70029	0.01293
3866.77173	0.01281
3864.84316	0.01284
3862.91460	0.01301
3860.98604	0.01313
3859.05747	0.01302
3857.12891	0.01266
3855.20034	0.01210
3853.27178	0.01165
3851.34321	0.01170
3849.41465	0.01205
3847.48608	0.01234
3845.55752	0.01247
3843.62896	0.01248
3841.70039	0.01240
3839.77183	0.01228
3837.84326	0.01216
3835.91470	0.01209
3833.98613	0.01211
3832.05757	0.01218
3830.12900	0.01226
3828.20044	0.01236
3826.27187	0.01239
3824.34331	0.01229
3822.41475	0.01216
3820.48618	0.01219
3818.55762	0.01224
3816.62905	0.01214
3814.70049	0.01200
3812.77192	0.01199
3810.84336	0.01202
3808.91479	0.01195
3806.98623	0.01184
3805.05767	0.01172
3803.12910	0.01156
3801.20054	0.01143
3799.27197	0.01146
3797.34341	0.01157
3795.41484	0.01165
3793.48628	0.01171
3791.55771	0.01176
3789.62915	0.01173
3787.70059	0.01154
3785.77202	0.01131
3783.84346	0.01122
3781.91489	0.01118
3779.98633	0.01111
3778.05776	0.01114
3776.12920	0.01129
3774.20063	0.01137
3772.27207	0.01129
3770.34351	0.01119
3768.41494	0.01129
3766.48638	0.01153
3764.55781	0.01171
3762.62925	0.01175
3760.70068	0.01170
3758.77212	0.01169
3756.84355	0.01178
3754.91499	0.01185
3752.98643	0.01177
3751.05786	0.01163
3749.12930	0.01175
3747.20073	0.01211
3745.27217	0.01246
3743.34360	0.01256
3741.41504	0.01259
3739.48647	0.01275
3737.55791	0.01290
3735.62935	0.01279
3733.70078	0.01240
3731.77222	0.01217
3729.84365	0.01241
3727.91509	0.01278
3725.98652	0.01299
3724.05796	0.01277
3722.12939	0.01243
3720.20083	0.01222
3718.27227	0.01201
3716.34370	0.01186
3714.41514	0.01176
3712.48657	0.01164
3710.55801	0.01164
3708.62944	0.01175
3706.70088	0.01185
3704.77231	0.01175
3702.84375	0.01154
3700.91519	0.01153
3698.98662	0.01172
3697.05806	0.01182
3695.12949	0.01172
3693.20093	0.01146
3691.27236	0.01123
3689.34380	0.01127
3687.41523	0.01161
3685.48667	0.01194
3683.55811	0.01210
3681.62954	0.01216
3679.70098	0.01220
3677.77241	0.01220
3675.84385	0.01213
3673.91528	0.01219
3671.98672	0.01248
3670.05815	0.01277
3668.12959	0.01285
3666.20103	0.01283
3664.27246	0.01285
3662.34390	0.01295
3660.41533	0.01312
3658.48677	0.01336
3656.55820	0.01366
3654.62964	0.01396
3652.70107	0.01432
3650.77251	0.01489
3648.84395	0.01543
3646.91538	0.01555
3644.98682	0.01559
3643.05825	0.01584
3641.12969	0.01613
3639.20112	0.01633
3637.27256	0.01657
3635.34399	0.01698
3633.41543	0.01746
3631.48687	0.01787
3629.55830	0.01823
3627.62974	0.01855
3625.70117	0.01887
3623.77261	0.01912
3621.84404	0.01925
3619.91548	0.01958
3617.98691	0.02018
3616.05835	0.02077
3614.12979	0.02123
3612.20122	0.02162
3610.27266	0.02203
3608.34409	0.02246
3606.41553	0.02282
3604.48696	0.02313
3602.55840	0.02347
3600.62983	0.02382
3598.70127	0.02421
3596.77271	0.02469
3594.84414	0.02507
3592.91558	0.02516
3590.98701	0.02525
3589.05845	0.02565
3587.12988	0.02616
3585.20132	0.02646
3583.27275	0.02667
3581.34419	0.02691
3579.41562	0.02707
3577.48706	0.02713
3575.55850	0.02731
3573.62993	0.02778
3571.70137	0.02856
3569.77280	0.02954
3567.84424	0.03045
3565.91567	0.03081
3563.98711	0.03074
3562.05854	0.03068
3560.12998	0.03069
3558.20142	0.03066
3556.27285	0.03087
3554.34429	0.03141
3552.41572	0.03198
3550.48716	0.03245
3548.55859	0.03299
3546.63003	0.03359
3544.70146	0.03407
3542.77290	0.03438
3540.84434	0.03456
3538.91577	0.03477
3536.98721	0.03505
3535.05864	0.03532
3533.13008	0.03559
3531.20151	0.03590
3529.27295	0.03619
3527.34438	0.03657
3525.41582	0.03708
3523.48726	0.03756
3521.55869	0.03790
3519.63013	0.03819
3517.70156	0.03851
3515.77300	0.03877
3513.84443	0.03899
3511.91587	0.03932
3509.98730	0.03976
3508.05874	0.04013
3506.13018	0.04038
3504.20161	0.04065
3502.27305	0.04097
3500.34448	0.04126
3498.41592	0.04160
3496.48735	0.04205
3494.55879	0.04245
3492.63022	0.04275
3490.70166	0.04314
3488.77310	0.04358
3486.84453	0.04379
3484.91597	0.04368
3482.98740	0.04345
3481.05884	0.04341
3479.13027	0.04383
3477.20171	0.04454
3475.27314	0.04511
3473.34458	0.04539
3471.41602	0.04554
3469.48745	0.04579
3467.55889	0.04624
3465.63032	0.04666
3463.70176	0.04681
3461.77319	0.04680
3459.84463	0.04688
3457.91606	0.04719
3455.98750	0.04772
3454.05894	0.04821
3452.13037	0.04850
3450.20181	0.04866
3448.27324	0.04871
3446.34468	0.04880
3444.41611	0.04910
3442.48755	0.04937
3440.55898	0.04935
3438.63042	0.04922
3436.70186	0.04930
3434.77329	0.04960
3432.84473	0.04995
3430.91616	0.05021
3428.98760	0.05028
3427.05903	0.05021
3425.13047	0.05019
3423.20190	0.05046
3421.27334	0.05091
3419.34478	0.05112
3417.41621	0.05109
3415.48765	0.05109
3413.55908	0.05122
3411.63052	0.05140
3409.70195	0.05146
3407.77339	0.05137
3405.84482	0.05125
3403.91626	0.05112
3401.98770	0.05104
3400.05913	0.05118
3398.13057	0.05167
3396.20200	0.05183
3394.27344	0.05169
3392.34487	0.05147
3390.41631	0.05136
3388.48774	0.05141
3386.55918	0.05165
3384.63062	0.05197
3382.70205	0.05230
3380.77349	0.05259
3378.84492	0.05271
3376.91636	0.05264
3374.98779	0.05252
3373.05923	0.05238
3371.13066	0.05232
3369.20210	0.05253
3367.27354	0.05299
3365.34497	0.05342
3363.41641	0.05351
3361.48784	0.05330
3359.55928	0.05308
3357.63071	0.05313
3355.70215	0.05331
3353.77358	0.05339
3351.84502	0.05333
3349.91646	0.05324
3347.98789	0.05324
3346.05933	0.05323
3344.13076	0.05322
3342.20220	0.05333
3340.27363	0.05338
3338.34507	0.05323
3336.41650	0.05316
3334.48794	0.05318
3332.55937	0.05314
3330.63081	0.05308
3328.70225	0.05303
3326.77368	0.05295
3324.84512	0.05283
3322.91655	0.05273
3320.98799	0.05282
3319.05942	0.05300
3317.13086	0.05300
3315.20229	0.05278
3313.27373	0.05256
3311.34517	0.05247
3309.41660	0.05235
3307.48804	0.05213
3305.55947	0.05204
3303.63091	0.05221
3301.70234	0.05234
3299.77378	0.05226
3297.84521	0.05220
3295.91665	0.05222
3293.98809	0.05215
3292.05952	0.05201
3290.13096	0.05194
3288.20239	0.05192
3286.27383	0.05180
3284.34526	0.05158
3282.41670	0.05144
3280.48813	0.05146
3278.55957	0.05150
3276.63101	0.05139
3274.70244	0.05108
3272.77388	0.05068
3270.84531	0.05037
3268.91675	0.05019
3266.98818	0.05001
3265.05962	0.04980
3263.13105	0.04960
3261.20249	0.04944
3259.27393	0.04926
3257.34536	0.04903
3255.41680	0.04882
3253.48823	0.04854
3251.55967	0.04812
3249.63110	0.04775
3247.70254	0.04749
3245.77397	0.04724
3243.84541	0.04698
3241.91685	0.04680
3239.98828	0.04674
3238.05972	0.04659
3236.13115	0.04620
3234.20259	0.04578
3232.27402	0.04549
3230.34546	0.04525
3228.41689	0.04497
3226.48833	0.04467
3224.55977	0.04443
3222.63120	0.04425
3220.70264	0.04401
3218.77407	0.04364
3216.84551	0.04327
3214.91694	0.04312
3212.98838	0.04312
3211.05981	0.04296
3209.13125	0.04257
3207.20269	0.04211
3205.27412	0.04162
3203.34556	0.04113
3201.41699	0.04078
3199.48843	0.04062
3197.55986	0.04047
3195.63130	0.04016
3193.70273	0.03980
3191.77417	0.03953
3189.84561	0.03933
3187.91704	0.03917
3185.98848	0.03901
3184.05991	0.03868
3182.13135	0.03825
3180.20278	0.03794
3178.27422	0.03776
3176.34565	0.03756
3174.41709	0.03733
3172.48853	0.03707
3170.55996	0.03676
3168.63140	0.03641
3166.70283	0.03615
3164.77427	0.03589
3162.84570	0.03552
3160.91714	0.03503
3158.98857	0.03460
3157.06001	0.03443
3155.13145	0.03437
3153.20288	0.03411
3151.27432	0.03378
3149.34575	0.03357
3147.41719	0.03338
3145.48862	0.03309
3143.56006	0.03269
3141.63149	0.03224
3139.70293	0.03196
3137.77437	0.03190
3135.84580	0.03178
3133.91724	0.03148
3131.98867	0.03117
3130.06011	0.03105
3128.13154	0.03109
3126.20298	0.03097
3124.27441	0.03050
3122.34585	0.02992
3120.41729	0.02949
3118.48872	0.02920
3116.56016	0.02913
3114.63159	0.02928
3112.70303	0.02936
3110.77446	0.02924
3108.84590	0.02910
3106.91733	0.02894
3104.98877	0.02863
3103.06021	0.02827
3101.13164	0.02808
3099.20308	0.02808
3097.27451	0.02804
3095.34595	0.02783
3093.41738	0.02760
3091.48882	0.02749
3089.56025	0.02743
3087.63169	0.02734
3085.70312	0.02718
3083.77456	0.02700
3081.84600	0.02694
3079.91743	0.02693
3077.98887	0.02684
3076.06030	0.02662
3074.13174	0.02633
3072.20317	0.02608
3070.27461	0.02586
3068.34604	0.02562
3066.41748	0.02534
3064.48892	0.02509
3062.56035	0.02483
3060.63179	0.02457
3058.70322	0.02435
3056.77466	0.02416
3054.84609	0.02400
3052.91753	0.02386
3050.98896	0.02367
3049.06040	0.02340
3047.13184	0.02314
3045.20327	0.02294
3043.27471	0.02273
3041.34614	0.02251
3039.41758	0.02240
3037.48901	0.02227
3035.56045	0.02198
3033.63188	0.02170
3031.70332	0.02162
3029.77476	0.02160
3027.84619	0.02142
3025.91763	0.02116
3023.98906	0.02102
3022.06050	0.02095
3020.13193	0.02080
3018.20337	0.02056
3016.27480	0.02030
3014.34624	0.02004
3012.41768	0.01978
3010.48911	0.01958
3008.56055	0.01949
3006.63198	0.01949
3004.70342	0.01954
3002.77485	0.01958
3000.84629	0.01954
2998.91772	0.01956
2996.98916	0.01982
2995.06060	0.02025
2993.13203	0.02060
2991.20347	0.02084
2989.27490	0.02122
2987.34634	0.02188
2985.41777	0.02271
2983.48921	0.02366
2981.56064	0.02469
2979.63208	0.02576
2977.70352	0.02690
2975.77495	0.02823
2973.84639	0.02985
2971.91782	0.03182
2969.98926	0.03411
2968.06069	0.03662
2966.13213	0.03926
2964.20356	0.04193
2962.27500	0.04452
2960.34644	0.04699
2958.41787	0.04929
2956.48931	0.05130
2954.56074	0.05284
2952.63218	0.05408
2950.70361	0.05545
2948.77505	0.05751
2946.84648	0.06083
2944.91792	0.06574
2942.98936	0.07227
2941.06079	0.08031
2939.13223	0.08985
2937.20366	0.10096
2935.27510	0.11372
2933.34653	0.12832
2931.41797	0.14513
2929.48940	0.16474
2927.56084	0.18788
2925.63228	0.21581
2923.70371	0.25028
2921.77515	0.29233
2919.84658	0.34093
2917.91802	0.39081
2915.98945	0.42935
2914.06089	0.44111
2912.13232	0.42274
2910.20376	0.38708
2908.27520	0.34901
2906.34663	0.31608
2904.41807	0.28986
2902.48950	0.26937
2900.56094	0.25313
2898.63237	0.23975
2896.70381	0.22792
2894.77524	0.21687
2892.84668	0.20619
2890.91812	0.19558
2888.98955	0.18499
2887.06099	0.17454
2885.13242	0.16428
2883.20386	0.15438
2881.27529	0.14496
2879.34673	0.13601
2877.41816	0.12770
2875.48960	0.12045
2873.56104	0.11457
2871.63247	0.11002
2869.70391	0.10662
2867.77534	0.10451
2865.84678	0.10447
2863.91821	0.10756
2861.98965	0.11468
2860.06108	0.12671
2858.13252	0.14532
2856.20396	0.17359
2854.27539	0.21615
2852.34683	0.27638
2850.41826	0.34656
2848.48970	0.39696
2846.56113	0.39537
2844.63257	0.34954
2842.70400	0.29241
2840.77544	0.24340
2838.84687	0.20612
2836.91831	0.17854
2834.98975	0.15804
2833.06118	0.14265
2831.13262	0.13082
2829.20405	0.12141
2827.27549	0.11377
2825.34692	0.10744
2823.41836	0.10203
2821.48979	0.09740
2819.56123	0.09336
2817.63267	0.08973
2815.70410	0.08647
2813.77554	0.08364
2811.84697	0.08116
2809.91841	0.07892
2807.98984	0.07687
2806.06128	0.07497
2804.13271	0.07323
2802.20415	0.07161
2800.27559	0.07001
2798.34702	0.06845
2796.41846	0.06700
2794.48989	0.06566
2792.56133	0.06436
2790.63276	0.06308
2788.70420	0.06186
2786.77563	0.06074
2784.84707	0.05970
2782.91851	0.05866
2780.98994	0.05763
2779.06138	0.05670
2777.13281	0.05582
2775.20425	0.05496
2773.27568	0.05419
2771.34712	0.05352
2769.41855	0.05286
2767.48999	0.05221
2765.56143	0.05160
2763.63286	0.05103
2761.70430	0.05047
2759.77573	0.04992
2757.84717	0.04939
2755.91860	0.04893
2753.99004	0.04851
2752.06147	0.04811
2750.13291	0.04771
2748.20435	0.04738
2746.27578	0.04716
2744.34722	0.04698
2742.41865	0.04671
2740.49009	0.04639
2738.56152	0.04611
2736.63296	0.04588
2734.70439	0.04565
2732.77583	0.04537
2730.84727	0.04506
2728.91870	0.04472
2726.99014	0.04432
2725.06157	0.04391
2723.13301	0.04353
2721.20444	0.04321
2719.27588	0.04294
2717.34731	0.04269
2715.41875	0.04243
2713.49019	0.04216
2711.56162	0.04189
2709.63306	0.04162
2707.70449	0.04133
2705.77593	0.04108
2703.84736	0.04084
2701.91880	0.04058
2699.99023	0.04035
2698.06167	0.04018
2696.13311	0.03997
2694.20454	0.03974
2692.27598	0.03953
2690.34741	0.03936
2688.41885	0.03923
2686.49028	0.03913
2684.56172	0.03904
2682.63315	0.03896
2680.70459	0.03887
2678.77603	0.03877
2676.84746	0.03867
2674.91890	0.03860
2672.99033	0.03857
2671.06177	0.03858
2669.13320	0.03863
2667.20464	0.03865
2665.27607	0.03858
2663.34751	0.03849
2661.41895	0.03841
2659.49038	0.03826
2657.56182	0.03808
2655.63325	0.03794
2653.70469	0.03782
2651.77612	0.03766
2649.84756	0.03749
2647.91899	0.03730
2645.99043	0.03712
2644.06187	0.03697
2642.13330	0.03686
2640.20474	0.03682
2638.27617	0.03679
2636.34761	0.03668
2634.41904	0.03649
2632.49048	0.03626
2630.56191	0.03595
2628.63335	0.03564
2626.70479	0.03538
2624.77622	0.03512
2622.84766	0.03484
2620.91909	0.03457
2618.99053	0.03436
2617.06196	0.03415
2615.13340	0.03390
2613.20483	0.03362
2611.27627	0.03333
2609.34771	0.03304
2607.41914	0.03275
2605.49058	0.03248
2603.56201	0.03224
2601.63345	0.03203
2599.70488	0.03186
2597.77632	0.03171
2595.84775	0.03158
2593.91919	0.03150
2591.99062	0.03141
2590.06206	0.03125
2588.13350	0.03096
2586.20493	0.03064
2584.27637	0.03042
2582.34780	0.03029
2580.41924	0.03013
2578.49067	0.02992
2576.56211	0.02973
2574.63354	0.02964
2572.70498	0.02963
2570.77642	0.02958
2568.84785	0.02946
2566.91929	0.02929
2564.99072	0.02912
2563.06216	0.02900
2561.13359	0.02884
2559.20503	0.02858
2557.27646	0.02838
2555.34790	0.02835
2553.41934	0.02836
2551.49077	0.02829
2549.56221	0.02820
2547.63364	0.02811
2545.70508	0.02793
2543.77651	0.02769
2541.84795	0.02746
2539.91938	0.02725
2537.99082	0.02710
2536.06226	0.02705
2534.13369	0.02707
2532.20513	0.02711
2530.27656	0.02710
2528.34800	0.02704
2526.41943	0.02699
2524.49087	0.02691
2522.56230	0.02674
2520.63374	0.02652
2518.70518	0.02641
2516.77661	0.02637
2514.84805	0.02631
2512.91948	0.02629
2510.99092	0.02626
2509.06235	0.02613
2507.13379	0.02592
2505.20522	0.02570
2503.27666	0.02556
2501.34810	0.02557
2499.41953	0.02556
2497.49097	0.02547
2495.56240	0.02535
2493.63384	0.02522
2491.70527	0.02507
2489.77671	0.02500
2487.84814	0.02502
2485.91958	0.02506
2483.99102	0.02508
2482.06245	0.02502
2480.13389	0.02489
2478.20532	0.02482
2476.27676	0.02481
2474.34819	0.02471
2472.41963	0.02453
2470.49106	0.02438
2468.56250	0.02431
2466.63394	0.02428
2464.70537	0.02426
2462.77681	0.02424
2460.84824	0.02427
2458.91968	0.02426
2456.99111	0.02416
2455.06255	0.02400
2453.13398	0.02383
2451.20542	0.02371
2449.27686	0.02367
2447.34829	0.02362
2445.41973	0.02354
2443.49116	0.02355
2441.56260	0.02364
2439.63403	0.02361
2437.70547	0.02343
2435.77690	0.02334
2433.84834	0.02340
2431.91978	0.02344
2429.99121	0.02333
2428.06265	0.02325
2426.13408	0.02327
2424.20552	0.02329
2422.27695	0.02327
2420.34839	0.02320
2418.41982	0.02310
2416.49126	0.02305
2414.56270	0.02308
2412.63413	0.02308
2410.70557	0.02305
2408.77700	0.02303
2406.84844	0.02296
2404.91987	0.02287
2402.99131	0.02281
2401.06274	0.02274
2399.13418	0.02130
2397.20562	0.02110
2395.27705	0.02171
2393.34849	0.02240
2391.41992	0.02305
2389.49136	0.02376
2387.56279	0.02461
2385.63423	0.02554
2383.70566	0.02645
2381.77710	0.02717
2379.84854	0.02754
2377.91997	0.02737
2375.99141	0.02676
2374.06284	0.02607
2372.13428	0.02565
2370.20571	0.02564
2368.27715	0.02471
2366.34858	0.02374
2364.42002	0.02437
2362.49146	0.02398
2360.56289	0.02509
2358.63433	0.02732
2356.70576	0.02493
2354.77720	0.02880
2352.84863	0.03236
2350.92007	0.03263
2348.99150	0.03270
2347.06294	0.02973
2345.13437	0.02597
2343.20581	0.02719
2341.27725	0.03298
2339.34868	0.03477
2337.42012	0.03188
2335.49155	0.02684
2333.56299	0.02359
2331.63442	0.02313
2329.70586	0.02426
2327.77729	0.02645
2325.84873	0.02754
2323.92017	0.02711
2321.99160	0.02631
2320.06304	0.02548
2318.13447	0.02519
2316.20591	0.02529
2314.27734	0.02551
2312.34878	0.02599
2310.42021	0.02656
2308.49165	0.02679
2306.56309	0.02694
2304.63452	0.02682
2302.70596	0.02632
2300.77739	0.02571
2298.84883	0.02509
2296.92026	0.02459
2294.99170	0.02430
2293.06313	0.02417
2291.13457	0.02386
2289.20601	0.02346
2287.27744	0.02294
2285.34888	0.02232
2283.42031	0.02181
2281.49175	0.02140
2279.56318	0.02112
2277.63462	0.02102
2275.70605	0.02110
2273.77749	0.02125
2271.84893	0.02131
2269.92036	0.02128
2267.99180	0.02123
2266.06323	0.02122
2264.13467	0.02128
2262.20610	0.02134
2260.27754	0.02128
2258.34897	0.02111
2256.42041	0.02101
2254.49185	0.02114
2252.56328	0.02165
2250.63472	0.02206
2248.70615	0.02113
2246.77759	0.02087
2244.84902	0.02068
2242.92046	0.02061
2240.99189	0.02062
2239.06333	0.02069
2237.13477	0.02063
2235.20620	0.02028
2233.27764	0.01997
2231.34907	0.01994
2229.42051	0.01992
2227.49194	0.01968
2225.56338	0.01946
2223.63481	0.01947
2221.70625	0.01969
2219.77769	0.01998
2217.84912	0.02012
2215.92056	0.02003
2213.99199	0.01990
2212.06343	0.01990
2210.13486	0.01988
2208.20630	0.01968
2206.27773	0.01942
2204.34917	0.01929
2202.42061	0.01931
2200.49204	0.01938
2198.56348	0.01936
2196.63491	0.01924
2194.70635	0.01917
2192.77778	0.01929
2190.84922	0.01963
2188.92065	0.02002
2186.99209	0.01993
2185.06353	0.01945
2183.13496	0.01928
2181.20640	0.01957
2179.27783	0.01987
2177.34927	0.01963
2175.42070	0.01895
2173.49214	0.01851
2171.56357	0.01853
2169.63501	0.01873
2167.70645	0.01902
2165.77788	0.01937
2163.84932	0.01962
2161.92075	0.01934
2159.99219	0.01795
2158.06362	0.01649
2156.13506	0.01662
2154.20649	0.01760
2152.27793	0.01816
2150.34937	0.01841
2148.42080	0.01864
2146.49224	0.01874
2144.56367	0.01865
2142.63511	0.01842
2140.70654	0.01813
2138.77798	0.01801
2136.84941	0.01801
2134.92085	0.01787
2132.99229	0.01771
2131.06372	0.01787
2129.13516	0.01818
2127.20659	0.01830
2125.27803	0.01828
2123.34946	0.01844
2121.42090	0.01881
2119.49233	0.01906
2117.56377	0.01906
2115.63521	0.01892
2113.70664	0.01885
2111.77808	0.01894
2109.84951	0.01900
2107.92095	0.01887
2105.99238	0.01872
2104.06382	0.01869
2102.13525	0.01870
2100.20669	0.01876
2098.27812	0.01869
2096.34956	0.01864
2094.42100	0.01857
2092.49243	0.01862
2090.56387	0.01881
2088.63530	0.01886
2086.70674	0.01870
2084.77817	0.01869
2082.84961	0.01870
2080.92104	0.01851
2078.99248	0.01817
2077.06392	0.01797
2075.13535	0.01797
2073.20679	0.01798
2071.27822	0.01794
2069.34966	0.01789
2067.42109	0.01778
2065.49253	0.01769
2063.56396	0.01782
2061.63540	0.01817
2059.70684	0.01861
2057.77827	0.01892
2055.84971	0.01889
2053.92114	0.01869
2051.99258	0.01845
2050.06401	0.01797
2048.13545	0.01729
2046.20688	0.01691
2044.27832	0.01702
2042.34976	0.01729
2040.42119	0.01741
2038.49263	0.01719
2036.56406	0.01664
2034.63550	0.01618
2032.70693	0.01621
2030.77837	0.01649
2028.84980	0.01664
2026.92124	0.01683
2024.99268	0.01711
2023.06411	0.01725
2021.13555	0.01734
2019.20698	0.01749
2017.27842	0.01748
2015.34985	0.01707
2013.42129	0.01644
2011.49272	0.01599
2009.56416	0.01583
2007.63560	0.01596
2005.70703	0.01624
2003.77847	0.01649
2001.84990	0.01686
1999.92134	0.01742
1997.99277	0.01782
1996.06421	0.01787
1994.13564	0.01770
1992.20708	0.01762
1990.27852	0.01782
1988.34995	0.01805
1986.42139	0.01809
1984.49282	0.01802
1982.56426	0.01771
1980.63569	0.01675
1978.70713	0.01531
1976.77856	0.01443
1974.85000	0.01452
1972.92144	0.01478
1970.99287	0.01493
1969.06431	0.01539
1967.13574	0.01592
1965.20718	0.01609
1963.27861	0.01601
1961.35005	0.01599
1959.42148	0.01630
1957.49292	0.01690
1955.56436	0.01734
1953.63579	0.01739
1951.70723	0.01730
1949.77866	0.01718
1947.85010	0.01703
1945.92153	0.01704
1943.99297	0.01721
1942.06440	0.01731
1940.13584	0.01732
1938.20728	0.01729
1936.27871	0.01710
1934.35015	0.01671
1932.42158	0.01644
1930.49302	0.01648
1928.56445	0.01674
1926.63589	0.01711
1924.70732	0.01745
1922.77876	0.01757
1920.85020	0.01747
1918.92163	0.01737
1916.99307	0.01738
1915.06450	0.01742
1913.13594	0.01737
1911.20737	0.01734
1909.27881	0.01740
1907.35024	0.01751
1905.42168	0.01762
1903.49312	0.01781
1901.56455	0.01807
1899.63599	0.01827
1897.70742	0.01835
1895.77886	0.01832
1893.85029	0.01821
1891.92173	0.01810
1889.99316	0.01810
1888.06460	0.01810
1886.13604	0.01794
1884.20747	0.01778
1882.27891	0.01786
1880.35034	0.01800
1878.42178	0.01794
1876.49321	0.01772
1874.56465	0.01756
1872.63608	0.01753
1870.70752	0.01758
1868.77896	0.01762
1866.85039	0.01760
1864.92183	0.01755
1862.99326	0.01751
1861.06470	0.01752
1859.13613	0.01763
1857.20757	0.01777
1855.27900	0.01777
1853.35044	0.01767
1851.42187	0.01766
1849.49331	0.01779
1847.56475	0.01794
1845.63618	0.01803
1843.70762	0.01809
1841.77905	0.01812
1839.85049	0.01813
1837.92192	0.01814
1835.99336	0.01817
1834.06479	0.01824
1832.13623	0.01828
1830.20767	0.01827
1828.27910	0.01829
1826.35054	0.01836
1824.42197	0.01840
1822.49341	0.01836
1820.56484	0.01830
1818.63628	0.01843
1816.70771	0.01878
1814.77915	0.01921
1812.85059	0.01952
1810.92202	0.01972
1808.99346	0.01992
1807.06489	0.02017
1805.13633	0.02051
1803.20776	0.02092
1801.27920	0.02124
1799.35063	0.02145
1797.42207	0.02177
1795.49351	0.02231
1793.56494	0.02305
1791.63638	0.02392
1789.70781	0.02475
1787.77925	0.02557
1785.85068	0.02645
1783.92212	0.02717
1781.99355	0.02764
1780.06499	0.02808
1778.13643	0.02855
1776.20786	0.02892
1774.27930	0.02921
1772.35073	0.02967
1770.42217	0.03051
1768.49360	0.03135
1766.56504	0.03181
1764.63647	0.03202
1762.70791	0.03239
1760.77935	0.03299
1758.85078	0.03369
1756.92222	0.03448
1754.99365	0.03540
1753.06509	0.03658
1751.13652	0.03813
1749.20796	0.03996
1747.27939	0.04192
1745.35083	0.04392
1743.42227	0.04585
1741.49370	0.04768
1739.56514	0.04931
1737.63657	0.05044
1735.70801	0.05102
1733.77944	0.05135
1731.85088	0.05158
1729.92231	0.05176
1727.99375	0.05214
1726.06519	0.05297
1724.13662	0.05414
1722.20806	0.05521
1720.27949	0.05610
1718.35093	0.05734
1716.42236	0.05913
1714.49380	0.06076
1712.56523	0.06171
1710.63667	0.06196
1708.70811	0.06166
1706.77954	0.06105
1704.85098	0.06034
1702.92241	0.05955
1700.99385	0.05875
1699.06528	0.05816
1697.13672	0.05783
1695.20815	0.05755
1693.27959	0.05732
1691.35103	0.05720
1689.42246	0.05713
1687.49390	0.05702
1685.56533	0.05703
1683.63677	0.05762
1681.70820	0.05869
1679.77964	0.05954
1677.85107	0.06003
1675.92251	0.06050
1673.99395	0.06117
1672.06538	0.06193
1670.13682	0.06284
1668.20825	0.06399
1666.27969	0.06509
1664.35112	0.06600
1662.42256	0.06694
1660.49399	0.06788
1658.56543	0.06851
1656.63687	0.06856
1654.70830	0.06807
1652.77974	0.06741
1650.85117	0.06692
1648.92261	0.06641
1646.99404	0.06600
1645.06548	0.06648
1643.13691	0.06791
1641.20835	0.06945
1639.27979	0.07032
1637.35122	0.07049
1635.42266	0.07051
1633.49409	0.07078
1631.56553	0.07101
1629.63696	0.07098
1627.70840	0.07079
1625.77983	0.07057
1623.85127	0.07027
1621.92271	0.06992
1619.99414	0.06951
1618.06558	0.06901
1616.13701	0.06876
1614.20845	0.06887
1612.27988	0.06906
1610.35132	0.06916
1608.42275	0.06929
1606.49419	0.06959
1604.56562	0.07003
1602.63706	0.07058
1600.70850	0.07126
1598.77993	0.07207
1596.85137	0.07297
1594.92280	0.07393
1592.99424	0.07505
1591.06567	0.07640
1589.13711	0.07810
1587.20854	0.08028
1585.27998	0.08308
1583.35142	0.08648
1581.42285	0.09012
1579.49429	0.09330
1577.56572	0.09547
1575.63716	0.09640
1573.70859	0.09593
1571.78003	0.09409
1569.85146	0.09135
1567.92290	0.08872
1565.99434	0.08682
1564.06577	0.08536
1562.13721	0.08389
1560.20864	0.08230
1558.28008	0.08130
1556.35151	0.08158
1554.42295	0.08239
1552.49438	0.08322
1550.56582	0.08423
1548.63726	0.08558
1546.70869	0.08721
1544.78013	0.08878
1542.85156	0.08939
1540.92300	0.08786
1538.99443	0.08432
1537.06587	0.08019
1535.13730	0.07545
1533.20874	0.06982
1531.28018	0.06474
1529.35161	0.06101
1527.42305	0.05798
1525.49448	0.05522
1523.56592	0.05280
1521.63735	0.05087
1519.70879	0.04942
1517.78022	0.04820
1515.85166	0.04709
1513.92310	0.04613
1511.99453	0.04530
1510.06597	0.04438
1508.13740	0.04306
1506.20884	0.04153
1504.28027	0.04065
1502.35171	0.04040
1500.42314	0.04021
1498.49458	0.03998
1496.56602	0.03991
1494.63745	0.04007
1492.70889	0.04046
1490.78032	0.04120
1488.85176	0.04233
1486.92319	0.04391
1484.99463	0.04616
1483.06606	0.04932
1481.13750	0.05383
1479.20894	0.06195
1477.28037	0.08031
1475.35181	0.11610
1473.42324	0.16186
1471.49468	0.19057
1469.56611	0.18988
1467.63755	0.17827
1465.70898	0.17310
1463.78042	0.17403
1461.85186	0.17027
1459.92329	0.15688
1457.99473	0.13877
1456.06616	0.12387
1454.13760	0.11490
1452.20903	0.10894
1450.28047	0.10381
1448.35190	0.09952
1446.42334	0.09650
1444.49478	0.09467
1442.56621	0.09362
1440.63765	0.09304
1438.70908	0.09277
1436.78052	0.09255
1434.85195	0.09194
1432.92339	0.09070
1430.99482	0.08892
1429.06626	0.08701
1427.13770	0.08555
1425.20913	0.08470
1423.28057	0.08433
1421.35200	0.08425
1419.42344	0.08430
1417.49487	0.08419
1415.56631	0.08368
1413.63774	0.08284
1411.70918	0.08179
1409.78062	0.08058
1407.85205	0.07927
1405.92349	0.07785
1403.99492	0.07630
1402.06636	0.07473
1400.13779	0.07327
1398.20923	0.07194
1396.28066	0.07059
1394.35210	0.06922
1392.42354	0.06809
1390.49497	0.06735
1388.56641	0.06691
1386.63784	0.06673
1384.70928	0.06710
1382.78071	0.06843
1380.85215	0.07055
1378.92358	0.07255
1376.99502	0.07347
1375.06646	0.07319
1373.13789	0.07235
1371.20933	0.07161
1369.28076	0.07109
1367.35220	0.07061
1365.42363	0.07003
1363.49507	0.06936
1361.56650	0.06859
1359.63794	0.06773
1357.70937	0.06699
1355.78081	0.06651
1353.85225	0.06626
1351.92368	0.06601
1349.99512	0.06564
1348.06655	0.06512
1346.13799	0.06453
1344.20942	0.06398
1342.28086	0.06360
1340.35229	0.06329
1338.42373	0.06278
1336.49517	0.06206
1334.56660	0.06135
1332.63804	0.06086
1330.70947	0.06063
1328.78091	0.06059
1326.85234	0.06068
1324.92378	0.06091
1322.99521	0.06136
1321.06665	0.06198
1319.13809	0.06263
1317.20952	0.06314
1315.28096	0.06349
1313.35239	0.06376
1311.42383	0.06398
1309.49526	0.06417
1307.56670	0.06437
1305.63813	0.06460
1303.70957	0.06486
1301.78101	0.06520
1299.85244	0.06558
1297.92388	0.06596
1295.99531	0.06630
1294.06675	0.06665
1292.13818	0.06707
1290.20962	0.06754
1288.28105	0.06805
1286.35249	0.06856
1284.42393	0.06912
1282.49536	0.06984
1280.56680	0.07079
1278.63823	0.07183
1276.70967	0.07278
1274.78110	0.07364
1272.85254	0.07451
1270.92397	0.07549
1268.99541	0.07659
1267.06685	0.07776
1265.13828	0.07888
1263.20972	0.07986
1261.28115	0.08058
1259.35259	0.08099
1257.42402	0.08113
1255.49546	0.08112
1253.56689	0.08103
1251.63833	0.08091
1249.70977	0.08082
1247.78120	0.08078
1245.85264	0.08076
1243.92407	0.08073
1241.99551	0.08076
1240.06694	0.08089
1238.13838	0.08109
1236.20981	0.08128
1234.28125	0.08140
1232.35269	0.08144
1230.42412	0.08144
1228.49556	0.08140
1226.56699	0.08132
1224.63843	0.08123
1222.70986	0.08114
1220.78130	0.08107
1218.85273	0.08098
1216.92417	0.08082
1214.99561	0.08061
1213.06704	0.08037
1211.13848	0.08007
1209.20991	0.07967
1207.28135	0.07918
1205.35278	0.07864
1203.42422	0.07809
1201.49565	0.07756
1199.56709	0.07703
1197.63853	0.07661
1195.70996	0.07622
1193.78140	0.07582
1191.85283	0.07547
1189.92427	0.07523
1187.99570	0.07507
1186.06714	0.07490
1184.13857	0.07472
1182.21001	0.07465
1180.28145	0.07482
1178.35288	0.07520
1176.42432	0.07561
1174.49575	0.07591
1172.56719	0.07612
1170.63862	0.07635
1168.71006	0.07666
1166.78149	0.07697
1164.85293	0.07722
1162.92437	0.07747
1160.99580	0.07778
1159.06724	0.07812
1157.13867	0.07860
1155.21011	0.07923
1153.28154	0.07981
1151.35298	0.08028
1149.42441	0.08072
1147.49585	0.08108
1145.56729	0.08117
1143.63872	0.08097
1141.71016	0.08070
1139.78159	0.08050
1137.85303	0.08039
1135.92446	0.08043
1133.99590	0.08070
1132.06733	0.08115
1130.13877	0.08169
1128.21021	0.08226
1126.28164	0.08278
1124.35308	0.08317
1122.42451	0.08343
1120.49595	0.08367
1118.56738	0.08407
1116.63882	0.08465
1114.71025	0.08526
1112.78169	0.08581
1110.85312	0.08630
1108.92456	0.08690
1106.99600	0.08762
1105.06743	0.08830
1103.13887	0.08890
1101.21030	0.08957
1099.28174	0.09040
1097.35317	0.09134
1095.42461	0.09225
1093.49604	0.09304
1091.56748	0.09369
1089.63892	0.09424
1087.71035	0.09481
1085.78179	0.09553
1083.85322	0.09630
1081.92466	0.09695
1079.99609	0.09747
1078.06753	0.09790
1076.13896	0.09817
1074.21040	0.09829
1072.28184	0.09833
1070.35327	0.09823
1068.42471	0.09801
1066.49614	0.09795
1064.56758	0.09835
1062.63901	0.09894
1060.71045	0.09941
1058.78188	0.09984
1056.85332	0.10033
1054.92476	0.10086
1052.99619	0.10137
1051.06763	0.10178
1049.13906	0.10193
1047.21050	0.10173
1045.28193	0.10136
1043.35337	0.10098
1041.42480	0.10052
1039.49624	0.09995
1037.56768	0.09938
1035.63911	0.09895
1033.71055	0.09863
1031.78198	0.09827
1029.85342	0.09775
1027.92485	0.09712
1025.99629	0.09649
1024.06772	0.09588
1022.13916	0.09518
1020.21060	0.09437
1018.28203	0.09350
1016.35347	0.09263
1014.42490	0.09170
1012.49634	0.09066
1010.56777	0.08957
1008.63921	0.08847
1006.71064	0.08735
1004.78208	0.08617
1002.85352	0.08495
1000.92495	0.08385
998.99639	0.08297
997.06782	0.08224
995.13926	0.08152
993.21069	0.08075
991.28213	0.07990
989.35356	0.07881
987.42500	0.07745
985.49644	0.07602
983.56787	0.07471
981.63931	0.07363
979.71074	0.07273
977.78218	0.07192
975.85361	0.07113
973.92505	0.07044
971.99648	0.06989
970.06792	0.06940
968.13936	0.06887
966.21079	0.06825
964.28223	0.06759
962.35366	0.06695
960.42510	0.06633
958.49653	0.06584
956.56797	0.06548
954.63940	0.06514
952.71084	0.06483
950.78228	0.06467
948.85371	0.06476
946.92515	0.06500
944.99658	0.06519
943.06802	0.06529
941.13945	0.06549
939.21089	0.06583
937.28232	0.06613
935.35376	0.06620
933.42520	0.06602
931.49663	0.06558
929.56807	0.06500
927.63950	0.06445
925.71094	0.06400
923.78237	0.06365
921.85381	0.06336
919.92524	0.06310
917.99668	0.06298
916.06812	0.06323
914.13955	0.06413
912.21099	0.06568
910.28242	0.06729
908.35386	0.06791
906.42529	0.06695
904.49673	0.06478
902.56816	0.06238
900.63960	0.06048
898.71104	0.05915
896.78247	0.05818
894.85391	0.05743
892.92534	0.05691
890.99678	0.05656
889.06821	0.05627
887.13965	0.05594
885.21108	0.05562
883.28252	0.05539
881.35396	0.05517
879.42539	0.05500
877.49683	0.05505
875.56826	0.05524
873.63970	0.05548
871.71113	0.05580
869.78257	0.05603
867.85400	0.05608
865.92544	0.05614
863.99687	0.05632
862.06831	0.05650
860.13975	0.05657
858.21118	0.05651
856.28262	0.05637
854.35405	0.05626
852.42549	0.05625
850.49692	0.05633
848.56836	0.05633
846.63979	0.05610
844.71123	0.05585
842.78267	0.05578
840.85410	0.05579
838.92554	0.05586
836.99697	0.05604
835.06841	0.05642
833.13984	0.05696
831.21128	0.05761
829.28271	0.05832
827.35415	0.05895
825.42559	0.05945
823.49702	0.05985
821.56846	0.06025
819.63989	0.06061
817.71133	0.06081
815.78276	0.06085
813.85420	0.06092
811.92563	0.06101
809.99707	0.06115
808.06851	0.06144
806.13994	0.06176
804.21138	0.06191
802.28281	0.06191
800.35425	0.06188
798.42568	0.06181
796.49712	0.06167
794.56855	0.06139
792.63999	0.06102
790.71143	0.06082
788.78286	0.06094
786.85430	0.06121
784.92573	0.06148
782.99717	0.06182
781.06860	0.06214
779.14004	0.06225
777.21147	0.06216
775.28291	0.06212
773.35435	0.06217
771.42578	0.06212
769.49722	0.06200
767.56865	0.06184
765.64009	0.06163
763.71152	0.06146
761.78296	0.06136
759.85439	0.06130
757.92583	0.06129
755.99727	0.06149
754.06870	0.06187
752.14014	0.06219
750.21157	0.06252
748.28301	0.06302
746.35444	0.06359
744.42588	0.06422
742.49731	0.06501
740.56875	0.06613
738.64019	0.06817
736.71162	0.07253
734.78306	0.08300
732.85449	0.10291
730.92593	0.12398
728.99736	0.13118
727.06880	0.12651
725.14023	0.12585
723.21167	0.14031
721.28311	0.17083
719.35454	0.20743
717.42598	0.22740
715.49741	0.21545
713.56885	0.18170
711.64028	0.14810
709.71172	0.12576
707.78315	0.11288
705.85459	0.10505
703.92603	0.09994
701.99746	0.09648
700.06890	0.09385
698.14033	0.09143
696.21177	0.08911
694.28320	0.08748
692.35464	0.08685
690.42607	0.08640
688.49751	0.08522
686.56895	0.08394
684.64038	0.08347
682.71182	0.08379
680.78325	0.08401
678.85469	0.08369
676.92612	0.08357
674.99756	0.08417
673.06899	0.08455
671.14043	0.08146
669.21187	0.07537
667.28330	0.07765
665.35474	0.07967
663.42617	0.08160
661.49761	0.08198
659.56904	0.08165
657.64048	0.08097
655.71191	0.08045
653.78335	0.08073
651.85479	0.08103
649.92622	0.08077
647.99766	0.08082
646.06909	0.08119
644.14053	0.08089
642.21196	0.08039
640.28340	0.08073
638.35483	0.08165
636.42627	0.08250
634.49771	0.08312
632.56914	0.08360
630.64058	0.08396
628.71201	0.08433
626.78345	0.08472
624.85488	0.08485
622.92632	0.08443
620.99775	0.08407
619.06919	0.08421
617.14062	0.08422
615.21206	0.08377
613.28350	0.08360
611.35493	0.08414
609.42637	0.08462
607.49780	0.08439
605.56924	0.08372
603.64067	0.08298
601.71211	0.08250
599.78354	0.08244
