3997.91411	0.00873
3995.98555	0.00874
3994.05698	0.00873
3992.12842	0.00864
3990.19985	0.00853
3988.27129	0.00852
3986.34272	0.00854
3984.41416	0.00847
3982.48560	0.00835
3980.55703	0.00837
3978.62847	0.00850
3976.69990	0.00859
3974.77134	0.00858
3972.84277	0.00859
3970.91421	0.00871
3968.98564	0.00880
3967.05708	0.00874
3965.12852	0.00862
3963.19995	0.00857
3961.27139	0.00851
3959.34282	0.00840
3957.41426	0.00831
3955.48569	0.00831
3953.55713	0.00837
3951.62856	0.00838
3949.70000	0.00834
3947.77144	0.00833
3945.84287	0.00841
3943.91431	0.00849
3941.98574	0.00847
3940.05718	0.00836
3938.12861	0.00825
3936.20005	0.00819
3934.27148	0.00824
3932.34292	0.00840
3930.41436	0.00855
3928.48579	0.00852
3926.55723	0.00835
3924.62866	0.00820
3922.70010	0.00815
3920.77153	0.00819
3918.84297	0.00829
3916.91440	0.00843
3914.98584	0.00858
3913.05728	0.00857
3911.12871	0.00837
3909.20015	0.00817
3907.27158	0.00815
3905.34302	0.00822
3903.41445	0.00825
3901.48589	0.00825
3899.55732	0.00832
3897.62876	0.00835
3895.70020	0.00825
3893.77163	0.00814
3891.84307	0.00816
3889.91450	0.00821
3887.98594	0.00818
3886.05737	0.00816
3884.12881	0.00818
3882.20024	0.00814
3880.27168	0.00811
3878.34312	0.00809
3876.41455	0.00802
3874.48599	0.00794
3872.55742	0.00790
3870.62886	0.00791
3868.70029	0.00790
3866.77173	0.00778
3864.84316	0.00767
3862.91460	0.00770
3860.98604	0.00779
3859.05747	0.00771
3857.12891	0.00740
3855.20034	0.00716
3853.27178	0.00738
3851.34321	0.00778
3849.41465	0.00784
3847.48608	0.00765
3845.55752	0.00750
3843.62896	0.00750
3841.70039	0.00753
3839.77183	0.00758
3837.84326	0.00770
3835.91470	0.00779
3833.98613	0.00777
3832.05757	0.00773
3830.12900	0.00774
3828.20044	0.00772
3826.27187	0.00759
3824.34331	0.00738
3822.41475	0.00730
3820.48618	0.00743
3818.55762	0.00759
3816.62905	0.00778
3814.70049	0.00795
3812.77192	0.00794
3810.84336	0.00783
3808.91479	0.00780
3806.98623	0.00786
3805.05767	0.00790
3803.12910	0.00786
3801.20054	0.00781
3799.27197	0.00782
3797.34341	0.00787
3795.41484	0.00795
3793.48628	0.00800
3791.55771	0.00802
3789.62915	0.00803
3787.70059	0.00803
3785.77202	0.00805
3783.84346	0.00811
3781.91489	0.00818
3779.98633	0.00825
3778.05776	0.00830
3776.12920	0.00833
3774.20063	0.00835
3772.27207	0.00835
3770.34351	0.00832
3768.41494	0.00824
3766.48638	0.00811
3764.55781	0.00796
3762.62925	0.00779
3760.70068	0.00769
3758.77212	0.00771
3756.84355	0.00766
3754.91499	0.00735
3752.98643	0.00697
3751.05786	0.00693
3749.12930	0.00715
3747.20073	0.00722
3745.27217	0.00719
3743.34360	0.00725
3741.41504	0.00720
3739.48647	0.00706
3737.55791	0.00705
3735.62935	0.00722
3733.70078	0.00740
3731.77222	0.00752
3729.84365	0.00761
3727.91509	0.00755
3725.98652	0.00753
3724.05796	0.00753
3722.12939	0.00765
3720.20083	0.00780
3718.27227	0.00772
3716.34370	0.00751
3714.41514	0.00745
3712.48657	0.00765
3710.55801	0.00794
3708.62944	0.00805
3706.70088	0.00796
3704.77231	0.00782
3702.84375	0.00774
3700.91519	0.00770
3698.98662	0.00770
3697.05806	0.00777
3695.12949	0.00786
3693.20093	0.00790
3691.27236	0.00779
3689.34380	0.00755
3687.41523	0.00743
3685.48667	0.00748
3683.55811	0.00746
3681.62954	0.00737
3679.70098	0.00735
3677.77241	0.00742
3675.84385	0.00758
3673.91528	0.00767
3671.98672	0.00763
3670.05815	0.00769
3668.12959	0.00779
3666.20103	0.00780
3664.27246	0.00783
3662.34390	0.00793
3660.41533	0.00797
3658.48677	0.00796
3656.55820	0.00798
3654.62964	0.00798
3652.70107	0.00782
3650.77251	0.00762
3648.84395	0.00767
3646.91538	0.00806
3644.98682	0.00841
3643.05825	0.00853
3641.12969	0.00857
3639.20112	0.00866
3637.27256	0.00870
3635.34399	0.00869
3633.41543	0.00865
3631.48687	0.00863
3629.55830	0.00872
3627.62974	0.00887
3625.70117	0.00889
3623.77261	0.00872
3621.84404	0.00856
3619.91548	0.00877
3617.98691	0.00922
3616.05835	0.00948
3614.12979	0.00940
3612.20122	0.00915
3610.27266	0.00913
3608.34409	0.00948
3606.41553	0.00981
3604.48696	0.00977
3602.55840	0.00954
3600.62983	0.00943
3598.70127	0.00959
3596.77271	0.00993
3594.84414	0.01020
3592.91558	0.01024
3590.98701	0.01017
3589.05845	0.01028
3587.12988	0.01066
3585.20132	0.01096
3583.27275	0.01098
3581.34419	0.01088
3579.41562	0.01081
3577.48706	0.01083
3575.55850	0.01098
3573.62993	0.01110
3571.70137	0.01098
3569.77280	0.01083
3567.84424	0.01093
3565.91567	0.01126
3563.98711	0.01152
3562.05854	0.01171
3560.12998	0.01193
3558.20142	0.01216
3556.27285	0.01231
3554.34429	0.01239
3552.41572	0.01240
3550.48716	0.01235
3548.55859	0.01236
3546.63003	0.01248
3544.70146	0.01261
3542.77290	0.01274
3540.84434	0.01291
3538.91577	0.01309
3536.98721	0.01326
3535.05864	0.01341
3533.13008	0.01353
3531.20151	0.01366
3529.27295	0.01378
3527.34438	0.01379
3525.41582	0.01374
3523.48726	0.01380
3521.55869	0.01405
3519.63013	0.01437
3517.70156	0.01450
3515.77300	0.01443
3513.84443	0.01433
3511.91587	0.01428
3509.98730	0.01428
3508.05874	0.01442
3506.13018	0.01461
3504.20161	0.01470
3502.27305	0.01471
3500.34448	0.01482
3498.41592	0.01509
3496.48735	0.01544
3494.55879	0.01560
3492.63022	0.01547
3490.70166	0.01527
3488.77310	0.01519
3486.84453	0.01526
3484.91597	0.01542
3482.98740	0.01565
3481.05884	0.01585
3479.13027	0.01589
3477.20171	0.01589
3475.27314	0.01602
3473.34458	0.01619
3471.41602	0.01622
3469.48745	0.01617
3467.55889	0.01634
3465.63032	0.01667
3463.70176	0.01681
3461.77319	0.01671
3459.84463	0.01658
3457.91606	0.01657
3455.98750	0.01664
3454.05894	0.01668
3452.13037	0.01672
3450.20181	0.01685
3448.27324	0.01703
3446.34468	0.01710
3444.41611	0.01703
3442.48755	0.01699
3440.55898	0.01708
3438.63042	0.01722
3436.70186	0.01739
3434.77329	0.01750
3432.84473	0.01749
3430.91616	0.01745
3428.98760	0.01741
3427.05903	0.01749
3425.13047	0.01772
3423.20190	0.01777
3421.27334	0.01750
3419.34478	0.01722
3417.41621	0.01734
3415.48765	0.01773
3413.55908	0.01799
3411.63052	0.01798
3409.70195	0.01791
3407.77339	0.01794
3405.84482	0.01798
3403.91626	0.01793
3401.98770	0.01792
3400.05913	0.01802
3398.13057	0.01800
3396.20200	0.01804
3394.27344	0.01813
3392.34487	0.01820
3390.41631	0.01820
3388.48774	0.01808
3386.55918	0.01786
3384.63062	0.01776
3382.70205	0.01792
3380.77349	0.01813
3378.84492	0.01819
3376.91636	0.01811
3374.98779	0.01801
3373.05923	0.01803
3371.13066	0.01810
3369.20210	0.01806
3367.27354	0.01789
3365.34497	0.01776
3363.41641	0.01773
3361.48784	0.01783
3359.55928	0.01803
3357.63071	0.01820
3355.70215	0.01825
3353.77358	0.01818
3351.84502	0.01811
3349.91646	0.01814
3347.98789	0.01816
3346.05933	0.01807
3344.13076	0.01795
3342.20220	0.01792
3340.27363	0.01791
3338.34507	0.01783
3336.41650	0.01771
3334.48794	0.01764
3332.55937	0.01764
3330.63081	0.01762
3328.70225	0.01764
3326.77368	0.01769
3324.84512	0.01768
3322.91655	0.01759
3320.98799	0.01747
3319.05942	0.01736
3317.13086	0.01731
3315.20229	0.01744
3313.27373	0.01759
3311.34517	0.01758
3309.41660	0.01749
3307.48804	0.01751
3305.55947	0.01759
3303.63091	0.01766
3301.70234	0.01772
3299.77378	0.01767
3297.84521	0.01758
3295.91665	0.01759
3293.98809	0.01767
3292.05952	0.01770
3290.13096	0.01758
3288.20239	0.01744
3286.27383	0.01740
3284.34526	0.01749
3282.41670	0.01757
3280.48813	0.01751
3278.55957	0.01728
3276.63101	0.01701
3274.70244	0.01683
3272.77388	0.01673
3270.84531	0.01668
3268.91675	0.01676
3266.98818	0.01692
3265.05962	0.01711
3263.13105	0.01729
3261.20249	0.01730
3259.27393	0.01706
3257.34536	0.01676
3255.41680	0.01671
3253.48823	0.01698
3251.55967	0.01720
3249.63110	0.01709
3247.70254	0.01684
3245.77397	0.01660
3243.84541	0.01639
3241.91685	0.01627
3239.98828	0.01622
3238.05972	0.01621
3236.13115	0.01618
3234.20259	0.01612
3232.27402	0.01610
3230.34546	0.01610
3228.41689	0.01610
3226.48833	0.01611
3224.55977	0.01617
3222.63120	0.01618
3220.70264	0.01609
3218.77407	0.01609
3216.84551	0.01616
3214.91694	0.01611
3212.98838	0.01602
3211.05981	0.01600
3209.13125	0.01596
3207.20269	0.01585
3205.27412	0.01581
3203.34556	0.01593
3201.41699	0.01604
3199.48843	0.01595
3197.55986	0.01570
3195.63130	0.01540
3193.70273	0.01521
3191.77417	0.01525
3189.84561	0.01532
3187.91704	0.01526
3185.98848	0.01520
3184.05991	0.01518
3182.13135	0.01513
3180.20278	0.01514
3178.27422	0.01510
3176.34565	0.01485
3174.41709	0.01459
3172.48853	0.01447
3170.55996	0.01448
3168.63140	0.01459
3166.70283	0.01469
3164.77427	0.01469
3162.84570	0.01462
3160.91714	0.01445
3158.98857	0.01425
3157.06001	0.01406
3155.13145	0.01384
3153.20288	0.01370
3151.27432	0.01373
3149.34575	0.01373
3147.41719	0.01363
3145.48862	0.01356
3143.56006	0.01352
3141.63149	0.01347
3139.70293	0.01341
3137.77437	0.01333
3135.84580	0.01321
3133.91724	0.01310
3131.98867	0.01302
3130.06011	0.01295
3128.13154	0.01289
3126.20298	0.01282
3124.27441	0.01273
3122.34585	0.01261
3120.41729	0.01252
3118.48872	0.01245
3116.56016	0.01241
3114.63159	0.01235
3112.70303	0.01226
3110.77446	0.01223
3108.84590	0.01222
3106.91733	0.01216
3104.98877	0.01203
3103.06021	0.01180
3101.13164	0.01160
3099.20308	0.01158
3097.27451	0.01163
3095.34595	0.01151
3093.41738	0.01127
3091.48882	0.01117
3089.56025	0.01120
3087.63169	0.01115
3085.70312	0.01108
3083.77456	0.01113
3081.84600	0.01116
3079.91743	0.01107
3077.98887	0.01097
3076.06030	0.01092
3074.13174	0.01091
3072.20317	0.01087
3070.27461	0.01077
3068.34604	0.01075
3066.41748	0.01080
3064.48892	0.01077
3062.56035	0.01068
3060.63179	0.01067
3058.70322	0.01066
3056.77466	0.01051
3054.84609	0.01029
3052.91753	0.01014
3050.98896	0.01004
3049.06040	0.00999
3047.13184	0.00993
3045.20327	0.00984
3043.27471	0.00972
3041.34614	0.00957
3039.41758	0.00943
3037.48901	0.00935
3035.56045	0.00935
3033.63188	0.00931
3031.70332	0.00915
3029.77476	0.00899
3027.84619	0.00896
3025.91763	0.00908
3023.98906	0.00925
3022.06050	0.00932
3020.13193	0.00925
3018.20337	0.00917
3016.27480	0.00920
3014.34624	0.00932
3012.41768	0.00950
3010.48911	0.00972
3008.56055	0.00992
3006.63198	0.01009
3004.70342	0.01028
3002.77485	0.01059
3000.84629	0.01103
2998.91772	0.01164
2996.98916	0.01232
2995.06060	0.01293
2993.13203	0.01356
2991.20347	0.01442
2989.27490	0.01556
2987.34634	0.01692
2985.41777	0.01836
2983.48921	0.01996
2981.56064	0.02190
2979.63208	0.02424
2977.70352	0.02700
2975.77495	0.03019
2973.84639	0.03378
2971.91782	0.03785
2969.98926	0.04256
2968.06069	0.04785
2966.13213	0.05326
2964.20356	0.05834
2962.27500	0.06278
2960.34644	0.06644
2958.41787	0.06953
2956.48931	0.07248
2954.56074	0.07525
2952.63218	0.07699
2950.70361	0.07664
2948.77505	0.07389
2946.84648	0.06933
2944.91792	0.06415
2942.98936	0.05972
2941.06079	0.05716
2939.13223	0.05698
2937.20366	0.05911
2935.27510	0.06308
2933.34653	0.06834
2931.41797	0.07433
2929.48940	0.08049
2927.56084	0.08642
2925.63228	0.09189
2923.70371	0.09671
2921.77515	0.10062
2919.84658	0.10314
2917.91802	0.10379
2915.98945	0.10256
2914.06089	0.10001
2912.13232	0.09688
2910.20376	0.09363
2908.27520	0.09044
2906.34663	0.08734
2904.41807	0.08413
2902.48950	0.08058
2900.56094	0.07691
2898.63237	0.07358
2896.70381	0.07083
2894.77524	0.06856
2892.84668	0.06659
2890.91812	0.06498
2888.98955	0.06384
2887.06099	0.06321
2885.13242	0.06309
2883.20386	0.06347
2881.27529	0.06431
2879.34673	0.06538
2877.41816	0.06620
2875.48960	0.06654
2873.56104	0.06669
2871.63247	0.06693
2869.70391	0.06722
2867.77534	0.06707
2865.84678	0.06566
2863.91821	0.06258
2861.98965	0.05838
2860.06108	0.05432
2858.13252	0.05156
2856.20396	0.05044
2854.27539	0.05059
2852.34683	0.05145
2850.41826	0.05259
2848.48970	0.05384
2846.56113	0.05538
2844.63257	0.05749
2842.70400	0.06008
2840.77544	0.06247
2838.84687	0.06364
2836.91831	0.06279
2834.98975	0.05983
2833.06118	0.05531
2831.13262	0.05025
2829.20405	0.04569
2827.27549	0.04208
2825.34692	0.03928
2823.41836	0.03714
2821.48979	0.03554
2819.56123	0.03422
2817.63267	0.03309
2815.70410	0.03217
2813.77554	0.03135
2811.84697	0.03060
2809.91841	0.02990
2807.98984	0.02916
2806.06128	0.02832
2804.13271	0.02750
2802.20415	0.02679
2800.27559	0.02619
2798.34702	0.02566
2796.41846	0.02518
2794.48989	0.02469
2792.56133	0.02421
2790.63276	0.02378
2788.70420	0.02329
2786.77563	0.02273
2784.84707	0.02224
2782.91851	0.02189
2780.98994	0.02163
2779.06138	0.02135
2777.13281	0.02101
2775.20425	0.02069
2773.27568	0.02045
2771.34712	0.02028
2769.41855	0.02014
2767.48999	0.01999
2765.56143	0.01983
2763.63286	0.01966
2761.70430	0.01950
2759.77573	0.01934
2757.84717	0.01922
2755.91860	0.01908
2753.99004	0.01888
2752.06147	0.01868
2750.13291	0.01856
2748.20435	0.01853
2746.27578	0.01856
2744.34722	0.01863
2742.41865	0.01871
2740.49009	0.01877
2738.56152	0.01881
2736.63296	0.01887
2734.70439	0.01893
2732.77583	0.01903
2730.84727	0.01916
2728.91870	0.01936
2726.99014	0.01963
2725.06157	0.01984
2723.13301	0.01987
2721.20444	0.01970
2719.27588	0.01942
2717.34731	0.01918
2715.41875	0.01893
2713.49019	0.01858
2711.56162	0.01823
2709.63306	0.01799
2707.70449	0.01784
2705.77593	0.01772
2703.84736	0.01761
2701.91880	0.01747
2699.99023	0.01727
2698.06167	0.01707
2696.13311	0.01693
2694.20454	0.01686
2692.27598	0.01682
2690.34741	0.01678
2688.41885	0.01675
2686.49028	0.01668
2684.56172	0.01659
2682.63315	0.01654
2680.70459	0.01648
2678.77603	0.01641
2676.84746	0.01643
2674.91890	0.01654
2672.99033	0.01657
2671.06177	0.01646
2669.13320	0.01633
2667.20464	0.01633
2665.27607	0.01652
2663.34751	0.01681
2661.41895	0.01704
2659.49038	0.01717
2657.56182	0.01721
2655.63325	0.01713
2653.70469	0.01703
2651.77612	0.01698
2649.84756	0.01691
2647.91899	0.01677
2645.99043	0.01665
2644.06187	0.01658
2642.13330	0.01649
2640.20474	0.01635
2638.27617	0.01620
2636.34761	0.01606
2634.41904	0.01599
2632.49048	0.01598
2630.56191	0.01597
2628.63335	0.01595
2626.70479	0.01590
2624.77622	0.01579
2622.84766	0.01563
2620.91909	0.01556
2618.99053	0.01565
2617.06196	0.01571
2615.13340	0.01559
2613.20483	0.01543
2611.27627	0.01531
2609.34771	0.01514
2607.41914	0.01491
2605.49058	0.01476
2603.56201	0.01465
2601.63345	0.01453
2599.70488	0.01442
2597.77632	0.01431
2595.84775	0.01420
2593.91919	0.01416
2591.99062	0.01420
2590.06206	0.01426
2588.13350	0.01430
2586.20493	0.01438
2584.27637	0.01451
2582.34780	0.01458
2580.41924	0.01451
2578.49067	0.01434
2576.56211	0.01418
2574.63354	0.01402
2572.70498	0.01380
2570.77642	0.01354
2568.84785	0.01336
2566.91929	0.01330
2564.99072	0.01328
2563.06216	0.01319
2561.13359	0.01309
2559.20503	0.01299
2557.27646	0.01291
2555.34790	0.01283
2553.41934	0.01271
2551.49077	0.01255
2549.56221	0.01238
2547.63364	0.01225
2545.70508	0.01219
2543.77651	0.01217
2541.84795	0.01210
2539.91938	0.01196
2537.99082	0.01182
2536.06226	0.01178
2534.13369	0.01178
2532.20513	0.01183
2530.27656	0.01189
2528.34800	0.01186
2526.41943	0.01174
2524.49087	0.01168
2522.56230	0.01169
2520.63374	0.01162
2518.70518	0.01148
2516.77661	0.01143
2514.84805	0.01147
2512.91948	0.01151
2510.99092	0.01146
2509.06235	0.01137
2507.13379	0.01134
2505.20522	0.01136
2503.27666	0.01132
2501.34810	0.01122
2499.41953	0.01121
2497.49097	0.01125
2495.56240	0.01123
2493.63384	0.01121
2491.70527	0.01121
2489.77671	0.01113
2487.84814	0.01100
2485.91958	0.01093
2483.99102	0.01090
2482.06245	0.01085
2480.13389	0.01079
2478.20532	0.01077
2476.27676	0.01075
2474.34819	0.01073
2472.41963	0.01075
2470.49106	0.01080
2468.56250	0.01090
2466.63394	0.01102
2464.70537	0.01109
2462.77681	0.01110
2460.84824	0.01100
2458.91968	0.01091
2456.99111	0.01095
2455.06255	0.01108
2453.13398	0.01116
2451.20542	0.01111
2449.27686	0.01097
2447.34829	0.01087
2445.41973	0.01080
2443.49116	0.01074
2441.56260	0.01069
2439.63403	0.01066
2437.70547	0.01069
2435.77690	0.01074
2433.84834	0.01068
2431.91978	0.01057
2429.99121	0.01047
2428.06265	0.01033
2426.13408	0.01028
2424.20552	0.01031
2422.27695	0.01027
2420.34839	0.01015
2418.41982	0.01007
2416.49126	0.01006
2414.56270	0.01011
2412.63413	0.01018
2410.70557	0.01028
2408.77700	0.01027
2406.84844	0.01009
2404.91987	0.00992
2402.99131	0.00985
2401.06274	0.00985
2399.13418	0.00993
2397.20562	0.00994
2395.27705	0.00985
2393.34849	0.00975
2391.41992	0.00972
2389.49136	0.00971
2387.56279	0.00961
2385.63423	0.00947
2383.70566	0.00943
2381.77710	0.00946
2379.84854	0.00945
2377.91997	0.00944
2375.99141	0.00952
2374.06284	0.00968
2372.13428	0.00990
2370.20571	0.01024
2368.27715	0.00977
2366.34858	0.00923
2364.42002	0.00992
2362.49146	0.00959
2360.56289	0.01041
2358.63433	0.01220
2356.70576	0.00975
2354.77720	0.01182
2352.84863	0.01245
2350.92007	0.01014
2348.99150	0.00895
2347.06294	0.00834
2345.13437	0.00789
2343.20581	0.01017
2341.27725	0.01502
2339.34868	0.01625
2337.42012	0.01372
2335.49155	0.00953
2333.56299	0.00664
2331.63442	0.00565
2329.70586	0.00598
2327.77729	0.00781
2325.84873	0.00996
2323.92017	0.01119
2321.99160	0.01129
2320.06304	0.01069
2318.13447	0.01029
2316.20591	0.01021
2314.27734	0.01036
2312.34878	0.01080
2310.42021	0.01140
2308.49165	0.01178
2306.56309	0.01228
2304.63452	0.01265
2302.70596	0.01265
2300.77739	0.01239
2298.84883	0.01207
2296.92026	0.01193
2294.99170	0.01207
2293.06313	0.01245
2291.13457	0.01291
2289.20601	0.01338
2287.27744	0.01357
2285.34888	0.01332
2283.42031	0.01285
2281.49175	0.01239
2279.56318	0.01213
2277.63462	0.01195
2275.70605	0.01173
2273.77749	0.01152
2271.84893	0.01152
2269.92036	0.01164
2267.99180	0.01154
2266.06323	0.01119
2264.13467	0.01087
2262.20610	0.01077
2260.27754	0.01086
2258.34897	0.01083
2256.42041	0.01060
2254.49185	0.01043
2252.56328	0.01048
2250.63472	0.01058
2248.70615	0.01054
2246.77759	0.01031
2244.84902	0.01019
2242.92046	0.01020
2240.99189	0.01036
2239.06333	0.01073
2237.13477	0.01102
2235.20620	0.01098
2233.27764	0.01077
2231.34907	0.01062
2229.42051	0.01054
2227.49194	0.01038
2225.56338	0.01010
2223.63481	0.00988
2221.70625	0.00984
2219.77769	0.00996
2217.84912	0.01013
2215.92056	0.01011
2213.99199	0.00982
2212.06343	0.00958
2210.13486	0.00963
2208.20630	0.00984
2206.27773	0.00999
2204.34917	0.01006
2202.42061	0.01019
2200.49204	0.01039
2198.56348	0.01044
2196.63491	0.01036
2194.70635	0.01033
2192.77778	0.01042
2190.84922	0.01066
2188.92065	0.01089
2186.99209	0.01103
2185.06353	0.01081
2183.13496	0.00998
2181.20640	0.00918
2179.27783	0.00909
2177.34927	0.00920
2175.42070	0.00905
2173.49214	0.00922
2171.56357	0.01002
2169.63501	0.01115
2167.70645	0.01205
2165.77788	0.01248
2163.84932	0.01282
2161.92075	0.01197
2159.99219	0.00768
2158.06362	0.00255
2156.13506	0.00120
2154.20649	0.00264
2152.27793	0.00411
2150.34937	0.00470
2148.42080	0.00469
2146.49224	0.00479
2144.56367	0.00507
2142.63511	0.00523
2140.70654	0.00545
2138.77798	0.00554
2136.84941	0.00493
2134.92085	0.00402
2132.99229	0.00384
2131.06372	0.00444
2129.13516	0.00508
2127.20659	0.00555
2125.27803	0.00603
2123.34946	0.00658
2121.42090	0.00712
2119.49233	0.00762
2117.56377	0.00806
2115.63521	0.00846
2113.70664	0.00867
2111.77808	0.00862
2109.84951	0.00858
2107.92095	0.00860
2105.99238	0.00855
2104.06382	0.00849
2102.13525	0.00853
2100.20669	0.00862
2098.27812	0.00860
2096.34956	0.00808
2094.42100	0.00750
2092.49243	0.00748
2090.56387	0.00791
2088.63530	0.00834
2086.70674	0.00871
2084.77817	0.00900
2082.84961	0.00912
2080.92104	0.00920
2078.99248	0.00945
2077.06392	0.00970
2075.13535	0.00973
2073.20679	0.00966
2071.27822	0.00962
2069.34966	0.00961
2067.42109	0.00971
2065.49253	0.00982
2063.56396	0.00964
2061.63540	0.00919
2059.70684	0.00894
2057.77827	0.00905
2055.84971	0.00933
2053.92114	0.01013
2051.99258	0.01152
2050.06401	0.01215
2048.13545	0.01142
2046.20688	0.01064
2044.27832	0.01048
2042.34976	0.01046
2040.42119	0.01030
2038.49263	0.01024
2036.56406	0.01011
2034.63550	0.00940
2032.70693	0.00852
2030.77837	0.00810
2028.84980	0.00794
2026.92124	0.00767
2024.99268	0.00733
2023.06411	0.00712
2021.13555	0.00704
2019.20698	0.00702
2017.27842	0.00711
2015.34985	0.00737
2013.42129	0.00761
2011.49272	0.00779
2009.56416	0.00786
2007.63560	0.00732
2005.70703	0.00638
2003.77847	0.00610
2001.84990	0.00653
1999.92134	0.00704
1997.99277	0.00750
1996.06421	0.00792
1994.13564	0.00807
1992.20708	0.00800
1990.27852	0.00814
1988.34995	0.00865
1986.42139	0.00919
1984.49282	0.00975
1982.56426	0.01075
1980.63569	0.01168
1978.70713	0.01113
1976.77856	0.00916
1974.85000	0.00746
1972.92144	0.00681
1970.99287	0.00668
1969.06431	0.00648
1967.13574	0.00634
1965.20718	0.00650
1963.27861	0.00645
1961.35005	0.00561
1959.42148	0.00460
1957.49292	0.00451
1955.56436	0.00515
1953.63579	0.00563
1951.70723	0.00567
1949.77866	0.00567
1947.85010	0.00585
1945.92153	0.00597
1943.99297	0.00591
1942.06440	0.00590
1940.13584	0.00618
1938.20728	0.00655
1936.27871	0.00669
1934.35015	0.00670
1932.42158	0.00683
1930.49302	0.00698
1928.56445	0.00694
1926.63589	0.00671
1924.70732	0.00658
1922.77876	0.00675
1920.85020	0.00706
1918.92163	0.00730
1916.99307	0.00742
1915.06450	0.00749
1913.13594	0.00756
1911.20737	0.00761
1909.27881	0.00762
1907.35024	0.00759
1905.42168	0.00754
1903.49312	0.00750
1901.56455	0.00753
1899.63599	0.00763
1897.70742	0.00771
1895.77886	0.00774
1893.85029	0.00771
1891.92173	0.00763
1889.99316	0.00762
1888.06460	0.00766
1886.13604	0.00766
1884.20747	0.00763
1882.27891	0.00763
1880.35034	0.00768
1878.42178	0.00772
1876.49321	0.00773
1874.56465	0.00776
1872.63608	0.00782
1870.70752	0.00786
1868.77896	0.00790
1866.85039	0.00795
1864.92183	0.00800
1862.99326	0.00803
1861.06470	0.00802
1859.13613	0.00796
1857.20757	0.00788
1855.27900	0.00785
1853.35044	0.00794
1851.42187	0.00804
1849.49331	0.00802
1847.56475	0.00790
1845.63618	0.00787
1843.70762	0.00798
1841.77905	0.00808
1839.85049	0.00807
1837.92192	0.00800
1835.99336	0.00796
1834.06479	0.00801
1832.13623	0.00817
1830.20767	0.00838
1828.27910	0.00850
1826.35054	0.00854
1824.42197	0.00864
1822.49341	0.00876
1820.56484	0.00867
1818.63628	0.00835
1816.70771	0.00804
1814.77915	0.00801
1812.85059	0.00820
1810.92202	0.00845
1808.99346	0.00868
1807.06489	0.00886
1805.13633	0.00893
1803.20776	0.00897
1801.27920	0.00910
1799.35063	0.00931
1797.42207	0.00946
1795.49351	0.00958
1793.56494	0.00980
1791.63638	0.01017
1789.70781	0.01050
1787.77925	0.01069
1785.85068	0.01079
1783.92212	0.01094
1781.99355	0.01119
1780.06499	0.01141
1778.13643	0.01146
1776.20786	0.01141
1774.27930	0.01137
1772.35073	0.01135
1770.42217	0.01125
1768.49360	0.01112
1766.56504	0.01102
1764.63647	0.01092
1762.70791	0.01085
1760.77935	0.01086
1758.85078	0.01090
1756.92222	0.01087
1754.99365	0.01076
1753.06509	0.01062
1751.13652	0.01061
1749.20796	0.01079
1747.27939	0.01101
1745.35083	0.01118
1743.42227	0.01137
1741.49370	0.01161
1739.56514	0.01188
1737.63657	0.01214
1735.70801	0.01251
1733.77944	0.01312
1731.85088	0.01370
1729.92231	0.01400
1727.99375	0.01415
1726.06519	0.01438
1724.13662	0.01477
1722.20806	0.01519
1720.27949	0.01556
1718.35093	0.01598
1716.42236	0.01658
1714.49380	0.01729
1712.56523	0.01789
1710.63667	0.01830
1708.70811	0.01860
1706.77954	0.01885
1704.85098	0.01903
1702.92241	0.01908
1700.99385	0.01908
1699.06528	0.01912
1697.13672	0.01918
1695.20815	0.01925
1693.27959	0.01921
1691.35103	0.01908
1689.42246	0.01901
1687.49390	0.01904
1685.56533	0.01922
1683.63677	0.01954
1681.70820	0.01973
1679.77964	0.01975
1677.85107	0.01983
1675.92251	0.02006
1673.99395	0.02030
1672.06538	0.02042
1670.13682	0.02058
1668.20825	0.02079
1666.27969	0.02092
1664.35112	0.02104
1662.42256	0.02123
1660.49399	0.02139
1658.56543	0.02144
1656.63687	0.02148
1654.70830	0.02169
1652.77974	0.02212
1650.85117	0.02243
1648.92261	0.02253
1646.99404	0.02282
1645.06548	0.02333
1643.13691	0.02370
1641.20835	0.02392
1639.27979	0.02420
1637.35122	0.02474
1635.42266	0.02553
1633.49409	0.02621
1631.56553	0.02662
1629.63696	0.02699
1627.70840	0.02747
1625.77983	0.02804
1623.85127	0.02869
1621.92271	0.02923
1619.99414	0.02957
1618.06558	0.02998
1616.13701	0.03061
1614.20845	0.03118
1612.27988	0.03155
1610.35132	0.03190
1608.42275	0.03234
1606.49419	0.03279
1604.56562	0.03318
1602.63706	0.03350
1600.70850	0.03372
1598.77993	0.03383
1596.85137	0.03384
1594.92280	0.03377
1592.99424	0.03359
1591.06567	0.03328
1589.13711	0.03285
1587.20854	0.03236
1585.27998	0.03181
1583.35142	0.03121
1581.42285	0.03054
1579.49429	0.02983
1577.56572	0.02913
1575.63716	0.02844
1573.70859	0.02773
1571.78003	0.02705
1569.85146	0.02650
1567.92290	0.02601
1565.99434	0.02550
1564.06577	0.02492
1562.13721	0.02435
1560.20864	0.02376
1558.28008	0.02305
1556.35151	0.02221
1554.42295	0.02141
1552.49438	0.02078
1550.56582	0.02026
1548.63726	0.01971
1546.70869	0.01918
1544.78013	0.01873
1542.85156	0.01834
1540.92300	0.01804
1538.99443	0.01776
1537.06587	0.01739
1535.13730	0.01703
1533.20874	0.01676
1531.28018	0.01650
1529.35161	0.01618
1527.42305	0.01589
1525.49448	0.01566
1523.56592	0.01548
1521.63735	0.01535
1519.70879	0.01525
1517.78022	0.01515
1515.85166	0.01499
1513.92310	0.01479
1511.99453	0.01464
1510.06597	0.01459
1508.13740	0.01462
1506.20884	0.01469
1504.28027	0.01463
1502.35171	0.01448
1500.42314	0.01446
1498.49458	0.01465
1496.56602	0.01489
1494.63745	0.01504
1492.70889	0.01516
1490.78032	0.01547
1488.85176	0.01596
1486.92319	0.01649
1484.99463	0.01701
1483.06606	0.01768
1481.13750	0.01866
1479.20894	0.02008
1477.28037	0.02224
1475.35181	0.02559
1473.42324	0.03038
1471.49468	0.03597
1469.56611	0.04125
1467.63755	0.04643
1465.70898	0.05218
1463.78042	0.05763
1461.85186	0.06135
1459.92329	0.06356
1457.99473	0.06537
1456.06616	0.06695
1454.13760	0.06759
1452.20903	0.06714
1450.28047	0.06553
1448.35190	0.06232
1446.42334	0.05759
1444.49478	0.05243
1442.56621	0.04810
1440.63765	0.04534
1438.70908	0.04412
1436.78052	0.04360
1434.85195	0.04236
1432.92339	0.03970
1430.99482	0.03617
1429.06626	0.03291
1427.13770	0.03060
1425.20913	0.02918
1423.28057	0.02827
1421.35200	0.02766
1419.42344	0.02721
1417.49487	0.02682
1415.56631	0.02644
1413.63774	0.02613
1411.70918	0.02590
1409.78062	0.02566
1407.85205	0.02538
1405.92349	0.02507
1403.99492	0.02473
1402.06636	0.02436
1400.13779	0.02404
1398.20923	0.02386
1396.28066	0.02381
1394.35210	0.02391
1392.42354	0.02422
1390.49497	0.02493
1388.56641	0.02663
1386.63784	0.03019
1384.70928	0.03623
1382.78071	0.04533
1380.85215	0.05784
1378.92358	0.07200
1376.99502	0.08292
1375.06646	0.08525
1373.13789	0.07823
1371.20933	0.06668
1369.28076	0.05575
1367.35220	0.04792
1365.42363	0.04375
1363.49507	0.04272
1361.56650	0.04359
1359.63794	0.04457
1357.70937	0.04414
1355.78081	0.04197
1353.85225	0.03894
1351.92368	0.03604
1349.99512	0.03365
1348.06655	0.03168
1346.13799	0.03002
1344.20942	0.02866
1342.28086	0.02759
1340.35229	0.02677
1338.42373	0.02619
1336.49517	0.02592
1334.56660	0.02594
1332.63804	0.02612
1330.70947	0.02622
1328.78091	0.02605
1326.85234	0.02556
1324.92378	0.02482
1322.99521	0.02407
1321.06665	0.02347
1319.13809	0.02305
1317.20952	0.02273
1315.28096	0.02250
1313.35239	0.02241
1311.42383	0.02254
1309.49526	0.02302
1307.56670	0.02379
1305.63813	0.02450
1303.70957	0.02474
1301.78101	0.02460
1299.85244	0.02446
1297.92388	0.02451
1295.99531	0.02461
1294.06675	0.02450
1292.13818	0.02411
1290.20962	0.02358
1288.28105	0.02309
1286.35249	0.02271
1284.42393	0.02241
1282.49536	0.02215
1280.56680	0.02198
1278.63823	0.02189
1276.70967	0.02185
1274.78110	0.02184
1272.85254	0.02189
1270.92397	0.02198
1268.99541	0.02210
1267.06685	0.02230
1265.13828	0.02257
1263.20972	0.02292
1261.28115	0.02339
1259.35259	0.02393
1257.42402	0.02443
1255.49546	0.02462
1253.56689	0.02434
1251.63833	0.02378
1249.70977	0.02332
1247.78120	0.02303
1245.85264	0.02280
1243.92407	0.02258
1241.99551	0.02238
1240.06694	0.02218
1238.13838	0.02192
1236.20981	0.02157
1234.28125	0.02116
1232.35269	0.02075
1230.42412	0.02054
1228.49556	0.02068
1226.56699	0.02113
1224.63843	0.02178
1222.70986	0.02241
1220.78130	0.02266
1218.85273	0.02237
1216.92417	0.02195
1214.99561	0.02178
1213.06704	0.02170
1211.13848	0.02148
1209.20991	0.02118
1207.28135	0.02095
1205.35278	0.02088
1203.42422	0.02097
1201.49565	0.02115
1199.56709	0.02143
1197.63853	0.02174
1195.70996	0.02208
1193.78140	0.02244
1191.85283	0.02277
1189.92427	0.02302
1187.99570	0.02320
1186.06714	0.02345
1184.13857	0.02379
1182.21001	0.02422
1180.28145	0.02482
1178.35288	0.02570
1176.42432	0.02694
1174.49575	0.02858
1172.56719	0.03049
1170.63862	0.03236
1168.71006	0.03381
1166.78149	0.03449
1164.85293	0.03441
1162.92437	0.03390
1160.99580	0.03336
1159.06724	0.03299
1157.13867	0.03284
1155.21011	0.03283
1153.28154	0.03270
1151.35298	0.03221
1149.42441	0.03140
1147.49585	0.03043
1145.56729	0.02937
1143.63872	0.02838
1141.71016	0.02762
1139.78159	0.02716
1137.85303	0.02689
1135.92446	0.02670
1133.99590	0.02655
1132.06733	0.02646
1130.13877	0.02644
1128.21021	0.02647
1126.28164	0.02649
1124.35308	0.02648
1122.42451	0.02650
1120.49595	0.02654
1118.56738	0.02658
1116.63882	0.02660
1114.71025	0.02659
1112.78169	0.02669
1110.85312	0.02709
1108.92456	0.02780
1106.99600	0.02860
1105.06743	0.02932
1103.13887	0.02980
1101.21030	0.02982
1099.28174	0.02933
1097.35317	0.02859
1095.42461	0.02792
1093.49604	0.02743
1091.56748	0.02708
1089.63892	0.02691
1087.71035	0.02689
1085.78179	0.02686
1083.85322	0.02672
1081.92466	0.02657
1079.99609	0.02647
1078.06753	0.02640
1076.13896	0.02643
1074.21040	0.02645
1072.28184	0.02636
1070.35327	0.02625
1068.42471	0.02624
1066.49614	0.02626
1064.56758	0.02621
1062.63901	0.02616
1060.71045	0.02622
1058.78188	0.02641
1056.85332	0.02662
1054.92476	0.02677
1052.99619	0.02693
1051.06763	0.02720
1049.13906	0.02753
1047.21050	0.02776
1045.28193	0.02779
1043.35337	0.02766
1041.42480	0.02745
1039.49624	0.02715
1037.56768	0.02680
1035.63911	0.02645
1033.71055	0.02611
1031.78198	0.02569
1029.85342	0.02520
1027.92485	0.02480
1025.99629	0.02457
1024.06772	0.02440
1022.13916	0.02420
1020.21060	0.02395
1018.28203	0.02365
1016.35347	0.02339
1014.42490	0.02326
1012.49634	0.02330
1010.56777	0.02346
1008.63921	0.02382
1006.71064	0.02450
1004.78208	0.02580
1002.85352	0.02806
1000.92495	0.03095
998.99639	0.03304
997.06782	0.03280
995.13926	0.03032
993.21069	0.02716
991.28213	0.02463
989.35356	0.02303
987.42500	0.02223
985.49644	0.02211
983.56787	0.02264
981.63931	0.02399
979.71074	0.02630
977.78218	0.02936
975.85361	0.03241
973.92505	0.03423
971.99648	0.03374
970.06792	0.03113
968.13936	0.02787
966.21079	0.02515
964.28223	0.02326
962.35366	0.02200
960.42510	0.02111
958.49653	0.02041
956.56797	0.01989
954.63940	0.01953
952.71084	0.01926
950.78228	0.01905
948.85371	0.01897
946.92515	0.01910
944.99658	0.01937
943.06802	0.01964
941.13945	0.01967
939.21089	0.01924
937.28232	0.01835
935.35376	0.01735
933.42520	0.01660
931.49663	0.01617
929.56807	0.01589
927.63950	0.01561
925.71094	0.01533
923.78237	0.01518
921.85381	0.01515
919.92524	0.01512
917.99668	0.01510
916.06812	0.01517
914.13955	0.01539
912.21099	0.01585
910.28242	0.01647
908.35386	0.01733
906.42529	0.01885
904.49673	0.02123
902.56816	0.02391
900.63960	0.02575
898.71104	0.02573
896.78247	0.02387
894.85391	0.02126
892.92534	0.01901
890.99678	0.01749
889.06821	0.01659
887.13965	0.01601
885.21108	0.01554
883.28252	0.01512
881.35396	0.01489
879.42539	0.01497
877.49683	0.01522
875.56826	0.01536
873.63970	0.01520
871.71113	0.01491
869.78257	0.01478
867.85400	0.01485
865.92544	0.01494
863.99687	0.01497
862.06831	0.01507
860.13975	0.01529
858.21118	0.01553
856.28262	0.01570
854.35405	0.01584
852.42549	0.01614
850.49692	0.01685
848.56836	0.01817
846.63979	0.02039
844.71123	0.02379
842.78267	0.02736
840.85410	0.02858
838.92554	0.02627
836.99697	0.02248
835.06841	0.01958
833.13984	0.01796
831.21128	0.01714
829.28271	0.01672
827.35415	0.01643
825.42559	0.01627
823.49702	0.01640
821.56846	0.01696
819.63989	0.01797
817.71133	0.01943
815.78276	0.02143
813.85420	0.02395
811.92563	0.02631
809.99707	0.02726
808.06851	0.02615
806.13994	0.02366
804.21138	0.02112
802.28281	0.01930
800.35425	0.01821
798.42568	0.01745
796.49712	0.01676
794.56855	0.01619
792.63999	0.01576
790.71143	0.01533
788.78286	0.01489
786.85430	0.01450
784.92573	0.01421
782.99717	0.01404
781.06860	0.01411
779.14004	0.01434
777.21147	0.01445
775.28291	0.01439
773.35435	0.01437
771.42578	0.01453
769.49722	0.01477
767.56865	0.01482
765.64009	0.01461
763.71152	0.01438
761.78296	0.01421
759.85439	0.01397
757.92583	0.01366
755.99727	0.01346
754.06870	0.01332
752.14014	0.01304
750.21157	0.01268
748.28301	0.01251
746.35444	0.01252
744.42588	0.01261
742.49731	0.01277
740.56875	0.01291
738.64019	0.01294
736.71162	0.01301
734.78306	0.01336
732.85449	0.01394
730.92593	0.01434
728.99736	0.01446
727.06880	0.01455
725.14023	0.01480
723.21167	0.01533
721.28311	0.01603
719.35454	0.01645
717.42598	0.01631
715.49741	0.01565
713.56885	0.01483
711.64028	0.01431
709.71172	0.01419
707.78315	0.01416
705.85459	0.01398
703.92603	0.01380
701.99746	0.01384
700.06890	0.01391
698.14033	0.01375
696.21177	0.01338
694.28320	0.01320
692.35464	0.01332
690.42607	0.01335
688.49751	0.01309
686.56895	0.01308
684.64038	0.01358
682.71182	0.01431
680.78325	0.01455
678.85469	0.01410
676.92612	0.01385
674.99756	0.01427
673.06899	0.01475
671.14043	0.01428
669.21187	0.01317
667.28330	0.01481
665.35474	0.01458
663.42617	0.01424
661.49761	0.01443
659.56904	0.01457
657.64048	0.01429
655.71191	0.01407
653.78335	0.01437
651.85479	0.01486
649.92622	0.01516
647.99766	0.01554
646.06909	0.01599
644.14053	0.01608
642.21196	0.01583
640.28340	0.01571
638.35483	0.01632
636.42627	0.01780
634.49771	0.01936
632.56914	0.02028
630.64058	0.02049
628.71201	0.02001
626.78345	0.01883
624.85488	0.01766
622.92632	0.01719
620.99775	0.01719
619.06919	0.01711
617.14062	0.01675
615.21206	0.01646
613.28350	0.01689
611.35493	0.01785
609.42637	0.01843
607.49780	0.01826
605.56924	0.01782
603.64067	0.01773
601.71211	0.01837
599.78354	0.01971
