3997.91411	0.03950
3995.98555	0.03952
3994.05698	0.03949
3992.12842	0.03947
3990.19985	0.03949
3988.27129	0.03945
3986.34272	0.03936
3984.41416	0.03931
3982.48560	0.03937
3980.55703	0.03949
3978.62847	0.03958
3976.69990	0.03958
3974.77134	0.03947
3972.84277	0.03935
3970.91421	0.03935
3968.98564	0.03946
3967.05708	0.03954
3965.12852	0.03957
3963.19995	0.03957
3961.27139	0.03954
3959.34282	0.03945
3957.41426	0.03924
3955.48569	0.03900
3953.55713	0.03891
3951.62856	0.03899
3949.70000	0.03916
3947.77144	0.03924
3945.84287	0.03923
3943.91431	0.03924
3941.98574	0.03928
3940.05718	0.03927
3938.12861	0.03919
3936.20005	0.03908
3934.27148	0.03908
3932.34292	0.03918
3930.41436	0.03923
3928.48579	0.03918
3926.55723	0.03915
3924.62866	0.03909
3922.70010	0.03895
3920.77153	0.03891
3918.84297	0.03906
3916.91440	0.03921
3914.98584	0.03915
3913.05728	0.03898
3911.12871	0.03885
3909.20015	0.03882
3907.27158	0.03883
3905.34302	0.03880
3903.41445	0.03869
3901.48589	0.03865
3899.55732	0.03876
3897.62876	0.03881
3895.70020	0.03871
3893.77163	0.03857
3891.84307	0.03853
3889.91450	0.03853
3887.98594	0.03850
3886.05737	0.03846
3884.12881	0.03847
3882.20024	0.03854
3880.27168	0.03857
3878.34312	0.03849
3876.41455	0.03836
3874.48599	0.03826
3872.55742	0.03819
3870.62886	0.03824
3868.70029	0.03835
3866.77173	0.03833
3864.84316	0.03814
3862.91460	0.03793
3860.98604	0.03779
3859.05747	0.03765
3857.12891	0.03747
3855.20034	0.03744
3853.27178	0.03767
3851.34321	0.03788
3849.41465	0.03780
3847.48608	0.03759
3845.55752	0.03746
3843.62896	0.03744
3841.70039	0.03749
3839.77183	0.03753
3837.84326	0.03751
3835.91470	0.03750
3833.98613	0.03754
3832.05757	0.03759
3830.12900	0.03762
3828.20044	0.03766
3826.27187	0.03765
3824.34331	0.03751
3822.41475	0.03737
3820.48618	0.03731
3818.55762	0.03728
3816.62905	0.03731
3814.70049	0.03744
3812.77192	0.03748
3810.84336	0.03738
3808.91479	0.03727
3806.98623	0.03722
3805.05767	0.03722
3803.12910	0.03724
3801.20054	0.03727
3799.27197	0.03724
3797.34341	0.03719
3795.41484	0.03720
3793.48628	0.03722
3791.55771	0.03718
3789.62915	0.03715
3787.70059	0.03721
3785.77202	0.03729
3783.84346	0.03727
3781.91489	0.03713
3779.98633	0.03704
3778.05776	0.03701
3776.12920	0.03692
3774.20063	0.03680
3772.27207	0.03679
3770.34351	0.03686
3768.41494	0.03687
3766.48638	0.03676
3764.55781	0.03666
3762.62925	0.03666
3760.70068	0.03669
3758.77212	0.03658
3756.84355	0.03627
3754.91499	0.03581
3752.98643	0.03545
3751.05786	0.03549
3749.12930	0.03588
3747.20073	0.03619
3745.27217	0.03650
3743.34360	0.03686
3741.41504	0.03689
3739.48647	0.03664
3737.55791	0.03643
3735.62935	0.03630
3733.70078	0.03618
3731.77222	0.03624
3729.84365	0.03656
3727.91509	0.03686
3725.98652	0.03700
3724.05796	0.03692
3722.12939	0.03673
3720.20083	0.03660
3718.27227	0.03645
3716.34370	0.03628
3714.41514	0.03619
3712.48657	0.03627
3710.55801	0.03662
3708.62944	0.03696
3706.70088	0.03726
3704.77231	0.03762
3702.84375	0.03818
3700.91519	0.03895
3698.98662	0.03959
3697.05806	0.03984
3695.12949	0.03974
3693.20093	0.03943
3691.27236	0.03914
3689.34380	0.03893
3687.41523	0.03876
3685.48667	0.03842
3683.55811	0.03793
3681.62954	0.03756
3679.70098	0.03747
3677.77241	0.03763
3675.84385	0.03790
3673.91528	0.03807
3671.98672	0.03805
3670.05815	0.03800
3668.12959	0.03804
3666.20103	0.03816
3664.27246	0.03830
3662.34390	0.03833
3660.41533	0.03830
3658.48677	0.03837
3656.55820	0.03860
3654.62964	0.03882
3652.70107	0.03899
3650.77251	0.03929
3648.84395	0.03970
3646.91538	0.03991
3644.98682	0.03985
3643.05825	0.03980
3641.12969	0.03999
3639.20112	0.04033
3637.27256	0.04061
3635.34399	0.04089
3633.41543	0.04126
3631.48687	0.04163
3629.55830	0.04198
3627.62974	0.04218
3625.70117	0.04229
3623.77261	0.04258
3621.84404	0.04297
3619.91548	0.04337
3617.98691	0.04373
3616.05835	0.04387
3614.12979	0.04391
3612.20122	0.04398
3610.27266	0.04425
3608.34409	0.04483
3606.41553	0.04538
3604.48696	0.04568
3602.55840	0.04588
3600.62983	0.04612
3598.70127	0.04632
3596.77271	0.04647
3594.84414	0.04677
3592.91558	0.04714
3590.98701	0.04745
3589.05845	0.04777
3587.12988	0.04818
3585.20132	0.04844
3583.27275	0.04859
3581.34419	0.04894
3579.41562	0.04938
3577.48706	0.04975
3575.55850	0.05013
3573.62993	0.05048
3571.70137	0.05061
3569.77280	0.05073
3567.84424	0.05121
3565.91567	0.05186
3563.98711	0.05230
3562.05854	0.05263
3560.12998	0.05292
3558.20142	0.05316
3556.27285	0.05346
3554.34429	0.05387
3552.41572	0.05428
3550.48716	0.05466
3548.55859	0.05512
3546.63003	0.05570
3544.70146	0.05627
3542.77290	0.05677
3540.84434	0.05720
3538.91577	0.05751
3536.98721	0.05775
3535.05864	0.05804
3533.13008	0.05828
3531.20151	0.05846
3529.27295	0.05873
3527.34438	0.05918
3525.41582	0.05972
3523.48726	0.06027
3521.55869	0.06074
3519.63013	0.06114
3517.70156	0.06157
3515.77300	0.06199
3513.84443	0.06228
3511.91587	0.06250
3509.98730	0.06281
3508.05874	0.06319
3506.13018	0.06355
3504.20161	0.06388
3502.27305	0.06428
3500.34448	0.06477
3498.41592	0.06519
3496.48735	0.06549
3494.55879	0.06591
3492.63022	0.06642
3490.70166	0.06667
3488.77310	0.06663
3486.84453	0.06675
3484.91597	0.06711
3482.98740	0.06734
3481.05884	0.06745
3479.13027	0.06769
3477.20171	0.06800
3475.27314	0.06828
3473.34458	0.06863
3471.41602	0.06898
3469.48745	0.06919
3467.55889	0.06948
3465.63032	0.07002
3463.70176	0.07060
3461.77319	0.07103
3459.84463	0.07130
3457.91606	0.07155
3455.98750	0.07192
3454.05894	0.07233
3452.13037	0.07269
3450.20181	0.07307
3448.27324	0.07353
3446.34468	0.07381
3444.41611	0.07379
3442.48755	0.07371
3440.55898	0.07370
3438.63042	0.07369
3436.70186	0.07375
3434.77329	0.07393
3432.84473	0.07420
3430.91616	0.07462
3428.98760	0.07507
3427.05903	0.07512
3425.13047	0.07495
3423.20190	0.07517
3421.27334	0.07569
3419.34478	0.07597
3417.41621	0.07599
3415.48765	0.07605
3413.55908	0.07615
3411.63052	0.07619
3409.70195	0.07615
3407.77339	0.07614
3405.84482	0.07627
3403.91626	0.07651
3401.98770	0.07677
3400.05913	0.07703
3398.13057	0.07708
3396.20200	0.07709
3394.27344	0.07703
3392.34487	0.07705
3390.41631	0.07742
3388.48774	0.07790
3386.55918	0.07787
3384.63062	0.07748
3382.70205	0.07733
3380.77349	0.07748
3378.84492	0.07762
3376.91636	0.07772
3374.98779	0.07783
3373.05923	0.07788
3371.13066	0.07786
3369.20210	0.07787
3367.27354	0.07782
3365.34497	0.07771
3363.41641	0.07767
3361.48784	0.07765
3359.55928	0.07759
3357.63071	0.07752
3355.70215	0.07752
3353.77358	0.07767
3351.84502	0.07790
3349.91646	0.07818
3347.98789	0.07844
3346.05933	0.07844
3344.13076	0.07817
3342.20220	0.07782
3340.27363	0.07752
3338.34507	0.07751
3336.41650	0.07776
3334.48794	0.07782
3332.55937	0.07768
3330.63081	0.07764
3328.70225	0.07776
3326.77368	0.07794
3324.84512	0.07806
3322.91655	0.07789
3320.98799	0.07754
3319.05942	0.07734
3317.13086	0.07733
3315.20229	0.07730
3313.27373	0.07726
3311.34517	0.07723
3309.41660	0.07717
3307.48804	0.07706
3305.55947	0.07702
3303.63091	0.07708
3301.70234	0.07712
3299.77378	0.07700
3297.84521	0.07674
3295.91665	0.07654
3293.98809	0.07652
3292.05952	0.07654
3290.13096	0.07644
3288.20239	0.07616
3286.27383	0.07580
3284.34526	0.07566
3282.41670	0.07582
3280.48813	0.07597
3278.55957	0.07584
3276.63101	0.07550
3274.70244	0.07515
3272.77388	0.07480
3270.84531	0.07444
3268.91675	0.07420
3266.98818	0.07409
3265.05962	0.07403
3263.13105	0.07400
3261.20249	0.07384
3259.27393	0.07341
3257.34536	0.07291
3255.41680	0.07256
3253.48823	0.07236
3251.55967	0.07219
3249.63110	0.07199
3247.70254	0.07180
3245.77397	0.07157
3243.84541	0.07131
3241.91685	0.07095
3239.98828	0.07036
3238.05972	0.06971
3236.13115	0.06934
3234.20259	0.06920
3232.27402	0.06915
3230.34546	0.06908
3228.41689	0.06879
3226.48833	0.06835
3224.55977	0.06810
3222.63120	0.06810
3220.70264	0.06810
3218.77407	0.06787
3216.84551	0.06748
3214.91694	0.06712
3212.98838	0.06687
3211.05981	0.06668
3209.13125	0.06653
3207.20269	0.06634
3205.27412	0.06603
3203.34556	0.06569
3201.41699	0.06546
3199.48843	0.06530
3197.55986	0.06507
3195.63130	0.06467
3193.70273	0.06413
3191.77417	0.06366
3189.84561	0.06342
3187.91704	0.06332
3185.98848	0.06320
3184.05991	0.06291
3182.13135	0.06245
3180.20278	0.06193
3178.27422	0.06161
3176.34565	0.06159
3174.41709	0.06152
3172.48853	0.06119
3170.55996	0.06087
3168.63140	0.06062
3166.70283	0.06027
3164.77427	0.05987
3162.84570	0.05958
3160.91714	0.05932
3158.98857	0.05903
3157.06001	0.05867
3155.13145	0.05830
3153.20288	0.05812
3151.27432	0.05809
3149.34575	0.05794
3147.41719	0.05752
3145.48862	0.05713
3143.56006	0.05688
3141.63149	0.05655
3139.70293	0.05611
3137.77437	0.05583
3135.84580	0.05570
3133.91724	0.05556
3131.98867	0.05530
3130.06011	0.05499
3128.13154	0.05481
3126.20298	0.05473
3124.27441	0.05445
3122.34585	0.05394
3120.41729	0.05353
3118.48872	0.05334
3116.56016	0.05331
3114.63159	0.05331
3112.70303	0.05322
3110.77446	0.05308
3108.84590	0.05293
3106.91733	0.05281
3104.98877	0.05288
3103.06021	0.05295
3101.13164	0.05277
3099.20308	0.05247
3097.27451	0.05228
3095.34595	0.05221
3093.41738	0.05216
3091.48882	0.05199
3089.56025	0.05175
3087.63169	0.05160
3085.70312	0.05163
3083.77456	0.05182
3081.84600	0.05192
3079.91743	0.05173
3077.98887	0.05145
3076.06030	0.05128
3074.13174	0.05116
3072.20317	0.05103
3070.27461	0.05088
3068.34604	0.05070
3066.41748	0.05046
3064.48892	0.05016
3062.56035	0.04979
3060.63179	0.04949
3058.70322	0.04938
3056.77466	0.04940
3054.84609	0.04934
3052.91753	0.04912
3050.98896	0.04895
3049.06040	0.04885
3047.13184	0.04873
3045.20327	0.04858
3043.27471	0.04850
3041.34614	0.04853
3039.41758	0.04857
3037.48901	0.04857
3035.56045	0.04861
3033.63188	0.04869
3031.70332	0.04872
3029.77476	0.04863
3027.84619	0.04841
3025.91763	0.04813
3023.98906	0.04786
3022.06050	0.04766
3020.13193	0.04763
3018.20337	0.04774
3016.27480	0.04779
3014.34624	0.04765
3012.41768	0.04746
3010.48911	0.04737
3008.56055	0.04741
3006.63198	0.04755
3004.70342	0.04782
3002.77485	0.04821
3000.84629	0.04852
2998.91772	0.04867
2996.98916	0.04882
2995.06060	0.04920
2993.13203	0.04993
2991.20347	0.05095
2989.27490	0.05204
2987.34634	0.05313
2985.41777	0.05444
2983.48921	0.05611
2981.56064	0.05808
2979.63208	0.06040
2977.70352	0.06321
2975.77495	0.06657
2973.84639	0.07071
2971.91782	0.07562
2969.98926	0.08047
2968.06069	0.08473
2966.13213	0.08901
2964.20356	0.09386
2962.27500	0.09902
2960.34644	0.10404
2958.41787	0.10851
2956.48931	0.11217
2954.56074	0.11506
2952.63218	0.11739
2950.70361	0.11954
2948.77505	0.12220
2946.84648	0.12595
2944.91792	0.13119
2942.98936	0.13823
2941.06079	0.14722
2939.13223	0.15813
2937.20366	0.17093
2935.27510	0.18567
2933.34653	0.20262
2931.41797	0.22217
2929.48940	0.24470
2927.56084	0.27073
2925.63228	0.30122
2923.70371	0.33711
2921.77515	0.37788
2919.84658	0.41954
2917.91802	0.45264
2915.98945	0.46481
2914.06089	0.45107
2912.13232	0.41970
2910.20376	0.38395
2908.27520	0.35218
2906.34663	0.32654
2904.41807	0.30622
2902.48950	0.28987
2900.56094	0.27641
2898.63237	0.26475
2896.70381	0.25381
2894.77524	0.24314
2892.84668	0.23273
2890.91812	0.22251
2888.98955	0.21242
2887.06099	0.20270
2885.13242	0.19363
2883.20386	0.18545
2881.27529	0.17829
2879.34673	0.17215
2877.41816	0.16719
2875.48960	0.16368
2873.56104	0.16165
2871.63247	0.16059
2869.70391	0.15998
2867.77534	0.16002
2865.84678	0.16163
2863.91821	0.16596
2861.98965	0.17407
2860.06108	0.18721
2858.13252	0.20726
2856.20396	0.23693
2854.27539	0.27885
2852.34683	0.33099
2850.41826	0.37823
2848.48970	0.39434
2846.56113	0.36928
2844.63257	0.32207
2842.70400	0.27460
2840.77544	0.23560
2838.84687	0.20559
2836.91831	0.18291
2834.98975	0.16575
2833.06118	0.15266
2831.13262	0.14250
2829.20405	0.13434
2827.27549	0.12760
2825.34692	0.12195
2823.41836	0.11716
2821.48979	0.11310
2819.56123	0.10967
2817.63267	0.10659
2815.70410	0.10369
2813.77554	0.10106
2811.84697	0.09881
2809.91841	0.09680
2807.98984	0.09493
2806.06128	0.09317
2804.13271	0.09158
2802.20415	0.09012
2800.27559	0.08866
2798.34702	0.08722
2796.41846	0.08598
2794.48989	0.08484
2792.56133	0.08359
2790.63276	0.08235
2788.70420	0.08137
2786.77563	0.08053
2784.84707	0.07960
2782.91851	0.07863
2780.98994	0.07771
2779.06138	0.07685
2777.13281	0.07607
2775.20425	0.07530
2773.27568	0.07454
2771.34712	0.07388
2769.41855	0.07333
2767.48999	0.07280
2765.56143	0.07225
2763.63286	0.07171
2761.70430	0.07123
2759.77573	0.07078
2757.84717	0.07035
2755.91860	0.06995
2753.99004	0.06959
2752.06147	0.06926
2750.13291	0.06891
2748.20435	0.06853
2746.27578	0.06819
2744.34722	0.06795
2742.41865	0.06784
2740.49009	0.06772
2738.56152	0.06745
2736.63296	0.06718
2734.70439	0.06704
2732.77583	0.06695
2730.84727	0.06678
2728.91870	0.06656
2726.99014	0.06626
2725.06157	0.06589
2723.13301	0.06558
2721.20444	0.06532
2719.27588	0.06503
2717.34731	0.06471
2715.41875	0.06444
2713.49019	0.06419
2711.56162	0.06392
2709.63306	0.06365
2707.70449	0.06339
2705.77593	0.06315
2703.84736	0.06293
2701.91880	0.06273
2699.99023	0.06253
2698.06167	0.06229
2696.13311	0.06204
2694.20454	0.06187
2692.27598	0.06180
2690.34741	0.06178
2688.41885	0.06177
2686.49028	0.06170
2684.56172	0.06152
2682.63315	0.06136
2680.70459	0.06136
2678.77603	0.06135
2676.84746	0.06114
2674.91890	0.06089
2672.99033	0.06081
2671.06177	0.06084
2669.13320	0.06085
2667.20464	0.06080
2665.27607	0.06070
2663.34751	0.06063
2661.41895	0.06060
2659.49038	0.06052
2657.56182	0.06030
2655.63325	0.06005
2653.70469	0.05990
2651.77612	0.05978
2649.84756	0.05956
2647.91899	0.05928
2645.99043	0.05910
2644.06187	0.05901
2642.13330	0.05891
2640.20474	0.05872
2638.27617	0.05848
2636.34761	0.05825
2634.41904	0.05807
2632.49048	0.05785
2630.56191	0.05758
2628.63335	0.05738
2626.70479	0.05718
2624.77622	0.05677
2622.84766	0.05628
2620.91909	0.05594
2618.99053	0.05573
2617.06196	0.05548
2615.13340	0.05515
2613.20483	0.05486
2611.27627	0.05473
2609.34771	0.05467
2607.41914	0.05448
2605.49058	0.05419
2603.56201	0.05400
2601.63345	0.05388
2599.70488	0.05373
2597.77632	0.05350
2595.84775	0.05319
2593.91919	0.05288
2591.99062	0.05270
2590.06206	0.05262
2588.13350	0.05254
2586.20493	0.05241
2584.27637	0.05225
2582.34780	0.05207
2580.41924	0.05174
2578.49067	0.05139
2576.56211	0.05126
2574.63354	0.05126
2572.70498	0.05117
2570.77642	0.05093
2568.84785	0.05070
2566.91929	0.05056
2564.99072	0.05044
2563.06216	0.05027
2561.13359	0.05008
2559.20503	0.04988
2557.27646	0.04971
2555.34790	0.04960
2553.41934	0.04957
2551.49077	0.04955
2549.56221	0.04938
2547.63364	0.04907
2545.70508	0.04885
2543.77651	0.04880
2541.84795	0.04877
2539.91938	0.04862
2537.99082	0.04839
2536.06226	0.04828
2534.13369	0.04833
2532.20513	0.04840
2530.27656	0.04836
2528.34800	0.04827
2526.41943	0.04810
2524.49087	0.04788
2522.56230	0.04776
2520.63374	0.04764
2518.70518	0.04740
2516.77661	0.04725
2514.84805	0.04722
2512.91948	0.04708
2510.99092	0.04691
2509.06235	0.04683
2507.13379	0.04673
2505.20522	0.04661
2503.27666	0.04658
2501.34810	0.04658
2499.41953	0.04653
2497.49097	0.04633
2495.56240	0.04608
2493.63384	0.04599
2491.70527	0.04600
2489.77671	0.04595
2487.84814	0.04587
2485.91958	0.04584
2483.99102	0.04586
2482.06245	0.04590
2480.13389	0.04585
2478.20532	0.04566
2476.27676	0.04547
2474.34819	0.04542
2472.41963	0.04539
2470.49106	0.04526
2468.56250	0.04507
2466.63394	0.04494
2464.70537	0.04497
2462.77681	0.04511
2460.84824	0.04516
2458.91968	0.04505
2456.99111	0.04491
2455.06255	0.04484
2453.13398	0.04477
2451.20542	0.04465
2449.27686	0.04452
2447.34829	0.04446
2445.41973	0.04444
2443.49116	0.04440
2441.56260	0.04437
2439.63403	0.04437
2437.70547	0.04430
2435.77690	0.04413
2433.84834	0.04394
2431.91978	0.04386
2429.99121	0.04382
2428.06265	0.04374
2426.13408	0.04363
2424.20552	0.04356
2422.27695	0.04360
2420.34839	0.04362
2418.41982	0.04358
2416.49126	0.04353
2414.56270	0.04345
2412.63413	0.04333
2410.70557	0.04326
2408.77700	0.04321
2406.84844	0.04310
2404.91987	0.04296
2402.99131	0.04293
2401.06274	0.04292
2399.13418	0.04072
2397.20562	0.04057
2395.27705	0.04156
2393.34849	0.04246
2391.41992	0.04328
2389.49136	0.04431
2387.56279	0.04562
2385.63423	0.04702
2383.70566	0.04820
2381.77710	0.04888
2379.84854	0.04887
2377.91997	0.04807
2375.99141	0.04670
2374.06284	0.04525
2372.13428	0.04431
2370.20571	0.04415
2368.27715	0.04327
2366.34858	0.04238
2364.42002	0.04321
2362.49146	0.04303
2360.56289	0.04456
2358.63433	0.04722
2356.70576	0.04478
2354.77720	0.04908
2352.84863	0.05390
2350.92007	0.05569
2348.99150	0.05649
2347.06294	0.05227
2345.13437	0.04689
2343.20581	0.04749
2341.27725	0.05342
2339.34868	0.05537
2337.42012	0.05264
2335.49155	0.04767
2333.56299	0.04442
2331.63442	0.04400
2329.70586	0.04545
2327.77729	0.04840
2325.84873	0.04990
2323.92017	0.04901
2321.99160	0.04726
2320.06304	0.04574
2318.13447	0.04529
2316.20591	0.04558
2314.27734	0.04613
2312.34878	0.04692
2310.42021	0.04757
2308.49165	0.04772
2306.56309	0.04770
2304.63452	0.04754
2302.70596	0.04708
2300.77739	0.04649
2298.84883	0.04596
2296.92026	0.04567
2294.99170	0.04553
2293.06313	0.04537
2291.13457	0.04489
2289.20601	0.04438
2287.27744	0.04380
2285.34888	0.04292
2283.42031	0.04190
2281.49175	0.04107
2279.56318	0.04059
2277.63462	0.04041
2275.70605	0.04048
2273.77749	0.04063
2271.84893	0.04070
2269.92036	0.04076
2267.99180	0.04081
2266.06323	0.04075
2264.13467	0.04067
2262.20610	0.04072
2260.27754	0.04082
2258.34897	0.04088
2256.42041	0.04085
2254.49185	0.04082
2252.56328	0.04118
2250.63472	0.04150
2248.70615	0.04015
2246.77759	0.04018
2244.84902	0.04018
2242.92046	0.03995
2240.99189	0.03962
2239.06333	0.03949
2237.13477	0.03957
2235.20620	0.03960
2233.27764	0.03947
2231.34907	0.03944
2229.42051	0.03960
2227.49194	0.03950
2225.56338	0.03908
2223.63481	0.03887
2221.70625	0.03885
2219.77769	0.03851
2217.84912	0.03801
2215.92056	0.03808
2213.99199	0.03866
2212.06343	0.03887
2210.13486	0.03856
2208.20630	0.03836
2206.27773	0.03855
2204.34917	0.03878
2202.42061	0.03864
2200.49204	0.03823
2198.56348	0.03798
2196.63491	0.03815
2194.70635	0.03866
2192.77778	0.03903
2190.84922	0.03885
2188.92065	0.03853
2186.99209	0.03858
2185.06353	0.03854
2183.13496	0.03781
2181.20640	0.03691
2179.27783	0.03667
2177.34927	0.03682
2175.42070	0.03681
2173.49214	0.03696
2171.56357	0.03749
2169.63501	0.03793
2167.70645	0.03818
2165.77788	0.03847
2163.84932	0.03863
2161.92075	0.03799
2159.99219	0.03602
2158.06362	0.03372
2156.13506	0.03280
2154.20649	0.03327
2152.27793	0.03402
2150.34937	0.03456
2148.42080	0.03496
2146.49224	0.03514
2144.56367	0.03504
2142.63511	0.03485
2140.70654	0.03480
2138.77798	0.03490
2136.84941	0.03488
2134.92085	0.03457
2132.99229	0.03437
2131.06372	0.03471
2129.13516	0.03542
2127.20659	0.03601
2125.27803	0.03634
2123.34946	0.03660
2121.42090	0.03679
2119.49233	0.03675
2117.56377	0.03669
2115.63521	0.03687
2113.70664	0.03718
2111.77808	0.03722
2109.84951	0.03701
2107.92095	0.03696
2105.99238	0.03711
2104.06382	0.03710
2102.13525	0.03683
2100.20669	0.03650
2098.27812	0.03638
2096.34956	0.03625
2094.42100	0.03608
2092.49243	0.03614
2090.56387	0.03644
2088.63530	0.03676
2086.70674	0.03697
2084.77817	0.03705
2082.84961	0.03711
2080.92104	0.03716
2078.99248	0.03711
2077.06392	0.03695
2075.13535	0.03673
2073.20679	0.03655
2071.27822	0.03654
2069.34966	0.03666
2067.42109	0.03672
2065.49253	0.03661
2063.56396	0.03645
2061.63540	0.03641
2059.70684	0.03633
2057.77827	0.03608
2055.84971	0.03591
2053.92114	0.03619
2051.99258	0.03689
2050.06401	0.03722
2048.13545	0.03681
2046.20688	0.03629
2044.27832	0.03590
2042.34976	0.03550
2040.42119	0.03531
2038.49263	0.03548
2036.56406	0.03572
2034.63550	0.03575
2032.70693	0.03546
2030.77837	0.03483
2028.84980	0.03432
2026.92124	0.03439
2024.99268	0.03473
2023.06411	0.03494
2021.13555	0.03486
2019.20698	0.03438
2017.27842	0.03391
2015.34985	0.03394
2013.42129	0.03424
2011.49272	0.03447
2009.56416	0.03432
2007.63560	0.03366
2005.70703	0.03315
2003.77847	0.03336
2001.84990	0.03367
1999.92134	0.03365
1997.99277	0.03371
1996.06421	0.03412
1994.13564	0.03451
1992.20708	0.03457
1990.27852	0.03454
1988.34995	0.03462
1986.42139	0.03461
1984.49282	0.03452
1982.56426	0.03475
1980.63569	0.03508
1978.70713	0.03476
1976.77856	0.03400
1974.85000	0.03358
1972.92144	0.03350
1970.99287	0.03331
1969.06431	0.03302
1967.13574	0.03291
1965.20718	0.03282
1963.27861	0.03258
1961.35005	0.03228
1959.42148	0.03199
1957.49292	0.03195
1955.56436	0.03230
1953.63579	0.03264
1951.70723	0.03272
1949.77866	0.03266
1947.85010	0.03261
1945.92153	0.03264
1943.99297	0.03279
1942.06440	0.03299
1940.13584	0.03316
1938.20728	0.03337
1936.27871	0.03360
1934.35015	0.03370
1932.42158	0.03362
1930.49302	0.03349
1928.56445	0.03338
1926.63589	0.03338
1924.70732	0.03350
1922.77876	0.03359
1920.85020	0.03376
1918.92163	0.03410
1916.99307	0.03428
1915.06450	0.03409
1913.13594	0.03383
1911.20737	0.03377
1909.27881	0.03382
1907.35024	0.03382
1905.42168	0.03383
1903.49312	0.03386
1901.56455	0.03381
1899.63599	0.03370
1897.70742	0.03367
1895.77886	0.03375
1893.85029	0.03383
1891.92173	0.03385
1889.99316	0.03385
1888.06460	0.03381
1886.13604	0.03379
1884.20747	0.03383
1882.27891	0.03384
1880.35034	0.03377
1878.42178	0.03365
1876.49321	0.03350
1874.56465	0.03339
1872.63608	0.03338
1870.70752	0.03346
1868.77896	0.03358
1866.85039	0.03363
1864.92183	0.03359
1862.99326	0.03358
1861.06470	0.03366
1859.13613	0.03374
1857.20757	0.03374
1855.27900	0.03367
1853.35044	0.03357
1851.42187	0.03350
1849.49331	0.03351
1847.56475	0.03353
1845.63618	0.03349
1843.70762	0.03344
1841.77905	0.03340
1839.85049	0.03339
1837.92192	0.03348
1835.99336	0.03361
1834.06479	0.03368
1832.13623	0.03370
1830.20767	0.03374
1828.27910	0.03388
1826.35054	0.03414
1824.42197	0.03439
1822.49341	0.03446
1820.56484	0.03439
1818.63628	0.03431
1816.70771	0.03436
1814.77915	0.03461
1812.85059	0.03500
1810.92202	0.03539
1808.99346	0.03575
1807.06489	0.03614
1805.13633	0.03661
1803.20776	0.03713
1801.27920	0.03771
1799.35063	0.03839
1797.42207	0.03918
1795.49351	0.04010
1793.56494	0.04125
1791.63638	0.04263
1789.70781	0.04397
1787.77925	0.04516
1785.85068	0.04634
1783.92212	0.04753
1781.99355	0.04872
1780.06499	0.04992
1778.13643	0.05116
1776.20786	0.05244
1774.27930	0.05384
1772.35073	0.05544
1770.42217	0.05713
1768.49360	0.05878
1766.56504	0.06041
1764.63647	0.06211
1762.70791	0.06401
1760.77935	0.06607
1758.85078	0.06814
1756.92222	0.07032
1754.99365	0.07259
1753.06509	0.07494
1751.13652	0.07760
1749.20796	0.08056
1747.27939	0.08353
1745.35083	0.08640
1743.42227	0.08924
1741.49370	0.09197
1739.56514	0.09427
1737.63657	0.09559
1735.70801	0.09565
1733.77944	0.09484
1731.85088	0.09416
1729.92231	0.09417
1727.99375	0.09468
1726.06519	0.09539
1724.13662	0.09616
1722.20806	0.09675
1720.27949	0.09692
1718.35093	0.09661
1716.42236	0.09590
1714.49380	0.09495
1712.56523	0.09380
1710.63667	0.09247
1708.70811	0.09091
1706.77954	0.08914
1704.85098	0.08738
1702.92241	0.08586
1700.99385	0.08452
1699.06528	0.08328
1697.13672	0.08214
1695.20815	0.08103
1693.27959	0.08016
1691.35103	0.07965
1689.42246	0.07940
1687.49390	0.07930
1685.56533	0.07952
1683.63677	0.08009
1681.70820	0.08063
1679.77964	0.08098
1677.85107	0.08134
1675.92251	0.08191
1673.99395	0.08267
1672.06538	0.08354
1670.13682	0.08455
1668.20825	0.08551
1666.27969	0.08619
1664.35112	0.08677
1662.42256	0.08747
1660.49399	0.08820
1658.56543	0.08878
1656.63687	0.08917
1654.70830	0.08943
1652.77974	0.08964
1650.85117	0.08980
1648.92261	0.08985
1646.99404	0.08994
1645.06548	0.09016
1643.13691	0.09040
1641.20835	0.09053
1639.27979	0.09050
1637.35122	0.09038
1635.42266	0.09022
1633.49409	0.08997
1631.56553	0.08955
1629.63696	0.08897
1627.70840	0.08829
1625.77983	0.08754
1623.85127	0.08672
1621.92271	0.08587
1619.99414	0.08506
1618.06558	0.08424
1616.13701	0.08345
1614.20845	0.08285
1612.27988	0.08248
1610.35132	0.08230
1608.42275	0.08224
1606.49419	0.08223
1604.56562	0.08227
1602.63706	0.08247
1600.70850	0.08284
1598.77993	0.08326
1596.85137	0.08363
1594.92280	0.08397
1592.99424	0.08438
1591.06567	0.08491
1589.13711	0.08550
1587.20854	0.08609
1585.27998	0.08669
1583.35142	0.08732
1581.42285	0.08792
1579.49429	0.08844
1577.56572	0.08895
1575.63716	0.08947
1573.70859	0.08987
1571.78003	0.09022
1569.85146	0.09061
1567.92290	0.09096
1565.99434	0.09112
1564.06577	0.09116
1562.13721	0.09123
1560.20864	0.09138
1558.28008	0.09139
1556.35151	0.09107
1554.42295	0.09056
1552.49438	0.09001
1550.56582	0.08936
1548.63726	0.08852
1546.70869	0.08755
1544.78013	0.08643
1542.85156	0.08494
1540.92300	0.08296
1538.99443	0.08085
1537.06587	0.07915
1535.13730	0.07772
1533.20874	0.07610
1531.28018	0.07436
1529.35161	0.07279
1527.42305	0.07138
1525.49448	0.07000
1523.56592	0.06864
1521.63735	0.06727
1519.70879	0.06597
1517.78022	0.06484
1515.85166	0.06375
1513.92310	0.06272
1511.99453	0.06188
1510.06597	0.06117
1508.13740	0.06024
1506.20884	0.05896
1504.28027	0.05785
1502.35171	0.05718
1500.42314	0.05672
1498.49458	0.05635
1496.56602	0.05608
1494.63745	0.05591
1492.70889	0.05590
1490.78032	0.05613
1488.85176	0.05655
1486.92319	0.05709
1484.99463	0.05792
1483.06606	0.05935
1481.13750	0.06184
1479.20894	0.06699
1477.28037	0.07901
1475.35181	0.10208
1473.42324	0.13252
1471.49468	0.15689
1469.56611	0.16800
1467.63755	0.17230
1465.70898	0.17533
1463.78042	0.17577
1461.85186	0.17181
1459.92329	0.16507
1457.99473	0.15815
1456.06616	0.15236
1454.13760	0.14733
1452.20903	0.14215
1450.28047	0.13693
1448.35190	0.13227
1446.42334	0.12842
1444.49478	0.12530
1442.56621	0.12269
1440.63765	0.12043
1438.70908	0.11828
1436.78052	0.11584
1434.85195	0.11312
1432.92339	0.11041
1430.99482	0.10782
1429.06626	0.10550
1427.13770	0.10378
1425.20913	0.10272
1423.28057	0.10213
1421.35200	0.10186
1419.42344	0.10183
1417.49487	0.10182
1415.56631	0.10165
1413.63774	0.10144
1411.70918	0.10120
1409.78062	0.10074
1407.85205	0.10003
1405.92349	0.09914
1403.99492	0.09813
1402.06636	0.09710
1400.13779	0.09608
1398.20923	0.09511
1396.28066	0.09424
1394.35210	0.09356
1392.42354	0.09322
1390.49497	0.09346
1388.56641	0.09457
1386.63784	0.09670
1384.70928	0.09997
1382.78071	0.10460
1380.85215	0.11026
1378.92358	0.11548
1376.99502	0.11849
1375.06646	0.11869
1373.13789	0.11693
1371.20933	0.11466
1369.28076	0.11278
1367.35220	0.11135
1365.42363	0.10978
1363.49507	0.10752
1361.56650	0.10491
1359.63794	0.10281
1357.70937	0.10158
1355.78081	0.10094
1353.85225	0.10038
1351.92368	0.09951
1349.99512	0.09821
1348.06655	0.09656
1346.13799	0.09477
1344.20942	0.09309
1342.28086	0.09166
1340.35229	0.09038
1338.42373	0.08904
1336.49517	0.08770
1334.56660	0.08661
1332.63804	0.08587
1330.70947	0.08542
1328.78091	0.08522
1326.85234	0.08524
1324.92378	0.08543
1322.99521	0.08579
1321.06665	0.08637
1319.13809	0.08714
1317.20952	0.08790
1315.28096	0.08841
1313.35239	0.08861
1311.42383	0.08858
1309.49526	0.08846
1307.56670	0.08839
1305.63813	0.08839
1303.70957	0.08844
1301.78101	0.08852
1299.85244	0.08861
1297.92388	0.08865
1295.99531	0.08855
1294.06675	0.08833
1292.13818	0.08809
1290.20962	0.08786
1288.28105	0.08768
1286.35249	0.08755
1284.42393	0.08753
1282.49536	0.08766
1280.56680	0.08791
1278.63823	0.08824
1276.70967	0.08859
1274.78110	0.08893
1272.85254	0.08932
1270.92397	0.08984
1268.99541	0.09051
1267.06685	0.09125
1265.13828	0.09200
1263.20972	0.09263
1261.28115	0.09301
1259.35259	0.09310
1257.42402	0.09299
1255.49546	0.09278
1253.56689	0.09261
1251.63833	0.09254
1249.70977	0.09252
1247.78120	0.09259
1245.85264	0.09283
1243.92407	0.09329
1241.99551	0.09403
1240.06694	0.09512
1238.13838	0.09655
1236.20981	0.09822
1234.28125	0.09987
1232.35269	0.10122
1230.42412	0.10199
1228.49556	0.10197
1226.56699	0.10110
1224.63843	0.09971
1222.70986	0.09873
1220.78130	0.09940
1218.85273	0.10146
1216.92417	0.10263
1214.99561	0.10161
1213.06704	0.09975
1211.13848	0.09864
1209.20991	0.09845
1207.28135	0.09864
1205.35278	0.09872
1203.42422	0.09842
1201.49565	0.09764
1199.56709	0.09653
1197.63853	0.09531
1195.70996	0.09425
1193.78140	0.09338
1191.85283	0.09270
1189.92427	0.09221
1187.99570	0.09189
1186.06714	0.09169
1184.13857	0.09155
1182.21001	0.09157
1180.28145	0.09179
1178.35288	0.09206
1176.42432	0.09236
1174.49575	0.09275
1172.56719	0.09312
1170.63862	0.09336
1168.71006	0.09351
1166.78149	0.09362
1164.85293	0.09372
1162.92437	0.09382
1160.99580	0.09378
1159.06724	0.09357
1157.13867	0.09328
1155.21011	0.09300
1153.28154	0.09278
1151.35298	0.09267
1149.42441	0.09263
1147.49585	0.09263
1145.56729	0.09264
1143.63872	0.09266
1141.71016	0.09275
1139.78159	0.09298
1137.85303	0.09332
1135.92446	0.09371
1133.99590	0.09419
1132.06733	0.09477
1130.13877	0.09545
1128.21021	0.09622
1126.28164	0.09698
1124.35308	0.09771
1122.42451	0.09854
1120.49595	0.09953
1118.56738	0.10064
1116.63882	0.10182
1114.71025	0.10296
1112.78169	0.10399
1110.85312	0.10493
1108.92456	0.10591
1106.99600	0.10692
1105.06743	0.10781
1103.13887	0.10847
1101.21030	0.10903
1099.28174	0.10957
1097.35317	0.11008
1095.42461	0.11067
1093.49604	0.11131
1091.56748	0.11189
1089.63892	0.11251
1087.71035	0.11323
1085.78179	0.11396
1083.85322	0.11460
1081.92466	0.11516
1079.99609	0.11570
1078.06753	0.11613
1076.13896	0.11628
1074.21040	0.11625
1072.28184	0.11620
1070.35327	0.11621
1068.42471	0.11633
1066.49614	0.11652
1064.56758	0.11669
1062.63901	0.11684
1060.71045	0.11701
1058.78188	0.11720
1056.85332	0.11745
1054.92476	0.11791
1052.99619	0.11866
1051.06763	0.11961
1049.13906	0.12061
1047.21050	0.12155
1045.28193	0.12229
1043.35337	0.12278
1041.42480	0.12315
1039.49624	0.12347
1037.56768	0.12363
1035.63911	0.12366
1033.71055	0.12347
1031.78198	0.12284
1029.85342	0.12180
1027.92485	0.12067
1025.99629	0.11974
1024.06772	0.11910
1022.13916	0.11866
1020.21060	0.11820
1018.28203	0.11755
1016.35347	0.11665
1014.42490	0.11546
1012.49634	0.11395
1010.56777	0.11217
1008.63921	0.11015
1006.71064	0.10786
1004.78208	0.10552
1002.85352	0.10338
1000.92495	0.10147
998.99639	0.09972
997.06782	0.09819
995.13926	0.09686
993.21069	0.09562
991.28213	0.09441
989.35356	0.09324
987.42500	0.09211
985.49644	0.09107
983.56787	0.09014
981.63931	0.08933
979.71074	0.08868
977.78218	0.08808
975.85361	0.08745
973.92505	0.08685
971.99648	0.08632
970.06792	0.08589
968.13936	0.08545
966.21079	0.08490
964.28223	0.08423
962.35366	0.08352
960.42510	0.08282
958.49653	0.08214
956.56797	0.08156
954.63940	0.08115
952.71084	0.08089
950.78228	0.08072
948.85371	0.08059
946.92515	0.08042
944.99658	0.08023
943.06802	0.08010
941.13945	0.08003
939.21089	0.07992
937.28232	0.07968
935.35376	0.07935
933.42520	0.07906
931.49663	0.07888
929.56807	0.07876
927.63950	0.07867
925.71094	0.07867
923.78237	0.07879
921.85381	0.07900
919.92524	0.07928
917.99668	0.07961
916.06812	0.08007
914.13955	0.08077
912.21099	0.08160
910.28242	0.08222
908.35386	0.08219
906.42529	0.08129
904.49673	0.07990
902.56816	0.07861
900.63960	0.07764
898.71104	0.07691
896.78247	0.07634
894.85391	0.07590
892.92534	0.07555
890.99678	0.07521
889.06821	0.07490
887.13965	0.07455
885.21108	0.07413
883.28252	0.07375
881.35396	0.07347
879.42539	0.07312
877.49683	0.07268
875.56826	0.07231
873.63970	0.07200
871.71113	0.07161
869.78257	0.07123
867.85400	0.07097
865.92544	0.07087
863.99687	0.07083
862.06831	0.07073
860.13975	0.07059
858.21118	0.07047
856.28262	0.07037
854.35405	0.07034
852.42549	0.07033
850.49692	0.07029
848.56836	0.07017
846.63979	0.07010
844.71123	0.07020
842.78267	0.07040
840.85410	0.07053
838.92554	0.07058
836.99697	0.07059
835.06841	0.07069
833.13984	0.07096
831.21128	0.07129
829.28271	0.07158
827.35415	0.07191
825.42559	0.07229
823.49702	0.07274
821.56846	0.07320
819.63989	0.07357
817.71133	0.07380
815.78276	0.07395
813.85420	0.07409
811.92563	0.07429
809.99707	0.07458
808.06851	0.07491
806.13994	0.07535
804.21138	0.07596
802.28281	0.07650
800.35425	0.07676
798.42568	0.07690
796.49712	0.07720
794.56855	0.07773
792.63999	0.07826
790.71143	0.07864
788.78286	0.07898
786.85430	0.07951
784.92573	0.08017
782.99717	0.08073
781.06860	0.08116
779.14004	0.08149
777.21147	0.08162
775.28291	0.08158
773.35435	0.08157
771.42578	0.08159
769.49722	0.08155
767.56865	0.08164
765.64009	0.08203
763.71152	0.08248
761.78296	0.08275
759.85439	0.08294
757.92583	0.08310
755.99727	0.08323
754.06870	0.08341
752.14014	0.08370
750.21157	0.08399
748.28301	0.08412
746.35444	0.08422
744.42588	0.08470
742.49731	0.08555
740.56875	0.08644
738.64019	0.08746
736.71162	0.08944
734.78306	0.09424
732.85449	0.10339
730.92593	0.11422
728.99736	0.12150
727.06880	0.12563
725.14023	0.13214
723.21167	0.14522
721.28311	0.16292
719.35454	0.17955
717.42598	0.18424
715.49741	0.17198
713.56885	0.15079
711.64028	0.13194
709.71172	0.11981
707.78315	0.11285
705.85459	0.10871
703.92603	0.10620
701.99746	0.10480
700.06890	0.10392
698.14033	0.10297
696.21177	0.10192
694.28320	0.10119
692.35464	0.10076
690.42607	0.10005
688.49751	0.09898
686.56895	0.09831
684.64038	0.09837
682.71182	0.09894
680.78325	0.09940
678.85469	0.09924
676.92612	0.09912
674.99756	0.09984
673.06899	0.10041
671.14043	0.09625
669.21187	0.08768
667.28330	0.08975
665.35474	0.09344
663.42617	0.09738
661.49761	0.09826
659.56904	0.09773
657.64048	0.09719
655.71191	0.09712
653.78335	0.09775
651.85479	0.09842
649.92622	0.09861
647.99766	0.09874
646.06909	0.09886
644.14053	0.09850
642.21196	0.09800
640.28340	0.09787
638.35483	0.09761
636.42627	0.09696
634.49771	0.09683
632.56914	0.09745
630.64058	0.09777
628.71201	0.09769
626.78345	0.09770
624.85488	0.09795
622.92632	0.09825
620.99775	0.09848
619.06919	0.09862
617.14062	0.09838
615.21206	0.09774
613.28350	0.09733
611.35493	0.09770
609.42637	0.09850
607.49780	0.09892
605.56924	0.09868
603.64067	0.09814
601.71211	0.09783
599.78354	0.09775
