3997.91411	-0.05057
3995.98555	-0.05053
3994.05698	-0.05040
3992.12842	-0.05032
3990.19985	-0.05035
3988.27129	-0.05040
3986.34272	-0.05041
3984.41416	-0.05050
3982.48560	-0.05061
3980.55703	-0.05055
3978.62847	-0.05038
3976.69990	-0.05033
3974.77134	-0.05038
3972.84277	-0.05048
3970.91421	-0.05057
3968.98564	-0.05059
3967.05708	-0.05067
3965.12852	-0.05085
3963.19995	-0.05085
3961.27139	-0.05065
3959.34282	-0.05060
3957.41426	-0.05079
3955.48569	-0.05101
3953.55713	-0.05107
3951.62856	-0.05099
3949.70000	-0.05092
3947.77144	-0.05084
3945.84287	-0.05061
3943.91431	-0.05047
3941.98574	-0.05071
3940.05718	-0.05103
3938.12861	-0.05114
3936.20005	-0.05103
3934.27148	-0.05073
3932.34292	-0.05058
3930.41436	-0.05089
3928.48579	-0.05118
3926.55723	-0.05113
3924.62866	-0.05102
3922.70010	-0.05090
3920.77153	-0.05065
3918.84297	-0.05047
3916.91440	-0.05063
3914.98584	-0.05089
3913.05728	-0.05090
3911.12871	-0.05080
3909.20015	-0.05069
3907.27158	-0.05042
3905.34302	-0.05017
3903.41445	-0.05035
3901.48589	-0.05077
3899.55732	-0.05102
3897.62876	-0.05105
3895.70020	-0.05089
3893.77163	-0.05066
3891.84307	-0.05064
3889.91450	-0.05079
3887.98594	-0.05076
3886.05737	-0.05078
3884.12881	-0.05100
3882.20024	-0.05098
3880.27168	-0.05096
3878.34312	-0.05113
3876.41455	-0.05108
3874.48599	-0.05091
3872.55742	-0.05075
3870.62886	-0.05071
3868.70029	-0.05098
3866.77173	-0.05117
3864.84316	-0.05126
3862.91460	-0.05145
3860.98604	-0.05157
3859.05747	-0.05151
3857.12891	-0.05127
3855.20034	-0.05103
3853.27178	-0.05122
3851.34321	-0.05170
3849.41465	-0.05196
3847.48608	-0.05200
3845.55752	-0.05179
3843.62896	-0.05152
3841.70039	-0.05144
3839.77183	-0.05140
3837.84326	-0.05144
3835.91470	-0.05162
3833.98613	-0.05178
3832.05757	-0.05202
3830.12900	-0.05217
3828.20044	-0.05199
3826.27187	-0.05170
3824.34331	-0.05148
3822.41475	-0.05143
3820.48618	-0.05172
3818.55762	-0.05187
3816.62905	-0.05192
3814.70049	-0.05225
3812.77192	-0.05241
3810.84336	-0.05226
3808.91479	-0.05211
3806.98623	-0.05218
3805.05767	-0.05226
3803.12910	-0.05214
3801.20054	-0.05227
3799.27197	-0.05254
3797.34341	-0.05240
3795.41484	-0.05213
3793.48628	-0.05211
3791.55771	-0.05228
3789.62915	-0.05240
3787.70059	-0.05242
3785.77202	-0.05249
3783.84346	-0.05252
3781.91489	-0.05221
3779.98633	-0.05186
3778.05776	-0.05201
3776.12920	-0.05252
3774.20063	-0.05287
3772.27207	-0.05281
3770.34351	-0.05254
3768.41494	-0.05231
3766.48638	-0.05222
3764.55781	-0.05234
3762.62925	-0.05243
3760.70068	-0.05248
3758.77212	-0.05271
3756.84355	-0.05285
3754.91499	-0.05268
3752.98643	-0.05239
3751.05786	-0.05232
3749.12930	-0.05250
3747.20073	-0.05252
3745.27217	-0.05255
3743.34360	-0.05289
3741.41504	-0.05308
3739.48647	-0.05282
3737.55791	-0.05227
3735.62935	-0.05213
3733.70078	-0.05283
3731.77222	-0.05351
3729.84365	-0.05369
3727.91509	-0.05368
3725.98652	-0.05374
3724.05796	-0.05374
3722.12939	-0.05361
3720.20083	-0.05357
3718.27227	-0.05354
3716.34370	-0.05337
3714.41514	-0.05330
3712.48657	-0.05365
3710.55801	-0.05428
3708.62944	-0.05445
3706.70088	-0.05409
3704.77231	-0.05364
3702.84375	-0.05356
3700.91519	-0.05394
3698.98662	-0.05436
3697.05806	-0.05456
3695.12949	-0.05460
3693.20093	-0.05462
3691.27236	-0.05480
3689.34380	-0.05520
3687.41523	-0.05531
3685.48667	-0.05506
3683.55811	-0.05466
3681.62954	-0.05420
3679.70098	-0.05389
3677.77241	-0.05390
3675.84385	-0.05430
3673.91528	-0.05453
3671.98672	-0.05430
3670.05815	-0.05439
3668.12959	-0.05486
3666.20103	-0.05496
3664.27246	-0.05478
3662.34390	-0.05453
3660.41533	-0.05425
3658.48677	-0.05394
3656.55820	-0.05367
3654.62964	-0.05345
3652.70107	-0.05311
3650.77251	-0.05264
3648.84395	-0.05271
3646.91538	-0.05342
3644.98682	-0.05377
3643.05825	-0.05364
3641.12969	-0.05344
3639.20112	-0.05340
3637.27256	-0.05339
3635.34399	-0.05331
3633.41543	-0.05316
3631.48687	-0.05276
3629.55830	-0.05246
3627.62974	-0.05306
3625.70117	-0.05356
3623.77261	-0.05326
3621.84404	-0.05257
3619.91548	-0.05199
3617.98691	-0.05185
3616.05835	-0.05194
3614.12979	-0.05189
3612.20122	-0.05167
3610.27266	-0.05162
3608.34409	-0.05187
3606.41553	-0.05205
3604.48696	-0.05219
3602.55840	-0.05252
3600.62983	-0.05284
3598.70127	-0.05295
3596.77271	-0.05289
3594.84414	-0.05284
3592.91558	-0.05299
3590.98701	-0.05307
3589.05845	-0.05290
3587.12988	-0.05282
3585.20132	-0.05294
3583.27275	-0.05298
3581.34419	-0.05294
3579.41562	-0.05301
3577.48706	-0.05320
3575.55850	-0.05351
3573.62993	-0.05387
3571.70137	-0.05381
3569.77280	-0.05310
3567.84424	-0.05234
3565.91567	-0.05226
3563.98711	-0.05257
3562.05854	-0.05277
3560.12998	-0.05281
3558.20142	-0.05292
3556.27285	-0.05314
3554.34429	-0.05328
3552.41572	-0.05327
3550.48716	-0.05322
3548.55859	-0.05305
3546.63003	-0.05280
3544.70146	-0.05265
3542.77290	-0.05255
3540.84434	-0.05258
3538.91577	-0.05279
3536.98721	-0.05289
3535.05864	-0.05296
3533.13008	-0.05316
3531.20151	-0.05316
3529.27295	-0.05297
3527.34438	-0.05306
3525.41582	-0.05343
3523.48726	-0.05365
3521.55869	-0.05349
3519.63013	-0.05323
3517.70156	-0.05310
3515.77300	-0.05303
3513.84443	-0.05302
3511.91587	-0.05303
3509.98730	-0.05293
3508.05874	-0.05276
3506.13018	-0.05262
3504.20161	-0.05262
3502.27305	-0.05289
3500.34448	-0.05320
3498.41592	-0.05332
3496.48735	-0.05335
3494.55879	-0.05342
3492.63022	-0.05342
3490.70166	-0.05332
3488.77310	-0.05323
3486.84453	-0.05326
3484.91597	-0.05323
3482.98740	-0.05292
3481.05884	-0.05253
3479.13027	-0.05241
3477.20171	-0.05270
3475.27314	-0.05313
3473.34458	-0.05341
3471.41602	-0.05347
3469.48745	-0.05324
3467.55889	-0.05287
3465.63032	-0.05283
3463.70176	-0.05310
3461.77319	-0.05321
3459.84463	-0.05302
3457.91606	-0.05278
3455.98750	-0.05250
3454.05894	-0.05223
3452.13037	-0.05227
3450.20181	-0.05251
3448.27324	-0.05262
3446.34468	-0.05275
3444.41611	-0.05288
3442.48755	-0.05293
3440.55898	-0.05300
3438.63042	-0.05309
3436.70186	-0.05306
3434.77329	-0.05280
3432.84473	-0.05251
3430.91616	-0.05246
3428.98760	-0.05277
3427.05903	-0.05318
3425.13047	-0.05327
3423.20190	-0.05316
3421.27334	-0.05310
3419.34478	-0.05302
3417.41621	-0.05288
3415.48765	-0.05267
3413.55908	-0.05238
3411.63052	-0.05214
3409.70195	-0.05209
3407.77339	-0.05234
3405.84482	-0.05287
3403.91626	-0.05333
3401.98770	-0.05336
3400.05913	-0.05304
3398.13057	-0.05265
3396.20200	-0.05256
3394.27344	-0.05300
3392.34487	-0.05356
3390.41631	-0.05363
3388.48774	-0.05326
3386.55918	-0.05292
3384.63062	-0.05287
3382.70205	-0.05293
3380.77349	-0.05287
3378.84492	-0.05288
3376.91636	-0.05312
3374.98779	-0.05331
3373.05923	-0.05331
3371.13066	-0.05322
3369.20210	-0.05315
3367.27354	-0.05317
3365.34497	-0.05323
3363.41641	-0.05342
3361.48784	-0.05377
3359.55928	-0.05395
3357.63071	-0.05383
3355.70215	-0.05365
3353.77358	-0.05348
3351.84502	-0.05339
3349.91646	-0.05339
3347.98789	-0.05338
3346.05933	-0.05324
3344.13076	-0.05307
3342.20220	-0.05313
3340.27363	-0.05332
3338.34507	-0.05340
3336.41650	-0.05339
3334.48794	-0.05341
3332.55937	-0.05351
3330.63081	-0.05366
3328.70225	-0.05375
3326.77368	-0.05364
3324.84512	-0.05342
3322.91655	-0.05333
3320.98799	-0.05339
3319.05942	-0.05353
3317.13086	-0.05371
3315.20229	-0.05388
3313.27373	-0.05390
3311.34517	-0.05379
3309.41660	-0.05378
3307.48804	-0.05396
3305.55947	-0.05417
3303.63091	-0.05418
3301.70234	-0.05409
3299.77378	-0.05416
3297.84521	-0.05431
3295.91665	-0.05426
3293.98809	-0.05409
3292.05952	-0.05406
3290.13096	-0.05402
3288.20239	-0.05391
3286.27383	-0.05398
3284.34526	-0.05414
3282.41670	-0.05424
3280.48813	-0.05449
3278.55957	-0.05481
3276.63101	-0.05487
3274.70244	-0.05476
3272.77388	-0.05474
3270.84531	-0.05486
3268.91675	-0.05492
3266.98818	-0.05482
3265.05962	-0.05478
3263.13105	-0.05500
3261.20249	-0.05522
3259.27393	-0.05524
3257.34536	-0.05523
3255.41680	-0.05533
3253.48823	-0.05562
3251.55967	-0.05595
3249.63110	-0.05609
3247.70254	-0.05611
3245.77397	-0.05617
3243.84541	-0.05619
3241.91685	-0.05609
3239.98828	-0.05616
3238.05972	-0.05646
3236.13115	-0.05652
3234.20259	-0.05621
3232.27402	-0.05600
3230.34546	-0.05609
3228.41689	-0.05637
3226.48833	-0.05671
3224.55977	-0.05689
3222.63120	-0.05693
3220.70264	-0.05708
3218.77407	-0.05723
3216.84551	-0.05721
3214.91694	-0.05712
3212.98838	-0.05694
3211.05981	-0.05672
3209.13125	-0.05667
3207.20269	-0.05680
3205.27412	-0.05691
3203.34556	-0.05690
3201.41699	-0.05682
3199.48843	-0.05686
3197.55986	-0.05710
3195.63130	-0.05730
3193.70273	-0.05744
3191.77417	-0.05765
3189.84561	-0.05788
3187.91704	-0.05801
3185.98848	-0.05809
3184.05991	-0.05815
3182.13135	-0.05818
3180.20278	-0.05809
3178.27422	-0.05791
3176.34565	-0.05793
3174.41709	-0.05816
3172.48853	-0.05829
3170.55996	-0.05827
3168.63140	-0.05831
3166.70283	-0.05848
3164.77427	-0.05858
3162.84570	-0.05853
3160.91714	-0.05848
3158.98857	-0.05845
3157.06001	-0.05843
3155.13145	-0.05862
3153.20288	-0.05906
3151.27432	-0.05937
3149.34575	-0.05931
3147.41719	-0.05913
3145.48862	-0.05911
3143.56006	-0.05923
3141.63149	-0.05931
3139.70293	-0.05931
3137.77437	-0.05949
3135.84580	-0.05992
3133.91724	-0.06025
3131.98867	-0.06020
3130.06011	-0.05986
3128.13154	-0.05958
3126.20298	-0.05955
3124.27441	-0.05970
3122.34585	-0.05988
3120.41729	-0.06005
3118.48872	-0.06007
3116.56016	-0.05996
3114.63159	-0.05994
3112.70303	-0.05990
3110.77446	-0.05979
3108.84590	-0.05982
3106.91733	-0.05996
3104.98877	-0.05997
3103.06021	-0.05979
3101.13164	-0.05967
3099.20308	-0.05969
3097.27451	-0.05960
3095.34595	-0.05942
3093.41738	-0.05936
3091.48882	-0.05941
3089.56025	-0.05950
3087.63169	-0.05946
3085.70312	-0.05931
3083.77456	-0.05935
3081.84600	-0.05952
3079.91743	-0.05960
3077.98887	-0.05960
3076.06030	-0.05961
3074.13174	-0.05968
3072.20317	-0.05976
3070.27461	-0.05978
3068.34604	-0.05976
3066.41748	-0.05977
3064.48892	-0.05986
3062.56035	-0.06005
3060.63179	-0.06026
3058.70322	-0.06033
3056.77466	-0.06027
3054.84609	-0.06020
3052.91753	-0.06016
3050.98896	-0.06014
3049.06040	-0.06012
3047.13184	-0.06011
3045.20327	-0.06020
3043.27471	-0.06038
3041.34614	-0.06055
3039.41758	-0.06062
3037.48901	-0.06073
3035.56045	-0.06100
3033.63188	-0.06122
3031.70332	-0.06130
3029.77476	-0.06140
3027.84619	-0.06162
3025.91763	-0.06188
3023.98906	-0.06218
3022.06050	-0.06252
3020.13193	-0.06288
3018.20337	-0.06316
3016.27480	-0.06336
3014.34624	-0.06349
3012.41768	-0.06363
3010.48911	-0.06382
3008.56055	-0.06408
3006.63198	-0.06453
3004.70342	-0.06510
3002.77485	-0.06554
3000.84629	-0.06592
2998.91772	-0.06628
2996.98916	-0.06637
2995.06060	-0.06624
2993.13203	-0.06626
2991.20347	-0.06662
2989.27490	-0.06701
2987.34634	-0.06699
2985.41777	-0.06653
2983.48921	-0.06595
2981.56064	-0.06551
2979.63208	-0.06521
2977.70352	-0.06494
2975.77495	-0.06450
2973.84639	-0.06375
2971.91782	-0.06278
2969.98926	-0.06167
2968.06069	-0.06039
2966.13213	-0.05899
2964.20356	-0.05750
2962.27500	-0.05583
2960.34644	-0.05398
2958.41787	-0.05214
2956.48931	-0.05031
2954.56074	-0.04830
2952.63218	-0.04583
2950.70361	-0.04264
2948.77505	-0.03845
2946.84648	-0.03299
2944.91792	-0.02606
2942.98936	-0.01759
2941.06079	-0.00769
2939.13223	0.00378
2937.20366	0.01734
2935.27510	0.03352
2933.34653	0.05267
2931.41797	0.07533
2929.48940	0.10239
2927.56084	0.13494
2925.63228	0.17395
2923.70371	0.21951
2921.77515	0.26979
2919.84658	0.32029
2917.91802	0.36288
2915.98945	0.38703
2914.06089	0.38686
2912.13232	0.36669
2910.20376	0.33678
2908.27520	0.30558
2906.34663	0.27720
2904.41807	0.25269
2902.48950	0.23195
2900.56094	0.21473
2898.63237	0.20038
2896.70381	0.18750
2894.77524	0.17496
2892.84668	0.16255
2890.91812	0.15021
2888.98955	0.13765
2887.06099	0.12496
2885.13242	0.11259
2883.20386	0.10060
2881.27529	0.08865
2879.34673	0.07648
2877.41816	0.06428
2875.48960	0.05285
2873.56104	0.04317
2871.63247	0.03576
2869.70391	0.03089
2867.77534	0.02877
2865.84678	0.02981
2863.91821	0.03510
2861.98965	0.04631
2860.06108	0.06538
2858.13252	0.09500
2856.20396	0.13875
2854.27539	0.19953
2852.34683	0.27450
2850.41826	0.34646
2848.48970	0.38331
2846.56113	0.36597
2844.63257	0.31198
2842.70400	0.25020
2840.77544	0.19624
2838.84687	0.15402
2836.91831	0.12244
2834.98975	0.09900
2833.06118	0.08134
2831.13262	0.06774
2829.20405	0.05711
2827.27549	0.04859
2825.34692	0.04143
2823.41836	0.03530
2821.48979	0.03008
2819.56123	0.02562
2817.63267	0.02171
2815.70410	0.01818
2813.77554	0.01499
2811.84697	0.01213
2809.91841	0.00958
2807.98984	0.00731
2806.06128	0.00531
2804.13271	0.00341
2802.20415	0.00150
2800.27559	-0.00024
2798.34702	-0.00174
2796.41846	-0.00316
2794.48989	-0.00456
2792.56133	-0.00591
2790.63276	-0.00728
2788.70420	-0.00874
2786.77563	-0.01017
2784.84707	-0.01133
2782.91851	-0.01233
2780.98994	-0.01336
2779.06138	-0.01439
2777.13281	-0.01533
2775.20425	-0.01623
2773.27568	-0.01709
2771.34712	-0.01788
2769.41855	-0.01861
2767.48999	-0.01926
2765.56143	-0.01987
2763.63286	-0.02054
2761.70430	-0.02122
2759.77573	-0.02179
2757.84717	-0.02227
2755.91860	-0.02278
2753.99004	-0.02335
2752.06147	-0.02391
2750.13291	-0.02436
2748.20435	-0.02469
2746.27578	-0.02495
2744.34722	-0.02515
2742.41865	-0.02533
2740.49009	-0.02549
2738.56152	-0.02567
2736.63296	-0.02594
2734.70439	-0.02628
2732.77583	-0.02667
2730.84727	-0.02712
2728.91870	-0.02760
2726.99014	-0.02805
2725.06157	-0.02838
2723.13301	-0.02861
2721.20444	-0.02889
2719.27588	-0.02918
2717.34731	-0.02946
2715.41875	-0.02976
2713.49019	-0.03016
2711.56162	-0.03057
2709.63306	-0.03089
2707.70449	-0.03108
2705.77593	-0.03126
2703.84736	-0.03148
2701.91880	-0.03175
2699.99023	-0.03204
2698.06167	-0.03233
2696.13311	-0.03253
2694.20454	-0.03255
2692.27598	-0.03248
2690.34741	-0.03251
2688.41885	-0.03265
2686.49028	-0.03281
2684.56172	-0.03293
2682.63315	-0.03298
2680.70459	-0.03299
2678.77603	-0.03304
2676.84746	-0.03318
2674.91890	-0.03329
2672.99033	-0.03328
2671.06177	-0.03318
2669.13320	-0.03300
2667.20464	-0.03282
2665.27607	-0.03271
2663.34751	-0.03260
2661.41895	-0.03249
2659.49038	-0.03245
2657.56182	-0.03243
2655.63325	-0.03245
2653.70469	-0.03251
2651.77612	-0.03262
2649.84756	-0.03272
2647.91899	-0.03272
2645.99043	-0.03264
2644.06187	-0.03259
2642.13330	-0.03256
2640.20474	-0.03250
2638.27617	-0.03247
2636.34761	-0.03247
2634.41904	-0.03254
2632.49048	-0.03268
2630.56191	-0.03280
2628.63335	-0.03297
2626.70479	-0.03330
2624.77622	-0.03365
2622.84766	-0.03392
2620.91909	-0.03414
2618.99053	-0.03438
2617.06196	-0.03471
2615.13340	-0.03509
2613.20483	-0.03541
2611.27627	-0.03563
2609.34771	-0.03593
2607.41914	-0.03632
2605.49058	-0.03661
2603.56201	-0.03677
2601.63345	-0.03690
2599.70488	-0.03695
2597.77632	-0.03699
2595.84775	-0.03720
2593.91919	-0.03751
2591.99062	-0.03775
2590.06206	-0.03789
2588.13350	-0.03805
2586.20493	-0.03822
2584.27637	-0.03836
2582.34780	-0.03855
2580.41924	-0.03878
2578.49067	-0.03893
2576.56211	-0.03900
2574.63354	-0.03908
2572.70498	-0.03923
2570.77642	-0.03935
2568.84785	-0.03946
2566.91929	-0.03962
2564.99072	-0.03982
2563.06216	-0.03989
2561.13359	-0.03976
2559.20503	-0.03975
2557.27646	-0.04007
2555.34790	-0.04049
2553.41934	-0.04072
2551.49077	-0.04075
2549.56221	-0.04068
2547.63364	-0.04061
2545.70508	-0.04069
2543.77651	-0.04093
2541.84795	-0.04117
2539.91938	-0.04128
2537.99082	-0.04124
2536.06226	-0.04118
2534.13369	-0.04119
2532.20513	-0.04125
2530.27656	-0.04136
2528.34800	-0.04154
2526.41943	-0.04164
2524.49087	-0.04165
2522.56230	-0.04163
2520.63374	-0.04150
2518.70518	-0.04144
2516.77661	-0.04165
2514.84805	-0.04189
2512.91948	-0.04198
2510.99092	-0.04199
2509.06235	-0.04204
2507.13379	-0.04211
2505.20522	-0.04213
2503.27666	-0.04227
2501.34810	-0.04251
2499.41953	-0.04261
2497.49097	-0.04253
2495.56240	-0.04242
2493.63384	-0.04242
2491.70527	-0.04250
2489.77671	-0.04260
2487.84814	-0.04274
2485.91958	-0.04284
2483.99102	-0.04287
2482.06245	-0.04285
2480.13389	-0.04280
2478.20532	-0.04274
2476.27676	-0.04273
2474.34819	-0.04271
2472.41963	-0.04265
2470.49106	-0.04258
2468.56250	-0.04263
2466.63394	-0.04286
2464.70537	-0.04313
2462.77681	-0.04331
2460.84824	-0.04336
2458.91968	-0.04327
2456.99111	-0.04312
2455.06255	-0.04305
2453.13398	-0.04312
2451.20542	-0.04319
2449.27686	-0.04312
2447.34829	-0.04304
2445.41973	-0.04308
2443.49116	-0.04321
2441.56260	-0.04335
2439.63403	-0.04338
2437.70547	-0.04338
2435.77690	-0.04340
2433.84834	-0.04336
2431.91978	-0.04328
2429.99121	-0.04318
2428.06265	-0.04307
2426.13408	-0.04303
2424.20552	-0.04303
2422.27695	-0.04294
2420.34839	-0.04288
2418.41982	-0.04290
2416.49126	-0.04291
2414.56270	-0.04296
2412.63413	-0.04304
2410.70557	-0.04307
2408.77700	-0.04311
2406.84844	-0.04326
2404.91987	-0.04344
2402.99131	-0.04350
2401.06274	-0.04340
2399.13418	-0.04270
2397.20562	-0.04261
2395.27705	-0.04288
2393.34849	-0.04313
2391.41992	-0.04335
2389.49136	-0.04361
2387.56279	-0.04395
2385.63423	-0.04433
2383.70566	-0.04464
2381.77710	-0.04473
2379.84854	-0.04456
2377.91997	-0.04423
2375.99141	-0.04389
2374.06284	-0.04359
2372.13428	-0.04350
2370.20571	-0.04384
2368.27715	-0.04364
2366.34858	-0.04343
2364.42002	-0.04421
2362.49146	-0.04372
2360.56289	-0.04428
2358.63433	-0.04576
2356.70576	-0.04332
2354.77720	-0.04566
2352.84863	-0.04696
2350.92007	-0.04527
2348.99150	-0.04421
2347.06294	-0.04243
2345.13437	-0.04053
2343.20581	-0.04249
2341.27725	-0.04796
2339.34868	-0.04961
2337.42012	-0.04665
2335.49155	-0.04164
2333.56299	-0.03827
2331.63442	-0.03732
2329.70586	-0.03749
2327.77729	-0.03793
2325.84873	-0.03743
2323.92017	-0.03673
2321.99160	-0.03683
2320.06304	-0.03705
2318.13447	-0.03729
2316.20591	-0.03773
2314.27734	-0.03839
2312.34878	-0.03926
2310.42021	-0.04013
2308.49165	-0.04064
2306.56309	-0.04109
2304.63452	-0.04129
2302.70596	-0.04121
2300.77739	-0.04110
2298.84883	-0.04094
2296.92026	-0.04071
2294.99170	-0.04040
2293.06313	-0.04009
2291.13457	-0.03978
2289.20601	-0.03960
2287.27744	-0.03944
2285.34888	-0.03930
2283.42031	-0.03929
2281.49175	-0.03928
2279.56318	-0.03925
2277.63462	-0.03929
2275.70605	-0.03948
2273.77749	-0.03964
2271.84893	-0.03963
2269.92036	-0.03961
2267.99180	-0.03971
2266.06323	-0.03992
2264.13467	-0.04019
2262.20610	-0.04036
2260.27754	-0.04027
2258.34897	-0.04006
2256.42041	-0.04000
2254.49185	-0.04010
2252.56328	-0.04032
2250.63472	-0.04048
2248.70615	-0.04018
2246.77759	-0.04022
2244.84902	-0.04021
2242.92046	-0.04016
2240.99189	-0.04019
2239.06333	-0.04021
2237.13477	-0.04001
2235.20620	-0.03982
2233.27764	-0.04000
2231.34907	-0.04024
2229.42051	-0.04027
2227.49194	-0.04026
2225.56338	-0.04022
2223.63481	-0.04013
2221.70625	-0.04013
2219.77769	-0.04004
2217.84912	-0.03971
2215.92056	-0.03959
2213.99199	-0.03975
2212.06343	-0.03972
2210.13486	-0.03952
2208.20630	-0.03931
2206.27773	-0.03896
2204.34917	-0.03863
2202.42061	-0.03865
2200.49204	-0.03889
2198.56348	-0.03896
2196.63491	-0.03879
2194.70635	-0.03877
2192.77778	-0.03914
2190.84922	-0.03946
2188.92065	-0.03933
2186.99209	-0.03904
2185.06353	-0.03912
2183.13496	-0.03946
2181.20640	-0.03955
2179.27783	-0.03961
2177.34927	-0.03992
2175.42070	-0.03977
2173.49214	-0.03890
2171.56357	-0.03802
2169.63501	-0.03765
2167.70645	-0.03770
2165.77788	-0.03764
2163.84932	-0.03707
2161.92075	-0.03682
2159.99219	-0.03822
2158.06362	-0.04011
2156.13506	-0.04042
2154.20649	-0.03982
2152.27793	-0.03955
2150.34937	-0.03961
2148.42080	-0.03961
2146.49224	-0.03936
2144.56367	-0.03896
2142.63511	-0.03874
2140.70654	-0.03882
2138.77798	-0.03915
2136.84941	-0.03961
2134.92085	-0.03983
2132.99229	-0.03939
2131.06372	-0.03862
2129.13516	-0.03823
2127.20659	-0.03828
2125.27803	-0.03837
2123.34946	-0.03837
2121.42090	-0.03837
2119.49233	-0.03824
2117.56377	-0.03790
2115.63521	-0.03743
2113.70664	-0.03702
2111.77808	-0.03689
2109.84951	-0.03705
2107.92095	-0.03722
2105.99238	-0.03710
2104.06382	-0.03678
2102.13525	-0.03652
2100.20669	-0.03634
2098.27812	-0.03626
2096.34956	-0.03640
2094.42100	-0.03666
2092.49243	-0.03684
2090.56387	-0.03676
2088.63530	-0.03640
2086.70674	-0.03598
2084.77817	-0.03564
2082.84961	-0.03542
2080.92104	-0.03526
2078.99248	-0.03515
2077.06392	-0.03506
2075.13535	-0.03501
2073.20679	-0.03505
2071.27822	-0.03508
2069.34966	-0.03503
2067.42109	-0.03511
2065.49253	-0.03515
2063.56396	-0.03495
2061.63540	-0.03474
2059.70684	-0.03456
2057.77827	-0.03443
2055.84971	-0.03447
2053.92114	-0.03423
2051.99258	-0.03364
2050.06401	-0.03348
2048.13545	-0.03376
2046.20688	-0.03386
2044.27832	-0.03374
2042.34976	-0.03348
2040.42119	-0.03303
2038.49263	-0.03261
2036.56406	-0.03269
2034.63550	-0.03339
2032.70693	-0.03396
2030.77837	-0.03378
2028.84980	-0.03331
2026.92124	-0.03313
2024.99268	-0.03322
2023.06411	-0.03326
2021.13555	-0.03316
2019.20698	-0.03299
2017.27842	-0.03284
2015.34985	-0.03298
2013.42129	-0.03331
2011.49272	-0.03317
2009.56416	-0.03292
2007.63560	-0.03325
2005.70703	-0.03345
2003.77847	-0.03326
2001.84990	-0.03310
1999.92134	-0.03254
1997.99277	-0.03156
1996.06421	-0.03117
1994.13564	-0.03156
1992.20708	-0.03166
1990.27852	-0.03115
1988.34995	-0.03096
1986.42139	-0.03120
1984.49282	-0.03117
1982.56426	-0.03077
1980.63569	-0.03051
1978.70713	-0.03084
1976.77856	-0.03159
1974.85000	-0.03196
1972.92144	-0.03161
1970.99287	-0.03136
1969.06431	-0.03181
1967.13574	-0.03213
1965.20718	-0.03185
1963.27861	-0.03179
1961.35005	-0.03207
1959.42148	-0.03210
1957.49292	-0.03189
1955.56436	-0.03166
1953.63579	-0.03143
1951.70723	-0.03117
1949.77866	-0.03088
1947.85010	-0.03061
1945.92153	-0.03050
1943.99297	-0.03064
1942.06440	-0.03092
1940.13584	-0.03104
1938.20728	-0.03080
1936.27871	-0.03039
1934.35015	-0.03016
1932.42158	-0.03016
1930.49302	-0.02996
1928.56445	-0.02945
1926.63589	-0.02903
1924.70732	-0.02877
1922.77876	-0.02856
1920.85020	-0.02842
1918.92163	-0.02830
1916.99307	-0.02817
1915.06450	-0.02808
1913.13594	-0.02800
1911.20737	-0.02792
1909.27881	-0.02784
1907.35024	-0.02780
1905.42168	-0.02772
1903.49312	-0.02754
1901.56455	-0.02727
1899.63599	-0.02695
1897.70742	-0.02664
1895.77886	-0.02634
1893.85029	-0.02606
1891.92173	-0.02594
1889.99316	-0.02601
1888.06460	-0.02612
1886.13604	-0.02614
1884.20747	-0.02616
1882.27891	-0.02620
1880.35034	-0.02611
1878.42178	-0.02595
1876.49321	-0.02593
1874.56465	-0.02604
1872.63608	-0.02606
1870.70752	-0.02581
1868.77896	-0.02551
1866.85039	-0.02545
1864.92183	-0.02561
1862.99326	-0.02571
1861.06470	-0.02559
1859.13613	-0.02532
1857.20757	-0.02503
1855.27900	-0.02487
1853.35044	-0.02480
1851.42187	-0.02467
1849.49331	-0.02448
1847.56475	-0.02435
1845.63618	-0.02418
1843.70762	-0.02395
1841.77905	-0.02386
1839.85049	-0.02387
1837.92192	-0.02384
1835.99336	-0.02366
1834.06479	-0.02337
1832.13623	-0.02317
1830.20767	-0.02309
1828.27910	-0.02294
1826.35054	-0.02264
1824.42197	-0.02241
1822.49341	-0.02240
1820.56484	-0.02247
1818.63628	-0.02252
1816.70771	-0.02250
1814.77915	-0.02233
1812.85059	-0.02206
1810.92202	-0.02188
1808.99346	-0.02180
1807.06489	-0.02170
1805.13633	-0.02149
1803.20776	-0.02115
1801.27920	-0.02087
1799.35063	-0.02078
1797.42207	-0.02071
1795.49351	-0.02050
1793.56494	-0.02019
1791.63638	-0.01993
1789.70781	-0.01980
1787.77925	-0.01972
1785.85068	-0.01963
1783.92212	-0.01955
1781.99355	-0.01941
1780.06499	-0.01925
1778.13643	-0.01908
1776.20786	-0.01885
1774.27930	-0.01860
1772.35073	-0.01837
1770.42217	-0.01812
1768.49360	-0.01789
1766.56504	-0.01772
1764.63647	-0.01751
1762.70791	-0.01717
1760.77935	-0.01694
1758.85078	-0.01687
1756.92222	-0.01682
1754.99365	-0.01672
1753.06509	-0.01646
1751.13652	-0.01604
1749.20796	-0.01580
1747.27939	-0.01575
1745.35083	-0.01560
1743.42227	-0.01538
1741.49370	-0.01526
1739.56514	-0.01515
1737.63657	-0.01487
1735.70801	-0.01444
1733.77944	-0.01410
1731.85088	-0.01401
1729.92231	-0.01396
1727.99375	-0.01392
1726.06519	-0.01383
1724.13662	-0.01360
1722.20806	-0.01329
1720.27949	-0.01287
1718.35093	-0.01230
1716.42236	-0.01194
1714.49380	-0.01201
1712.56523	-0.01212
1710.63667	-0.01201
1708.70811	-0.01174
1706.77954	-0.01133
1704.85098	-0.01092
1702.92241	-0.01067
1700.99385	-0.01051
1699.06528	-0.01030
1697.13672	-0.00997
1695.20815	-0.00971
1693.27959	-0.00961
1691.35103	-0.00936
1689.42246	-0.00893
1687.49390	-0.00847
1685.56533	-0.00788
1683.63677	-0.00728
1681.70820	-0.00720
1679.77964	-0.00722
1677.85107	-0.00701
1675.92251	-0.00661
1673.99395	-0.00620
1672.06538	-0.00591
1670.13682	-0.00564
1668.20825	-0.00545
1666.27969	-0.00533
1664.35112	-0.00511
1662.42256	-0.00474
1660.49399	-0.00442
1658.56543	-0.00420
1656.63687	-0.00388
1654.70830	-0.00338
1652.77974	-0.00296
1650.85117	-0.00288
1648.92261	-0.00272
1646.99404	-0.00247
1645.06548	-0.00242
1643.13691	-0.00234
1641.20835	-0.00214
1639.27979	-0.00192
1637.35122	-0.00170
1635.42266	-0.00157
1633.49409	-0.00167
1631.56553	-0.00176
1629.63696	-0.00172
1627.70840	-0.00160
1625.77983	-0.00147
1623.85127	-0.00143
1621.92271	-0.00147
1619.99414	-0.00143
1618.06558	-0.00134
1616.13701	-0.00137
1614.20845	-0.00144
1612.27988	-0.00141
1610.35132	-0.00127
1608.42275	-0.00112
1606.49419	-0.00107
1604.56562	-0.00107
1602.63706	-0.00096
1600.70850	-0.00073
1598.77993	-0.00057
1596.85137	-0.00050
1594.92280	-0.00040
1592.99424	-0.00022
1591.06567	0.00002
1589.13711	0.00023
1587.20854	0.00036
1585.27998	0.00047
1583.35142	0.00062
1581.42285	0.00078
1579.49429	0.00092
1577.56572	0.00109
1575.63716	0.00134
1573.70859	0.00153
1571.78003	0.00170
1569.85146	0.00184
1567.92290	0.00192
1565.99434	0.00203
1564.06577	0.00222
1562.13721	0.00252
1560.20864	0.00306
1558.28008	0.00357
1556.35151	0.00354
1554.42295	0.00344
1552.49438	0.00350
1550.56582	0.00367
1548.63726	0.00384
1546.70869	0.00404
1544.78013	0.00434
1542.85156	0.00459
1540.92300	0.00472
1538.99443	0.00464
1537.06587	0.00445
1535.13730	0.00437
1533.20874	0.00429
1531.28018	0.00416
1529.35161	0.00415
1527.42305	0.00430
1525.49448	0.00447
1523.56592	0.00458
1521.63735	0.00467
1519.70879	0.00454
1517.78022	0.00441
1515.85166	0.00440
1513.92310	0.00439
1511.99453	0.00441
1510.06597	0.00458
1508.13740	0.00493
1506.20884	0.00486
1504.28027	0.00431
1502.35171	0.00399
1500.42314	0.00405
1498.49458	0.00438
1496.56602	0.00460
1494.63745	0.00465
1492.70889	0.00485
1490.78032	0.00534
1488.85176	0.00586
1486.92319	0.00624
1484.99463	0.00694
1483.06606	0.00870
1481.13750	0.01268
1479.20894	0.02199
1477.28037	0.04446
1475.35181	0.08839
1473.42324	0.14800
1471.49468	0.18742
1469.56611	0.18897
1467.63755	0.17690
1465.70898	0.16296
1463.78042	0.14729
1461.85186	0.12951
1459.92329	0.10967
1457.99473	0.08788
1456.06616	0.06965
1454.13760	0.05961
1452.20903	0.05312
1450.28047	0.04791
1448.35190	0.04399
1446.42334	0.04129
1444.49478	0.03947
1442.56621	0.03802
1440.63765	0.03675
1438.70908	0.03562
1436.78052	0.03418
1434.85195	0.03238
1432.92339	0.03057
1430.99482	0.02860
1429.06626	0.02636
1427.13770	0.02417
1425.20913	0.02211
1423.28057	0.02024
1421.35200	0.01875
1419.42344	0.01738
1417.49487	0.01586
1415.56631	0.01450
1413.63774	0.01342
1411.70918	0.01258
1409.78062	0.01190
1407.85205	0.01139
1405.92349	0.01106
1403.99492	0.01082
1402.06636	0.01067
1400.13779	0.01065
1398.20923	0.01060
1396.28066	0.01015
1394.35210	0.00943
1392.42354	0.00915
1390.49497	0.00940
1388.56641	0.00971
1386.63784	0.00981
1384.70928	0.01003
1382.78071	0.01082
1380.85215	0.01212
1378.92358	0.01328
1376.99502	0.01395
1375.06646	0.01456
1373.13789	0.01554
1371.20933	0.01663
1369.28076	0.01738
1367.35220	0.01763
1365.42363	0.01750
1363.49507	0.01714
1361.56650	0.01651
1359.63794	0.01585
1357.70937	0.01547
1355.78081	0.01542
1353.85225	0.01551
1351.92368	0.01549
1349.99512	0.01515
1348.06655	0.01457
1346.13799	0.01396
1344.20942	0.01336
1342.28086	0.01275
1340.35229	0.01217
1338.42373	0.01156
1336.49517	0.01089
1334.56660	0.01024
1332.63804	0.00972
1330.70947	0.00944
1328.78091	0.00945
1326.85234	0.00964
1324.92378	0.00987
1322.99521	0.01018
1321.06665	0.01064
1319.13809	0.01122
1317.20952	0.01180
1315.28096	0.01229
1313.35239	0.01271
1311.42383	0.01307
1309.49526	0.01334
1307.56670	0.01351
1305.63813	0.01360
1303.70957	0.01357
1301.78101	0.01343
1299.85244	0.01327
1297.92388	0.01309
1295.99531	0.01280
1294.06675	0.01234
1292.13818	0.01179
1290.20962	0.01126
1288.28105	0.01085
1286.35249	0.01057
1284.42393	0.01033
1282.49536	0.01018
1280.56680	0.01012
1278.63823	0.01004
1276.70967	0.00989
1274.78110	0.00974
1272.85254	0.00966
1270.92397	0.00969
1268.99541	0.00983
1267.06685	0.00998
1265.13828	0.01009
1263.20972	0.01012
1261.28115	0.01002
1259.35259	0.00970
1257.42402	0.00917
1255.49546	0.00857
1253.56689	0.00802
1251.63833	0.00764
1249.70977	0.00749
1247.78120	0.00747
1245.85264	0.00739
1243.92407	0.00713
1241.99551	0.00689
1240.06694	0.00693
1238.13838	0.00705
1236.20981	0.00699
1234.28125	0.00680
1232.35269	0.00658
1230.42412	0.00640
1228.49556	0.00628
1226.56699	0.00619
1224.63843	0.00615
1222.70986	0.00614
1220.78130	0.00618
1218.85273	0.00631
1216.92417	0.00648
1214.99561	0.00659
1213.06704	0.00666
1211.13848	0.00672
1209.20991	0.00675
1207.28135	0.00670
1205.35278	0.00657
1203.42422	0.00643
1201.49565	0.00635
1199.56709	0.00629
1197.63853	0.00632
1195.70996	0.00644
1193.78140	0.00656
1191.85283	0.00666
1189.92427	0.00679
1187.99570	0.00693
1186.06714	0.00704
1184.13857	0.00707
1182.21001	0.00711
1180.28145	0.00729
1178.35288	0.00748
1176.42432	0.00745
1174.49575	0.00725
1172.56719	0.00710
1170.63862	0.00705
1168.71006	0.00695
1166.78149	0.00680
1164.85293	0.00670
1162.92437	0.00664
1160.99580	0.00657
1159.06724	0.00659
1157.13867	0.00670
1155.21011	0.00675
1153.28154	0.00678
1151.35298	0.00684
1149.42441	0.00688
1147.49585	0.00682
1145.56729	0.00669
1143.63872	0.00655
1141.71016	0.00644
1139.78159	0.00634
1137.85303	0.00620
1135.92446	0.00607
1133.99590	0.00611
1132.06733	0.00628
1130.13877	0.00643
1128.21021	0.00646
1126.28164	0.00639
1124.35308	0.00620
1122.42451	0.00595
1120.49595	0.00583
1118.56738	0.00588
1116.63882	0.00595
1114.71025	0.00606
1112.78169	0.00614
1110.85312	0.00606
1108.92456	0.00592
1106.99600	0.00585
1105.06743	0.00590
1103.13887	0.00600
1101.21030	0.00613
1099.28174	0.00636
1097.35317	0.00673
1095.42461	0.00711
1093.49604	0.00729
1091.56748	0.00726
1089.63892	0.00720
1087.71035	0.00713
1085.78179	0.00696
1083.85322	0.00667
1081.92466	0.00618
1079.99609	0.00554
1078.06753	0.00485
1076.13896	0.00418
1074.21040	0.00366
1072.28184	0.00338
1070.35327	0.00309
1068.42471	0.00246
1066.49614	0.00203
1064.56758	0.00242
1062.63901	0.00307
1060.71045	0.00309
1058.78188	0.00258
1056.85332	0.00224
1054.92476	0.00220
1052.99619	0.00219
1051.06763	0.00214
1049.13906	0.00211
1047.21050	0.00213
1045.28193	0.00222
1043.35337	0.00243
1041.42480	0.00271
1039.49624	0.00301
1037.56768	0.00342
1035.63911	0.00407
1033.71055	0.00485
1031.78198	0.00531
1029.85342	0.00514
1027.92485	0.00476
1025.99629	0.00482
1024.06772	0.00517
1022.13916	0.00539
1020.21060	0.00543
1018.28203	0.00534
1016.35347	0.00521
1014.42490	0.00511
1012.49634	0.00501
1010.56777	0.00489
1008.63921	0.00478
1006.71064	0.00474
1004.78208	0.00472
1002.85352	0.00464
1000.92495	0.00454
998.99639	0.00442
997.06782	0.00428
995.13926	0.00421
993.21069	0.00424
991.28213	0.00427
989.35356	0.00428
987.42500	0.00426
985.49644	0.00419
983.56787	0.00405
981.63931	0.00397
979.71074	0.00399
977.78218	0.00399
975.85361	0.00396
973.92505	0.00402
971.99648	0.00415
970.06792	0.00429
968.13936	0.00442
966.21079	0.00446
964.28223	0.00441
962.35366	0.00429
960.42510	0.00408
958.49653	0.00376
956.56797	0.00346
954.63940	0.00320
952.71084	0.00290
950.78228	0.00256
948.85371	0.00223
946.92515	0.00194
944.99658	0.00172
943.06802	0.00159
941.13945	0.00144
939.21089	0.00118
937.28232	0.00093
935.35376	0.00077
933.42520	0.00060
931.49663	0.00037
929.56807	0.00014
927.63950	-0.00019
925.71094	-0.00061
923.78237	-0.00100
921.85381	-0.00132
919.92524	-0.00172
917.99668	-0.00219
916.06812	-0.00262
914.13955	-0.00300
912.21099	-0.00335
910.28242	-0.00378
908.35386	-0.00454
906.42529	-0.00581
904.49673	-0.00735
902.56816	-0.00871
900.63960	-0.00971
898.71104	-0.01048
896.78247	-0.01114
894.85391	-0.01165
892.92534	-0.01186
890.99678	-0.01164
889.06821	-0.01118
887.13965	-0.01089
885.21108	-0.01075
883.28252	-0.01039
881.35396	-0.00984
879.42539	-0.00928
877.49683	-0.00869
875.56826	-0.00817
873.63970	-0.00779
871.71113	-0.00741
869.78257	-0.00700
867.85400	-0.00665
865.92544	-0.00641
863.99687	-0.00622
862.06831	-0.00597
860.13975	-0.00579
858.21118	-0.00578
856.28262	-0.00588
854.35405	-0.00602
852.42549	-0.00613
850.49692	-0.00615
848.56836	-0.00617
846.63979	-0.00627
844.71123	-0.00638
842.78267	-0.00659
840.85410	-0.00697
838.92554	-0.00742
836.99697	-0.00775
835.06841	-0.00800
833.13984	-0.00843
831.21128	-0.00904
829.28271	-0.00951
827.35415	-0.00973
825.42559	-0.00991
823.49702	-0.01024
821.56846	-0.01081
819.63989	-0.01153
817.71133	-0.01230
815.78276	-0.01326
813.85420	-0.01446
811.92563	-0.01571
809.99707	-0.01693
808.06851	-0.01820
806.13994	-0.01935
804.21138	-0.02008
802.28281	-0.02056
800.35425	-0.02119
798.42568	-0.02212
796.49712	-0.02316
794.56855	-0.02412
792.63999	-0.02519
790.71143	-0.02648
788.78286	-0.02775
786.85430	-0.02895
784.92573	-0.03027
782.99717	-0.03158
781.06860	-0.03280
779.14004	-0.03424
777.21147	-0.03599
775.28291	-0.03793
773.35435	-0.04013
771.42578	-0.04272
769.49722	-0.04535
767.56865	-0.04755
765.64009	-0.04933
763.71152	-0.05087
761.78296	-0.05200
759.85439	-0.05240
757.92583	-0.05212
755.99727	-0.05158
754.06870	-0.05109
752.14014	-0.05089
750.21157	-0.05112
748.28301	-0.05143
746.35444	-0.05152
744.42588	-0.05148
742.49731	-0.05107
740.56875	-0.04974
738.64019	-0.04694
736.71162	-0.04139
734.78306	-0.03088
732.85449	-0.01590
730.92593	-0.00228
728.99736	0.00591
727.06880	0.01301
725.14023	0.02554
723.21167	0.04710
721.28311	0.07894
719.35454	0.11467
717.42598	0.13804
715.49741	0.13283
713.56885	0.10070
711.64028	0.06105
709.71172	0.02928
707.78315	0.00787
705.85459	-0.00608
703.92603	-0.01541
701.99746	-0.02200
700.06890	-0.02654
698.14033	-0.02961
696.21177	-0.03210
694.28320	-0.03455
692.35464	-0.03668
690.42607	-0.03782
688.49751	-0.03775
686.56895	-0.03715
684.64038	-0.03683
682.71182	-0.03724
680.78325	-0.03791
678.85469	-0.03788
676.92612	-0.03730
674.99756	-0.03691
673.06899	-0.03655
671.14043	-0.03468
669.21187	-0.03170
667.28330	-0.03367
665.35474	-0.03433
663.42617	-0.03495
661.49761	-0.03508
659.56904	-0.03471
657.64048	-0.03426
655.71191	-0.03451
653.78335	-0.03564
651.85479	-0.03667
649.92622	-0.03724
647.99766	-0.03832
646.06909	-0.04062
644.14053	-0.04433
642.21196	-0.05022
640.28340	-0.05964
638.35483	-0.07476
636.42627	-0.09837
634.49771	-0.12993
632.56914	-0.15893
630.64058	-0.16742
628.71201	-0.14751
626.78345	-0.11339
624.85488	-0.08403
622.92632	-0.06454
620.99775	-0.05225
619.06919	-0.04477
617.14062	-0.04096
615.21206	-0.03898
613.28350	-0.03682
611.35493	-0.03447
609.42637	-0.03339
607.49780	-0.03386
605.56924	-0.03466
603.64067	-0.03556
601.71211	-0.03742
599.78354	-0.04023
