3997.91411	0.02517
3995.98555	0.02522
3994.05698	0.02538
3992.12842	0.02552
3990.19985	0.02553
3988.27129	0.02545
3986.34272	0.02539
3984.41416	0.02537
3982.48560	0.02533
3980.55703	0.02534
3978.62847	0.02539
3976.69990	0.02542
3974.77134	0.02543
3972.84277	0.02546
3970.91421	0.02547
3968.98564	0.02545
3967.05708	0.02545
3965.12852	0.02542
3963.19995	0.02526
3961.27139	0.02511
3959.34282	0.02511
3957.41426	0.02519
3955.48569	0.02521
3953.55713	0.02519
3951.62856	0.02522
3949.70000	0.02531
3947.77144	0.02536
3945.84287	0.02534
3943.91431	0.02529
3941.98574	0.02520
3940.05718	0.02509
3938.12861	0.02502
3936.20005	0.02506
3934.27148	0.02516
3932.34292	0.02521
3930.41436	0.02511
3928.48579	0.02497
3926.55723	0.02499
3924.62866	0.02519
3922.70010	0.02540
3920.77153	0.02553
3918.84297	0.02559
3916.91440	0.02558
3914.98584	0.02544
3913.05728	0.02528
3911.12871	0.02519
3909.20015	0.02519
3907.27158	0.02523
3905.34302	0.02528
3903.41445	0.02526
3901.48589	0.02515
3899.55732	0.02505
3897.62876	0.02502
3895.70020	0.02506
3893.77163	0.02512
3891.84307	0.02516
3889.91450	0.02516
3887.98594	0.02509
3886.05737	0.02501
3884.12881	0.02494
3882.20024	0.02489
3880.27168	0.02489
3878.34312	0.02491
3876.41455	0.02491
3874.48599	0.02489
3872.55742	0.02481
3870.62886	0.02465
3868.70029	0.02456
3866.77173	0.02455
3864.84316	0.02453
3862.91460	0.02453
3860.98604	0.02461
3859.05747	0.02465
3857.12891	0.02451
3855.20034	0.02429
3853.27178	0.02431
3851.34321	0.02455
3849.41465	0.02467
3847.48608	0.02461
3845.55752	0.02454
3843.62896	0.02451
3841.70039	0.02444
3839.77183	0.02435
3837.84326	0.02431
3835.91470	0.02428
3833.98613	0.02431
3832.05757	0.02444
3830.12900	0.02458
3828.20044	0.02462
3826.27187	0.02457
3824.34331	0.02447
3822.41475	0.02440
3820.48618	0.02441
3818.55762	0.02448
3816.62905	0.02451
3814.70049	0.02452
3812.77192	0.02451
3810.84336	0.02447
3808.91479	0.02441
3806.98623	0.02433
3805.05767	0.02418
3803.12910	0.02406
3801.20054	0.02411
3799.27197	0.02420
3797.34341	0.02415
3795.41484	0.02406
3793.48628	0.02404
3791.55771	0.02408
3789.62915	0.02411
3787.70059	0.02411
3785.77202	0.02406
3783.84346	0.02397
3781.91489	0.02393
3779.98633	0.02398
3778.05776	0.02408
3776.12920	0.02411
3774.20063	0.02401
3772.27207	0.02386
3770.34351	0.02379
3768.41494	0.02382
3766.48638	0.02385
3764.55781	0.02381
3762.62925	0.02379
3760.70068	0.02383
3758.77212	0.02385
3756.84355	0.02379
3754.91499	0.02362
3752.98643	0.02339
3751.05786	0.02322
3749.12930	0.02313
3747.20073	0.02304
3745.27217	0.02301
3743.34360	0.02314
3741.41504	0.02331
3739.48647	0.02342
3737.55791	0.02346
3735.62935	0.02342
3733.70078	0.02327
3731.77222	0.02320
3729.84365	0.02332
3727.91509	0.02349
3725.98652	0.02353
3724.05796	0.02344
3722.12939	0.02332
3720.20083	0.02331
3718.27227	0.02337
3716.34370	0.02343
3714.41514	0.02336
3712.48657	0.02318
3710.55801	0.02317
3708.62944	0.02342
3706.70088	0.02374
3704.77231	0.02400
3702.84375	0.02412
3700.91519	0.02407
3698.98662	0.02397
3697.05806	0.02395
3695.12949	0.02394
3693.20093	0.02386
3691.27236	0.02381
3689.34380	0.02387
3687.41523	0.02403
3685.48667	0.02415
3683.55811	0.02416
3681.62954	0.02406
3679.70098	0.02391
3677.77241	0.02380
3675.84385	0.02389
3673.91528	0.02410
3671.98672	0.02428
3670.05815	0.02446
3668.12959	0.02465
3666.20103	0.02473
3664.27246	0.02469
3662.34390	0.02466
3660.41533	0.02467
3658.48677	0.02468
3656.55820	0.02478
3654.62964	0.02507
3652.70107	0.02536
3650.77251	0.02553
3648.84395	0.02573
3646.91538	0.02596
3644.98682	0.02606
3643.05825	0.02602
3641.12969	0.02603
3639.20112	0.02617
3637.27256	0.02634
3635.34399	0.02644
3633.41543	0.02652
3631.48687	0.02661
3629.55830	0.02671
3627.62974	0.02684
3625.70117	0.02702
3623.77261	0.02726
3621.84404	0.02748
3619.91548	0.02762
3617.98691	0.02778
3616.05835	0.02799
3614.12979	0.02827
3612.20122	0.02862
3610.27266	0.02902
3608.34409	0.02939
3606.41553	0.02967
3604.48696	0.02982
3602.55840	0.02989
3600.62983	0.03002
3598.70127	0.03023
3596.77271	0.03039
3594.84414	0.03045
3592.91558	0.03046
3590.98701	0.03049
3589.05845	0.03058
3587.12988	0.03074
3585.20132	0.03094
3583.27275	0.03119
3581.34419	0.03146
3579.41562	0.03165
3577.48706	0.03168
3575.55850	0.03166
3573.62993	0.03173
3571.70137	0.03188
3569.77280	0.03209
3567.84424	0.03238
3565.91567	0.03271
3563.98711	0.03300
3562.05854	0.03325
3560.12998	0.03352
3558.20142	0.03375
3556.27285	0.03376
3554.34429	0.03367
3552.41572	0.03380
3550.48716	0.03412
3548.55859	0.03439
3546.63003	0.03462
3544.70146	0.03484
3542.77290	0.03504
3540.84434	0.03529
3538.91577	0.03552
3536.98721	0.03566
3535.05864	0.03574
3533.13008	0.03581
3531.20151	0.03591
3529.27295	0.03623
3527.34438	0.03682
3525.41582	0.03736
3523.48726	0.03755
3521.55869	0.03749
3519.63013	0.03757
3517.70156	0.03788
3515.77300	0.03820
3513.84443	0.03837
3511.91587	0.03839
3509.98730	0.03837
3508.05874	0.03843
3506.13018	0.03856
3504.20161	0.03871
3502.27305	0.03895
3500.34448	0.03928
3498.41592	0.03953
3496.48735	0.03961
3494.55879	0.03964
3492.63022	0.03981
3490.70166	0.04007
3488.77310	0.04032
3486.84453	0.04060
3484.91597	0.04099
3482.98740	0.04143
3481.05884	0.04173
3479.13027	0.04174
3477.20171	0.04156
3475.27314	0.04145
3473.34458	0.04154
3471.41602	0.04169
3469.48745	0.04181
3467.55889	0.04196
3465.63032	0.04208
3463.70176	0.04205
3461.77319	0.04207
3459.84463	0.04244
3457.91606	0.04292
3455.98750	0.04312
3454.05894	0.04313
3452.13037	0.04321
3450.20181	0.04335
3448.27324	0.04344
3446.34468	0.04357
3444.41611	0.04385
3442.48755	0.04408
3440.55898	0.04420
3438.63042	0.04439
3436.70186	0.04459
3434.77329	0.04461
3432.84473	0.04453
3430.91616	0.04460
3428.98760	0.04483
3427.05903	0.04501
3425.13047	0.04509
3423.20190	0.04511
3421.27334	0.04519
3419.34478	0.04536
3417.41621	0.04553
3415.48765	0.04552
3413.55908	0.04553
3411.63052	0.04569
3409.70195	0.04579
3407.77339	0.04574
3405.84482	0.04565
3403.91626	0.04557
3401.98770	0.04560
3400.05913	0.04591
3398.13057	0.04634
3396.20200	0.04658
3394.27344	0.04654
3392.34487	0.04648
3390.41631	0.04655
3388.48774	0.04669
3386.55918	0.04677
3384.63062	0.04677
3382.70205	0.04672
3380.77349	0.04668
3378.84492	0.04678
3376.91636	0.04702
3374.98779	0.04716
3373.05923	0.04697
3371.13066	0.04660
3369.20210	0.04640
3367.27354	0.04654
3365.34497	0.04682
3363.41641	0.04703
3361.48784	0.04704
3359.55928	0.04684
3357.63071	0.04664
3355.70215	0.04657
3353.77358	0.04664
3351.84502	0.04682
3349.91646	0.04696
3347.98789	0.04688
3346.05933	0.04667
3344.13076	0.04660
3342.20220	0.04667
3340.27363	0.04674
3338.34507	0.04673
3336.41650	0.04669
3334.48794	0.04663
3332.55937	0.04658
3330.63081	0.04671
3328.70225	0.04695
3326.77368	0.04700
3324.84512	0.04692
3322.91655	0.04687
3320.98799	0.04684
3319.05942	0.04682
3317.13086	0.04683
3315.20229	0.04676
3313.27373	0.04657
3311.34517	0.04638
3309.41660	0.04626
3307.48804	0.04623
3305.55947	0.04627
3303.63091	0.04645
3301.70234	0.04676
3299.77378	0.04698
3297.84521	0.04700
3295.91665	0.04688
3293.98809	0.04662
3292.05952	0.04630
3290.13096	0.04617
3288.20239	0.04628
3286.27383	0.04652
3284.34526	0.04678
3282.41670	0.04698
3280.48813	0.04712
3278.55957	0.04712
3276.63101	0.04687
3274.70244	0.04650
3272.77388	0.04623
3270.84531	0.04606
3268.91675	0.04587
3266.98818	0.04568
3265.05962	0.04560
3263.13105	0.04559
3261.20249	0.04551
3259.27393	0.04534
3257.34536	0.04518
3255.41680	0.04509
3253.48823	0.04500
3251.55967	0.04488
3249.63110	0.04478
3247.70254	0.04471
3245.77397	0.04452
3243.84541	0.04430
3241.91685	0.04429
3239.98828	0.04439
3238.05972	0.04426
3236.13115	0.04392
3234.20259	0.04361
3232.27402	0.04344
3230.34546	0.04337
3228.41689	0.04332
3226.48833	0.04317
3224.55977	0.04286
3222.63120	0.04261
3220.70264	0.04257
3218.77407	0.04246
3216.84551	0.04223
3214.91694	0.04215
3212.98838	0.04220
3211.05981	0.04213
3209.13125	0.04192
3207.20269	0.04166
3205.27412	0.04134
3203.34556	0.04105
3201.41699	0.04091
3199.48843	0.04087
3197.55986	0.04082
3195.63130	0.04083
3193.70273	0.04093
3191.77417	0.04084
3189.84561	0.04032
3187.91704	0.03972
3185.98848	0.03947
3184.05991	0.03953
3182.13135	0.03965
3180.20278	0.03963
3178.27422	0.03936
3176.34565	0.03901
3174.41709	0.03883
3172.48853	0.03876
3170.55996	0.03864
3168.63140	0.03848
3166.70283	0.03832
3164.77427	0.03813
3162.84570	0.03791
3160.91714	0.03767
3158.98857	0.03745
3157.06001	0.03730
3155.13145	0.03721
3153.20288	0.03704
3151.27432	0.03677
3149.34575	0.03650
3147.41719	0.03637
3145.48862	0.03634
3143.56006	0.03625
3141.63149	0.03604
3139.70293	0.03583
3137.77437	0.03570
3135.84580	0.03560
3133.91724	0.03544
3131.98867	0.03518
3130.06011	0.03484
3128.13154	0.03452
3126.20298	0.03428
3124.27441	0.03423
3122.34585	0.03428
3120.41729	0.03425
3118.48872	0.03422
3116.56016	0.03422
3114.63159	0.03414
3112.70303	0.03399
3110.77446	0.03380
3108.84590	0.03366
3106.91733	0.03360
3104.98877	0.03350
3103.06021	0.03338
3101.13164	0.03333
3099.20308	0.03328
3097.27451	0.03326
3095.34595	0.03334
3093.41738	0.03348
3091.48882	0.03362
3089.56025	0.03371
3087.63169	0.03362
3085.70312	0.03336
3083.77456	0.03316
3081.84600	0.03309
3079.91743	0.03300
3077.98887	0.03289
3076.06030	0.03281
3074.13174	0.03266
3072.20317	0.03242
3070.27461	0.03225
3068.34604	0.03213
3066.41748	0.03200
3064.48892	0.03192
3062.56035	0.03192
3060.63179	0.03184
3058.70322	0.03159
3056.77466	0.03130
3054.84609	0.03110
3052.91753	0.03091
3050.98896	0.03067
3049.06040	0.03049
3047.13184	0.03032
3045.20327	0.03014
3043.27471	0.03004
3041.34614	0.03007
3039.41758	0.03016
3037.48901	0.03015
3035.56045	0.02999
3033.63188	0.02983
3031.70332	0.02978
3029.77476	0.02971
3027.84619	0.02949
3025.91763	0.02920
3023.98906	0.02903
3022.06050	0.02895
3020.13193	0.02882
3018.20337	0.02859
3016.27480	0.02842
3014.34624	0.02841
3012.41768	0.02843
3010.48911	0.02832
3008.56055	0.02817
3006.63198	0.02808
3004.70342	0.02798
3002.77485	0.02787
3000.84629	0.02783
2998.91772	0.02786
2996.98916	0.02792
2995.06060	0.02801
2993.13203	0.02804
2991.20347	0.02793
2989.27490	0.02781
2987.34634	0.02787
2985.41777	0.02816
2983.48921	0.02858
2981.56064	0.02909
2979.63208	0.02962
2977.70352	0.03013
2975.77495	0.03067
2973.84639	0.03142
2971.91782	0.03242
2969.98926	0.03360
2968.06069	0.03492
2966.13213	0.03648
2964.20356	0.03827
2962.27500	0.04011
2960.34644	0.04187
2958.41787	0.04353
2956.48931	0.04505
2954.56074	0.04635
2952.63218	0.04741
2950.70361	0.04831
2948.77505	0.04937
2946.84648	0.05102
2944.91792	0.05373
2942.98936	0.05779
2941.06079	0.06319
2939.13223	0.06987
2937.20366	0.07785
2935.27510	0.08732
2933.34653	0.09855
2931.41797	0.11172
2929.48940	0.12727
2927.56084	0.14626
2925.63228	0.17015
2923.70371	0.20054
2921.77515	0.23820
2919.84658	0.28161
2917.91802	0.32518
2915.98945	0.35819
2914.06089	0.36917
2912.13232	0.35599
2910.20376	0.32820
2908.27520	0.29747
2906.34663	0.27051
2904.41807	0.24915
2902.48950	0.23262
2900.56094	0.21956
2898.63237	0.20886
2896.70381	0.19958
2894.77524	0.19108
2892.84668	0.18283
2890.91812	0.17452
2888.98955	0.16614
2887.06099	0.15771
2885.13242	0.14921
2883.20386	0.14075
2881.27529	0.13239
2879.34673	0.12405
2877.41816	0.11591
2875.48960	0.10853
2873.56104	0.10234
2871.63247	0.09748
2869.70391	0.09383
2867.77534	0.09130
2865.84678	0.09023
2863.91821	0.09136
2861.98965	0.09542
2860.06108	0.10348
2858.13252	0.11732
2856.20396	0.14009
2854.27539	0.17644
2852.34683	0.22966
2850.41826	0.29244
2848.48970	0.33811
2846.56113	0.33918
2844.63257	0.30229
2842.70400	0.25526
2840.77544	0.21489
2838.84687	0.18444
2836.91831	0.16210
2834.98975	0.14547
2833.06118	0.13277
2831.13262	0.12289
2829.20405	0.11509
2827.27549	0.10872
2825.34692	0.10332
2823.41836	0.09870
2821.48979	0.09484
2819.56123	0.09161
2817.63267	0.08875
2815.70410	0.08612
2813.77554	0.08370
2811.84697	0.08153
2809.91841	0.07960
2807.98984	0.07788
2806.06128	0.07631
2804.13271	0.07487
2802.20415	0.07353
2800.27559	0.07217
2798.34702	0.07083
2796.41846	0.06971
2794.48989	0.06873
2792.56133	0.06766
2790.63276	0.06654
2788.70420	0.06550
2786.77563	0.06457
2784.84707	0.06367
2782.91851	0.06279
2780.98994	0.06197
2779.06138	0.06117
2777.13281	0.06034
2775.20425	0.05958
2773.27568	0.05896
2771.34712	0.05840
2769.41855	0.05783
2767.48999	0.05729
2765.56143	0.05678
2763.63286	0.05629
2761.70430	0.05584
2759.77573	0.05540
2757.84717	0.05500
2755.91860	0.05458
2753.99004	0.05413
2752.06147	0.05371
2750.13291	0.05340
2748.20435	0.05319
2746.27578	0.05306
2744.34722	0.05294
2742.41865	0.05276
2740.49009	0.05255
2738.56152	0.05235
2736.63296	0.05206
2734.70439	0.05172
2732.77583	0.05146
2730.84727	0.05126
2728.91870	0.05103
2726.99014	0.05079
2725.06157	0.05053
2723.13301	0.05026
2721.20444	0.05001
2719.27588	0.04979
2717.34731	0.04956
2715.41875	0.04930
2713.49019	0.04908
2711.56162	0.04889
2709.63306	0.04869
2707.70449	0.04841
2705.77593	0.04812
2703.84736	0.04789
2701.91880	0.04770
2699.99023	0.04749
2698.06167	0.04726
2696.13311	0.04708
2694.20454	0.04690
2692.27598	0.04668
2690.34741	0.04651
2688.41885	0.04641
2686.49028	0.04629
2684.56172	0.04609
2682.63315	0.04593
2680.70459	0.04585
2678.77603	0.04582
2676.84746	0.04579
2674.91890	0.04573
2672.99033	0.04569
2671.06177	0.04569
2669.13320	0.04578
2667.20464	0.04592
2665.27607	0.04600
2663.34751	0.04598
2661.41895	0.04593
2659.49038	0.04588
2657.56182	0.04587
2655.63325	0.04582
2653.70469	0.04567
2651.77612	0.04548
2649.84756	0.04531
2647.91899	0.04519
2645.99043	0.04509
2644.06187	0.04494
2642.13330	0.04477
2640.20474	0.04470
2638.27617	0.04467
2636.34761	0.04458
2634.41904	0.04444
2632.49048	0.04430
2630.56191	0.04414
2628.63335	0.04393
2626.70479	0.04364
2624.77622	0.04331
2622.84766	0.04304
2620.91909	0.04283
2618.99053	0.04263
2617.06196	0.04244
2615.13340	0.04217
2613.20483	0.04185
2611.27627	0.04168
2609.34771	0.04154
2607.41914	0.04132
2605.49058	0.04113
2603.56201	0.04096
2601.63345	0.04069
2599.70488	0.04038
2597.77632	0.04017
2595.84775	0.04002
2593.91919	0.03982
2591.99062	0.03964
2590.06206	0.03956
2588.13350	0.03944
2586.20493	0.03922
2584.27637	0.03906
2582.34780	0.03903
2580.41924	0.03899
2578.49067	0.03884
2576.56211	0.03863
2574.63354	0.03846
2572.70498	0.03832
2570.77642	0.03821
2568.84785	0.03814
2566.91929	0.03801
2564.99072	0.03780
2563.06216	0.03776
2561.13359	0.03789
2559.20503	0.03789
2557.27646	0.03776
2555.34790	0.03776
2553.41934	0.03781
2551.49077	0.03767
2549.56221	0.03743
2547.63364	0.03722
2545.70508	0.03708
2543.77651	0.03691
2541.84795	0.03666
2539.91938	0.03646
2537.99082	0.03640
2536.06226	0.03636
2534.13369	0.03628
2532.20513	0.03625
2530.27656	0.03628
2528.34800	0.03630
2526.41943	0.03628
2524.49087	0.03619
2522.56230	0.03606
2520.63374	0.03595
2518.70518	0.03581
2516.77661	0.03566
2514.84805	0.03557
2512.91948	0.03553
2510.99092	0.03552
2509.06235	0.03553
2507.13379	0.03552
2505.20522	0.03541
2503.27666	0.03523
2501.34810	0.03507
2499.41953	0.03507
2497.49097	0.03518
2495.56240	0.03521
2493.63384	0.03513
2491.70527	0.03499
2489.77671	0.03486
2487.84814	0.03474
2485.91958	0.03469
2483.99102	0.03474
2482.06245	0.03473
2480.13389	0.03457
2478.20532	0.03446
2476.27676	0.03445
2474.34819	0.03438
2472.41963	0.03419
2470.49106	0.03404
2468.56250	0.03404
2466.63394	0.03408
2464.70537	0.03410
2462.77681	0.03404
2460.84824	0.03392
2458.91968	0.03387
2456.99111	0.03391
2455.06255	0.03388
2453.13398	0.03379
2451.20542	0.03373
2449.27686	0.03366
2447.34829	0.03355
2445.41973	0.03341
2443.49116	0.03331
2441.56260	0.03333
2439.63403	0.03337
2437.70547	0.03335
2435.77690	0.03334
2433.84834	0.03339
2431.91978	0.03341
2429.99121	0.03341
2428.06265	0.03334
2426.13408	0.03320
2424.20552	0.03307
2422.27695	0.03306
2420.34839	0.03319
2418.41982	0.03334
2416.49126	0.03338
2414.56270	0.03331
2412.63413	0.03323
2410.70557	0.03313
2408.77700	0.03301
2406.84844	0.03296
2404.91987	0.03295
2402.99131	0.03291
2401.06274	0.03286
2399.13418	0.03267
2397.20562	0.03266
2395.27705	0.03274
2393.34849	0.03287
2391.41992	0.03303
2389.49136	0.03315
2387.56279	0.03322
2385.63423	0.03332
2383.70566	0.03343
2381.77710	0.03356
2379.84854	0.03370
2377.91997	0.03385
2375.99141	0.03397
2374.06284	0.03403
2372.13428	0.03401
2370.20571	0.03402
2368.27715	0.03413
2366.34858	0.03428
2364.42002	0.03436
2362.49146	0.03435
2360.56289	0.03439
2358.63433	0.03460
2356.70576	0.03489
2354.77720	0.03517
2352.84863	0.03557
2350.92007	0.03598
2348.99150	0.03617
2347.06294	0.03593
2345.13437	0.03564
2343.20581	0.03557
2341.27725	0.03559
2339.34868	0.03556
2337.42012	0.03554
2335.49155	0.03554
2333.56299	0.03562
2331.63442	0.03581
2329.70586	0.03606
2327.77729	0.03632
2325.84873	0.03647
2323.92017	0.03635
2321.99160	0.03590
2320.06304	0.03535
2318.13447	0.03496
2316.20591	0.03473
2314.27734	0.03454
2312.34878	0.03435
2310.42021	0.03421
2308.49165	0.03413
2306.56309	0.03397
2304.63452	0.03367
2302.70596	0.03340
2300.77739	0.03328
2298.84883	0.03325
2296.92026	0.03314
2294.99170	0.03298
2293.06313	0.03286
2291.13457	0.03282
2289.20601	0.03283
2287.27744	0.03284
2285.34888	0.03274
2283.42031	0.03254
2281.49175	0.03242
2279.56318	0.03234
2277.63462	0.03222
2275.70605	0.03215
2273.77749	0.03218
2271.84893	0.03217
2269.92036	0.03205
2267.99180	0.03180
2266.06323	0.03153
2264.13467	0.03151
2262.20610	0.03169
2260.27754	0.03177
2258.34897	0.03173
2256.42041	0.03165
2254.49185	0.03153
2252.56328	0.03136
2250.63472	0.03115
2248.70615	0.03086
2246.77759	0.03083
2244.84902	0.03091
2242.92046	0.03112
2240.99189	0.03132
2239.06333	0.03134
2237.13477	0.03129
2235.20620	0.03116
2233.27764	0.03081
2231.34907	0.03047
2229.42051	0.03060
2227.49194	0.03098
2225.56338	0.03106
2223.63481	0.03084
2221.70625	0.03070
2219.77769	0.03074
2217.84912	0.03074
2215.92056	0.03070
2213.99199	0.03070
2212.06343	0.03056
2210.13486	0.03030
2208.20630	0.03033
2206.27773	0.03044
2204.34917	0.03029
2202.42061	0.03022
2200.49204	0.03044
2198.56348	0.03062
2196.63491	0.03067
2194.70635	0.03065
2192.77778	0.03060
2190.84922	0.03054
2188.92065	0.03053
2186.99209	0.03051
2185.06353	0.03038
2183.13496	0.03024
2181.20640	0.03033
2179.27783	0.03068
2177.34927	0.03090
2175.42070	0.03076
2173.49214	0.03054
2171.56357	0.03034
2169.63501	0.03020
2167.70645	0.03045
2165.77788	0.03104
2163.84932	0.03141
2161.92075	0.03111
2159.99219	0.03007
2158.06362	0.02888
2156.13506	0.02829
2154.20649	0.02810
2152.27793	0.02796
2150.34937	0.02806
2148.42080	0.02852
2146.49224	0.02909
2144.56367	0.02945
2142.63511	0.02944
2140.70654	0.02922
2138.77798	0.02902
2136.84941	0.02878
2134.92085	0.02846
2132.99229	0.02830
2131.06372	0.02841
2129.13516	0.02868
2127.20659	0.02897
2125.27803	0.02910
2123.34946	0.02913
2121.42090	0.02929
2119.49233	0.02951
2117.56377	0.02958
2115.63521	0.02962
2113.70664	0.02966
2111.77808	0.02967
2109.84951	0.02965
2107.92095	0.02962
2105.99238	0.02963
2104.06382	0.02971
2102.13525	0.02980
2100.20669	0.02979
2098.27812	0.02961
2096.34956	0.02934
2094.42100	0.02917
2092.49243	0.02920
2090.56387	0.02931
2088.63530	0.02934
2086.70674	0.02935
2084.77817	0.02948
2082.84961	0.02963
2080.92104	0.02963
2078.99248	0.02959
2077.06392	0.02960
2075.13535	0.02955
2073.20679	0.02939
2071.27822	0.02931
2069.34966	0.02936
2067.42109	0.02942
2065.49253	0.02940
2063.56396	0.02922
2061.63540	0.02911
2059.70684	0.02925
2057.77827	0.02942
2055.84971	0.02949
2053.92114	0.02961
2051.99258	0.02985
2050.06401	0.03002
2048.13545	0.02993
2046.20688	0.02969
2044.27832	0.02960
2042.34976	0.02978
2040.42119	0.02992
2038.49263	0.02979
2036.56406	0.02960
2034.63550	0.02953
2032.70693	0.02968
2030.77837	0.03009
2028.84980	0.03032
2026.92124	0.03013
2024.99268	0.02979
2023.06411	0.02970
2021.13555	0.02997
2019.20698	0.03018
2017.27842	0.02993
2015.34985	0.02953
2013.42129	0.02946
2011.49272	0.02961
2009.56416	0.02954
2007.63560	0.02904
2005.70703	0.02853
2003.77847	0.02855
2001.84990	0.02896
1999.92134	0.02931
1997.99277	0.02945
1996.06421	0.02948
1994.13564	0.02945
1992.20708	0.02919
1990.27852	0.02879
1988.34995	0.02861
1986.42139	0.02881
1984.49282	0.02936
1982.56426	0.02998
1980.63569	0.03006
1978.70713	0.02931
1976.77856	0.02842
1974.85000	0.02817
1972.92144	0.02843
1970.99287	0.02870
1969.06431	0.02878
1967.13574	0.02873
1965.20718	0.02851
1963.27861	0.02801
1961.35005	0.02732
1959.42148	0.02704
1957.49292	0.02748
1955.56436	0.02816
1953.63579	0.02851
1951.70723	0.02847
1949.77866	0.02832
1947.85010	0.02822
1945.92153	0.02808
1943.99297	0.02787
1942.06440	0.02766
1940.13584	0.02761
1938.20728	0.02781
1936.27871	0.02798
1934.35015	0.02794
1932.42158	0.02784
1930.49302	0.02785
1928.56445	0.02797
1926.63589	0.02808
1924.70732	0.02805
1922.77876	0.02798
1920.85020	0.02806
1918.92163	0.02828
1916.99307	0.02842
1915.06450	0.02844
1913.13594	0.02845
1911.20737	0.02852
1909.27881	0.02860
1907.35024	0.02862
1905.42168	0.02863
1903.49312	0.02865
1901.56455	0.02865
1899.63599	0.02869
1897.70742	0.02877
1895.77886	0.02877
1893.85029	0.02873
1891.92173	0.02869
1889.99316	0.02858
1888.06460	0.02838
1886.13604	0.02820
1884.20747	0.02808
1882.27891	0.02804
1880.35034	0.02809
1878.42178	0.02819
1876.49321	0.02827
1874.56465	0.02823
1872.63608	0.02807
1870.70752	0.02790
1868.77896	0.02788
1866.85039	0.02797
1864.92183	0.02802
1862.99326	0.02797
1861.06470	0.02790
1859.13613	0.02792
1857.20757	0.02800
1855.27900	0.02802
1853.35044	0.02799
1851.42187	0.02797
1849.49331	0.02795
1847.56475	0.02791
1845.63618	0.02787
1843.70762	0.02793
1841.77905	0.02804
1839.85049	0.02808
1837.92192	0.02804
1835.99336	0.02801
1834.06479	0.02802
1832.13623	0.02802
1830.20767	0.02803
1828.27910	0.02809
1826.35054	0.02822
1824.42197	0.02844
1822.49341	0.02863
1820.56484	0.02872
1818.63628	0.02873
1816.70771	0.02873
1814.77915	0.02878
1812.85059	0.02888
1810.92202	0.02901
1808.99346	0.02917
1807.06489	0.02927
1805.13633	0.02928
1803.20776	0.02928
1801.27920	0.02938
1799.35063	0.02959
1797.42207	0.02980
1795.49351	0.02995
1793.56494	0.03011
1791.63638	0.03035
1789.70781	0.03063
1787.77925	0.03088
1785.85068	0.03107
1783.92212	0.03118
1781.99355	0.03125
1780.06499	0.03136
1778.13643	0.03152
1776.20786	0.03166
1774.27930	0.03176
1772.35073	0.03192
1770.42217	0.03219
1768.49360	0.03247
1766.56504	0.03272
1764.63647	0.03293
1762.70791	0.03314
1760.77935	0.03339
1758.85078	0.03363
1756.92222	0.03384
1754.99365	0.03410
1753.06509	0.03447
1751.13652	0.03499
1749.20796	0.03565
1747.27939	0.03636
1745.35083	0.03704
1743.42227	0.03769
1741.49370	0.03841
1739.56514	0.03922
1737.63657	0.03989
1735.70801	0.04037
1733.77944	0.04086
1731.85088	0.04145
1729.92231	0.04205
1727.99375	0.04276
1726.06519	0.04378
1724.13662	0.04516
1722.20806	0.04659
1720.27949	0.04770
1718.35093	0.04852
1716.42236	0.04923
1714.49380	0.04980
1712.56523	0.05005
1710.63667	0.04997
1708.70811	0.04971
1706.77954	0.04940
1704.85098	0.04908
1702.92241	0.04881
1700.99385	0.04868
1699.06528	0.04870
1697.13672	0.04869
1695.20815	0.04862
1693.27959	0.04852
1691.35103	0.04843
1689.42246	0.04836
1687.49390	0.04834
1685.56533	0.04852
1683.63677	0.04905
1681.70820	0.04968
1679.77964	0.05014
1677.85107	0.05053
1675.92251	0.05103
1673.99395	0.05160
1672.06538	0.05214
1670.13682	0.05276
1668.20825	0.05352
1666.27969	0.05420
1664.35112	0.05480
1662.42256	0.05544
1660.49399	0.05600
1658.56543	0.05638
1656.63687	0.05658
1654.70830	0.05675
1652.77974	0.05708
1650.85117	0.05748
1648.92261	0.05782
1646.99404	0.05835
1645.06548	0.05914
1643.13691	0.05987
1641.20835	0.06025
1639.27979	0.06024
1637.35122	0.06000
1635.42266	0.05985
1633.49409	0.05989
1631.56553	0.05990
1629.63696	0.05976
1627.70840	0.05954
1625.77983	0.05928
1623.85127	0.05898
1621.92271	0.05861
1619.99414	0.05816
1618.06558	0.05762
1616.13701	0.05711
1614.20845	0.05667
1612.27988	0.05617
1610.35132	0.05560
1608.42275	0.05509
1606.49419	0.05467
1604.56562	0.05426
1602.63706	0.05381
1600.70850	0.05336
1598.77993	0.05293
1596.85137	0.05257
1594.92280	0.05224
1592.99424	0.05190
1591.06567	0.05152
1589.13711	0.05112
1587.20854	0.05074
1585.27998	0.05037
1583.35142	0.05001
1581.42285	0.04964
1579.49429	0.04921
1577.56572	0.04875
1575.63716	0.04841
1573.70859	0.04823
1571.78003	0.04809
1569.85146	0.04796
1567.92290	0.04789
1565.99434	0.04786
1564.06577	0.04780
1562.13721	0.04771
1560.20864	0.04767
1558.28008	0.04782
1556.35151	0.04809
1554.42295	0.04829
1552.49438	0.04836
1550.56582	0.04834
1548.63726	0.04828
1546.70869	0.04818
1544.78013	0.04796
1542.85156	0.04761
1540.92300	0.04724
1538.99443	0.04705
1537.06587	0.04694
1535.13730	0.04674
1533.20874	0.04647
1531.28018	0.04624
1529.35161	0.04601
1527.42305	0.04569
1525.49448	0.04525
1523.56592	0.04476
1521.63735	0.04436
1519.70879	0.04410
1517.78022	0.04391
1515.85166	0.04367
1513.92310	0.04330
1511.99453	0.04284
1510.06597	0.04237
1508.13740	0.04187
1506.20884	0.04139
1504.28027	0.04106
1502.35171	0.04080
1500.42314	0.04051
1498.49458	0.04023
1496.56602	0.03997
1494.63745	0.03973
1492.70889	0.03947
1490.78032	0.03923
1488.85176	0.03911
1486.92319	0.03915
1484.99463	0.03938
1483.06606	0.03996
1481.13750	0.04155
1479.20894	0.04705
1477.28037	0.06377
1475.35181	0.09817
1473.42324	0.13962
1471.49468	0.15930
1469.56611	0.14884
1467.63755	0.13159
1465.70898	0.12707
1463.78042	0.13349
1461.85186	0.13504
1459.92329	0.12347
1457.99473	0.10516
1456.06616	0.09073
1454.13760	0.08332
1452.20903	0.07927
1450.28047	0.07597
1448.35190	0.07319
1446.42334	0.07110
1444.49478	0.06961
1442.56621	0.06851
1440.63765	0.06764
1438.70908	0.06692
1436.78052	0.06621
1434.85195	0.06545
1432.92339	0.06457
1430.99482	0.06354
1429.06626	0.06250
1427.13770	0.06162
1425.20913	0.06091
1423.28057	0.06033
1421.35200	0.05989
1419.42344	0.05968
1417.49487	0.05969
1415.56631	0.05976
1413.63774	0.05979
1411.70918	0.05969
1409.78062	0.05941
1407.85205	0.05898
1405.92349	0.05849
1403.99492	0.05799
1402.06636	0.05751
1400.13779	0.05703
1398.20923	0.05656
1396.28066	0.05617
1394.35210	0.05589
1392.42354	0.05569
1390.49497	0.05558
1388.56641	0.05562
1386.63784	0.05589
1384.70928	0.05645
1382.78071	0.05746
1380.85215	0.05903
1378.92358	0.06083
1376.99502	0.06210
1375.06646	0.06240
1373.13789	0.06193
1371.20933	0.06125
1369.28076	0.06063
1367.35220	0.06004
1365.42363	0.05946
1363.49507	0.05890
1361.56650	0.05834
1359.63794	0.05782
1357.70937	0.05740
1355.78081	0.05713
1353.85225	0.05698
1351.92368	0.05680
1349.99512	0.05650
1348.06655	0.05616
1346.13799	0.05582
1344.20942	0.05553
1342.28086	0.05528
1340.35229	0.05504
1338.42373	0.05473
1336.49517	0.05434
1334.56660	0.05396
1332.63804	0.05368
1330.70947	0.05351
1328.78091	0.05344
1326.85234	0.05345
1324.92378	0.05353
1322.99521	0.05367
1321.06665	0.05388
1319.13809	0.05411
1317.20952	0.05430
1315.28096	0.05443
1313.35239	0.05458
1311.42383	0.05479
1309.49526	0.05500
1307.56670	0.05513
1305.63813	0.05522
1303.70957	0.05532
1301.78101	0.05542
1299.85244	0.05553
1297.92388	0.05566
1295.99531	0.05578
1294.06675	0.05585
1292.13818	0.05589
1290.20962	0.05597
1288.28105	0.05609
1286.35249	0.05627
1284.42393	0.05651
1282.49536	0.05677
1280.56680	0.05702
1278.63823	0.05730
1276.70967	0.05764
1274.78110	0.05801
1272.85254	0.05839
1270.92397	0.05878
1268.99541	0.05919
1267.06685	0.05959
1265.13828	0.05993
1263.20972	0.06022
1261.28115	0.06051
1259.35259	0.06082
1257.42402	0.06110
1255.49546	0.06135
1253.56689	0.06156
1251.63833	0.06175
1249.70977	0.06192
1247.78120	0.06207
1245.85264	0.06217
1243.92407	0.06225
1241.99551	0.06230
1240.06694	0.06233
1238.13838	0.06238
1236.20981	0.06240
1234.28125	0.06242
1232.35269	0.06247
1230.42412	0.06252
1228.49556	0.06251
1226.56699	0.06250
1224.63843	0.06252
1222.70986	0.06251
1220.78130	0.06244
1218.85273	0.06236
1216.92417	0.06226
1214.99561	0.06217
1213.06704	0.06209
1211.13848	0.06196
1209.20991	0.06176
1207.28135	0.06158
1205.35278	0.06143
1203.42422	0.06124
1201.49565	0.06100
1199.56709	0.06074
1197.63853	0.06041
1195.70996	0.06005
1193.78140	0.05974
1191.85283	0.05952
1189.92427	0.05939
1187.99570	0.05937
1186.06714	0.05947
1184.13857	0.05972
1182.21001	0.06009
1180.28145	0.06065
1178.35288	0.06137
1176.42432	0.06211
1174.49575	0.06281
1172.56719	0.06356
1170.63862	0.06434
1168.71006	0.06508
1166.78149	0.06578
1164.85293	0.06644
1162.92437	0.06701
1160.99580	0.06750
1159.06724	0.06790
1157.13867	0.06819
1155.21011	0.06838
1153.28154	0.06849
1151.35298	0.06856
1149.42441	0.06865
1147.49585	0.06879
1145.56729	0.06892
1143.63872	0.06905
1141.71016	0.06926
1139.78159	0.06954
1137.85303	0.06986
1135.92446	0.07030
1133.99590	0.07091
1132.06733	0.07164
1130.13877	0.07231
1128.21021	0.07286
1126.28164	0.07336
1124.35308	0.07387
1122.42451	0.07434
1120.49595	0.07477
1118.56738	0.07522
1116.63882	0.07571
1114.71025	0.07625
1112.78169	0.07685
1110.85312	0.07749
1108.92456	0.07816
1106.99600	0.07890
1105.06743	0.07971
1103.13887	0.08057
1101.21030	0.08145
1099.28174	0.08234
1097.35317	0.08322
1095.42461	0.08419
1093.49604	0.08528
1091.56748	0.08644
1089.63892	0.08761
1087.71035	0.08876
1085.78179	0.08982
1083.85322	0.09078
1081.92466	0.09166
1079.99609	0.09250
1078.06753	0.09331
1076.13896	0.09407
1074.21040	0.09470
1072.28184	0.09522
1070.35327	0.09565
1068.42471	0.09604
1066.49614	0.09642
1064.56758	0.09674
1062.63901	0.09704
1060.71045	0.09740
1058.78188	0.09778
1056.85332	0.09812
1054.92476	0.09839
1052.99619	0.09871
1051.06763	0.09920
1049.13906	0.09969
1047.21050	0.10010
1045.28193	0.10057
1043.35337	0.10108
1041.42480	0.10143
1039.49624	0.10160
1037.56768	0.10167
1035.63911	0.10168
1033.71055	0.10162
1031.78198	0.10146
1029.85342	0.10118
1027.92485	0.10079
1025.99629	0.10032
1024.06772	0.09982
1022.13916	0.09924
1020.21060	0.09855
1018.28203	0.09783
1016.35347	0.09716
1014.42490	0.09647
1012.49634	0.09572
1010.56777	0.09485
1008.63921	0.09389
1006.71064	0.09296
1004.78208	0.09216
1002.85352	0.09149
1000.92495	0.09094
998.99639	0.09051
997.06782	0.09009
995.13926	0.08957
993.21069	0.08893
991.28213	0.08815
989.35356	0.08700
987.42500	0.08550
985.49644	0.08397
983.56787	0.08258
981.63931	0.08130
979.71074	0.08024
977.78218	0.07945
975.85361	0.07882
973.92505	0.07825
971.99648	0.07772
970.06792	0.07729
968.13936	0.07696
966.21079	0.07661
964.28223	0.07612
962.35366	0.07532
960.42510	0.07409
958.49653	0.07268
956.56797	0.07153
954.63940	0.07072
952.71084	0.07001
950.78228	0.06929
948.85371	0.06869
946.92515	0.06829
944.99658	0.06790
943.06802	0.06751
941.13945	0.06722
939.21089	0.06701
937.28232	0.06680
935.35376	0.06655
933.42520	0.06630
931.49663	0.06612
929.56807	0.06601
927.63950	0.06587
925.71094	0.06576
923.78237	0.06580
921.85381	0.06599
919.92524	0.06634
917.99668	0.06687
916.06812	0.06765
914.13955	0.06898
912.21099	0.07100
910.28242	0.07316
908.35386	0.07433
906.42529	0.07370
904.49673	0.07174
902.56816	0.06960
900.63960	0.06792
898.71104	0.06675
896.78247	0.06592
894.85391	0.06523
892.92534	0.06474
890.99678	0.06458
889.06821	0.06455
887.13965	0.06434
885.21108	0.06393
883.28252	0.06341
881.35396	0.06276
879.42539	0.06210
877.49683	0.06156
875.56826	0.06111
873.63970	0.06075
871.71113	0.06050
869.78257	0.06035
867.85400	0.06027
865.92544	0.06017
863.99687	0.06008
862.06831	0.06009
860.13975	0.06013
858.21118	0.06017
856.28262	0.06016
854.35405	0.06012
852.42549	0.06013
850.49692	0.06026
848.56836	0.06035
846.63979	0.06036
844.71123	0.06043
842.78267	0.06068
840.85410	0.06099
838.92554	0.06110
836.99697	0.06099
835.06841	0.06093
833.13984	0.06109
831.21128	0.06127
829.28271	0.06148
827.35415	0.06191
825.42559	0.06237
823.49702	0.06258
821.56846	0.06274
819.63989	0.06307
817.71133	0.06337
815.78276	0.06356
813.85420	0.06383
811.92563	0.06417
809.99707	0.06440
808.06851	0.06450
806.13994	0.06453
804.21138	0.06456
802.28281	0.06469
800.35425	0.06504
798.42568	0.06541
796.49712	0.06559
794.56855	0.06569
792.63999	0.06578
790.71143	0.06580
788.78286	0.06581
786.85430	0.06595
784.92573	0.06624
782.99717	0.06657
781.06860	0.06693
779.14004	0.06724
777.21147	0.06732
775.28291	0.06731
773.35435	0.06740
771.42578	0.06753
769.49722	0.06777
767.56865	0.06813
765.64009	0.06833
763.71152	0.06840
761.78296	0.06857
759.85439	0.06883
757.92583	0.06908
755.99727	0.06935
754.06870	0.06967
752.14014	0.06998
750.21157	0.07029
748.28301	0.07071
746.35444	0.07115
744.42588	0.07147
742.49731	0.07173
740.56875	0.07227
738.64019	0.07384
736.71162	0.07817
734.78306	0.08983
732.85449	0.11253
730.92593	0.13582
728.99736	0.14073
727.06880	0.12970
725.14023	0.12251
723.21167	0.13220
721.28311	0.16036
719.35454	0.19448
717.42598	0.21074
715.49741	0.19733
713.56885	0.16710
711.64028	0.13961
709.71172	0.12246
707.78315	0.11297
705.85459	0.10748
703.92603	0.10414
701.99746	0.10196
700.06890	0.10031
698.14033	0.09890
696.21177	0.09781
694.28320	0.09710
692.35464	0.09661
690.42607	0.09633
688.49751	0.09634
686.56895	0.09633
684.64038	0.09601
682.71182	0.09556
680.78325	0.09527
678.85469	0.09511
676.92612	0.09505
674.99756	0.09507
673.06899	0.09504
671.14043	0.09472
669.21187	0.09428
667.28330	0.09437
665.35474	0.09447
663.42617	0.09428
661.49761	0.09394
659.56904	0.09392
657.64048	0.09418
655.71191	0.09438
653.78335	0.09458
651.85479	0.09510
649.92622	0.09580
647.99766	0.09622
646.06909	0.09627
644.14053	0.09622
642.21196	0.09631
640.28340	0.09659
638.35483	0.09701
636.42627	0.09734
634.49771	0.09752
632.56914	0.09761
630.64058	0.09752
628.71201	0.09733
626.78345	0.09741
624.85488	0.09792
622.92632	0.09860
620.99775	0.09903
619.06919	0.09925
617.14062	0.09965
615.21206	0.10029
613.28350	0.10075
611.35493	0.10056
609.42637	0.09977
607.49780	0.09915
605.56924	0.09949
603.64067	0.10026
601.71211	0.10042
599.78354	0.10000
