3997.91411	-0.05957
3995.98555	-0.05956
3994.05698	-0.05962
3992.12842	-0.05971
3990.19985	-0.05981
3988.27129	-0.05978
3986.34272	-0.05964
3984.41416	-0.05965
3982.48560	-0.05984
3980.55703	-0.05988
3978.62847	-0.05971
3976.69990	-0.05971
3974.77134	-0.06003
3972.84277	-0.06023
3970.91421	-0.06011
3968.98564	-0.05998
3967.05708	-0.06011
3965.12852	-0.06040
3963.19995	-0.06050
3961.27139	-0.06031
3959.34282	-0.06015
3957.41426	-0.06021
3955.48569	-0.06030
3953.55713	-0.06038
3951.62856	-0.06061
3949.70000	-0.06087
3947.77144	-0.06086
3945.84287	-0.06064
3943.91431	-0.06051
3941.98574	-0.06037
3940.05718	-0.06012
3938.12861	-0.05994
3936.20005	-0.06004
3934.27148	-0.06053
3932.34292	-0.06101
3930.41436	-0.06100
3928.48579	-0.06073
3926.55723	-0.06058
3924.62866	-0.06056
3922.70010	-0.06052
3920.77153	-0.06049
3918.84297	-0.06045
3916.91440	-0.06035
3914.98584	-0.06020
3913.05728	-0.06013
3911.12871	-0.06024
3909.20015	-0.06057
3907.27158	-0.06116
3905.34302	-0.06184
3903.41445	-0.06210
3901.48589	-0.06184
3899.55732	-0.06145
3897.62876	-0.06104
3895.70020	-0.06076
3893.77163	-0.06081
3891.84307	-0.06087
3889.91450	-0.06068
3887.98594	-0.06070
3886.05737	-0.06114
3884.12881	-0.06155
3882.20024	-0.06173
3880.27168	-0.06167
3878.34312	-0.06127
3876.41455	-0.06107
3874.48599	-0.06134
3872.55742	-0.06181
3870.62886	-0.06207
3868.70029	-0.06187
3866.77173	-0.06177
3864.84316	-0.06203
3862.91460	-0.06193
3860.98604	-0.06141
3859.05747	-0.06119
3857.12891	-0.06151
3855.20034	-0.06232
3853.27178	-0.06297
3851.34321	-0.06246
3849.41465	-0.06158
3847.48608	-0.06111
3845.55752	-0.06114
3843.62896	-0.06156
3841.70039	-0.06208
3839.77183	-0.06245
3837.84326	-0.06249
3835.91470	-0.06230
3833.98613	-0.06211
3832.05757	-0.06189
3830.12900	-0.06167
3828.20044	-0.06160
3826.27187	-0.06165
3824.34331	-0.06187
3822.41475	-0.06233
3820.48618	-0.06256
3818.55762	-0.06232
3816.62905	-0.06199
3814.70049	-0.06149
3812.77192	-0.06105
3810.84336	-0.06100
3808.91479	-0.06131
3806.98623	-0.06161
3805.05767	-0.06165
3803.12910	-0.06174
3801.20054	-0.06188
3799.27197	-0.06180
3797.34341	-0.06161
3795.41484	-0.06124
3793.48628	-0.06083
3791.55771	-0.06066
3789.62915	-0.06063
3787.70059	-0.06072
3785.77202	-0.06085
3783.84346	-0.06088
3781.91489	-0.06101
3779.98633	-0.06124
3778.05776	-0.06113
3776.12920	-0.06075
3774.20063	-0.06064
3772.27207	-0.06088
3770.34351	-0.06108
3768.41494	-0.06091
3766.48638	-0.06072
3764.55781	-0.06075
3762.62925	-0.06093
3760.70068	-0.06128
3758.77212	-0.06154
3756.84355	-0.06160
3754.91499	-0.06193
3752.98643	-0.06266
3751.05786	-0.06326
3749.12930	-0.06329
3747.20073	-0.06324
3745.27217	-0.06337
3743.34360	-0.06315
3741.41504	-0.06268
3739.48647	-0.06268
3737.55791	-0.06338
3735.62935	-0.06418
3733.70078	-0.06416
3731.77222	-0.06354
3729.84365	-0.06316
3727.91509	-0.06319
3725.98652	-0.06333
3724.05796	-0.06324
3722.12939	-0.06285
3720.20083	-0.06238
3718.27227	-0.06204
3716.34370	-0.06195
3714.41514	-0.06243
3712.48657	-0.06338
3710.55801	-0.06384
3708.62944	-0.06344
3706.70088	-0.06304
3704.77231	-0.06321
3702.84375	-0.06374
3700.91519	-0.06403
3698.98662	-0.06399
3697.05806	-0.06405
3695.12949	-0.06442
3693.20093	-0.06511
3691.27236	-0.06602
3689.34380	-0.06653
3687.41523	-0.06617
3685.48667	-0.06547
3683.55811	-0.06483
3681.62954	-0.06454
3679.70098	-0.06488
3677.77241	-0.06590
3675.84385	-0.06691
3673.91528	-0.06681
3671.98672	-0.06639
3670.05815	-0.06634
3668.12959	-0.06585
3666.20103	-0.06512
3664.27246	-0.06486
3662.34390	-0.06497
3660.41533	-0.06510
3658.48677	-0.06521
3656.55820	-0.06525
3654.62964	-0.06518
3652.70107	-0.06537
3650.77251	-0.06600
3648.84395	-0.06637
3646.91538	-0.06581
3644.98682	-0.06488
3643.05825	-0.06417
3641.12969	-0.06369
3639.20112	-0.06340
3637.27256	-0.06343
3635.34399	-0.06359
3633.41543	-0.06368
3631.48687	-0.06398
3629.55830	-0.06435
3627.62974	-0.06396
3625.70117	-0.06332
3623.77261	-0.06319
3621.84404	-0.06337
3619.91548	-0.06353
3617.98691	-0.06350
3616.05835	-0.06336
3614.12979	-0.06321
3612.20122	-0.06301
3610.27266	-0.06285
3608.34409	-0.06275
3606.41553	-0.06257
3604.48696	-0.06246
3602.55840	-0.06266
3600.62983	-0.06303
3598.70127	-0.06314
3596.77271	-0.06291
3594.84414	-0.06251
3592.91558	-0.06215
3590.98701	-0.06226
3589.05845	-0.06295
3587.12988	-0.06341
3585.20132	-0.06288
3583.27275	-0.06215
3581.34419	-0.06195
3579.41562	-0.06205
3577.48706	-0.06201
3575.55850	-0.06179
3573.62993	-0.06163
3571.70137	-0.06194
3569.77280	-0.06282
3567.84424	-0.06367
3565.91567	-0.06366
3563.98711	-0.06285
3562.05854	-0.06205
3560.12998	-0.06171
3558.20142	-0.06159
3556.27285	-0.06149
3554.34429	-0.06165
3552.41572	-0.06198
3550.48716	-0.06209
3548.55859	-0.06212
3546.63003	-0.06225
3544.70146	-0.06224
3542.77290	-0.06195
3540.84434	-0.06151
3538.91577	-0.06109
3536.98721	-0.06074
3535.05864	-0.06041
3533.13008	-0.06032
3531.20151	-0.06075
3529.27295	-0.06143
3527.34438	-0.06174
3525.41582	-0.06159
3523.48726	-0.06134
3521.55869	-0.06113
3519.63013	-0.06102
3517.70156	-0.06090
3515.77300	-0.06075
3513.84443	-0.06074
3511.91587	-0.06078
3509.98730	-0.06082
3508.05874	-0.06098
3506.13018	-0.06127
3504.20161	-0.06153
3502.27305	-0.06156
3500.34448	-0.06156
3498.41592	-0.06167
3496.48735	-0.06160
3494.55879	-0.06148
3492.63022	-0.06150
3490.70166	-0.06143
3488.77310	-0.06122
3486.84453	-0.06105
3484.91597	-0.06098
3482.98740	-0.06100
3481.05884	-0.06100
3479.13027	-0.06100
3477.20171	-0.06123
3475.27314	-0.06149
3473.34458	-0.06149
3471.41602	-0.06126
3469.48745	-0.06115
3467.55889	-0.06124
3465.63032	-0.06130
3463.70176	-0.06126
3461.77319	-0.06120
3459.84463	-0.06119
3457.91606	-0.06144
3455.98750	-0.06179
3454.05894	-0.06172
3452.13037	-0.06141
3450.20181	-0.06137
3448.27324	-0.06157
3446.34468	-0.06162
3444.41611	-0.06137
3442.48755	-0.06110
3440.55898	-0.06105
3438.63042	-0.06118
3436.70186	-0.06131
3434.77329	-0.06131
3432.84473	-0.06131
3430.91616	-0.06145
3428.98760	-0.06157
3427.05903	-0.06139
3425.13047	-0.06119
3423.20190	-0.06134
3421.27334	-0.06145
3419.34478	-0.06124
3417.41621	-0.06092
3415.48765	-0.06073
3413.55908	-0.06094
3411.63052	-0.06148
3409.70195	-0.06178
3407.77339	-0.06160
3405.84482	-0.06137
3403.91626	-0.06138
3401.98770	-0.06148
3400.05913	-0.06156
3398.13057	-0.06156
3396.20200	-0.06140
3394.27344	-0.06116
3392.34487	-0.06096
3390.41631	-0.06098
3388.48774	-0.06130
3386.55918	-0.06152
3384.63062	-0.06131
3382.70205	-0.06098
3380.77349	-0.06092
3378.84492	-0.06109
3376.91636	-0.06128
3374.98779	-0.06145
3373.05923	-0.06164
3371.13066	-0.06190
3369.20210	-0.06208
3367.27354	-0.06201
3365.34497	-0.06169
3363.41641	-0.06135
3361.48784	-0.06129
3359.55928	-0.06133
3357.63071	-0.06131
3355.70215	-0.06128
3353.77358	-0.06118
3351.84502	-0.06118
3349.91646	-0.06149
3347.98789	-0.06176
3346.05933	-0.06175
3344.13076	-0.06181
3342.20220	-0.06197
3340.27363	-0.06189
3338.34507	-0.06168
3336.41650	-0.06163
3334.48794	-0.06168
3332.55937	-0.06152
3330.63081	-0.06127
3328.70225	-0.06137
3326.77368	-0.06163
3324.84512	-0.06178
3322.91655	-0.06200
3320.98799	-0.06230
3319.05942	-0.06241
3317.13086	-0.06222
3315.20229	-0.06193
3313.27373	-0.06183
3311.34517	-0.06195
3309.41660	-0.06202
3307.48804	-0.06170
3305.55947	-0.06125
3303.63091	-0.06130
3301.70234	-0.06170
3299.77378	-0.06202
3297.84521	-0.06220
3295.91665	-0.06214
3293.98809	-0.06198
3292.05952	-0.06200
3290.13096	-0.06208
3288.20239	-0.06205
3286.27383	-0.06201
3284.34526	-0.06209
3282.41670	-0.06233
3280.48813	-0.06246
3278.55957	-0.06232
3276.63101	-0.06218
3274.70244	-0.06221
3272.77388	-0.06225
3270.84531	-0.06233
3268.91675	-0.06253
3266.98818	-0.06262
3265.05962	-0.06235
3263.13105	-0.06196
3261.20249	-0.06188
3259.27393	-0.06215
3257.34536	-0.06244
3255.41680	-0.06258
3253.48823	-0.06251
3251.55967	-0.06228
3249.63110	-0.06216
3247.70254	-0.06223
3245.77397	-0.06237
3243.84541	-0.06255
3241.91685	-0.06270
3239.98828	-0.06273
3238.05972	-0.06269
3236.13115	-0.06269
3234.20259	-0.06272
3232.27402	-0.06274
3230.34546	-0.06272
3228.41689	-0.06270
3226.48833	-0.06267
3224.55977	-0.06256
3222.63120	-0.06239
3220.70264	-0.06222
3218.77407	-0.06217
3216.84551	-0.06235
3214.91694	-0.06255
3212.98838	-0.06261
3211.05981	-0.06269
3209.13125	-0.06274
3207.20269	-0.06266
3205.27412	-0.06266
3203.34556	-0.06269
3201.41699	-0.06259
3199.48843	-0.06252
3197.55986	-0.06249
3195.63130	-0.06237
3193.70273	-0.06222
3191.77417	-0.06223
3189.84561	-0.06245
3187.91704	-0.06271
3185.98848	-0.06274
3184.05991	-0.06263
3182.13135	-0.06260
3180.20278	-0.06268
3178.27422	-0.06275
3176.34565	-0.06268
3174.41709	-0.06256
3172.48853	-0.06253
3170.55996	-0.06250
3168.63140	-0.06245
3166.70283	-0.06251
3164.77427	-0.06269
3162.84570	-0.06291
3160.91714	-0.06302
3158.98857	-0.06289
3157.06001	-0.06275
3155.13145	-0.06291
3153.20288	-0.06329
3151.27432	-0.06340
3149.34575	-0.06323
3147.41719	-0.06314
3145.48862	-0.06309
3143.56006	-0.06293
3141.63149	-0.06283
3139.70293	-0.06297
3137.77437	-0.06313
3135.84580	-0.06312
3133.91724	-0.06303
3131.98867	-0.06300
3130.06011	-0.06308
3128.13154	-0.06313
3126.20298	-0.06315
3124.27441	-0.06323
3122.34585	-0.06345
3120.41729	-0.06387
3118.48872	-0.06428
3116.56016	-0.06445
3114.63159	-0.06441
3112.70303	-0.06431
3110.77446	-0.06436
3108.84590	-0.06459
3106.91733	-0.06475
3104.98877	-0.06470
3103.06021	-0.06454
3101.13164	-0.06441
3099.20308	-0.06434
3097.27451	-0.06434
3095.34595	-0.06431
3093.41738	-0.06430
3091.48882	-0.06449
3089.56025	-0.06459
3087.63169	-0.06434
3085.70312	-0.06417
3083.77456	-0.06429
3081.84600	-0.06451
3079.91743	-0.06474
3077.98887	-0.06482
3076.06030	-0.06470
3074.13174	-0.06464
3072.20317	-0.06473
3070.27461	-0.06484
3068.34604	-0.06497
3066.41748	-0.06506
3064.48892	-0.06503
3062.56035	-0.06494
3060.63179	-0.06495
3058.70322	-0.06502
3056.77466	-0.06503
3054.84609	-0.06514
3052.91753	-0.06550
3050.98896	-0.06585
3049.06040	-0.06601
3047.13184	-0.06607
3045.20327	-0.06601
3043.27471	-0.06595
3041.34614	-0.06597
3039.41758	-0.06614
3037.48901	-0.06650
3035.56045	-0.06684
3033.63188	-0.06706
3031.70332	-0.06732
3029.77476	-0.06762
3027.84619	-0.06793
3025.91763	-0.06820
3023.98906	-0.06839
3022.06050	-0.06866
3020.13193	-0.06912
3018.20337	-0.06961
3016.27480	-0.06986
3014.34624	-0.06995
3012.41768	-0.07005
3010.48911	-0.07022
3008.56055	-0.07045
3006.63198	-0.07064
3004.70342	-0.07074
3002.77485	-0.07066
3000.84629	-0.07037
2998.91772	-0.07008
2996.98916	-0.06980
2995.06060	-0.06918
2993.13203	-0.06836
2991.20347	-0.06781
2989.27490	-0.06710
2987.34634	-0.06534
2985.41777	-0.06245
2983.48921	-0.05906
2981.56064	-0.05563
2979.63208	-0.05207
2977.70352	-0.04801
2975.77495	-0.04337
2973.84639	-0.03794
2971.91782	-0.03138
2969.98926	-0.02377
2968.06069	-0.01552
2966.13213	-0.00705
2964.20356	0.00110
2962.27500	0.00820
2960.34644	0.01375
2958.41787	0.01793
2956.48931	0.02140
2954.56074	0.02461
2952.63218	0.02735
2950.70361	0.02827
2948.77505	0.02570
2946.84648	0.01956
2944.91792	0.01168
2942.98936	0.00430
2941.06079	-0.00079
2939.13223	-0.00270
2937.20366	-0.00152
2935.27510	0.00223
2933.34653	0.00794
2931.41797	0.01487
2929.48940	0.02240
2927.56084	0.02991
2925.63228	0.03665
2923.70371	0.04228
2921.77515	0.04696
2919.84658	0.05069
2917.91802	0.05284
2915.98945	0.05265
2914.06089	0.05038
2912.13232	0.04717
2910.20376	0.04390
2908.27520	0.04065
2906.34663	0.03712
2904.41807	0.03295
2902.48950	0.02811
2900.56094	0.02339
2898.63237	0.01952
2896.70381	0.01610
2894.77524	0.01277
2892.84668	0.00992
2890.91812	0.00794
2888.98955	0.00683
2887.06099	0.00632
2885.13242	0.00640
2883.20386	0.00719
2881.27529	0.00857
2879.34673	0.01006
2877.41816	0.01111
2875.48960	0.01157
2873.56104	0.01184
2871.63247	0.01236
2869.70391	0.01299
2867.77534	0.01282
2865.84678	0.01048
2863.91821	0.00532
2861.98965	-0.00165
2860.06108	-0.00860
2858.13252	-0.01411
2856.20396	-0.01751
2854.27539	-0.01889
2852.34683	-0.01853
2850.41826	-0.01638
2848.48970	-0.01234
2846.56113	-0.00684
2844.63257	-0.00062
2842.70400	0.00541
2840.77544	0.01023
2838.84687	0.01280
2836.91831	0.01212
2834.98975	0.00792
2833.06118	0.00128
2831.13262	-0.00603
2829.20405	-0.01275
2827.27549	-0.01818
2825.34692	-0.02213
2823.41836	-0.02496
2821.48979	-0.02722
2819.56123	-0.02918
2817.63267	-0.03076
2815.70410	-0.03193
2813.77554	-0.03285
2811.84697	-0.03381
2809.91841	-0.03486
2807.98984	-0.03583
2806.06128	-0.03674
2804.13271	-0.03766
2802.20415	-0.03850
2800.27559	-0.03923
2798.34702	-0.03993
2796.41846	-0.04064
2794.48989	-0.04129
2792.56133	-0.04185
2790.63276	-0.04245
2788.70420	-0.04305
2786.77563	-0.04359
2784.84707	-0.04410
2782.91851	-0.04455
2780.98994	-0.04495
2779.06138	-0.04532
2777.13281	-0.04565
2775.20425	-0.04599
2773.27568	-0.04636
2771.34712	-0.04662
2769.41855	-0.04678
2767.48999	-0.04695
2765.56143	-0.04714
2763.63286	-0.04734
2761.70430	-0.04750
2759.77573	-0.04759
2757.84717	-0.04768
2755.91860	-0.04785
2753.99004	-0.04807
2752.06147	-0.04827
2750.13291	-0.04838
2748.20435	-0.04840
2746.27578	-0.04834
2744.34722	-0.04822
2742.41865	-0.04808
2740.49009	-0.04798
2738.56152	-0.04788
2736.63296	-0.04776
2734.70439	-0.04769
2732.77583	-0.04760
2730.84727	-0.04735
2728.91870	-0.04701
2726.99014	-0.04672
2725.06157	-0.04653
2723.13301	-0.04644
2721.20444	-0.04640
2719.27588	-0.04651
2717.34731	-0.04679
2715.41875	-0.04716
2713.49019	-0.04758
2711.56162	-0.04802
2709.63306	-0.04843
2707.70449	-0.04876
2705.77593	-0.04896
2703.84736	-0.04903
2701.91880	-0.04904
2699.99023	-0.04915
2698.06167	-0.04934
2696.13311	-0.04944
2694.20454	-0.04939
2692.27598	-0.04934
2690.34741	-0.04935
2688.41885	-0.04941
2686.49028	-0.04947
2684.56172	-0.04958
2682.63315	-0.04971
2680.70459	-0.04983
2678.77603	-0.04993
2676.84746	-0.04997
2674.91890	-0.04998
2672.99033	-0.04997
2671.06177	-0.04993
2669.13320	-0.04994
2667.20464	-0.05000
2665.27607	-0.04994
2663.34751	-0.04974
2661.41895	-0.04947
2659.49038	-0.04932
2657.56182	-0.04928
2655.63325	-0.04924
2653.70469	-0.04925
2651.77612	-0.04938
2649.84756	-0.04951
2647.91899	-0.04951
2645.99043	-0.04937
2644.06187	-0.04930
2642.13330	-0.04941
2640.20474	-0.04961
2638.27617	-0.04976
2636.34761	-0.04979
2634.41904	-0.04971
2632.49048	-0.04963
2630.56191	-0.04963
2628.63335	-0.04963
2626.70479	-0.04955
2624.77622	-0.04939
2622.84766	-0.04926
2620.91909	-0.04922
2618.99053	-0.04924
2617.06196	-0.04928
2615.13340	-0.04926
2613.20483	-0.04918
2611.27627	-0.04918
2609.34771	-0.04929
2607.41914	-0.04946
2605.49058	-0.04967
2603.56201	-0.04987
2601.63345	-0.04997
2599.70488	-0.05002
2597.77632	-0.05004
2595.84775	-0.05002
2593.91919	-0.04994
2591.99062	-0.04979
2590.06206	-0.04958
2588.13350	-0.04935
2586.20493	-0.04920
2584.27637	-0.04917
2582.34780	-0.04923
2580.41924	-0.04933
2578.49067	-0.04953
2576.56211	-0.04978
2574.63354	-0.04999
2572.70498	-0.05011
2570.77642	-0.05007
2568.84785	-0.04995
2566.91929	-0.04999
2564.99072	-0.05025
2563.06216	-0.05054
2561.13359	-0.05076
2559.20503	-0.05086
2557.27646	-0.05080
2555.34790	-0.05063
2553.41934	-0.05039
2551.49077	-0.05025
2549.56221	-0.05048
2547.63364	-0.05087
2545.70508	-0.05105
2543.77651	-0.05102
2541.84795	-0.05099
2539.91938	-0.05099
2537.99082	-0.05095
2536.06226	-0.05089
2534.13369	-0.05086
2532.20513	-0.05092
2530.27656	-0.05113
2528.34800	-0.05131
2526.41943	-0.05132
2524.49087	-0.05135
2522.56230	-0.05148
2520.63374	-0.05157
2518.70518	-0.05154
2516.77661	-0.05152
2514.84805	-0.05157
2512.91948	-0.05156
2510.99092	-0.05154
2509.06235	-0.05159
2507.13379	-0.05167
2505.20522	-0.05170
2503.27666	-0.05166
2501.34810	-0.05163
2499.41953	-0.05173
2497.49097	-0.05191
2495.56240	-0.05198
2493.63384	-0.05184
2491.70527	-0.05162
2489.77671	-0.05146
2487.84814	-0.05137
2485.91958	-0.05132
2483.99102	-0.05133
2482.06245	-0.05142
2480.13389	-0.05155
2478.20532	-0.05163
2476.27676	-0.05164
2474.34819	-0.05161
2472.41963	-0.05163
2470.49106	-0.05174
2468.56250	-0.05188
2466.63394	-0.05182
2464.70537	-0.05150
2462.77681	-0.05122
2460.84824	-0.05116
2458.91968	-0.05123
2456.99111	-0.05129
2455.06255	-0.05127
2453.13398	-0.05127
2451.20542	-0.05136
2449.27686	-0.05140
2447.34829	-0.05128
2445.41973	-0.05114
2443.49116	-0.05114
2441.56260	-0.05128
2439.63403	-0.05137
2437.70547	-0.05131
2435.77690	-0.05131
2433.84834	-0.05133
2431.91978	-0.05120
2429.99121	-0.05106
2428.06265	-0.05106
2426.13408	-0.05108
2424.20552	-0.05110
2422.27695	-0.05118
2420.34839	-0.05124
2418.41982	-0.05118
2416.49126	-0.05113
2414.56270	-0.05118
2412.63413	-0.05124
2410.70557	-0.05129
2408.77700	-0.05144
2406.84844	-0.05155
2404.91987	-0.05143
2402.99131	-0.05124
2401.06274	-0.05116
2399.13418	-0.04996
2397.20562	-0.04976
2395.27705	-0.05026
2393.34849	-0.05085
2391.41992	-0.05140
2389.49136	-0.05199
2387.56279	-0.05272
2385.63423	-0.05357
2383.70566	-0.05434
2381.77710	-0.05480
2379.84854	-0.05483
2377.91997	-0.05438
2375.99141	-0.05363
2374.06284	-0.05295
2372.13428	-0.05265
2370.20571	-0.05285
2368.27715	-0.05256
2366.34858	-0.05234
2364.42002	-0.05314
2362.49146	-0.05281
2360.56289	-0.05354
2358.63433	-0.05511
2356.70576	-0.05300
2354.77720	-0.05568
2352.84863	-0.05795
2350.92007	-0.05768
2348.99150	-0.05751
2347.06294	-0.05528
2345.13437	-0.05262
2343.20581	-0.05412
2341.27725	-0.05911
2339.34868	-0.06042
2337.42012	-0.05762
2335.49155	-0.05304
2333.56299	-0.04991
2331.63442	-0.04895
2329.70586	-0.04896
2327.77729	-0.04933
2325.84873	-0.04878
2323.92017	-0.04784
2321.99160	-0.04759
2320.06304	-0.04776
2318.13447	-0.04822
2316.20591	-0.04863
2314.27734	-0.04888
2312.34878	-0.04936
2310.42021	-0.05012
2308.49165	-0.05071
2306.56309	-0.05116
2304.63452	-0.05118
2302.70596	-0.05073
2300.77739	-0.05015
2298.84883	-0.04958
2296.92026	-0.04916
2294.99170	-0.04894
2293.06313	-0.04869
2291.13457	-0.04809
2289.20601	-0.04747
2287.27744	-0.04698
2285.34888	-0.04668
2283.42031	-0.04673
2281.49175	-0.04693
2279.56318	-0.04701
2277.63462	-0.04696
2275.70605	-0.04695
2273.77749	-0.04713
2271.84893	-0.04737
2269.92036	-0.04751
2267.99180	-0.04762
2266.06323	-0.04782
2264.13467	-0.04798
2262.20610	-0.04791
2260.27754	-0.04764
2258.34897	-0.04742
2256.42041	-0.04750
2254.49185	-0.04781
2252.56328	-0.04819
2250.63472	-0.04836
2248.70615	-0.04762
2246.77759	-0.04748
2244.84902	-0.04744
2242.92046	-0.04734
2240.99189	-0.04701
2239.06333	-0.04668
2237.13477	-0.04668
2235.20620	-0.04686
2233.27764	-0.04695
2231.34907	-0.04695
2229.42051	-0.04697
2227.49194	-0.04700
2225.56338	-0.04682
2223.63481	-0.04638
2221.70625	-0.04599
2219.77769	-0.04600
2217.84912	-0.04634
2215.92056	-0.04645
2213.99199	-0.04623
2212.06343	-0.04621
2210.13486	-0.04656
2208.20630	-0.04679
2206.27773	-0.04652
2204.34917	-0.04613
2202.42061	-0.04611
2200.49204	-0.04629
2198.56348	-0.04632
2196.63491	-0.04619
2194.70635	-0.04584
2192.77778	-0.04555
2190.84922	-0.04559
2188.92065	-0.04546
2186.99209	-0.04512
2185.06353	-0.04531
2183.13496	-0.04597
2181.20640	-0.04625
2179.27783	-0.04595
2177.34927	-0.04574
2175.42070	-0.04567
2173.49214	-0.04531
2171.56357	-0.04471
2169.63501	-0.04406
2167.70645	-0.04349
2165.77788	-0.04310
2163.84932	-0.04294
2161.92075	-0.04417
2159.99219	-0.04753
2158.06362	-0.05016
2156.13506	-0.04994
2154.20649	-0.04874
2152.27793	-0.04815
2150.34937	-0.04796
2148.42080	-0.04782
2146.49224	-0.04780
2144.56367	-0.04764
2142.63511	-0.04717
2140.70654	-0.04687
2138.77798	-0.04705
2136.84941	-0.04757
2134.92085	-0.04803
2132.99229	-0.04803
2131.06372	-0.04767
2129.13516	-0.04721
2127.20659	-0.04665
2125.27803	-0.04601
2123.34946	-0.04553
2121.42090	-0.04524
2119.49233	-0.04494
2117.56377	-0.04453
2115.63521	-0.04405
2113.70664	-0.04374
2111.77808	-0.04376
2109.84951	-0.04399
2107.92095	-0.04418
2105.99238	-0.04419
2104.06382	-0.04405
2102.13525	-0.04391
2100.20669	-0.04387
2098.27812	-0.04399
2096.34956	-0.04417
2094.42100	-0.04416
2092.49243	-0.04376
2090.56387	-0.04314
2088.63530	-0.04279
2086.70674	-0.04285
2084.77817	-0.04291
2082.84961	-0.04272
2080.92104	-0.04249
2078.99248	-0.04235
2077.06392	-0.04220
2075.13535	-0.04210
2073.20679	-0.04222
2071.27822	-0.04248
2069.34966	-0.04250
2067.42109	-0.04215
2065.49253	-0.04196
2063.56396	-0.04216
2061.63540	-0.04224
2059.70684	-0.04199
2057.77827	-0.04165
2055.84971	-0.04120
2053.92114	-0.04032
2051.99258	-0.03952
2050.06401	-0.03969
2048.13545	-0.04029
2046.20688	-0.04035
2044.27832	-0.04031
2042.34976	-0.04067
2040.42119	-0.04108
2038.49263	-0.04139
2036.56406	-0.04187
2034.63550	-0.04239
2032.70693	-0.04239
2030.77837	-0.04185
2028.84980	-0.04134
2026.92124	-0.04121
2024.99268	-0.04125
2023.06411	-0.04112
2021.13555	-0.04115
2019.20698	-0.04155
2017.27842	-0.04171
2015.34985	-0.04131
2013.42129	-0.04062
2011.49272	-0.04006
2009.56416	-0.03992
2007.63560	-0.04037
2005.70703	-0.04102
2003.77847	-0.04106
2001.84990	-0.04058
1999.92134	-0.04017
1997.99277	-0.03984
1996.06421	-0.03946
1994.13564	-0.03945
1992.20708	-0.03974
1990.27852	-0.03959
1988.34995	-0.03890
1986.42139	-0.03801
1984.49282	-0.03697
1982.56426	-0.03624
1980.63569	-0.03662
1978.70713	-0.03786
1976.77856	-0.03891
1974.85000	-0.03970
1972.92144	-0.04040
1970.99287	-0.04065
1969.06431	-0.04031
1967.13574	-0.03950
1965.20718	-0.03875
1963.27861	-0.03880
1961.35005	-0.03944
1959.42148	-0.03967
1957.49292	-0.03910
1955.56436	-0.03850
1953.63579	-0.03843
1951.70723	-0.03845
1949.77866	-0.03839
1947.85010	-0.03843
1945.92153	-0.03837
1943.99297	-0.03820
1942.06440	-0.03783
1940.13584	-0.03724
1938.20728	-0.03694
1936.27871	-0.03708
1934.35015	-0.03731
1932.42158	-0.03726
1930.49302	-0.03708
1928.56445	-0.03701
1926.63589	-0.03695
1924.70732	-0.03682
1922.77876	-0.03650
1920.85020	-0.03609
1918.92163	-0.03600
1916.99307	-0.03599
1915.06450	-0.03567
1913.13594	-0.03536
1911.20737	-0.03525
1909.27881	-0.03514
1907.35024	-0.03509
1905.42168	-0.03510
1903.49312	-0.03485
1901.56455	-0.03436
1899.63599	-0.03402
1897.70742	-0.03398
1895.77886	-0.03409
1893.85029	-0.03414
1891.92173	-0.03409
1889.99316	-0.03400
1888.06460	-0.03382
1886.13604	-0.03358
1884.20747	-0.03337
1882.27891	-0.03324
1880.35034	-0.03318
1878.42178	-0.03312
1876.49321	-0.03296
1874.56465	-0.03278
1872.63608	-0.03285
1870.70752	-0.03313
1868.77896	-0.03320
1866.85039	-0.03286
1864.92183	-0.03241
1862.99326	-0.03209
1861.06470	-0.03189
1859.13613	-0.03177
1857.20757	-0.03163
1855.27900	-0.03142
1853.35044	-0.03126
1851.42187	-0.03122
1849.49331	-0.03129
1847.56475	-0.03149
1845.63618	-0.03172
1843.70762	-0.03160
1841.77905	-0.03110
1839.85049	-0.03070
1837.92192	-0.03054
1835.99336	-0.03042
1834.06479	-0.03028
1832.13623	-0.03041
1830.20767	-0.03064
1828.27910	-0.03040
1826.35054	-0.02994
1824.42197	-0.02955
1822.49341	-0.02920
1820.56484	-0.02905
1818.63628	-0.02920
1816.70771	-0.02932
1814.77915	-0.02916
1812.85059	-0.02895
1810.92202	-0.02880
1808.99346	-0.02850
1807.06489	-0.02809
1805.13633	-0.02781
1803.20776	-0.02770
1801.27920	-0.02753
1799.35063	-0.02708
1797.42207	-0.02656
1795.49351	-0.02628
1793.56494	-0.02612
1791.63638	-0.02565
1789.70781	-0.02484
1787.77925	-0.02409
1785.85068	-0.02344
1783.92212	-0.02289
1781.99355	-0.02258
1780.06499	-0.02231
1778.13643	-0.02190
1776.20786	-0.02163
1774.27930	-0.02172
1772.35073	-0.02176
1770.42217	-0.02127
1768.49360	-0.02052
1766.56504	-0.01988
1764.63647	-0.01958
1762.70791	-0.01950
1760.77935	-0.01921
1758.85078	-0.01882
1756.92222	-0.01850
1754.99365	-0.01823
1753.06509	-0.01823
1751.13652	-0.01856
1749.20796	-0.01872
1747.27939	-0.01838
1745.35083	-0.01782
1743.42227	-0.01736
1741.49370	-0.01709
1739.56514	-0.01682
1737.63657	-0.01657
1735.70801	-0.01660
1733.77944	-0.01650
1731.85088	-0.01595
1729.92231	-0.01535
1727.99375	-0.01466
1726.06519	-0.01394
1724.13662	-0.01334
1722.20806	-0.01300
1720.27949	-0.01311
1718.35093	-0.01344
1716.42236	-0.01310
1714.49380	-0.01210
1712.56523	-0.01118
1710.63667	-0.01068
1708.70811	-0.01073
1706.77954	-0.01111
1704.85098	-0.01149
1702.92241	-0.01208
1700.99385	-0.01304
1699.06528	-0.01378
1697.13672	-0.01400
1695.20815	-0.01378
1693.27959	-0.01342
1691.35103	-0.01355
1689.42246	-0.01409
1687.49390	-0.01480
1685.56533	-0.01584
1683.63677	-0.01645
1681.70820	-0.01598
1679.77964	-0.01545
1677.85107	-0.01537
1675.92251	-0.01553
1673.99395	-0.01569
1672.06538	-0.01599
1670.13682	-0.01625
1668.20825	-0.01580
1666.27969	-0.01517
1664.35112	-0.01507
1662.42256	-0.01510
1660.49399	-0.01475
1658.56543	-0.01450
1656.63687	-0.01494
1654.70830	-0.01606
1652.77974	-0.01641
1650.85117	-0.01562
1648.92261	-0.01544
1646.99404	-0.01546
1645.06548	-0.01473
1643.13691	-0.01390
1641.20835	-0.01363
1639.27979	-0.01397
1637.35122	-0.01467
1635.42266	-0.01474
1633.49409	-0.01383
1631.56553	-0.01313
1629.63696	-0.01297
1627.70840	-0.01298
1625.77983	-0.01308
1623.85127	-0.01321
1621.92271	-0.01302
1619.99414	-0.01283
1618.06558	-0.01307
1616.13701	-0.01311
1614.20845	-0.01264
1612.27988	-0.01236
1610.35132	-0.01237
1608.42275	-0.01233
1606.49419	-0.01214
1604.56562	-0.01200
1602.63706	-0.01192
1600.70850	-0.01182
1598.77993	-0.01173
1596.85137	-0.01167
1594.92280	-0.01161
1592.99424	-0.01148
1591.06567	-0.01130
1589.13711	-0.01116
1587.20854	-0.01104
1585.27998	-0.01089
1583.35142	-0.01075
1581.42285	-0.01071
1579.49429	-0.01093
1577.56572	-0.01140
1575.63716	-0.01144
1573.70859	-0.01100
1571.78003	-0.01092
1569.85146	-0.01104
1567.92290	-0.01080
1565.99434	-0.01042
1564.06577	-0.01027
1562.13721	-0.01067
1560.20864	-0.01177
1558.28008	-0.01207
1556.35151	-0.01086
1554.42295	-0.00985
1552.49438	-0.00934
1550.56582	-0.00907
1548.63726	-0.00887
1546.70869	-0.00900
1544.78013	-0.00971
1542.85156	-0.01072
1540.92300	-0.01124
1538.99443	-0.01027
1537.06587	-0.00906
1535.13730	-0.00875
1533.20874	-0.00868
1531.28018	-0.00825
1529.35161	-0.00799
1527.42305	-0.00815
1525.49448	-0.00845
1523.56592	-0.00881
1521.63735	-0.00894
1519.70879	-0.00863
1517.78022	-0.00830
1515.85166	-0.00790
1513.92310	-0.00748
1511.99453	-0.00753
1510.06597	-0.00826
1508.13740	-0.00920
1506.20884	-0.00875
1504.28027	-0.00718
1502.35171	-0.00635
1500.42314	-0.00626
1498.49458	-0.00634
1496.56602	-0.00604
1494.63745	-0.00544
1492.70889	-0.00519
1490.78032	-0.00528
1488.85176	-0.00486
1486.92319	-0.00353
1484.99463	-0.00202
1483.06606	-0.00057
1481.13750	0.00112
1479.20894	0.00318
1477.28037	0.00568
1475.35181	0.00908
1473.42324	0.01477
1471.49468	0.02326
1469.56611	0.03178
1467.63755	0.03942
1465.70898	0.04763
1463.78042	0.05584
1461.85186	0.06143
1459.92329	0.06433
1457.99473	0.06655
1456.06616	0.06909
1454.13760	0.07042
1452.20903	0.06995
1450.28047	0.06756
1448.35190	0.06278
1446.42334	0.05614
1444.49478	0.04926
1442.56621	0.04323
1440.63765	0.03877
1438.70908	0.03590
1436.78052	0.03396
1434.85195	0.03158
1432.92339	0.02759
1430.99482	0.02239
1429.06626	0.01769
1427.13770	0.01454
1425.20913	0.01230
1423.28057	0.01056
1421.35200	0.00909
1419.42344	0.00756
1417.49487	0.00641
1415.56631	0.00573
1413.63774	0.00494
1411.70918	0.00395
1409.78062	0.00306
1407.85205	0.00236
1405.92349	0.00189
1403.99492	0.00191
1402.06636	0.00223
1400.13779	0.00242
1398.20923	0.00225
1396.28066	0.00169
1394.35210	0.00173
1392.42354	0.00361
1390.49497	0.00677
1388.56641	0.01104
1386.63784	0.01780
1384.70928	0.02788
1382.78071	0.04153
1380.85215	0.05892
1378.92358	0.07780
1376.99502	0.09178
1375.06646	0.09349
1373.13789	0.08248
1371.20933	0.06678
1369.28076	0.05286
1367.35220	0.04312
1365.42363	0.03777
1363.49507	0.03572
1361.56650	0.03585
1359.63794	0.03624
1357.70937	0.03496
1355.78081	0.03181
1353.85225	0.02801
1351.92368	0.02464
1349.99512	0.02189
1348.06655	0.01965
1346.13799	0.01783
1344.20942	0.01633
1342.28086	0.01505
1340.35229	0.01404
1338.42373	0.01353
1336.49517	0.01356
1334.56660	0.01384
1332.63804	0.01411
1330.70947	0.01420
1328.78091	0.01405
1326.85234	0.01363
1324.92378	0.01295
1322.99521	0.01217
1321.06665	0.01149
1319.13809	0.01096
1317.20952	0.01062
1315.28096	0.01042
1313.35239	0.01036
1311.42383	0.01062
1309.49526	0.01132
1307.56670	0.01245
1305.63813	0.01357
1303.70957	0.01402
1301.78101	0.01366
1299.85244	0.01311
1297.92388	0.01281
1295.99531	0.01261
1294.06675	0.01226
1292.13818	0.01169
1290.20962	0.01105
1288.28105	0.01046
1286.35249	0.00992
1284.42393	0.00945
1282.49536	0.00908
1280.56680	0.00880
1278.63823	0.00857
1276.70967	0.00836
1274.78110	0.00814
1272.85254	0.00793
1270.92397	0.00776
1268.99541	0.00762
1267.06685	0.00753
1265.13828	0.00756
1263.20972	0.00776
1261.28115	0.00821
1259.35259	0.00888
1257.42402	0.00958
1255.49546	0.00991
1253.56689	0.00952
1251.63833	0.00866
1249.70977	0.00805
1247.78120	0.00804
1245.85264	0.00826
1243.92407	0.00815
1241.99551	0.00797
1240.06694	0.00829
1238.13838	0.00878
1236.20981	0.00882
1234.28125	0.00859
1232.35269	0.00844
1230.42412	0.00848
1228.49556	0.00869
1226.56699	0.00901
1224.63843	0.00948
1222.70986	0.01017
1220.78130	0.01093
1218.85273	0.01150
1216.92417	0.01176
1214.99561	0.01179
1213.06704	0.01172
1211.13848	0.01164
1209.20991	0.01160
1207.28135	0.01160
1205.35278	0.01161
1203.42422	0.01171
1201.49565	0.01185
1199.56709	0.01192
1197.63853	0.01190
1195.70996	0.01184
1193.78140	0.01183
1191.85283	0.01188
1189.92427	0.01196
1187.99570	0.01219
1186.06714	0.01263
1184.13857	0.01312
1182.21001	0.01370
1180.28145	0.01457
1178.35288	0.01586
1176.42432	0.01768
1174.49575	0.02020
1172.56719	0.02340
1170.63862	0.02665
1168.71006	0.02894
1166.78149	0.02957
1164.85293	0.02882
1162.92437	0.02756
1160.99580	0.02646
1159.06724	0.02567
1157.13867	0.02516
1155.21011	0.02481
1153.28154	0.02425
1151.35298	0.02316
1149.42441	0.02155
1147.49585	0.01975
1145.56729	0.01802
1143.63872	0.01638
1141.71016	0.01488
1139.78159	0.01364
1137.85303	0.01261
1135.92446	0.01167
1133.99590	0.01093
1132.06733	0.01043
1130.13877	0.00999
1128.21021	0.00948
1126.28164	0.00897
1124.35308	0.00852
1122.42451	0.00809
1120.49595	0.00765
1118.56738	0.00723
1116.63882	0.00690
1114.71025	0.00665
1112.78169	0.00644
1110.85312	0.00629
1108.92456	0.00632
1106.99600	0.00645
1105.06743	0.00651
1103.13887	0.00636
1101.21030	0.00594
1099.28174	0.00536
1097.35317	0.00470
1095.42461	0.00397
1093.49604	0.00306
1091.56748	0.00166
1089.63892	-0.00003
1087.71035	-0.00144
1085.78179	-0.00257
1083.85322	-0.00391
1081.92466	-0.00550
1079.99609	-0.00702
1078.06753	-0.00814
1076.13896	-0.00874
1074.21040	-0.00885
1072.28184	-0.00858
1070.35327	-0.00857
1068.42471	-0.00959
1066.49614	-0.01066
1064.56758	-0.01011
1062.63901	-0.00859
1060.71045	-0.00804
1058.78188	-0.00862
1056.85332	-0.00897
1054.92476	-0.00860
1052.99619	-0.00812
1051.06763	-0.00776
1049.13906	-0.00720
1047.21050	-0.00649
1045.28193	-0.00584
1043.35337	-0.00527
1041.42480	-0.00473
1039.49624	-0.00423
1037.56768	-0.00358
1035.63911	-0.00243
1033.71055	-0.00101
1031.78198	-0.00010
1029.85342	-0.00025
1027.92485	-0.00068
1025.99629	-0.00016
1024.06772	0.00099
1022.13916	0.00173
1020.21060	0.00198
1018.28203	0.00215
1016.35347	0.00247
1014.42490	0.00307
1012.49634	0.00397
1010.56777	0.00517
1008.63921	0.00673
1006.71064	0.00891
1004.78208	0.01205
1002.85352	0.01644
1000.92495	0.02157
998.99639	0.02553
997.06782	0.02599
995.13926	0.02287
993.21069	0.01848
991.28213	0.01494
989.35356	0.01295
987.42500	0.01238
985.49644	0.01297
983.56787	0.01466
981.63931	0.01755
979.71074	0.02173
977.78218	0.02690
975.85361	0.03201
973.92505	0.03515
971.99648	0.03443
970.06792	0.03019
968.13936	0.02495
966.21079	0.02077
964.28223	0.01798
962.35366	0.01617
960.42510	0.01486
958.49653	0.01378
956.56797	0.01295
954.63940	0.01235
952.71084	0.01186
950.78228	0.01144
948.85371	0.01120
946.92515	0.01113
944.99658	0.01119
943.06802	0.01134
941.13945	0.01128
939.21089	0.01066
937.28232	0.00959
935.35376	0.00851
933.42520	0.00768
931.49663	0.00706
929.56807	0.00653
927.63950	0.00598
925.71094	0.00543
923.78237	0.00490
921.85381	0.00431
919.92524	0.00369
917.99668	0.00317
916.06812	0.00275
914.13955	0.00232
912.21099	0.00184
910.28242	0.00140
908.35386	0.00128
906.42529	0.00174
904.49673	0.00287
902.56816	0.00437
900.63960	0.00537
898.71104	0.00483
896.78247	0.00250
894.85391	-0.00069
892.92534	-0.00339
890.99678	-0.00484
889.06821	-0.00507
887.13965	-0.00464
885.21108	-0.00405
883.28252	-0.00341
881.35396	-0.00288
879.42539	-0.00249
877.49683	-0.00193
875.56826	-0.00122
873.63970	-0.00081
871.71113	-0.00075
869.78257	-0.00059
867.85400	-0.00023
865.92544	0.00005
863.99687	0.00020
862.06831	0.00032
860.13975	0.00042
858.21118	0.00060
856.28262	0.00096
854.35405	0.00161
852.42549	0.00248
850.49692	0.00364
848.56836	0.00569
846.63979	0.00918
844.71123	0.01413
842.78267	0.01880
840.85410	0.01951
838.92554	0.01507
836.99697	0.00901
835.06841	0.00465
833.13984	0.00205
831.21128	0.00028
829.28271	-0.00100
827.35415	-0.00202
825.42559	-0.00300
823.49702	-0.00368
821.56846	-0.00390
819.63989	-0.00386
817.71133	-0.00365
815.78276	-0.00332
813.85420	-0.00295
811.92563	-0.00264
809.99707	-0.00298
808.06851	-0.00484
806.13994	-0.00806
804.21138	-0.01143
802.28281	-0.01425
800.35425	-0.01671
798.42568	-0.01893
796.49712	-0.02078
794.56855	-0.02230
792.63999	-0.02376
790.71143	-0.02539
788.78286	-0.02723
786.85430	-0.02920
784.92573	-0.03123
782.99717	-0.03320
781.06860	-0.03495
779.14004	-0.03659
777.21147	-0.03861
775.28291	-0.04112
773.35435	-0.04373
771.42578	-0.04628
769.49722	-0.04885
767.56865	-0.05124
765.64009	-0.05321
763.71152	-0.05485
761.78296	-0.05623
759.85439	-0.05720
757.92583	-0.05779
755.99727	-0.05813
754.06870	-0.05837
752.14014	-0.05869
750.21157	-0.05938
748.28301	-0.06056
746.35444	-0.06183
744.42588	-0.06281
742.49731	-0.06355
740.56875	-0.06422
738.64019	-0.06470
736.71162	-0.06497
734.78306	-0.06515
732.85449	-0.06526
730.92593	-0.06532
728.99736	-0.06521
727.06880	-0.06513
725.14023	-0.06559
723.21167	-0.06676
721.28311	-0.06718
719.35454	-0.06732
717.42598	-0.06723
715.49741	-0.06666
713.56885	-0.06580
711.64028	-0.06472
709.71172	-0.06357
707.78315	-0.06258
705.85459	-0.06181
703.92603	-0.06115
701.99746	-0.06042
700.06890	-0.05947
698.14033	-0.05849
696.21177	-0.05778
694.28320	-0.05750
692.35464	-0.05738
690.42607	-0.05662
688.49751	-0.05494
686.56895	-0.05321
684.64038	-0.05203
682.71182	-0.05120
680.78325	-0.05017
678.85469	-0.04877
676.92612	-0.04759
674.99756	-0.04698
673.06899	-0.04600
671.14043	-0.04222
669.21187	-0.03682
667.28330	-0.03878
665.35474	-0.04060
663.42617	-0.04231
661.49761	-0.04264
659.56904	-0.04186
657.64048	-0.04057
655.71191	-0.03971
653.78335	-0.03977
651.85479	-0.03983
649.92622	-0.03976
647.99766	-0.04107
646.06909	-0.04424
644.14053	-0.04851
642.21196	-0.05450
640.28340	-0.06427
638.35483	-0.07995
636.42627	-0.10355
634.49771	-0.13462
632.56914	-0.16377
630.64058	-0.17415
628.71201	-0.15641
626.78345	-0.12314
624.85488	-0.09223
622.92632	-0.07054
620.99775	-0.05718
619.06919	-0.04925
617.14062	-0.04455
615.21206	-0.04125
613.28350	-0.03806
611.35493	-0.03534
609.42637	-0.03410
607.49780	-0.03402
605.56924	-0.03433
603.64067	-0.03538
601.71211	-0.03780
599.78354	-0.04047
