3997.91411	-0.05816
3995.98555	-0.05815
3994.05698	-0.05831
3992.12842	-0.05848
3990.19985	-0.05847
3988.27129	-0.05837
3986.34272	-0.05831
3984.41416	-0.05833
3982.48560	-0.05839
3980.55703	-0.05841
3978.62847	-0.05839
3976.69990	-0.05848
3974.77134	-0.05869
3972.84277	-0.05870
3970.91421	-0.05861
3968.98564	-0.05859
3967.05708	-0.05853
3965.12852	-0.05852
3963.19995	-0.05861
3961.27139	-0.05858
3959.34282	-0.05849
3957.41426	-0.05857
3955.48569	-0.05869
3953.55713	-0.05870
3951.62856	-0.05875
3949.70000	-0.05882
3947.77144	-0.05881
3945.84287	-0.05880
3943.91431	-0.05881
3941.98574	-0.05865
3940.05718	-0.05838
3938.12861	-0.05821
3936.20005	-0.05819
3934.27148	-0.05841
3932.34292	-0.05888
3930.41436	-0.05918
3928.48579	-0.05911
3926.55723	-0.05889
3924.62866	-0.05870
3922.70010	-0.05850
3920.77153	-0.05830
3918.84297	-0.05819
3916.91440	-0.05821
3914.98584	-0.05832
3913.05728	-0.05851
3911.12871	-0.05867
3909.20015	-0.05871
3907.27158	-0.05868
3905.34302	-0.05865
3903.41445	-0.05852
3901.48589	-0.05835
3899.55732	-0.05848
3897.62876	-0.05875
3895.70020	-0.05889
3893.77163	-0.05894
3891.84307	-0.05891
3889.91450	-0.05876
3887.98594	-0.05858
3886.05737	-0.05849
3884.12881	-0.05861
3882.20024	-0.05878
3880.27168	-0.05893
3878.34312	-0.05903
3876.41455	-0.05897
3874.48599	-0.05890
3872.55742	-0.05896
3870.62886	-0.05894
3868.70029	-0.05884
3866.77173	-0.05895
3864.84316	-0.05928
3862.91460	-0.05942
3860.98604	-0.05933
3859.05747	-0.05928
3857.12891	-0.05921
3855.20034	-0.05916
3853.27178	-0.05933
3851.34321	-0.05943
3849.41465	-0.05935
3847.48608	-0.05933
3845.55752	-0.05942
3843.62896	-0.05957
3841.70039	-0.05965
3839.77183	-0.05964
3837.84326	-0.05963
3835.91470	-0.05961
3833.98613	-0.05950
3832.05757	-0.05936
3830.12900	-0.05929
3828.20044	-0.05929
3826.27187	-0.05929
3824.34331	-0.05916
3822.41475	-0.05901
3820.48618	-0.05913
3818.55762	-0.05932
3816.62905	-0.05933
3814.70049	-0.05933
3812.77192	-0.05943
3810.84336	-0.05951
3808.91479	-0.05954
3806.98623	-0.05948
3805.05767	-0.05931
3803.12910	-0.05914
3801.20054	-0.05918
3799.27197	-0.05940
3797.34341	-0.05952
3795.41484	-0.05949
3793.48628	-0.05942
3791.55771	-0.05935
3789.62915	-0.05929
3787.70059	-0.05933
3785.77202	-0.05948
3783.84346	-0.05954
3781.91489	-0.05943
3779.98633	-0.05934
3778.05776	-0.05936
3776.12920	-0.05946
3774.20063	-0.05963
3772.27207	-0.05969
3770.34351	-0.05950
3768.41494	-0.05925
3766.48638	-0.05925
3764.55781	-0.05947
3762.62925	-0.05966
3760.70068	-0.05967
3758.77212	-0.05957
3756.84355	-0.05966
3754.91499	-0.05988
3752.98643	-0.05996
3751.05786	-0.06007
3749.12930	-0.06029
3747.20073	-0.06028
3745.27217	-0.06014
3743.34360	-0.06014
3741.41504	-0.06019
3739.48647	-0.06028
3737.55791	-0.06058
3735.62935	-0.06099
3733.70078	-0.06114
3731.77222	-0.06112
3729.84365	-0.06115
3727.91509	-0.06121
3725.98652	-0.06121
3724.05796	-0.06102
3722.12939	-0.06066
3720.20083	-0.06044
3718.27227	-0.06040
3716.34370	-0.06032
3714.41514	-0.06029
3712.48657	-0.06047
3710.55801	-0.06082
3708.62944	-0.06118
3706.70088	-0.06152
3704.77231	-0.06191
3702.84375	-0.06231
3700.91519	-0.06252
3698.98662	-0.06256
3697.05806	-0.06261
3695.12949	-0.06278
3693.20093	-0.06312
3691.27236	-0.06349
3689.34380	-0.06366
3687.41523	-0.06367
3685.48667	-0.06357
3683.55811	-0.06335
3681.62954	-0.06310
3679.70098	-0.06305
3677.77241	-0.06338
3675.84385	-0.06388
3673.91528	-0.06403
3671.98672	-0.06393
3670.05815	-0.06392
3668.12959	-0.06381
3666.20103	-0.06353
3664.27246	-0.06340
3662.34390	-0.06350
3660.41533	-0.06350
3658.48677	-0.06329
3656.55820	-0.06305
3654.62964	-0.06285
3652.70107	-0.06264
3650.77251	-0.06245
3648.84395	-0.06240
3646.91538	-0.06239
3644.98682	-0.06219
3643.05825	-0.06183
3641.12969	-0.06149
3639.20112	-0.06136
3637.27256	-0.06137
3635.34399	-0.06120
3633.41543	-0.06086
3631.48687	-0.06066
3629.55830	-0.06066
3627.62974	-0.06070
3625.70117	-0.06080
3623.77261	-0.06093
3621.84404	-0.06090
3619.91548	-0.06069
3617.98691	-0.06046
3616.05835	-0.06026
3614.12979	-0.06000
3612.20122	-0.05970
3610.27266	-0.05958
3608.34409	-0.05967
3606.41553	-0.05974
3604.48696	-0.05975
3602.55840	-0.05979
3600.62983	-0.05980
3598.70127	-0.05977
3596.77271	-0.05984
3594.84414	-0.05990
3592.91558	-0.05978
3590.98701	-0.05970
3589.05845	-0.05991
3587.12988	-0.06030
3585.20132	-0.06034
3583.27275	-0.06010
3581.34419	-0.06000
3579.41562	-0.05995
3577.48706	-0.05983
3575.55850	-0.05964
3573.62993	-0.05948
3571.70137	-0.05963
3569.77280	-0.06007
3567.84424	-0.06040
3565.91567	-0.06041
3563.98711	-0.06009
3562.05854	-0.05966
3560.12998	-0.05939
3558.20142	-0.05925
3556.27285	-0.05922
3554.34429	-0.05937
3552.41572	-0.05948
3550.48716	-0.05938
3548.55859	-0.05937
3546.63003	-0.05951
3544.70146	-0.05944
3542.77290	-0.05913
3540.84434	-0.05887
3538.91577	-0.05872
3536.98721	-0.05855
3535.05864	-0.05831
3533.13008	-0.05817
3531.20151	-0.05824
3529.27295	-0.05828
3527.34438	-0.05824
3525.41582	-0.05835
3523.48726	-0.05851
3521.55869	-0.05852
3519.63013	-0.05839
3517.70156	-0.05815
3515.77300	-0.05801
3513.84443	-0.05816
3511.91587	-0.05823
3509.98730	-0.05802
3508.05874	-0.05800
3506.13018	-0.05835
3504.20161	-0.05859
3502.27305	-0.05845
3500.34448	-0.05838
3498.41592	-0.05845
3496.48735	-0.05832
3494.55879	-0.05820
3492.63022	-0.05824
3490.70166	-0.05814
3488.77310	-0.05804
3486.84453	-0.05805
3484.91597	-0.05803
3482.98740	-0.05809
3481.05884	-0.05819
3479.13027	-0.05816
3477.20171	-0.05814
3475.27314	-0.05828
3473.34458	-0.05832
3471.41602	-0.05803
3469.48745	-0.05774
3467.55889	-0.05769
3465.63032	-0.05767
3463.70176	-0.05759
3461.77319	-0.05746
3459.84463	-0.05741
3457.91606	-0.05756
3455.98750	-0.05774
3454.05894	-0.05773
3452.13037	-0.05776
3450.20181	-0.05800
3448.27324	-0.05824
3446.34468	-0.05821
3444.41611	-0.05788
3442.48755	-0.05760
3440.55898	-0.05775
3438.63042	-0.05813
3436.70186	-0.05823
3434.77329	-0.05811
3432.84473	-0.05822
3430.91616	-0.05853
3428.98760	-0.05854
3427.05903	-0.05827
3425.13047	-0.05823
3423.20190	-0.05852
3421.27334	-0.05874
3419.34478	-0.05867
3417.41621	-0.05832
3415.48765	-0.05799
3413.55908	-0.05809
3411.63052	-0.05842
3409.70195	-0.05858
3407.77339	-0.05854
3405.84482	-0.05849
3403.91626	-0.05857
3401.98770	-0.05878
3400.05913	-0.05896
3398.13057	-0.05895
3396.20200	-0.05878
3394.27344	-0.05860
3392.34487	-0.05837
3390.41631	-0.05816
3388.48774	-0.05800
3386.55918	-0.05794
3384.63062	-0.05801
3382.70205	-0.05806
3380.77349	-0.05807
3378.84492	-0.05822
3376.91636	-0.05856
3374.98779	-0.05877
3373.05923	-0.05873
3371.13066	-0.05879
3369.20210	-0.05903
3367.27354	-0.05907
3365.34497	-0.05875
3363.41641	-0.05842
3361.48784	-0.05838
3359.55928	-0.05844
3357.63071	-0.05844
3355.70215	-0.05844
3353.77358	-0.05852
3351.84502	-0.05864
3349.91646	-0.05888
3347.98789	-0.05915
3346.05933	-0.05929
3344.13076	-0.05938
3342.20220	-0.05934
3340.27363	-0.05900
3338.34507	-0.05859
3336.41650	-0.05851
3334.48794	-0.05874
3332.55937	-0.05890
3330.63081	-0.05893
3328.70225	-0.05905
3326.77368	-0.05914
3324.84512	-0.05912
3322.91655	-0.05927
3320.98799	-0.05959
3319.05942	-0.05971
3317.13086	-0.05956
3315.20229	-0.05949
3313.27373	-0.05964
3311.34517	-0.05981
3309.41660	-0.05984
3307.48804	-0.05961
3305.55947	-0.05923
3303.63091	-0.05909
3301.70234	-0.05913
3299.77378	-0.05907
3297.84521	-0.05904
3295.91665	-0.05910
3293.98809	-0.05917
3292.05952	-0.05937
3290.13096	-0.05972
3288.20239	-0.05986
3286.27383	-0.05963
3284.34526	-0.05943
3282.41670	-0.05954
3280.48813	-0.05973
3278.55957	-0.05968
3276.63101	-0.05951
3274.70244	-0.05957
3272.77388	-0.05987
3270.84531	-0.06015
3268.91675	-0.06027
3266.98818	-0.06022
3265.05962	-0.05996
3263.13105	-0.05965
3261.20249	-0.05953
3259.27393	-0.05960
3257.34536	-0.05973
3255.41680	-0.05991
3253.48823	-0.06007
3251.55967	-0.06000
3249.63110	-0.05981
3247.70254	-0.05977
3245.77397	-0.05991
3243.84541	-0.06008
3241.91685	-0.06020
3239.98828	-0.06031
3238.05972	-0.06039
3236.13115	-0.06037
3234.20259	-0.06036
3232.27402	-0.06048
3230.34546	-0.06055
3228.41689	-0.06042
3226.48833	-0.06017
3224.55977	-0.05996
3222.63120	-0.05995
3220.70264	-0.06004
3218.77407	-0.06009
3216.84551	-0.06015
3214.91694	-0.06030
3212.98838	-0.06045
3211.05981	-0.06053
3209.13125	-0.06049
3207.20269	-0.06040
3205.27412	-0.06031
3203.34556	-0.06019
3201.41699	-0.06011
3199.48843	-0.06024
3197.55986	-0.06043
3195.63130	-0.06048
3193.70273	-0.06038
3191.77417	-0.06025
3189.84561	-0.06022
3187.91704	-0.06036
3185.98848	-0.06055
3184.05991	-0.06065
3182.13135	-0.06054
3180.20278	-0.06038
3178.27422	-0.06031
3176.34565	-0.06022
3174.41709	-0.06022
3172.48853	-0.06032
3170.55996	-0.06024
3168.63140	-0.06013
3166.70283	-0.06028
3164.77427	-0.06053
3162.84570	-0.06064
3160.91714	-0.06059
3158.98857	-0.06055
3157.06001	-0.06067
3155.13145	-0.06093
3153.20288	-0.06113
3151.27432	-0.06097
3149.34575	-0.06071
3147.41719	-0.06074
3145.48862	-0.06090
3143.56006	-0.06096
3141.63149	-0.06098
3139.70293	-0.06106
3137.77437	-0.06106
3135.84580	-0.06091
3133.91724	-0.06080
3131.98867	-0.06095
3130.06011	-0.06119
3128.13154	-0.06114
3126.20298	-0.06097
3124.27441	-0.06097
3122.34585	-0.06110
3120.41729	-0.06139
3118.48872	-0.06172
3116.56016	-0.06180
3114.63159	-0.06167
3112.70303	-0.06153
3110.77446	-0.06152
3108.84590	-0.06163
3106.91733	-0.06169
3104.98877	-0.06156
3103.06021	-0.06133
3101.13164	-0.06115
3099.20308	-0.06101
3097.27451	-0.06096
3095.34595	-0.06098
3093.41738	-0.06103
3091.48882	-0.06111
3089.56025	-0.06111
3087.63169	-0.06083
3085.70312	-0.06058
3083.77456	-0.06063
3081.84600	-0.06076
3079.91743	-0.06076
3077.98887	-0.06070
3076.06030	-0.06060
3074.13174	-0.06055
3072.20317	-0.06065
3070.27461	-0.06088
3068.34604	-0.06115
3066.41748	-0.06126
3064.48892	-0.06113
3062.56035	-0.06103
3060.63179	-0.06114
3058.70322	-0.06128
3056.77466	-0.06121
3054.84609	-0.06113
3052.91753	-0.06124
3050.98896	-0.06137
3049.06040	-0.06150
3047.13184	-0.06165
3045.20327	-0.06174
3043.27471	-0.06185
3041.34614	-0.06197
3039.41758	-0.06208
3037.48901	-0.06238
3035.56045	-0.06276
3033.63188	-0.06304
3031.70332	-0.06340
3029.77476	-0.06387
3027.84619	-0.06424
3025.91763	-0.06451
3023.98906	-0.06490
3022.06050	-0.06548
3020.13193	-0.06609
3018.20337	-0.06667
3016.27480	-0.06719
3014.34624	-0.06765
3012.41768	-0.06823
3010.48911	-0.06893
3008.56055	-0.06957
3006.63198	-0.07016
3004.70342	-0.07082
3002.77485	-0.07150
3000.84629	-0.07211
2998.91772	-0.07271
2996.98916	-0.07317
2995.06060	-0.07333
2993.13203	-0.07365
2991.20347	-0.07461
2989.27490	-0.07553
2987.34634	-0.07546
2985.41777	-0.07451
2983.48921	-0.07348
2981.56064	-0.07273
2979.63208	-0.07204
2977.70352	-0.07119
2975.77495	-0.07026
2973.84639	-0.06919
2971.91782	-0.06781
2969.98926	-0.06606
2968.06069	-0.06405
2966.13213	-0.06191
2964.20356	-0.05971
2962.27500	-0.05746
2960.34644	-0.05518
2958.41787	-0.05289
2956.48931	-0.05058
2954.56074	-0.04817
2952.63218	-0.04543
2950.70361	-0.04228
2948.77505	-0.03866
2946.84648	-0.03412
2944.91792	-0.02837
2942.98936	-0.02153
2941.06079	-0.01357
2939.13223	-0.00435
2937.20366	0.00605
2935.27510	0.01784
2933.34653	0.03128
2931.41797	0.04636
2929.48940	0.06324
2927.56084	0.08225
2925.63228	0.10360
2923.70371	0.12722
2921.77515	0.15183
2919.84658	0.17451
2917.91802	0.19142
2915.98945	0.19863
2914.06089	0.19430
2912.13232	0.18102
2910.20376	0.16382
2908.27520	0.14651
2906.34663	0.13087
2904.41807	0.11746
2902.48950	0.10622
2900.56094	0.09716
2898.63237	0.08986
2896.70381	0.08308
2894.77524	0.07607
2892.84668	0.06895
2890.91812	0.06183
2888.98955	0.05472
2887.06099	0.04766
2885.13242	0.04076
2883.20386	0.03409
2881.27529	0.02768
2879.34673	0.02150
2877.41816	0.01572
2875.48960	0.01084
2873.56104	0.00727
2871.63247	0.00504
2869.70391	0.00415
2867.77534	0.00474
2865.84678	0.00720
2863.91821	0.01238
2861.98965	0.02119
2860.06108	0.03445
2858.13252	0.05363
2856.20396	0.08050
2854.27539	0.11503
2852.34683	0.15256
2850.41826	0.18183
2848.48970	0.18967
2846.56113	0.17351
2844.63257	0.14401
2842.70400	0.11301
2840.77544	0.08623
2838.84687	0.06489
2836.91831	0.04850
2834.98975	0.03595
2833.06118	0.02629
2831.13262	0.01880
2829.20405	0.01276
2827.27549	0.00772
2825.34692	0.00354
2823.41836	0.00002
2821.48979	-0.00310
2819.56123	-0.00594
2817.63267	-0.00845
2815.70410	-0.01059
2813.77554	-0.01241
2811.84697	-0.01400
2809.91841	-0.01541
2807.98984	-0.01673
2806.06128	-0.01803
2804.13271	-0.01932
2802.20415	-0.02048
2800.27559	-0.02149
2798.34702	-0.02247
2796.41846	-0.02350
2794.48989	-0.02446
2792.56133	-0.02531
2790.63276	-0.02608
2788.70420	-0.02679
2786.77563	-0.02751
2784.84707	-0.02830
2782.91851	-0.02907
2780.98994	-0.02977
2779.06138	-0.03045
2777.13281	-0.03111
2775.20425	-0.03168
2773.27568	-0.03215
2771.34712	-0.03255
2769.41855	-0.03292
2767.48999	-0.03332
2765.56143	-0.03381
2763.63286	-0.03435
2761.70430	-0.03485
2759.77573	-0.03525
2757.84717	-0.03554
2755.91860	-0.03578
2753.99004	-0.03602
2752.06147	-0.03628
2750.13291	-0.03651
2748.20435	-0.03668
2746.27578	-0.03685
2744.34722	-0.03701
2742.41865	-0.03711
2740.49009	-0.03717
2738.56152	-0.03730
2736.63296	-0.03749
2734.70439	-0.03777
2732.77583	-0.03805
2730.84727	-0.03822
2728.91870	-0.03837
2726.99014	-0.03860
2725.06157	-0.03888
2723.13301	-0.03908
2721.20444	-0.03919
2719.27588	-0.03929
2717.34731	-0.03939
2715.41875	-0.03951
2713.49019	-0.03969
2711.56162	-0.03993
2709.63306	-0.04013
2707.70449	-0.04026
2705.77593	-0.04041
2703.84736	-0.04056
2701.91880	-0.04069
2699.99023	-0.04085
2698.06167	-0.04099
2696.13311	-0.04102
2694.20454	-0.04103
2692.27598	-0.04103
2690.34741	-0.04103
2688.41885	-0.04105
2686.49028	-0.04101
2684.56172	-0.04097
2682.63315	-0.04108
2680.70459	-0.04124
2678.77603	-0.04130
2676.84746	-0.04127
2674.91890	-0.04123
2672.99033	-0.04117
2671.06177	-0.04110
2669.13320	-0.04110
2667.20464	-0.04116
2665.27607	-0.04114
2663.34751	-0.04098
2661.41895	-0.04077
2659.49038	-0.04066
2657.56182	-0.04070
2655.63325	-0.04077
2653.70469	-0.04077
2651.77612	-0.04080
2649.84756	-0.04092
2647.91899	-0.04093
2645.99043	-0.04077
2644.06187	-0.04063
2642.13330	-0.04059
2640.20474	-0.04060
2638.27617	-0.04063
2636.34761	-0.04068
2634.41904	-0.04074
2632.49048	-0.04081
2630.56191	-0.04095
2628.63335	-0.04107
2626.70479	-0.04116
2624.77622	-0.04129
2622.84766	-0.04149
2620.91909	-0.04170
2618.99053	-0.04186
2617.06196	-0.04197
2615.13340	-0.04200
2613.20483	-0.04201
2611.27627	-0.04219
2609.34771	-0.04253
2607.41914	-0.04282
2605.49058	-0.04296
2603.56201	-0.04301
2601.63345	-0.04312
2599.70488	-0.04329
2597.77632	-0.04344
2595.84775	-0.04360
2593.91919	-0.04372
2591.99062	-0.04373
2590.06206	-0.04368
2588.13350	-0.04367
2586.20493	-0.04378
2584.27637	-0.04401
2582.34780	-0.04423
2580.41924	-0.04436
2578.49067	-0.04452
2576.56211	-0.04473
2574.63354	-0.04487
2572.70498	-0.04488
2570.77642	-0.04480
2568.84785	-0.04475
2566.91929	-0.04485
2564.99072	-0.04507
2563.06216	-0.04522
2561.13359	-0.04532
2559.20503	-0.04546
2557.27646	-0.04549
2555.34790	-0.04541
2553.41934	-0.04530
2551.49077	-0.04526
2549.56221	-0.04547
2547.63364	-0.04583
2545.70508	-0.04605
2543.77651	-0.04611
2541.84795	-0.04615
2539.91938	-0.04612
2537.99082	-0.04603
2536.06226	-0.04598
2534.13369	-0.04594
2532.20513	-0.04593
2530.27656	-0.04605
2528.34800	-0.04611
2526.41943	-0.04606
2524.49087	-0.04618
2522.56230	-0.04645
2520.63374	-0.04661
2518.70518	-0.04664
2516.77661	-0.04662
2514.84805	-0.04655
2512.91948	-0.04652
2510.99092	-0.04665
2509.06235	-0.04687
2507.13379	-0.04702
2505.20522	-0.04706
2503.27666	-0.04703
2501.34810	-0.04698
2499.41953	-0.04712
2497.49097	-0.04738
2495.56240	-0.04750
2493.63384	-0.04747
2491.70527	-0.04742
2489.77671	-0.04735
2487.84814	-0.04726
2485.91958	-0.04721
2483.99102	-0.04721
2482.06245	-0.04722
2480.13389	-0.04733
2478.20532	-0.04746
2476.27676	-0.04741
2474.34819	-0.04724
2472.41963	-0.04721
2470.49106	-0.04739
2468.56250	-0.04762
2466.63394	-0.04767
2464.70537	-0.04748
2462.77681	-0.04725
2460.84824	-0.04714
2458.91968	-0.04723
2456.99111	-0.04742
2455.06255	-0.04751
2453.13398	-0.04751
2451.20542	-0.04758
2449.27686	-0.04773
2447.34829	-0.04777
2445.41973	-0.04769
2443.49116	-0.04771
2441.56260	-0.04786
2439.63403	-0.04794
2437.70547	-0.04787
2435.77690	-0.04787
2433.84834	-0.04798
2431.91978	-0.04798
2429.99121	-0.04793
2428.06265	-0.04794
2426.13408	-0.04793
2424.20552	-0.04790
2422.27695	-0.04787
2420.34839	-0.04779
2418.41982	-0.04771
2416.49126	-0.04769
2414.56270	-0.04774
2412.63413	-0.04782
2410.70557	-0.04793
2408.77700	-0.04809
2406.84844	-0.04813
2404.91987	-0.04801
2402.99131	-0.04791
2401.06274	-0.04788
2399.13418	-0.04706
2397.20562	-0.04697
2395.27705	-0.04731
2393.34849	-0.04765
2391.41992	-0.04799
2389.49136	-0.04841
2387.56279	-0.04896
2385.63423	-0.04957
2383.70566	-0.05006
2381.77710	-0.05025
2379.84854	-0.05014
2377.91997	-0.04973
2375.99141	-0.04910
2374.06284	-0.04843
2372.13428	-0.04794
2370.20571	-0.04768
2368.27715	-0.04762
2366.34858	-0.04775
2364.42002	-0.04799
2362.49146	-0.04808
2360.56289	-0.04795
2358.63433	-0.04772
2356.70576	-0.04769
2354.77720	-0.04815
2352.84863	-0.04955
2350.92007	-0.05132
2348.99150	-0.05228
2347.06294	-0.05116
2345.13437	-0.04952
2343.20581	-0.04869
2341.27725	-0.04847
2339.34868	-0.04839
2337.42012	-0.04843
2335.49155	-0.04839
2333.56299	-0.04828
2331.63442	-0.04838
2329.70586	-0.04856
2327.77729	-0.04840
2325.84873	-0.04749
2323.92017	-0.04642
2321.99160	-0.04596
2320.06304	-0.04607
2318.13447	-0.04630
2316.20591	-0.04633
2314.27734	-0.04621
2312.34878	-0.04621
2310.42021	-0.04629
2308.49165	-0.04639
2306.56309	-0.04640
2304.63452	-0.04636
2302.70596	-0.04625
2300.77739	-0.04612
2298.84883	-0.04602
2296.92026	-0.04592
2294.99170	-0.04577
2293.06313	-0.04548
2291.13457	-0.04501
2289.20601	-0.04450
2287.27744	-0.04412
2285.34888	-0.04402
2283.42031	-0.04420
2281.49175	-0.04440
2279.56318	-0.04447
2277.63462	-0.04450
2275.70605	-0.04453
2273.77749	-0.04451
2271.84893	-0.04448
2269.92036	-0.04456
2267.99180	-0.04483
2266.06323	-0.04523
2264.13467	-0.04563
2262.20610	-0.04586
2260.27754	-0.04568
2258.34897	-0.04524
2256.42041	-0.04506
2254.49185	-0.04537
2252.56328	-0.04593
2250.63472	-0.04629
2248.70615	-0.04577
2246.77759	-0.04547
2244.84902	-0.04514
2242.92046	-0.04495
2240.99189	-0.04491
2239.06333	-0.04506
2237.13477	-0.04521
2235.20620	-0.04507
2233.27764	-0.04492
2231.34907	-0.04521
2229.42051	-0.04565
2227.49194	-0.04564
2225.56338	-0.04516
2223.63481	-0.04468
2221.70625	-0.04428
2219.77769	-0.04411
2217.84912	-0.04435
2215.92056	-0.04464
2213.99199	-0.04469
2212.06343	-0.04470
2210.13486	-0.04488
2208.20630	-0.04493
2206.27773	-0.04449
2204.34917	-0.04415
2202.42061	-0.04444
2200.49204	-0.04476
2198.56348	-0.04477
2196.63491	-0.04488
2194.70635	-0.04494
2192.77778	-0.04458
2190.84922	-0.04425
2188.92065	-0.04424
2186.99209	-0.04418
2185.06353	-0.04405
2183.13496	-0.04404
2181.20640	-0.04388
2179.27783	-0.04359
2177.34927	-0.04360
2175.42070	-0.04375
2173.49214	-0.04368
2171.56357	-0.04340
2169.63501	-0.04303
2167.70645	-0.04258
2165.77788	-0.04216
2163.84932	-0.04210
2161.92075	-0.04302
2159.99219	-0.04508
2158.06362	-0.04672
2156.13506	-0.04695
2154.20649	-0.04671
2152.27793	-0.04647
2150.34937	-0.04616
2148.42080	-0.04601
2146.49224	-0.04599
2144.56367	-0.04557
2142.63511	-0.04494
2140.70654	-0.04481
2138.77798	-0.04499
2136.84941	-0.04516
2134.92085	-0.04551
2132.99229	-0.04566
2131.06372	-0.04525
2129.13516	-0.04477
2127.20659	-0.04440
2125.27803	-0.04398
2123.34946	-0.04370
2121.42090	-0.04356
2119.49233	-0.04327
2117.56377	-0.04280
2115.63521	-0.04232
2113.70664	-0.04196
2111.77808	-0.04184
2109.84951	-0.04199
2107.92095	-0.04214
2105.99238	-0.04204
2104.06382	-0.04188
2102.13525	-0.04191
2100.20669	-0.04206
2098.27812	-0.04221
2096.34956	-0.04228
2094.42100	-0.04208
2092.49243	-0.04158
2090.56387	-0.04109
2088.63530	-0.04101
2086.70674	-0.04124
2084.77817	-0.04121
2082.84961	-0.04086
2080.92104	-0.04063
2078.99248	-0.04061
2077.06392	-0.04054
2075.13535	-0.04041
2073.20679	-0.04039
2071.27822	-0.04050
2069.34966	-0.04049
2067.42109	-0.04028
2065.49253	-0.04018
2063.56396	-0.04031
2061.63540	-0.04035
2059.70684	-0.04002
2057.77827	-0.03944
2055.84971	-0.03904
2053.92114	-0.03858
2051.99258	-0.03783
2050.06401	-0.03756
2048.13545	-0.03814
2046.20688	-0.03884
2044.27832	-0.03905
2042.34976	-0.03889
2040.42119	-0.03882
2038.49263	-0.03905
2036.56406	-0.03928
2034.63550	-0.03930
2032.70693	-0.03922
2030.77837	-0.03900
2028.84980	-0.03884
2026.92124	-0.03902
2024.99268	-0.03908
2023.06411	-0.03863
2021.13555	-0.03825
2019.20698	-0.03832
2017.27842	-0.03849
2015.34985	-0.03845
2013.42129	-0.03813
2011.49272	-0.03786
2009.56416	-0.03816
2007.63560	-0.03897
2005.70703	-0.03954
2003.77847	-0.03935
2001.84990	-0.03873
1999.92134	-0.03839
1997.99277	-0.03823
1996.06421	-0.03782
1994.13564	-0.03754
1992.20708	-0.03754
1990.27852	-0.03730
1988.34995	-0.03697
1986.42139	-0.03671
1984.49282	-0.03612
1982.56426	-0.03554
1980.63569	-0.03568
1978.70713	-0.03641
1976.77856	-0.03701
1974.85000	-0.03728
1972.92144	-0.03734
1970.99287	-0.03713
1969.06431	-0.03674
1967.13574	-0.03641
1965.20718	-0.03644
1963.27861	-0.03687
1961.35005	-0.03731
1959.42148	-0.03737
1957.49292	-0.03685
1955.56436	-0.03608
1953.63579	-0.03579
1951.70723	-0.03601
1949.77866	-0.03621
1947.85010	-0.03617
1945.92153	-0.03612
1943.99297	-0.03625
1942.06440	-0.03613
1940.13584	-0.03557
1938.20728	-0.03511
1936.27871	-0.03505
1934.35015	-0.03521
1932.42158	-0.03529
1930.49302	-0.03525
1928.56445	-0.03527
1926.63589	-0.03522
1924.70732	-0.03491
1922.77876	-0.03435
1920.85020	-0.03380
1918.92163	-0.03356
1916.99307	-0.03352
1915.06450	-0.03334
1913.13594	-0.03314
1911.20737	-0.03304
1909.27881	-0.03291
1907.35024	-0.03267
1905.42168	-0.03235
1903.49312	-0.03206
1901.56455	-0.03185
1899.63599	-0.03166
1897.70742	-0.03156
1895.77886	-0.03155
1893.85029	-0.03147
1891.92173	-0.03128
1889.99316	-0.03122
1888.06460	-0.03134
1886.13604	-0.03138
1884.20747	-0.03127
1882.27891	-0.03120
1880.35034	-0.03126
1878.42178	-0.03132
1876.49321	-0.03117
1874.56465	-0.03088
1872.63608	-0.03073
1870.70752	-0.03084
1868.77896	-0.03089
1866.85039	-0.03065
1864.92183	-0.03033
1862.99326	-0.03012
1861.06470	-0.02996
1859.13613	-0.02984
1857.20757	-0.02971
1855.27900	-0.02955
1853.35044	-0.02947
1851.42187	-0.02943
1849.49331	-0.02933
1847.56475	-0.02927
1845.63618	-0.02928
1843.70762	-0.02918
1841.77905	-0.02891
1839.85049	-0.02865
1837.92192	-0.02848
1835.99336	-0.02830
1834.06479	-0.02807
1832.13623	-0.02795
1830.20767	-0.02798
1828.27910	-0.02786
1826.35054	-0.02751
1824.42197	-0.02709
1822.49341	-0.02677
1820.56484	-0.02658
1818.63628	-0.02651
1816.70771	-0.02648
1814.77915	-0.02627
1812.85059	-0.02591
1810.92202	-0.02551
1808.99346	-0.02514
1807.06489	-0.02475
1805.13633	-0.02440
1803.20776	-0.02409
1801.27920	-0.02363
1799.35063	-0.02296
1797.42207	-0.02231
1795.49351	-0.02172
1793.56494	-0.02099
1791.63638	-0.02001
1789.70781	-0.01908
1787.77925	-0.01834
1785.85068	-0.01763
1783.92212	-0.01696
1781.99355	-0.01652
1780.06499	-0.01617
1778.13643	-0.01574
1776.20786	-0.01527
1774.27930	-0.01481
1772.35073	-0.01433
1770.42217	-0.01386
1768.49360	-0.01349
1766.56504	-0.01317
1764.63647	-0.01284
1762.70791	-0.01245
1760.77935	-0.01199
1758.85078	-0.01148
1756.92222	-0.01083
1754.99365	-0.01004
1753.06509	-0.00911
1751.13652	-0.00784
1749.20796	-0.00601
1747.27939	-0.00352
1745.35083	-0.00031
1743.42227	0.00326
1741.49370	0.00647
1739.56514	0.00862
1737.63657	0.00945
1735.70801	0.00935
1733.77944	0.00865
1731.85088	0.00770
1729.92231	0.00695
1727.99375	0.00666
1726.06519	0.00696
1724.13662	0.00779
1722.20806	0.00889
1720.27949	0.01006
1718.35093	0.01167
1716.42236	0.01387
1714.49380	0.01585
1712.56523	0.01721
1710.63667	0.01796
1708.70811	0.01808
1706.77954	0.01749
1704.85098	0.01617
1702.92241	0.01445
1700.99385	0.01241
1699.06528	0.01034
1697.13672	0.00857
1695.20815	0.00660
1693.27959	0.00461
1691.35103	0.00285
1689.42246	0.00129
1687.49390	0.00014
1685.56533	-0.00082
1683.63677	-0.00183
1681.70820	-0.00259
1679.77964	-0.00309
1677.85107	-0.00347
1675.92251	-0.00378
1673.99395	-0.00409
1672.06538	-0.00439
1670.13682	-0.00461
1668.20825	-0.00468
1666.27969	-0.00466
1664.35112	-0.00468
1662.42256	-0.00468
1660.49399	-0.00457
1658.56543	-0.00443
1656.63687	-0.00438
1654.70830	-0.00440
1652.77974	-0.00425
1650.85117	-0.00404
1648.92261	-0.00399
1646.99404	-0.00391
1645.06548	-0.00364
1643.13691	-0.00338
1641.20835	-0.00332
1639.27979	-0.00351
1637.35122	-0.00386
1635.42266	-0.00415
1633.49409	-0.00421
1631.56553	-0.00420
1629.63696	-0.00420
1627.70840	-0.00418
1625.77983	-0.00424
1623.85127	-0.00433
1621.92271	-0.00424
1619.99414	-0.00409
1618.06558	-0.00405
1616.13701	-0.00407
1614.20845	-0.00407
1612.27988	-0.00407
1610.35132	-0.00412
1608.42275	-0.00418
1606.49419	-0.00415
1604.56562	-0.00409
1602.63706	-0.00406
1600.70850	-0.00397
1598.77993	-0.00378
1596.85137	-0.00359
1594.92280	-0.00349
1592.99424	-0.00341
1591.06567	-0.00327
1589.13711	-0.00311
1587.20854	-0.00302
1585.27998	-0.00292
1583.35142	-0.00282
1581.42285	-0.00279
1579.49429	-0.00280
1577.56572	-0.00280
1575.63716	-0.00275
1573.70859	-0.00273
1571.78003	-0.00278
1569.85146	-0.00280
1567.92290	-0.00270
1565.99434	-0.00256
1564.06577	-0.00241
1562.13721	-0.00225
1560.20864	-0.00208
1558.28008	-0.00177
1556.35151	-0.00157
1554.42295	-0.00151
1552.49438	-0.00145
1550.56582	-0.00144
1548.63726	-0.00147
1546.70869	-0.00148
1544.78013	-0.00144
1542.85156	-0.00151
1540.92300	-0.00163
1538.99443	-0.00151
1537.06587	-0.00131
1535.13730	-0.00118
1533.20874	-0.00106
1531.28018	-0.00098
1529.35161	-0.00091
1527.42305	-0.00081
1525.49448	-0.00079
1523.56592	-0.00087
1521.63735	-0.00085
1519.70879	-0.00073
1517.78022	-0.00073
1515.85166	-0.00077
1513.92310	-0.00079
1511.99453	-0.00088
1510.06597	-0.00106
1508.13740	-0.00115
1506.20884	-0.00099
1504.28027	-0.00079
1502.35171	-0.00068
1500.42314	-0.00054
1498.49458	-0.00035
1496.56602	-0.00023
1494.63745	-0.00017
1492.70889	-0.00013
1490.78032	-0.00004
1488.85176	0.00025
1486.92319	0.00085
1484.99463	0.00172
1483.06606	0.00320
1481.13750	0.00638
1479.20894	0.01383
1477.28037	0.03089
1475.35181	0.06170
1473.42324	0.09829
1471.49468	0.11682
1469.56611	0.11243
1467.63755	0.10291
1465.70898	0.09649
1463.78042	0.09234
1461.85186	0.08614
1459.92329	0.07649
1457.99473	0.06515
1456.06616	0.05569
1454.13760	0.04971
1452.20903	0.04514
1450.28047	0.04121
1448.35190	0.03820
1446.42334	0.03611
1444.49478	0.03466
1442.56621	0.03346
1440.63765	0.03235
1438.70908	0.03123
1436.78052	0.02993
1434.85195	0.02848
1432.92339	0.02699
1430.99482	0.02536
1429.06626	0.02365
1427.13770	0.02208
1425.20913	0.02072
1423.28057	0.01963
1421.35200	0.01885
1419.42344	0.01815
1417.49487	0.01741
1415.56631	0.01676
1413.63774	0.01613
1411.70918	0.01542
1409.78062	0.01466
1407.85205	0.01399
1405.92349	0.01342
1403.99492	0.01301
1402.06636	0.01283
1400.13779	0.01273
1398.20923	0.01228
1396.28066	0.01111
1394.35210	0.01004
1392.42354	0.01031
1390.49497	0.01141
1388.56641	0.01224
1386.63784	0.01272
1384.70928	0.01344
1382.78071	0.01485
1380.85215	0.01687
1378.92358	0.01889
1376.99502	0.02022
1375.06646	0.02081
1373.13789	0.02110
1371.20933	0.02138
1369.28076	0.02154
1367.35220	0.02142
1365.42363	0.02104
1363.49507	0.02057
1361.56650	0.02010
1359.63794	0.01968
1357.70937	0.01937
1355.78081	0.01926
1353.85225	0.01930
1351.92368	0.01931
1349.99512	0.01912
1348.06655	0.01869
1346.13799	0.01817
1344.20942	0.01774
1342.28086	0.01741
1340.35229	0.01701
1338.42373	0.01657
1336.49517	0.01624
1334.56660	0.01603
1332.63804	0.01592
1330.70947	0.01595
1328.78091	0.01609
1326.85234	0.01623
1324.92378	0.01635
1322.99521	0.01652
1321.06665	0.01679
1319.13809	0.01711
1317.20952	0.01742
1315.28096	0.01777
1313.35239	0.01816
1311.42383	0.01860
1309.49526	0.01900
1307.56670	0.01928
1305.63813	0.01949
1303.70957	0.01971
1301.78101	0.01994
1299.85244	0.02021
1297.92388	0.02051
1295.99531	0.02073
1294.06675	0.02079
1292.13818	0.02071
1290.20962	0.02068
1288.28105	0.02080
1286.35249	0.02092
1284.42393	0.02100
1282.49536	0.02112
1280.56680	0.02126
1278.63823	0.02140
1276.70967	0.02153
1274.78110	0.02163
1272.85254	0.02177
1270.92397	0.02189
1268.99541	0.02192
1267.06685	0.02192
1265.13828	0.02195
1263.20972	0.02202
1261.28115	0.02210
1259.35259	0.02215
1257.42402	0.02225
1255.49546	0.02254
1253.56689	0.02297
1251.63833	0.02355
1249.70977	0.02447
1247.78120	0.02581
1245.85264	0.02718
1243.92407	0.02805
1241.99551	0.02856
1240.06694	0.02907
1238.13838	0.02917
1236.20981	0.02836
1234.28125	0.02700
1232.35269	0.02562
1230.42412	0.02447
1228.49556	0.02358
1226.56699	0.02289
1224.63843	0.02244
1222.70986	0.02225
1220.78130	0.02227
1218.85273	0.02236
1216.92417	0.02247
1214.99561	0.02262
1213.06704	0.02277
1211.13848	0.02291
1209.20991	0.02305
1207.28135	0.02318
1205.35278	0.02334
1203.42422	0.02359
1201.49565	0.02386
1199.56709	0.02404
1197.63853	0.02415
1195.70996	0.02430
1193.78140	0.02452
1191.85283	0.02472
1189.92427	0.02483
1187.99570	0.02499
1186.06714	0.02525
1184.13857	0.02550
1182.21001	0.02574
1180.28145	0.02602
1178.35288	0.02625
1176.42432	0.02635
1174.49575	0.02637
1172.56719	0.02640
1170.63862	0.02647
1168.71006	0.02644
1166.78149	0.02623
1164.85293	0.02591
1162.92437	0.02556
1160.99580	0.02523
1159.06724	0.02492
1157.13867	0.02455
1155.21011	0.02407
1153.28154	0.02351
1151.35298	0.02294
1149.42441	0.02243
1147.49585	0.02200
1145.56729	0.02161
1143.63872	0.02122
1141.71016	0.02085
1139.78159	0.02054
1137.85303	0.02023
1135.92446	0.01992
1133.99590	0.01974
1132.06733	0.01970
1130.13877	0.01962
1128.21021	0.01942
1126.28164	0.01921
1124.35308	0.01901
1122.42451	0.01873
1120.49595	0.01844
1118.56738	0.01821
1116.63882	0.01793
1114.71025	0.01758
1112.78169	0.01726
1110.85312	0.01699
1108.92456	0.01664
1106.99600	0.01610
1105.06743	0.01557
1103.13887	0.01526
1101.21030	0.01515
1099.28174	0.01511
1097.35317	0.01501
1095.42461	0.01470
1093.49604	0.01409
1091.56748	0.01302
1089.63892	0.01171
1087.71035	0.01059
1085.78179	0.00952
1083.85322	0.00824
1081.92466	0.00690
1079.99609	0.00571
1078.06753	0.00472
1076.13896	0.00402
1074.21040	0.00373
1072.28184	0.00385
1070.35327	0.00378
1068.42471	0.00284
1066.49614	0.00189
1064.56758	0.00235
1062.63901	0.00353
1060.71045	0.00375
1058.78188	0.00301
1056.85332	0.00254
1054.92476	0.00267
1052.99619	0.00283
1051.06763	0.00305
1049.13906	0.00350
1047.21050	0.00401
1045.28193	0.00454
1043.35337	0.00523
1041.42480	0.00607
1039.49624	0.00686
1037.56768	0.00793
1035.63911	0.00972
1033.71055	0.01174
1031.78198	0.01312
1029.85342	0.01344
1027.92485	0.01344
1025.99629	0.01435
1024.06772	0.01588
1022.13916	0.01685
1020.21060	0.01706
1018.28203	0.01689
1016.35347	0.01656
1014.42490	0.01620
1012.49634	0.01599
1010.56777	0.01594
1008.63921	0.01592
1006.71064	0.01596
1004.78208	0.01612
1002.85352	0.01647
1000.92495	0.01694
998.99639	0.01741
997.06782	0.01787
995.13926	0.01839
993.21069	0.01886
991.28213	0.01903
989.35356	0.01887
987.42500	0.01856
985.49644	0.01831
983.56787	0.01822
981.63931	0.01827
979.71074	0.01835
977.78218	0.01842
975.85361	0.01856
973.92505	0.01873
971.99648	0.01881
970.06792	0.01889
968.13936	0.01893
966.21079	0.01894
964.28223	0.01905
962.35366	0.01922
960.42510	0.01923
958.49653	0.01909
956.56797	0.01895
954.63940	0.01883
952.71084	0.01872
950.78228	0.01860
948.85371	0.01846
946.92515	0.01833
944.99658	0.01825
943.06802	0.01822
941.13945	0.01817
939.21089	0.01801
937.28232	0.01768
935.35376	0.01730
933.42520	0.01695
931.49663	0.01662
929.56807	0.01632
927.63950	0.01601
925.71094	0.01565
923.78237	0.01524
921.85381	0.01482
919.92524	0.01444
917.99668	0.01424
916.06812	0.01428
914.13955	0.01457
912.21099	0.01494
910.28242	0.01503
908.35386	0.01428
906.42529	0.01248
904.49673	0.00995
902.56816	0.00731
900.63960	0.00499
898.71104	0.00310
896.78247	0.00162
894.85391	0.00048
892.92534	-0.00040
890.99678	-0.00077
889.06821	-0.00047
887.13965	0.00009
885.21108	0.00045
883.28252	0.00065
881.35396	0.00083
879.42539	0.00108
877.49683	0.00153
875.56826	0.00200
873.63970	0.00215
871.71113	0.00203
869.78257	0.00200
867.85400	0.00213
865.92544	0.00213
863.99687	0.00204
862.06831	0.00207
860.13975	0.00213
858.21118	0.00209
856.28262	0.00196
854.35405	0.00183
852.42549	0.00168
850.49692	0.00144
848.56836	0.00124
846.63979	0.00110
844.71123	0.00102
842.78267	0.00091
840.85410	0.00052
838.92554	-0.00018
836.99697	-0.00084
835.06841	-0.00134
833.13984	-0.00200
831.21128	-0.00295
829.28271	-0.00383
827.35415	-0.00451
825.42559	-0.00525
823.49702	-0.00604
821.56846	-0.00674
819.63989	-0.00741
817.71133	-0.00825
815.78276	-0.00943
813.85420	-0.01074
811.92563	-0.01181
809.99707	-0.01286
808.06851	-0.01426
806.13994	-0.01578
804.21138	-0.01701
802.28281	-0.01794
800.35425	-0.01883
798.42568	-0.01978
796.49712	-0.02071
794.56855	-0.02148
792.63999	-0.02224
790.71143	-0.02330
788.78286	-0.02464
786.85430	-0.02611
784.92573	-0.02759
782.99717	-0.02892
781.06860	-0.03014
779.14004	-0.03156
777.21147	-0.03351
775.28291	-0.03593
773.35435	-0.03842
771.42578	-0.04086
769.49722	-0.04341
767.56865	-0.04582
765.64009	-0.04763
763.71152	-0.04895
761.78296	-0.05003
759.85439	-0.05072
757.92583	-0.05082
755.99727	-0.05046
754.06870	-0.05000
752.14014	-0.04986
750.21157	-0.05010
748.28301	-0.05053
746.35444	-0.05098
744.42588	-0.05110
742.49731	-0.05063
740.56875	-0.04940
738.64019	-0.04677
736.71162	-0.04144
734.78306	-0.03255
732.85449	-0.02172
730.92593	-0.01322
728.99736	-0.00931
727.06880	-0.00675
725.14023	-0.00066
723.21167	0.01200
721.28311	0.03211
719.35454	0.05376
717.42598	0.06566
715.49741	0.05921
713.56885	0.03738
711.64028	0.01231
709.71172	-0.00693
707.78315	-0.01931
705.85459	-0.02715
703.92603	-0.03216
701.99746	-0.03526
700.06890	-0.03742
698.14033	-0.03920
696.21177	-0.04056
694.28320	-0.04162
692.35464	-0.04241
690.42607	-0.04266
688.49751	-0.04236
686.56895	-0.04169
684.64038	-0.04085
682.71182	-0.04005
680.78325	-0.03948
678.85469	-0.03913
676.92612	-0.03877
674.99756	-0.03808
673.06899	-0.03671
671.14043	-0.03394
669.21187	-0.03053
667.28330	-0.03033
665.35474	-0.03162
663.42617	-0.03341
661.49761	-0.03424
659.56904	-0.03423
657.64048	-0.03376
655.71191	-0.03314
653.78335	-0.03279
651.85479	-0.03314
649.92622	-0.03438
647.99766	-0.03642
646.06909	-0.03926
644.14053	-0.04339
642.21196	-0.04970
640.28340	-0.05945
638.35483	-0.07459
636.42627	-0.09777
634.49771	-0.12883
632.56914	-0.15799
630.64058	-0.16802
628.71201	-0.15031
626.78345	-0.11754
624.85488	-0.08767
622.92632	-0.06710
620.99775	-0.05441
619.06919	-0.04616
617.14062	-0.04030
615.21206	-0.03611
613.28350	-0.03280
611.35493	-0.03050
609.42637	-0.03005
607.49780	-0.03072
605.56924	-0.03133
603.64067	-0.03242
601.71211	-0.03454
599.78354	-0.03687
