3997.91411	-0.04493
3995.98555	-0.04494
3994.05698	-0.04495
3992.12842	-0.04492
3990.19985	-0.04485
3988.27129	-0.04472
3986.34272	-0.04458
3984.41416	-0.04459
3982.48560	-0.04476
3980.55703	-0.04490
3978.62847	-0.04491
3976.69990	-0.04492
3974.77134	-0.04497
3972.84277	-0.04497
3970.91421	-0.04498
3968.98564	-0.04509
3967.05708	-0.04524
3965.12852	-0.04541
3963.19995	-0.04554
3961.27139	-0.04549
3959.34282	-0.04539
3957.41426	-0.04540
3955.48569	-0.04548
3953.55713	-0.04554
3951.62856	-0.04567
3949.70000	-0.04581
3947.77144	-0.04574
3945.84287	-0.04564
3943.91431	-0.04570
3941.98574	-0.04567
3940.05718	-0.04552
3938.12861	-0.04537
3936.20005	-0.04526
3934.27148	-0.04548
3932.34292	-0.04596
3930.41436	-0.04603
3928.48579	-0.04570
3926.55723	-0.04556
3924.62866	-0.04567
3922.70010	-0.04561
3920.77153	-0.04543
3918.84297	-0.04541
3916.91440	-0.04545
3914.98584	-0.04540
3913.05728	-0.04546
3911.12871	-0.04560
3909.20015	-0.04568
3907.27158	-0.04598
3905.34302	-0.04669
3903.41445	-0.04727
3901.48589	-0.04726
3899.55732	-0.04688
3897.62876	-0.04639
3895.70020	-0.04603
3893.77163	-0.04606
3891.84307	-0.04623
3889.91450	-0.04603
3887.98594	-0.04584
3886.05737	-0.04618
3884.12881	-0.04668
3882.20024	-0.04696
3880.27168	-0.04711
3878.34312	-0.04701
3876.41455	-0.04684
3874.48599	-0.04689
3872.55742	-0.04709
3870.62886	-0.04729
3868.70029	-0.04729
3866.77173	-0.04722
3864.84316	-0.04731
3862.91460	-0.04717
3860.98604	-0.04680
3859.05747	-0.04664
3857.12891	-0.04679
3855.20034	-0.04744
3853.27178	-0.04824
3851.34321	-0.04789
3849.41465	-0.04705
3847.48608	-0.04669
3845.55752	-0.04682
3843.62896	-0.04716
3841.70039	-0.04760
3839.77183	-0.04811
3837.84326	-0.04837
3835.91470	-0.04812
3833.98613	-0.04772
3832.05757	-0.04745
3830.12900	-0.04727
3828.20044	-0.04714
3826.27187	-0.04710
3824.34331	-0.04736
3822.41475	-0.04809
3820.48618	-0.04854
3818.55762	-0.04818
3816.62905	-0.04772
3814.70049	-0.04728
3812.77192	-0.04692
3810.84336	-0.04700
3808.91479	-0.04750
3806.98623	-0.04785
3805.05767	-0.04776
3803.12910	-0.04778
3801.20054	-0.04808
3799.27197	-0.04815
3797.34341	-0.04797
3795.41484	-0.04764
3793.48628	-0.04723
3791.55771	-0.04697
3789.62915	-0.04694
3787.70059	-0.04711
3785.77202	-0.04734
3783.84346	-0.04737
3781.91489	-0.04733
3779.98633	-0.04738
3778.05776	-0.04728
3776.12920	-0.04711
3774.20063	-0.04723
3772.27207	-0.04759
3770.34351	-0.04779
3768.41494	-0.04767
3766.48638	-0.04761
3764.55781	-0.04769
3762.62925	-0.04779
3760.70068	-0.04806
3758.77212	-0.04827
3756.84355	-0.04818
3754.91499	-0.04830
3752.98643	-0.04905
3751.05786	-0.04994
3749.12930	-0.05012
3747.20073	-0.04996
3745.27217	-0.05006
3743.34360	-0.05006
3741.41504	-0.04978
3739.48647	-0.04991
3737.55791	-0.05090
3735.62935	-0.05209
3733.70078	-0.05231
3731.77222	-0.05188
3729.84365	-0.05158
3727.91509	-0.05146
3725.98652	-0.05137
3724.05796	-0.05113
3722.12939	-0.05068
3720.20083	-0.05007
3718.27227	-0.04943
3716.34370	-0.04908
3714.41514	-0.04938
3712.48657	-0.05030
3710.55801	-0.05109
3708.62944	-0.05116
3706.70088	-0.05102
3704.77231	-0.05121
3702.84375	-0.05166
3700.91519	-0.05175
3698.98662	-0.05137
3697.05806	-0.05114
3695.12949	-0.05137
3693.20093	-0.05202
3691.27236	-0.05278
3689.34380	-0.05309
3687.41523	-0.05279
3685.48667	-0.05227
3683.55811	-0.05171
3681.62954	-0.05139
3679.70098	-0.05159
3677.77241	-0.05248
3675.84385	-0.05355
3673.91528	-0.05355
3671.98672	-0.05307
3670.05815	-0.05293
3668.12959	-0.05241
3666.20103	-0.05156
3664.27246	-0.05115
3662.34390	-0.05121
3660.41533	-0.05144
3658.48677	-0.05173
3656.55820	-0.05182
3654.62964	-0.05151
3652.70107	-0.05130
3650.77251	-0.05161
3648.84395	-0.05190
3646.91538	-0.05149
3644.98682	-0.05081
3643.05825	-0.05034
3641.12969	-0.05003
3639.20112	-0.04979
3637.27256	-0.04977
3635.34399	-0.04996
3633.41543	-0.05014
3631.48687	-0.05050
3629.55830	-0.05118
3627.62974	-0.05123
3625.70117	-0.05057
3623.77261	-0.05011
3621.84404	-0.04994
3619.91548	-0.04994
3617.98691	-0.04993
3616.05835	-0.04965
3614.12979	-0.04915
3612.20122	-0.04869
3610.27266	-0.04855
3608.34409	-0.04863
3606.41553	-0.04849
3604.48696	-0.04826
3602.55840	-0.04841
3600.62983	-0.04885
3598.70127	-0.04908
3596.77271	-0.04913
3594.84414	-0.04915
3592.91558	-0.04915
3590.98701	-0.04934
3589.05845	-0.04991
3587.12988	-0.05025
3585.20132	-0.04960
3583.27275	-0.04874
3581.34419	-0.04847
3579.41562	-0.04850
3577.48706	-0.04846
3575.55850	-0.04832
3573.62993	-0.04821
3571.70137	-0.04835
3569.77280	-0.04885
3567.84424	-0.04941
3565.91567	-0.04948
3563.98711	-0.04895
3562.05854	-0.04841
3560.12998	-0.04820
3558.20142	-0.04809
3556.27285	-0.04798
3554.34429	-0.04813
3552.41572	-0.04849
3550.48716	-0.04865
3548.55859	-0.04851
3546.63003	-0.04831
3544.70146	-0.04804
3542.77290	-0.04777
3540.84434	-0.04759
3538.91577	-0.04742
3536.98721	-0.04726
3535.05864	-0.04720
3533.13008	-0.04727
3531.20151	-0.04749
3529.27295	-0.04772
3527.34438	-0.04762
3525.41582	-0.04730
3523.48726	-0.04728
3521.55869	-0.04758
3519.63013	-0.04788
3517.70156	-0.04782
3515.77300	-0.04746
3513.84443	-0.04713
3511.91587	-0.04679
3509.98730	-0.04649
3508.05874	-0.04655
3506.13018	-0.04696
3504.20161	-0.04735
3502.27305	-0.04733
3500.34448	-0.04714
3498.41592	-0.04708
3496.48735	-0.04683
3494.55879	-0.04642
3492.63022	-0.04604
3490.70166	-0.04566
3488.77310	-0.04556
3486.84453	-0.04577
3484.91597	-0.04573
3482.98740	-0.04536
3481.05884	-0.04521
3479.13027	-0.04529
3477.20171	-0.04537
3475.27314	-0.04558
3473.34458	-0.04578
3471.41602	-0.04568
3469.48745	-0.04548
3467.55889	-0.04536
3465.63032	-0.04526
3463.70176	-0.04526
3461.77319	-0.04546
3459.84463	-0.04566
3457.91606	-0.04581
3455.98750	-0.04599
3454.05894	-0.04623
3452.13037	-0.04657
3450.20181	-0.04687
3448.27324	-0.04702
3446.34468	-0.04693
3444.41611	-0.04648
3442.48755	-0.04612
3440.55898	-0.04638
3438.63042	-0.04690
3436.70186	-0.04713
3434.77329	-0.04711
3432.84473	-0.04720
3430.91616	-0.04762
3428.98760	-0.04808
3427.05903	-0.04802
3425.13047	-0.04773
3423.20190	-0.04765
3421.27334	-0.04754
3419.34478	-0.04737
3417.41621	-0.04736
3415.48765	-0.04751
3413.55908	-0.04790
3411.63052	-0.04836
3409.70195	-0.04852
3407.77339	-0.04833
3405.84482	-0.04801
3403.91626	-0.04779
3401.98770	-0.04786
3400.05913	-0.04808
3398.13057	-0.04811
3396.20200	-0.04794
3394.27344	-0.04785
3392.34487	-0.04784
3390.41631	-0.04784
3388.48774	-0.04788
3386.55918	-0.04789
3384.63062	-0.04790
3382.70205	-0.04796
3380.77349	-0.04784
3378.84492	-0.04770
3376.91636	-0.04792
3374.98779	-0.04832
3373.05923	-0.04860
3371.13066	-0.04885
3369.20210	-0.04902
3367.27354	-0.04893
3365.34497	-0.04856
3363.41641	-0.04821
3361.48784	-0.04820
3359.55928	-0.04828
3357.63071	-0.04818
3355.70215	-0.04821
3353.77358	-0.04844
3351.84502	-0.04870
3349.91646	-0.04896
3347.98789	-0.04915
3346.05933	-0.04931
3344.13076	-0.04953
3342.20220	-0.04971
3340.27363	-0.04961
3338.34507	-0.04926
3336.41650	-0.04908
3334.48794	-0.04914
3332.55937	-0.04906
3330.63081	-0.04888
3328.70225	-0.04898
3326.77368	-0.04913
3324.84512	-0.04909
3322.91655	-0.04923
3320.98799	-0.04956
3319.05942	-0.04969
3317.13086	-0.04959
3315.20229	-0.04959
3313.27373	-0.04972
3311.34517	-0.04982
3309.41660	-0.04984
3307.48804	-0.04971
3305.55947	-0.04957
3303.63091	-0.04962
3301.70234	-0.04965
3299.77378	-0.04962
3297.84521	-0.04969
3295.91665	-0.04973
3293.98809	-0.04968
3292.05952	-0.04972
3290.13096	-0.04990
3288.20239	-0.05004
3286.27383	-0.04999
3284.34526	-0.04995
3282.41670	-0.05010
3280.48813	-0.05026
3278.55957	-0.05033
3276.63101	-0.05041
3274.70244	-0.05062
3272.77388	-0.05088
3270.84531	-0.05102
3268.91675	-0.05106
3266.98818	-0.05100
3265.05962	-0.05072
3263.13105	-0.05047
3261.20249	-0.05053
3259.27393	-0.05069
3257.34536	-0.05069
3255.41680	-0.05068
3253.48823	-0.05078
3251.55967	-0.05081
3249.63110	-0.05079
3247.70254	-0.05089
3245.77397	-0.05107
3243.84541	-0.05112
3241.91685	-0.05101
3239.98828	-0.05100
3238.05972	-0.05105
3236.13115	-0.05098
3234.20259	-0.05096
3232.27402	-0.05120
3230.34546	-0.05146
3228.41689	-0.05146
3226.48833	-0.05128
3224.55977	-0.05115
3222.63120	-0.05115
3220.70264	-0.05121
3218.77407	-0.05127
3216.84551	-0.05141
3214.91694	-0.05153
3212.98838	-0.05148
3211.05981	-0.05137
3209.13125	-0.05129
3207.20269	-0.05134
3205.27412	-0.05158
3203.34556	-0.05174
3201.41699	-0.05166
3199.48843	-0.05154
3197.55986	-0.05149
3195.63130	-0.05143
3193.70273	-0.05136
3191.77417	-0.05137
3189.84561	-0.05140
3187.91704	-0.05139
3185.98848	-0.05153
3184.05991	-0.05184
3182.13135	-0.05203
3180.20278	-0.05192
3178.27422	-0.05166
3176.34565	-0.05157
3174.41709	-0.05175
3172.48853	-0.05191
3170.55996	-0.05176
3168.63140	-0.05149
3166.70283	-0.05142
3164.77427	-0.05164
3162.84570	-0.05195
3160.91714	-0.05207
3158.98857	-0.05208
3157.06001	-0.05212
3155.13145	-0.05218
3153.20288	-0.05224
3151.27432	-0.05223
3149.34575	-0.05224
3147.41719	-0.05241
3145.48862	-0.05254
3143.56006	-0.05248
3141.63149	-0.05245
3139.70293	-0.05261
3137.77437	-0.05276
3135.84580	-0.05264
3133.91724	-0.05233
3131.98867	-0.05219
3130.06011	-0.05226
3128.13154	-0.05230
3126.20298	-0.05225
3124.27441	-0.05228
3122.34585	-0.05243
3120.41729	-0.05263
3118.48872	-0.05272
3116.56016	-0.05273
3114.63159	-0.05278
3112.70303	-0.05289
3110.77446	-0.05295
3108.84590	-0.05295
3106.91733	-0.05297
3104.98877	-0.05297
3103.06021	-0.05283
3101.13164	-0.05247
3099.20308	-0.05212
3097.27451	-0.05207
3095.34595	-0.05210
3093.41738	-0.05203
3091.48882	-0.05201
3089.56025	-0.05193
3087.63169	-0.05172
3085.70312	-0.05162
3083.77456	-0.05171
3081.84600	-0.05177
3079.91743	-0.05172
3077.98887	-0.05162
3076.06030	-0.05148
3074.13174	-0.05137
3072.20317	-0.05130
3070.27461	-0.05132
3068.34604	-0.05147
3066.41748	-0.05168
3064.48892	-0.05179
3062.56035	-0.05178
3060.63179	-0.05176
3058.70322	-0.05172
3056.77466	-0.05160
3054.84609	-0.05156
3052.91753	-0.05169
3050.98896	-0.05181
3049.06040	-0.05188
3047.13184	-0.05196
3045.20327	-0.05208
3043.27471	-0.05221
3041.34614	-0.05222
3039.41758	-0.05219
3037.48901	-0.05240
3035.56045	-0.05269
3033.63188	-0.05282
3031.70332	-0.05295
3029.77476	-0.05333
3027.84619	-0.05392
3025.91763	-0.05442
3023.98906	-0.05470
3022.06050	-0.05501
3020.13193	-0.05562
3018.20337	-0.05632
3016.27480	-0.05676
3014.34624	-0.05701
3012.41768	-0.05728
3010.48911	-0.05766
3008.56055	-0.05805
3006.63198	-0.05835
3004.70342	-0.05864
3002.77485	-0.05894
3000.84629	-0.05929
2998.91772	-0.05981
2996.98916	-0.06023
2995.06060	-0.06030
2993.13203	-0.06055
2991.20347	-0.06155
2989.27490	-0.06243
2987.34634	-0.06197
2985.41777	-0.06032
2983.48921	-0.05824
2981.56064	-0.05599
2979.63208	-0.05351
2977.70352	-0.05072
2975.77495	-0.04736
2973.84639	-0.04306
2971.91782	-0.03760
2969.98926	-0.03093
2968.06069	-0.02326
2966.13213	-0.01488
2964.20356	-0.00602
2962.27500	0.00319
2960.34644	0.01234
2958.41787	0.02023
2956.48931	0.02463
2954.56074	0.02353
2952.63218	0.01736
2950.70361	0.00925
2948.77505	0.00271
2946.84648	-0.00007
2944.91792	0.00120
2942.98936	0.00577
2941.06079	0.01313
2939.13223	0.02351
2937.20366	0.03723
2935.27510	0.05458
2933.34653	0.07576
2931.41797	0.10090
2929.48940	0.13061
2927.56084	0.16644
2925.63228	0.21074
2923.70371	0.26588
2921.77515	0.33232
2919.84658	0.40579
2917.91802	0.47120
2915.98945	0.49930
2914.06089	0.47072
2912.13232	0.40448
2910.20376	0.33394
2908.27520	0.27669
2906.34663	0.23500
2904.41807	0.20509
2902.48950	0.18294
2900.56094	0.16631
2898.63237	0.15329
2896.70381	0.14161
2894.77524	0.13023
2892.84668	0.11937
2890.91812	0.10907
2888.98955	0.09899
2887.06099	0.08892
2885.13242	0.07895
2883.20386	0.06956
2881.27529	0.06156
2879.34673	0.05598
2877.41816	0.05359
2875.48960	0.05407
2873.56104	0.05534
2871.63247	0.05470
2869.70391	0.05143
2867.77534	0.04751
2865.84678	0.04591
2863.91821	0.04899
2861.98965	0.05800
2860.06108	0.07360
2858.13252	0.09761
2856.20396	0.13512
2854.27539	0.19437
2852.34683	0.28041
2850.41826	0.37557
2848.48970	0.42151
2846.56113	0.37728
2844.63257	0.28782
2842.70400	0.20751
2840.77544	0.15095
2838.84687	0.11339
2836.91831	0.08791
2834.98975	0.06984
2833.06118	0.05647
2831.13262	0.04615
2829.20405	0.03784
2827.27549	0.03100
2825.34692	0.02532
2823.41836	0.02054
2821.48979	0.01638
2819.56123	0.01271
2817.63267	0.00953
2815.70410	0.00683
2813.77554	0.00453
2811.84697	0.00247
2809.91841	0.00053
2807.98984	-0.00133
2806.06128	-0.00309
2804.13271	-0.00472
2802.20415	-0.00623
2800.27559	-0.00760
2798.34702	-0.00888
2796.41846	-0.01022
2794.48989	-0.01152
2792.56133	-0.01262
2790.63276	-0.01360
2788.70420	-0.01458
2786.77563	-0.01551
2784.84707	-0.01646
2782.91851	-0.01741
2780.98994	-0.01828
2779.06138	-0.01903
2777.13281	-0.01975
2775.20425	-0.02051
2773.27568	-0.02129
2771.34712	-0.02191
2769.41855	-0.02236
2767.48999	-0.02285
2765.56143	-0.02351
2763.63286	-0.02420
2761.70430	-0.02474
2759.77573	-0.02513
2757.84717	-0.02544
2755.91860	-0.02570
2753.99004	-0.02603
2752.06147	-0.02645
2750.13291	-0.02683
2748.20435	-0.02702
2746.27578	-0.02701
2744.34722	-0.02697
2742.41865	-0.02704
2740.49009	-0.02718
2738.56152	-0.02728
2736.63296	-0.02735
2734.70439	-0.02751
2732.77583	-0.02764
2730.84727	-0.02767
2728.91870	-0.02777
2726.99014	-0.02812
2725.06157	-0.02863
2723.13301	-0.02911
2721.20444	-0.02938
2719.27588	-0.02961
2717.34731	-0.02991
2715.41875	-0.03021
2713.49019	-0.03046
2711.56162	-0.03073
2709.63306	-0.03106
2707.70449	-0.03143
2705.77593	-0.03171
2703.84736	-0.03187
2701.91880	-0.03200
2699.99023	-0.03224
2698.06167	-0.03251
2696.13311	-0.03269
2694.20454	-0.03284
2692.27598	-0.03298
2690.34741	-0.03307
2688.41885	-0.03310
2686.49028	-0.03315
2684.56172	-0.03333
2682.63315	-0.03355
2680.70459	-0.03361
2678.77603	-0.03352
2676.84746	-0.03343
2674.91890	-0.03337
2672.99033	-0.03324
2671.06177	-0.03305
2669.13320	-0.03295
2667.20464	-0.03289
2665.27607	-0.03281
2663.34751	-0.03270
2661.41895	-0.03258
2659.49038	-0.03251
2657.56182	-0.03251
2655.63325	-0.03252
2653.70469	-0.03256
2651.77612	-0.03271
2649.84756	-0.03288
2647.91899	-0.03288
2645.99043	-0.03280
2644.06187	-0.03286
2642.13330	-0.03294
2640.20474	-0.03283
2638.27617	-0.03274
2636.34761	-0.03285
2634.41904	-0.03301
2632.49048	-0.03312
2630.56191	-0.03323
2628.63335	-0.03336
2626.70479	-0.03354
2624.77622	-0.03383
2622.84766	-0.03418
2620.91909	-0.03444
2618.99053	-0.03460
2617.06196	-0.03477
2615.13340	-0.03500
2613.20483	-0.03518
2611.27627	-0.03538
2609.34771	-0.03561
2607.41914	-0.03587
2605.49058	-0.03617
2603.56201	-0.03639
2601.63345	-0.03653
2599.70488	-0.03667
2597.77632	-0.03683
2595.84775	-0.03700
2593.91919	-0.03716
2591.99062	-0.03724
2590.06206	-0.03723
2588.13350	-0.03723
2586.20493	-0.03729
2584.27637	-0.03746
2582.34780	-0.03771
2580.41924	-0.03796
2578.49067	-0.03822
2576.56211	-0.03846
2574.63354	-0.03855
2572.70498	-0.03855
2570.77642	-0.03862
2568.84785	-0.03870
2566.91929	-0.03878
2564.99072	-0.03889
2563.06216	-0.03898
2561.13359	-0.03903
2559.20503	-0.03912
2557.27646	-0.03920
2555.34790	-0.03914
2553.41934	-0.03895
2551.49077	-0.03881
2549.56221	-0.03893
2547.63364	-0.03925
2545.70508	-0.03954
2543.77651	-0.03983
2541.84795	-0.04008
2539.91938	-0.04010
2537.99082	-0.03992
2536.06226	-0.03974
2534.13369	-0.03964
2532.20513	-0.03960
2530.27656	-0.03967
2528.34800	-0.03969
2526.41943	-0.03963
2524.49087	-0.03978
2522.56230	-0.04004
2520.63374	-0.04012
2518.70518	-0.04009
2516.77661	-0.04007
2514.84805	-0.04010
2512.91948	-0.04012
2510.99092	-0.04012
2509.06235	-0.04023
2507.13379	-0.04043
2505.20522	-0.04057
2503.27666	-0.04061
2501.34810	-0.04065
2499.41953	-0.04076
2497.49097	-0.04093
2495.56240	-0.04105
2493.63384	-0.04107
2491.70527	-0.04101
2489.77671	-0.04090
2487.84814	-0.04077
2485.91958	-0.04063
2483.99102	-0.04052
2482.06245	-0.04058
2480.13389	-0.04082
2478.20532	-0.04102
2476.27676	-0.04097
2474.34819	-0.04077
2472.41963	-0.04070
2470.49106	-0.04085
2468.56250	-0.04102
2466.63394	-0.04105
2464.70537	-0.04090
2462.77681	-0.04074
2460.84824	-0.04082
2458.91968	-0.04107
2456.99111	-0.04126
2455.06255	-0.04127
2453.13398	-0.04117
2451.20542	-0.04111
2449.27686	-0.04116
2447.34829	-0.04119
2445.41973	-0.04111
2443.49116	-0.04103
2441.56260	-0.04110
2439.63403	-0.04123
2437.70547	-0.04123
2435.77690	-0.04119
2433.84834	-0.04118
2431.91978	-0.04117
2429.99121	-0.04113
2428.06265	-0.04110
2426.13408	-0.04110
2424.20552	-0.04110
2422.27695	-0.04100
2420.34839	-0.04086
2418.41982	-0.04082
2416.49126	-0.04092
2414.56270	-0.04098
2412.63413	-0.04098
2410.70557	-0.04107
2408.77700	-0.04129
2406.84844	-0.04134
2404.91987	-0.04118
2402.99131	-0.04110
2401.06274	-0.04108
2399.13418	-0.03888
2397.20562	-0.03858
2395.27705	-0.03948
2393.34849	-0.04042
2391.41992	-0.04135
2389.49136	-0.04244
2387.56279	-0.04373
2385.63423	-0.04511
2383.70566	-0.04634
2381.77710	-0.04712
2379.84854	-0.04724
2377.91997	-0.04662
2375.99141	-0.04553
2374.06284	-0.04439
2372.13428	-0.04360
2370.20571	-0.04339
2368.27715	-0.04284
2366.34858	-0.04250
2364.42002	-0.04341
2362.49146	-0.04346
2360.56289	-0.04442
2358.63433	-0.04595
2356.70576	-0.04412
2354.77720	-0.04714
2352.84863	-0.05116
2350.92007	-0.05323
2348.99150	-0.05402
2347.06294	-0.05030
2345.13437	-0.04563
2343.20581	-0.04572
2341.27725	-0.04992
2339.34868	-0.05124
2337.42012	-0.04899
2335.49155	-0.04493
2333.56299	-0.04215
2331.63442	-0.04182
2329.70586	-0.04296
2327.77729	-0.04454
2325.84873	-0.04422
2323.92017	-0.04232
2321.99160	-0.04088
2320.06304	-0.04036
2318.13447	-0.04061
2316.20591	-0.04105
2314.27734	-0.04143
2312.34878	-0.04204
2310.42021	-0.04273
2308.49165	-0.04319
2306.56309	-0.04340
2304.63452	-0.04322
2302.70596	-0.04269
2300.77739	-0.04218
2298.84883	-0.04175
2296.92026	-0.04134
2294.99170	-0.04090
2293.06313	-0.04043
2291.13457	-0.03988
2289.20601	-0.03938
2287.27744	-0.03873
2285.34888	-0.03801
2283.42031	-0.03761
2281.49175	-0.03751
2279.56318	-0.03753
2277.63462	-0.03762
2275.70605	-0.03777
2273.77749	-0.03798
2271.84893	-0.03815
2269.92036	-0.03826
2267.99180	-0.03839
2266.06323	-0.03863
2264.13467	-0.03894
2262.20610	-0.03921
2260.27754	-0.03925
2258.34897	-0.03920
2256.42041	-0.03941
2254.49185	-0.03993
2252.56328	-0.04055
2250.63472	-0.04075
2248.70615	-0.03939
2246.77759	-0.03943
2244.84902	-0.03940
2242.92046	-0.03925
2240.99189	-0.03917
2239.06333	-0.03916
2237.13477	-0.03912
2235.20620	-0.03895
2233.27764	-0.03865
2231.34907	-0.03863
2229.42051	-0.03899
2227.49194	-0.03920
2225.56338	-0.03897
2223.63481	-0.03859
2221.70625	-0.03827
2219.77769	-0.03826
2217.84912	-0.03859
2215.92056	-0.03888
2213.99199	-0.03890
2212.06343	-0.03874
2210.13486	-0.03870
2208.20630	-0.03876
2206.27773	-0.03852
2204.34917	-0.03811
2202.42061	-0.03793
2200.49204	-0.03798
2198.56348	-0.03828
2196.63491	-0.03872
2194.70635	-0.03872
2192.77778	-0.03829
2190.84922	-0.03803
2188.92065	-0.03811
2186.99209	-0.03831
2185.06353	-0.03828
2183.13496	-0.03803
2181.20640	-0.03787
2179.27783	-0.03790
2177.34927	-0.03806
2175.42070	-0.03823
2173.49214	-0.03814
2171.56357	-0.03789
2169.63501	-0.03761
2167.70645	-0.03710
2165.77788	-0.03668
2163.84932	-0.03673
2161.92075	-0.03739
2159.99219	-0.03881
2158.06362	-0.03987
2156.13506	-0.03972
2154.20649	-0.03910
2152.27793	-0.03866
2150.34937	-0.03853
2148.42080	-0.03872
2146.49224	-0.03908
2144.56367	-0.03908
2142.63511	-0.03868
2140.70654	-0.03832
2138.77798	-0.03819
2136.84941	-0.03825
2134.92085	-0.03836
2132.99229	-0.03836
2131.06372	-0.03814
2129.13516	-0.03774
2127.20659	-0.03734
2125.27803	-0.03717
2123.34946	-0.03720
2121.42090	-0.03713
2119.49233	-0.03689
2117.56377	-0.03668
2115.63521	-0.03646
2113.70664	-0.03620
2111.77808	-0.03606
2109.84951	-0.03615
2107.92095	-0.03640
2105.99238	-0.03649
2104.06382	-0.03626
2102.13525	-0.03613
2100.20669	-0.03621
2098.27812	-0.03620
2096.34956	-0.03596
2094.42100	-0.03561
2092.49243	-0.03511
2090.56387	-0.03457
2088.63530	-0.03441
2086.70674	-0.03468
2084.77817	-0.03487
2082.84961	-0.03483
2080.92104	-0.03470
2078.99248	-0.03443
2077.06392	-0.03406
2075.13535	-0.03396
2073.20679	-0.03406
2071.27822	-0.03408
2069.34966	-0.03402
2067.42109	-0.03398
2065.49253	-0.03413
2063.56396	-0.03442
2061.63540	-0.03443
2059.70684	-0.03408
2057.77827	-0.03369
2055.84971	-0.03346
2053.92114	-0.03326
2051.99258	-0.03303
2050.06401	-0.03296
2048.13545	-0.03301
2046.20688	-0.03295
2044.27832	-0.03290
2042.34976	-0.03285
2040.42119	-0.03271
2038.49263	-0.03278
2036.56406	-0.03311
2034.63550	-0.03335
2032.70693	-0.03327
2030.77837	-0.03303
2028.84980	-0.03288
2026.92124	-0.03255
2024.99268	-0.03179
2023.06411	-0.03120
2021.13555	-0.03154
2019.20698	-0.03234
2017.27842	-0.03264
2015.34985	-0.03238
2013.42129	-0.03203
2011.49272	-0.03180
2009.56416	-0.03178
2007.63560	-0.03214
2005.70703	-0.03281
2003.77847	-0.03322
2001.84990	-0.03313
1999.92134	-0.03279
1997.99277	-0.03235
1996.06421	-0.03197
1994.13564	-0.03206
1992.20708	-0.03237
1990.27852	-0.03236
1988.34995	-0.03210
1986.42139	-0.03167
1984.49282	-0.03098
1982.56426	-0.03042
1980.63569	-0.03043
1978.70713	-0.03101
1976.77856	-0.03176
1974.85000	-0.03225
1972.92144	-0.03233
1970.99287	-0.03212
1969.06431	-0.03184
1967.13574	-0.03149
1965.20718	-0.03127
1963.27861	-0.03149
1961.35005	-0.03197
1959.42148	-0.03228
1957.49292	-0.03210
1955.56436	-0.03162
1953.63579	-0.03141
1951.70723	-0.03141
1949.77866	-0.03140
1947.85010	-0.03133
1945.92153	-0.03107
1943.99297	-0.03082
1942.06440	-0.03061
1940.13584	-0.03023
1938.20728	-0.02999
1936.27871	-0.03006
1934.35015	-0.03014
1932.42158	-0.02990
1930.49302	-0.02954
1928.56445	-0.02947
1926.63589	-0.02955
1924.70732	-0.02955
1922.77876	-0.02939
1920.85020	-0.02920
1918.92163	-0.02911
1916.99307	-0.02899
1915.06450	-0.02873
1913.13594	-0.02850
1911.20737	-0.02837
1909.27881	-0.02821
1907.35024	-0.02806
1905.42168	-0.02789
1903.49312	-0.02755
1901.56455	-0.02708
1899.63599	-0.02673
1897.70742	-0.02667
1895.77886	-0.02663
1893.85029	-0.02646
1891.92173	-0.02641
1889.99316	-0.02658
1888.06460	-0.02668
1886.13604	-0.02655
1884.20747	-0.02634
1882.27891	-0.02623
1880.35034	-0.02628
1878.42178	-0.02627
1876.49321	-0.02614
1874.56465	-0.02608
1872.63608	-0.02618
1870.70752	-0.02651
1868.77896	-0.02671
1866.85039	-0.02640
1864.92183	-0.02587
1862.99326	-0.02554
1861.06470	-0.02541
1859.13613	-0.02533
1857.20757	-0.02519
1855.27900	-0.02496
1853.35044	-0.02482
1851.42187	-0.02486
1849.49331	-0.02493
1847.56475	-0.02504
1845.63618	-0.02525
1843.70762	-0.02521
1841.77905	-0.02475
1839.85049	-0.02433
1837.92192	-0.02411
1835.99336	-0.02388
1834.06479	-0.02376
1832.13623	-0.02402
1830.20767	-0.02439
1828.27910	-0.02422
1826.35054	-0.02368
1824.42197	-0.02319
1822.49341	-0.02278
1820.56484	-0.02244
1818.63628	-0.02228
1816.70771	-0.02230
1814.77915	-0.02223
1812.85059	-0.02213
1810.92202	-0.02198
1808.99346	-0.02163
1807.06489	-0.02130
1805.13633	-0.02125
1803.20776	-0.02141
1801.27920	-0.02145
1799.35063	-0.02121
1797.42207	-0.02086
1795.49351	-0.02074
1793.56494	-0.02080
1791.63638	-0.02051
1789.70781	-0.01989
1787.77925	-0.01946
1785.85068	-0.01933
1783.92212	-0.01933
1781.99355	-0.01948
1780.06499	-0.01960
1778.13643	-0.01948
1776.20786	-0.01945
1774.27930	-0.01969
1772.35073	-0.01986
1770.42217	-0.01942
1768.49360	-0.01853
1766.56504	-0.01746
1764.63647	-0.01642
1762.70791	-0.01530
1760.77935	-0.01345
1758.85078	-0.01077
1756.92222	-0.00678
1754.99365	-0.00097
1753.06509	0.00803
1751.13652	0.02533
1749.20796	0.05627
1747.27939	0.09600
1745.35083	0.13485
1743.42227	0.17162
1741.49370	0.20150
1739.56514	0.19948
1737.63657	0.16534
1735.70801	0.13065
1733.77944	0.11501
1731.85088	0.12164
1729.92231	0.13187
1727.99375	0.12798
1726.06519	0.10716
1724.13662	0.08056
1722.20806	0.05952
1720.27949	0.04599
1718.35093	0.03613
1716.42236	0.02903
1714.49380	0.02548
1712.56523	0.02345
1710.63667	0.02134
1708.70811	0.01895
1706.77954	0.01669
1704.85098	0.01534
1702.92241	0.01462
1700.99385	0.01329
1699.06528	0.01127
1697.13672	0.00960
1695.20815	0.00868
1693.27959	0.00840
1691.35103	0.00792
1689.42246	0.00686
1687.49390	0.00550
1685.56533	0.00370
1683.63677	0.00222
1681.70820	0.00219
1679.77964	0.00249
1677.85107	0.00241
1675.92251	0.00203
1673.99395	0.00170
1672.06538	0.00134
1670.13682	0.00100
1668.20825	0.00129
1666.27969	0.00179
1664.35112	0.00179
1662.42256	0.00162
1660.49399	0.00185
1658.56543	0.00200
1656.63687	0.00147
1654.70830	0.00025
1652.77974	-0.00029
1650.85117	0.00044
1648.92261	0.00062
1646.99404	0.00053
1645.06548	0.00124
1643.13691	0.00215
1641.20835	0.00248
1639.27979	0.00218
1637.35122	0.00146
1635.42266	0.00122
1633.49409	0.00209
1631.56553	0.00293
1629.63696	0.00322
1627.70840	0.00322
1625.77983	0.00301
1623.85127	0.00269
1621.92271	0.00275
1619.99414	0.00292
1618.06558	0.00262
1616.13701	0.00241
1614.20845	0.00280
1612.27988	0.00319
1610.35132	0.00328
1608.42275	0.00327
1606.49419	0.00337
1604.56562	0.00354
1602.63706	0.00376
1600.70850	0.00403
1598.77993	0.00431
1596.85137	0.00462
1594.92280	0.00499
1592.99424	0.00553
1591.06567	0.00623
1589.13711	0.00701
1587.20854	0.00796
1585.27998	0.00929
1583.35142	0.01096
1581.42285	0.01262
1579.49429	0.01376
1577.56572	0.01409
1575.63716	0.01400
1573.70859	0.01365
1571.78003	0.01253
1569.85146	0.01084
1567.92290	0.00966
1565.99434	0.00905
1564.06577	0.00843
1562.13721	0.00751
1560.20864	0.00592
1558.28008	0.00510
1556.35151	0.00617
1554.42295	0.00741
1552.49438	0.00843
1550.56582	0.00945
1548.63726	0.01062
1546.70869	0.01169
1544.78013	0.01242
1542.85156	0.01270
1540.92300	0.01255
1538.99443	0.01251
1537.06587	0.01226
1535.13730	0.01098
1533.20874	0.00913
1531.28018	0.00795
1529.35161	0.00723
1527.42305	0.00638
1525.49448	0.00555
1523.56592	0.00469
1521.63735	0.00398
1519.70879	0.00385
1517.78022	0.00398
1515.85166	0.00424
1513.92310	0.00453
1511.99453	0.00439
1510.06597	0.00356
1508.13740	0.00244
1506.20884	0.00263
1504.28027	0.00415
1502.35171	0.00506
1500.42314	0.00519
1498.49458	0.00510
1496.56602	0.00545
1494.63745	0.00622
1492.70889	0.00670
1490.78032	0.00699
1488.85176	0.00806
1486.92319	0.01020
1484.99463	0.01280
1483.06606	0.01598
1481.13750	0.02117
1479.20894	0.03175
1477.28037	0.05549
1475.35181	0.09610
1473.42324	0.13105
1471.49468	0.12811
1469.56611	0.10961
1467.63755	0.10632
1465.70898	0.12696
1463.78042	0.16009
1461.85186	0.16884
1459.92329	0.14448
1457.99473	0.10821
1456.06616	0.08327
1454.13760	0.07250
1452.20903	0.06550
1450.28047	0.05937
1448.35190	0.05446
1446.42334	0.05014
1444.49478	0.04552
1442.56621	0.04086
1440.63765	0.03718
1438.70908	0.03496
1436.78052	0.03443
1434.85195	0.03535
1432.92339	0.03569
1430.99482	0.03418
1429.06626	0.03153
1427.13770	0.02942
1425.20913	0.02829
1423.28057	0.02785
1421.35200	0.02811
1419.42344	0.03017
1417.49487	0.03585
1415.56631	0.04446
1413.63774	0.05269
1411.70918	0.05498
1409.78062	0.04866
1407.85205	0.03875
1405.92349	0.03125
1403.99492	0.02830
1402.06636	0.02932
1400.13779	0.03345
1398.20923	0.04020
1396.28066	0.04770
1394.35210	0.05384
1392.42354	0.05648
1390.49497	0.05472
1388.56641	0.05006
1386.63784	0.04605
1384.70928	0.04604
1382.78071	0.04997
1380.85215	0.05533
1378.92358	0.05867
1376.99502	0.05768
1375.06646	0.05295
1373.13789	0.04752
1371.20933	0.04380
1369.28076	0.04146
1367.35220	0.03971
1365.42363	0.03833
1363.49507	0.03742
1361.56650	0.03721
1359.63794	0.03744
1357.70937	0.03761
1355.78081	0.03784
1353.85225	0.03869
1351.92368	0.04014
1349.99512	0.04107
1348.06655	0.04023
1346.13799	0.03811
1344.20942	0.03663
1342.28086	0.03698
1340.35229	0.03835
1338.42373	0.03841
1336.49517	0.03655
1334.56660	0.03518
1332.63804	0.03556
1330.70947	0.03569
1328.78091	0.03368
1326.85234	0.03087
1324.92378	0.02986
1322.99521	0.03099
1321.06665	0.03229
1319.13809	0.03240
1317.20952	0.03225
1315.28096	0.03408
1313.35239	0.03960
1311.42383	0.04797
1309.49526	0.05463
1307.56670	0.05553
1305.63813	0.05186
1303.70957	0.04723
1301.78101	0.04324
1299.85244	0.04019
1297.92388	0.03848
1295.99531	0.03829
1294.06675	0.03987
1292.13818	0.04413
1290.20962	0.05164
1288.28105	0.05993
1286.35249	0.06403
1284.42393	0.06196
1282.49536	0.05712
1280.56680	0.05341
1278.63823	0.05082
1276.70967	0.04806
1274.78110	0.04657
1272.85254	0.04922
1270.92397	0.05714
1268.99541	0.06902
1267.06685	0.08016
1265.13828	0.08304
1263.20972	0.07588
1261.28115	0.06591
1259.35259	0.05905
1257.42402	0.05537
1255.49546	0.05350
1253.56689	0.05235
1251.63833	0.05152
1249.70977	0.05220
1247.78120	0.05646
1245.85264	0.06471
1243.92407	0.07280
1241.99551	0.07498
1240.06694	0.07168
1238.13838	0.06705
1236.20981	0.06158
1234.28125	0.05427
1232.35269	0.04699
1230.42412	0.04242
1228.49556	0.04165
1226.56699	0.04485
1224.63843	0.05299
1222.70986	0.06746
1220.78130	0.08424
1218.85273	0.09215
1216.92417	0.08600
1214.99561	0.07257
1213.06704	0.05916
1211.13848	0.04889
1209.20991	0.04314
1207.28135	0.04251
1205.35278	0.04707
1203.42422	0.05624
1201.49565	0.06994
1199.56709	0.08977
1197.63853	0.11337
1195.70996	0.12782
1193.78140	0.12074
1191.85283	0.09860
1189.92427	0.07879
1187.99570	0.07189
1186.06714	0.07964
1184.13857	0.09913
1182.21001	0.12531
1180.28145	0.15509
1178.35288	0.18953
1176.42432	0.22806
1174.49575	0.26033
1172.56719	0.26811
1170.63862	0.24473
1168.71006	0.20556
1166.78149	0.16877
1164.85293	0.14072
1162.92437	0.12019
1160.99580	0.10482
1159.06724	0.09298
1157.13867	0.08356
1155.21011	0.07569
1153.28154	0.06859
1151.35298	0.06180
1149.42441	0.05547
1147.49585	0.05004
1145.56729	0.04560
1143.63872	0.04184
1141.71016	0.03861
1139.78159	0.03584
1137.85303	0.03350
1135.92446	0.03180
1133.99590	0.03128
1132.06733	0.03209
1130.13877	0.03329
1128.21021	0.03361
1126.28164	0.03269
1124.35308	0.03139
1122.42451	0.03092
1120.49595	0.03188
1118.56738	0.03374
1116.63882	0.03592
1114.71025	0.03919
1112.78169	0.04582
1110.85312	0.05807
1108.92456	0.07525
1106.99600	0.09149
1105.06743	0.09974
1103.13887	0.09971
1101.21030	0.09833
1099.28174	0.10050
1097.35317	0.10179
1095.42461	0.09440
1093.49604	0.07860
1091.56748	0.06076
1089.63892	0.04532
1087.71035	0.03365
1085.78179	0.02560
1083.85322	0.02045
1081.92466	0.01769
1079.99609	0.01686
1078.06753	0.01747
1076.13896	0.01877
1074.21040	0.01958
1072.28184	0.01914
1070.35327	0.01769
1068.42471	0.01620
1066.49614	0.01657
1064.56758	0.01990
1062.63901	0.02404
1060.71045	0.02582
1058.78188	0.02486
1056.85332	0.02321
1054.92476	0.02204
1052.99619	0.02060
1051.06763	0.01817
1049.13906	0.01518
1047.21050	0.01278
1045.28193	0.01228
1043.35337	0.01435
1041.42480	0.01803
1039.49624	0.02157
1037.56768	0.02411
1035.63911	0.02511
1033.71055	0.02402
1031.78198	0.02143
1029.85342	0.01843
1027.92485	0.01615
1025.99629	0.01562
1024.06772	0.01657
1022.13916	0.01820
1020.21060	0.02031
1018.28203	0.02254
1016.35347	0.02407
1014.42490	0.02433
1012.49634	0.02333
1010.56777	0.02148
1008.63921	0.01957
1006.71064	0.01847
1004.78208	0.01824
1002.85352	0.01801
1000.92495	0.01726
998.99639	0.01631
997.06782	0.01568
995.13926	0.01566
993.21069	0.01610
991.28213	0.01665
989.35356	0.01775
987.42500	0.02042
985.49644	0.02409
983.56787	0.02602
981.63931	0.02512
979.71074	0.02373
977.78218	0.02426
975.85361	0.02701
973.92505	0.03069
971.99648	0.03260
970.06792	0.03089
968.13936	0.02776
966.21079	0.02721
964.28223	0.02994
962.35366	0.03303
960.42510	0.03396
958.49653	0.03262
956.56797	0.02917
954.63940	0.02369
952.71084	0.01811
950.78228	0.01505
948.85371	0.01525
946.92515	0.01651
944.99658	0.01584
943.06802	0.01327
941.13945	0.01127
939.21089	0.01068
937.28232	0.01028
935.35376	0.00945
933.42520	0.00896
931.49663	0.00899
929.56807	0.00895
927.63950	0.00937
925.71094	0.01166
923.78237	0.01533
921.85381	0.01697
919.92524	0.01422
917.99668	0.00914
916.06812	0.00514
914.13955	0.00283
912.21099	0.00114
910.28242	-0.00059
908.35386	-0.00268
906.42529	-0.00510
904.49673	-0.00733
902.56816	-0.00890
900.63960	-0.00970
898.71104	-0.00980
896.78247	-0.00910
894.85391	-0.00740
892.92534	-0.00460
890.99678	-0.00143
889.06821	0.00021
887.13965	-0.00118
885.21108	-0.00441
883.28252	-0.00670
881.35396	-0.00682
879.42539	-0.00556
877.49683	-0.00451
875.56826	-0.00485
873.63970	-0.00639
871.71113	-0.00784
869.78257	-0.00855
867.85400	-0.00915
865.92544	-0.01006
863.99687	-0.01063
862.06831	-0.01054
860.13975	-0.01046
858.21118	-0.01077
856.28262	-0.01108
854.35405	-0.01082
852.42549	-0.00948
850.49692	-0.00699
848.56836	-0.00471
846.63979	-0.00453
844.71123	-0.00610
842.78267	-0.00725
840.85410	-0.00681
838.92554	-0.00503
836.99697	-0.00292
835.06841	-0.00199
833.13984	-0.00310
831.21128	-0.00578
829.28271	-0.00889
827.35415	-0.01176
825.42559	-0.01436
823.49702	-0.01653
821.56846	-0.01800
819.63989	-0.01892
817.71133	-0.01958
815.78276	-0.02007
813.85420	-0.02037
811.92563	-0.02079
809.99707	-0.02196
808.06851	-0.02382
806.13994	-0.02571
804.21138	-0.02735
802.28281	-0.02869
800.35425	-0.02946
798.42568	-0.02991
796.49712	-0.03079
794.56855	-0.03216
792.63999	-0.03340
790.71143	-0.03427
788.78286	-0.03487
786.85430	-0.03502
784.92573	-0.03405
782.99717	-0.03180
781.06860	-0.03033
779.14004	-0.03244
777.21147	-0.03770
775.28291	-0.04289
773.35435	-0.04613
771.42578	-0.04816
769.49722	-0.05026
767.56865	-0.05249
765.64009	-0.05425
763.71152	-0.05539
761.78296	-0.05593
759.85439	-0.05572
757.92583	-0.05505
755.99727	-0.05467
754.06870	-0.05454
752.14014	-0.05392
750.21157	-0.05269
748.28301	-0.05139
746.35444	-0.05008
744.42588	-0.04783
742.49731	-0.04440
740.56875	-0.04073
738.64019	-0.03605
736.71162	-0.02622
734.78306	-0.00551
732.85449	0.02692
730.92593	0.05636
728.99736	0.06096
727.06880	0.04380
725.14023	0.03003
723.21167	0.03938
721.28311	0.07331
719.35454	0.09898
717.42598	0.08016
715.49741	0.03221
713.56885	-0.00784
711.64028	-0.02930
709.71172	-0.03939
707.78315	-0.04448
705.85459	-0.04715
703.92603	-0.04840
701.99746	-0.04892
700.06890	-0.04928
698.14033	-0.04986
696.21177	-0.05083
694.28320	-0.05216
692.35464	-0.05342
690.42607	-0.05390
688.49751	-0.05339
686.56895	-0.05255
684.64038	-0.05200
682.71182	-0.05179
680.78325	-0.05137
678.85469	-0.05035
676.92612	-0.04929
674.99756	-0.04874
673.06899	-0.04766
671.14043	-0.04229
669.21187	-0.03353
667.28330	-0.03418
665.35474	-0.03728
663.42617	-0.04062
661.49761	-0.04106
659.56904	-0.03999
657.64048	-0.03848
655.71191	-0.03687
653.78335	-0.03556
651.85479	-0.03436
649.92622	-0.03345
647.99766	-0.03378
646.06909	-0.03554
644.14053	-0.03819
642.21196	-0.04223
640.28340	-0.04927
638.35483	-0.06118
636.42627	-0.07986
634.49771	-0.10601
632.56914	-0.13320
630.64058	-0.14604
628.71201	-0.13153
626.78345	-0.10092
624.85488	-0.07166
622.92632	-0.05094
620.99775	-0.03824
619.06919	-0.02989
617.14062	-0.02287
615.21206	-0.01635
613.28350	-0.01097
611.35493	-0.00793
609.42637	-0.00765
607.49780	-0.00887
605.56924	-0.01023
603.64067	-0.01153
601.71211	-0.01310
599.78354	-0.01482
