3997.91411	-0.09342
3995.98555	-0.09345
3994.05698	-0.09369
3992.12842	-0.09387
3990.19985	-0.09387
3988.27129	-0.09382
3986.34272	-0.09374
3984.41416	-0.09369
3982.48560	-0.09383
3980.55703	-0.09403
3978.62847	-0.09410
3976.69990	-0.09413
3974.77134	-0.09417
3972.84277	-0.09416
3970.91421	-0.09416
3968.98564	-0.09431
3967.05708	-0.09449
3965.12852	-0.09455
3963.19995	-0.09456
3961.27139	-0.09452
3959.34282	-0.09442
3957.41426	-0.09447
3955.48569	-0.09464
3953.55713	-0.09466
3951.62856	-0.09460
3949.70000	-0.09463
3947.77144	-0.09457
3945.84287	-0.09439
3943.91431	-0.09439
3941.98574	-0.09440
3940.05718	-0.09424
3938.12861	-0.09411
3936.20005	-0.09410
3934.27148	-0.09424
3932.34292	-0.09450
3930.41436	-0.09462
3928.48579	-0.09451
3926.55723	-0.09438
3924.62866	-0.09444
3922.70010	-0.09445
3920.77153	-0.09430
3918.84297	-0.09432
3916.91440	-0.09472
3914.98584	-0.09511
3913.05728	-0.09516
3911.12871	-0.09505
3909.20015	-0.09506
3907.27158	-0.09516
3905.34302	-0.09519
3903.41445	-0.09516
3901.48589	-0.09516
3899.55732	-0.09517
3897.62876	-0.09520
3895.70020	-0.09521
3893.77163	-0.09524
3891.84307	-0.09530
3889.91450	-0.09522
3887.98594	-0.09503
3886.05737	-0.09513
3884.12881	-0.09554
3882.20024	-0.09576
3880.27168	-0.09562
3878.34312	-0.09530
3876.41455	-0.09512
3874.48599	-0.09523
3872.55742	-0.09531
3870.62886	-0.09540
3868.70029	-0.09578
3866.77173	-0.09609
3864.84316	-0.09622
3862.91460	-0.09625
3860.98604	-0.09603
3859.05747	-0.09561
3857.12891	-0.09519
3855.20034	-0.09504
3853.27178	-0.09562
3851.34321	-0.09628
3849.41465	-0.09628
3847.48608	-0.09605
3845.55752	-0.09595
3843.62896	-0.09606
3841.70039	-0.09627
3839.77183	-0.09630
3837.84326	-0.09614
3835.91470	-0.09618
3833.98613	-0.09640
3832.05757	-0.09643
3830.12900	-0.09634
3828.20044	-0.09633
3826.27187	-0.09622
3824.34331	-0.09586
3822.41475	-0.09572
3820.48618	-0.09609
3818.55762	-0.09631
3816.62905	-0.09617
3814.70049	-0.09597
3812.77192	-0.09584
3810.84336	-0.09576
3808.91479	-0.09577
3806.98623	-0.09599
3805.05767	-0.09624
3803.12910	-0.09638
3801.20054	-0.09651
3799.27197	-0.09645
3797.34341	-0.09628
3795.41484	-0.09617
3793.48628	-0.09597
3791.55771	-0.09579
3789.62915	-0.09592
3787.70059	-0.09630
3785.77202	-0.09652
3783.84346	-0.09641
3781.91489	-0.09640
3779.98633	-0.09673
3778.05776	-0.09692
3776.12920	-0.09682
3774.20063	-0.09669
3772.27207	-0.09654
3770.34351	-0.09653
3768.41494	-0.09669
3766.48638	-0.09672
3764.55781	-0.09669
3762.62925	-0.09688
3760.70068	-0.09712
3758.77212	-0.09696
3756.84355	-0.09651
3754.91499	-0.09621
3752.98643	-0.09615
3751.05786	-0.09640
3749.12930	-0.09678
3747.20073	-0.09683
3745.27217	-0.09678
3743.34360	-0.09709
3741.41504	-0.09730
3739.48647	-0.09715
3737.55791	-0.09713
3735.62935	-0.09732
3733.70078	-0.09715
3731.77222	-0.09681
3729.84365	-0.09671
3727.91509	-0.09687
3725.98652	-0.09717
3724.05796	-0.09729
3722.12939	-0.09720
3720.20083	-0.09720
3718.27227	-0.09729
3716.34370	-0.09741
3714.41514	-0.09759
3712.48657	-0.09781
3710.55801	-0.09818
3708.62944	-0.09863
3706.70088	-0.09875
3704.77231	-0.09858
3702.84375	-0.09866
3700.91519	-0.09930
3698.98662	-0.10010
3697.05806	-0.10072
3695.12949	-0.10113
3693.20093	-0.10151
3691.27236	-0.10200
3689.34380	-0.10236
3687.41523	-0.10236
3685.48667	-0.10229
3683.55811	-0.10227
3681.62954	-0.10229
3679.70098	-0.10261
3677.77241	-0.10340
3675.84385	-0.10426
3673.91528	-0.10445
3671.98672	-0.10410
3670.05815	-0.10367
3668.12959	-0.10342
3666.20103	-0.10338
3664.27246	-0.10338
3662.34390	-0.10324
3660.41533	-0.10306
3658.48677	-0.10299
3656.55820	-0.10282
3654.62964	-0.10239
3652.70107	-0.10201
3650.77251	-0.10166
3648.84395	-0.10122
3646.91538	-0.10085
3644.98682	-0.10049
3643.05825	-0.10016
3641.12969	-0.09991
3639.20112	-0.09957
3637.27256	-0.09903
3635.34399	-0.09839
3633.41543	-0.09794
3631.48687	-0.09784
3629.55830	-0.09800
3627.62974	-0.09807
3625.70117	-0.09780
3623.77261	-0.09743
3621.84404	-0.09714
3619.91548	-0.09703
3617.98691	-0.09727
3616.05835	-0.09764
3614.12979	-0.09759
3612.20122	-0.09704
3610.27266	-0.09671
3608.34409	-0.09696
3606.41553	-0.09722
3604.48696	-0.09736
3602.55840	-0.09766
3600.62983	-0.09800
3598.70127	-0.09809
3596.77271	-0.09803
3594.84414	-0.09810
3592.91558	-0.09830
3590.98701	-0.09843
3589.05845	-0.09844
3587.12988	-0.09853
3585.20132	-0.09864
3583.27275	-0.09853
3581.34419	-0.09823
3579.41562	-0.09801
3577.48706	-0.09806
3575.55850	-0.09823
3573.62993	-0.09847
3571.70137	-0.09872
3569.77280	-0.09886
3567.84424	-0.09915
3565.91567	-0.09958
3563.98711	-0.09956
3562.05854	-0.09924
3560.12998	-0.09906
3558.20142	-0.09900
3556.27285	-0.09890
3554.34429	-0.09889
3552.41572	-0.09891
3550.48716	-0.09884
3548.55859	-0.09893
3546.63003	-0.09938
3544.70146	-0.09979
3542.77290	-0.09967
3540.84434	-0.09915
3538.91577	-0.09868
3536.98721	-0.09841
3535.05864	-0.09815
3533.13008	-0.09802
3531.20151	-0.09824
3529.27295	-0.09868
3527.34438	-0.09930
3525.41582	-0.09980
3523.48726	-0.09970
3521.55869	-0.09939
3519.63013	-0.09933
3517.70156	-0.09933
3515.77300	-0.09936
3513.84443	-0.09953
3511.91587	-0.09958
3509.98730	-0.09937
3508.05874	-0.09924
3506.13018	-0.09946
3504.20161	-0.09979
3502.27305	-0.09986
3500.34448	-0.09981
3498.41592	-0.09988
3496.48735	-0.10002
3494.55879	-0.10008
3492.63022	-0.09997
3490.70166	-0.09989
3488.77310	-0.10012
3486.84453	-0.10042
3484.91597	-0.10040
3482.98740	-0.10011
3481.05884	-0.09997
3479.13027	-0.10000
3477.20171	-0.09993
3475.27314	-0.09977
3473.34458	-0.09964
3471.41602	-0.09971
3469.48745	-0.10007
3467.55889	-0.10049
3465.63032	-0.10065
3463.70176	-0.10073
3461.77319	-0.10099
3459.84463	-0.10092
3457.91606	-0.10031
3455.98750	-0.09977
3454.05894	-0.09965
3452.13037	-0.09979
3450.20181	-0.09992
3448.27324	-0.09987
3446.34468	-0.09987
3444.41611	-0.10018
3442.48755	-0.10074
3440.55898	-0.10120
3438.63042	-0.10133
3436.70186	-0.10115
3434.77329	-0.10090
3432.84473	-0.10088
3430.91616	-0.10097
3428.98760	-0.10079
3427.05903	-0.10044
3425.13047	-0.10038
3423.20190	-0.10066
3421.27334	-0.10091
3419.34478	-0.10103
3417.41621	-0.10097
3415.48765	-0.10072
3413.55908	-0.10064
3411.63052	-0.10082
3409.70195	-0.10099
3407.77339	-0.10105
3405.84482	-0.10110
3403.91626	-0.10121
3401.98770	-0.10129
3400.05913	-0.10123
3398.13057	-0.10110
3396.20200	-0.10090
3394.27344	-0.10082
3392.34487	-0.10090
3390.41631	-0.10094
3388.48774	-0.10115
3386.55918	-0.10145
3384.63062	-0.10137
3382.70205	-0.10100
3380.77349	-0.10060
3378.84492	-0.10027
3376.91636	-0.10036
3374.98779	-0.10085
3373.05923	-0.10126
3371.13066	-0.10141
3369.20210	-0.10141
3367.27354	-0.10135
3365.34497	-0.10133
3363.41641	-0.10127
3361.48784	-0.10103
3359.55928	-0.10083
3357.63071	-0.10092
3355.70215	-0.10121
3353.77358	-0.10148
3351.84502	-0.10169
3349.91646	-0.10169
3347.98789	-0.10150
3346.05933	-0.10154
3344.13076	-0.10191
3342.20220	-0.10210
3340.27363	-0.10166
3338.34507	-0.10112
3336.41650	-0.10115
3334.48794	-0.10141
3332.55937	-0.10151
3330.63081	-0.10149
3328.70225	-0.10127
3326.77368	-0.10102
3324.84512	-0.10113
3322.91655	-0.10129
3320.98799	-0.10120
3319.05942	-0.10118
3317.13086	-0.10145
3315.20229	-0.10177
3313.27373	-0.10181
3311.34517	-0.10164
3309.41660	-0.10161
3307.48804	-0.10177
3305.55947	-0.10199
3303.63091	-0.10202
3301.70234	-0.10186
3299.77378	-0.10172
3297.84521	-0.10167
3295.91665	-0.10175
3293.98809	-0.10191
3292.05952	-0.10190
3290.13096	-0.10152
3288.20239	-0.10101
3286.27383	-0.10079
3284.34526	-0.10088
3282.41670	-0.10101
3280.48813	-0.10122
3278.55957	-0.10169
3276.63101	-0.10207
3274.70244	-0.10203
3272.77388	-0.10180
3270.84531	-0.10172
3268.91675	-0.10168
3266.98818	-0.10162
3265.05962	-0.10163
3263.13105	-0.10157
3261.20249	-0.10145
3259.27393	-0.10158
3257.34536	-0.10189
3255.41680	-0.10216
3253.48823	-0.10241
3251.55967	-0.10252
3249.63110	-0.10240
3247.70254	-0.10234
3245.77397	-0.10239
3243.84541	-0.10233
3241.91685	-0.10214
3239.98828	-0.10198
3238.05972	-0.10213
3236.13115	-0.10253
3234.20259	-0.10282
3232.27402	-0.10296
3230.34546	-0.10298
3228.41689	-0.10268
3226.48833	-0.10224
3224.55977	-0.10217
3222.63120	-0.10257
3220.70264	-0.10299
3218.77407	-0.10309
3216.84551	-0.10299
3214.91694	-0.10302
3212.98838	-0.10311
3211.05981	-0.10295
3209.13125	-0.10266
3207.20269	-0.10268
3205.27412	-0.10291
3203.34556	-0.10286
3201.41699	-0.10263
3199.48843	-0.10260
3197.55986	-0.10276
3195.63130	-0.10273
3193.70273	-0.10260
3191.77417	-0.10266
3189.84561	-0.10269
3187.91704	-0.10260
3185.98848	-0.10265
3184.05991	-0.10283
3182.13135	-0.10292
3180.20278	-0.10292
3178.27422	-0.10287
3176.34565	-0.10266
3174.41709	-0.10242
3172.48853	-0.10251
3170.55996	-0.10291
3168.63140	-0.10325
3166.70283	-0.10331
3164.77427	-0.10328
3162.84570	-0.10328
3160.91714	-0.10325
3158.98857	-0.10327
3157.06001	-0.10339
3155.13145	-0.10352
3153.20288	-0.10363
3151.27432	-0.10352
3149.34575	-0.10323
3147.41719	-0.10306
3145.48862	-0.10311
3143.56006	-0.10333
3141.63149	-0.10359
3139.70293	-0.10367
3137.77437	-0.10363
3135.84580	-0.10365
3133.91724	-0.10371
3131.98867	-0.10375
3130.06011	-0.10382
3128.13154	-0.10396
3126.20298	-0.10410
3124.27441	-0.10403
3122.34585	-0.10383
3120.41729	-0.10383
3118.48872	-0.10401
3116.56016	-0.10401
3114.63159	-0.10375
3112.70303	-0.10354
3110.77446	-0.10364
3108.84590	-0.10382
3106.91733	-0.10378
3104.98877	-0.10355
3103.06021	-0.10329
3101.13164	-0.10315
3099.20308	-0.10305
3097.27451	-0.10298
3095.34595	-0.10313
3093.41738	-0.10340
3091.48882	-0.10359
3089.56025	-0.10360
3087.63169	-0.10345
3085.70312	-0.10331
3083.77456	-0.10325
3081.84600	-0.10319
3079.91743	-0.10317
3077.98887	-0.10322
3076.06030	-0.10320
3074.13174	-0.10313
3072.20317	-0.10314
3070.27461	-0.10328
3068.34604	-0.10356
3066.41748	-0.10389
3064.48892	-0.10407
3062.56035	-0.10402
3060.63179	-0.10384
3058.70322	-0.10376
3056.77466	-0.10373
3054.84609	-0.10363
3052.91753	-0.10367
3050.98896	-0.10412
3049.06040	-0.10468
3047.13184	-0.10490
3045.20327	-0.10497
3043.27471	-0.10524
3041.34614	-0.10563
3039.41758	-0.10603
3037.48901	-0.10643
3035.56045	-0.10677
3033.63188	-0.10705
3031.70332	-0.10750
3029.77476	-0.10817
3027.84619	-0.10897
3025.91763	-0.10979
3023.98906	-0.11058
3022.06050	-0.11146
3020.13193	-0.11244
3018.20337	-0.11337
3016.27480	-0.11443
3014.34624	-0.11568
3012.41768	-0.11691
3010.48911	-0.11801
3008.56055	-0.11905
3006.63198	-0.12014
3004.70342	-0.12143
3002.77485	-0.12277
3000.84629	-0.12402
2998.91772	-0.12517
2996.98916	-0.12611
2995.06060	-0.12662
2993.13203	-0.12718
2991.20347	-0.12877
2989.27490	-0.13068
2987.34634	-0.13111
2985.41777	-0.12993
2983.48921	-0.12831
2981.56064	-0.12708
2979.63208	-0.12629
2977.70352	-0.12543
2975.77495	-0.12421
2973.84639	-0.12281
2971.91782	-0.12120
2969.98926	-0.11898
2968.06069	-0.11610
2966.13213	-0.11290
2964.20356	-0.10963
2962.27500	-0.10653
2960.34644	-0.10354
2958.41787	-0.10046
2956.48931	-0.09731
2954.56074	-0.09411
2952.63218	-0.09054
2950.70361	-0.08604
2948.77505	-0.08040
2946.84648	-0.07359
2944.91792	-0.06537
2942.98936	-0.05549
2941.06079	-0.04363
2939.13223	-0.02984
2937.20366	-0.01431
2935.27510	0.00319
2933.34653	0.02322
2931.41797	0.04621
2929.48940	0.07268
2927.56084	0.10337
2925.63228	0.13896
2923.70371	0.17965
2921.77515	0.22410
2919.84658	0.26781
2917.91802	0.30241
2915.98945	0.31827
2914.06089	0.31101
2912.13232	0.28587
2910.20376	0.25337
2908.27520	0.22164
2906.34663	0.19401
2904.41807	0.17085
2902.48950	0.15155
2900.56094	0.13618
2898.63237	0.12433
2896.70381	0.11366
2894.77524	0.10244
2892.84668	0.09103
2890.91812	0.07973
2888.98955	0.06827
2887.06099	0.05680
2885.13242	0.04582
2883.20386	0.03539
2881.27529	0.02534
2879.34673	0.01579
2877.41816	0.00705
2875.48960	-0.00060
2873.56104	-0.00669
2871.63247	-0.01085
2869.70391	-0.01297
2867.77534	-0.01275
2865.84678	-0.00938
2863.91821	-0.00170
2861.98965	0.01170
2860.06108	0.03255
2858.13252	0.06304
2856.20396	0.10602
2854.27539	0.16365
2852.34683	0.23193
2850.41826	0.29228
2848.48970	0.31487
2846.56113	0.28855
2844.63257	0.23450
2842.70400	0.17785
2840.77544	0.13012
2838.84687	0.09313
2836.91831	0.06538
2834.98975	0.04480
2833.06118	0.02939
2831.13262	0.01751
2829.20405	0.00806
2827.27549	0.00045
2825.34692	-0.00577
2823.41836	-0.01103
2821.48979	-0.01569
2819.56123	-0.01981
2817.63267	-0.02341
2815.70410	-0.02659
2813.77554	-0.02942
2811.84697	-0.03191
2809.91841	-0.03413
2807.98984	-0.03620
2806.06128	-0.03819
2804.13271	-0.03998
2802.20415	-0.04152
2800.27559	-0.04298
2798.34702	-0.04444
2796.41846	-0.04585
2794.48989	-0.04716
2792.56133	-0.04842
2790.63276	-0.04960
2788.70420	-0.05062
2786.77563	-0.05154
2784.84707	-0.05251
2782.91851	-0.05358
2780.98994	-0.05468
2779.06138	-0.05566
2777.13281	-0.05655
2775.20425	-0.05738
2773.27568	-0.05818
2771.34712	-0.05895
2769.41855	-0.05963
2767.48999	-0.06019
2765.56143	-0.06074
2763.63286	-0.06120
2761.70430	-0.06151
2759.77573	-0.06188
2757.84717	-0.06238
2755.91860	-0.06289
2753.99004	-0.06340
2752.06147	-0.06392
2750.13291	-0.06432
2748.20435	-0.06456
2746.27578	-0.06466
2744.34722	-0.06474
2742.41865	-0.06481
2740.49009	-0.06495
2738.56152	-0.06524
2736.63296	-0.06561
2734.70439	-0.06594
2732.77583	-0.06615
2730.84727	-0.06634
2728.91870	-0.06664
2726.99014	-0.06705
2725.06157	-0.06751
2723.13301	-0.06784
2721.20444	-0.06797
2719.27588	-0.06804
2717.34731	-0.06815
2715.41875	-0.06832
2713.49019	-0.06854
2711.56162	-0.06874
2709.63306	-0.06892
2707.70449	-0.06916
2705.77593	-0.06944
2703.84736	-0.06970
2701.91880	-0.06994
2699.99023	-0.07005
2698.06167	-0.07007
2696.13311	-0.07017
2694.20454	-0.07037
2692.27598	-0.07062
2690.34741	-0.07082
2688.41885	-0.07086
2686.49028	-0.07080
2684.56172	-0.07073
2682.63315	-0.07070
2680.70459	-0.07074
2678.77603	-0.07075
2676.84746	-0.07072
2674.91890	-0.07075
2672.99033	-0.07077
2671.06177	-0.07073
2669.13320	-0.07064
2667.20464	-0.07052
2665.27607	-0.07041
2663.34751	-0.07028
2661.41895	-0.07009
2659.49038	-0.06992
2657.56182	-0.06989
2655.63325	-0.06998
2653.70469	-0.07004
2651.77612	-0.07001
2649.84756	-0.06992
2647.91899	-0.06982
2645.99043	-0.06973
2644.06187	-0.06964
2642.13330	-0.06954
2640.20474	-0.06948
2638.27617	-0.06941
2636.34761	-0.06928
2634.41904	-0.06919
2632.49048	-0.06921
2630.56191	-0.06932
2628.63335	-0.06945
2626.70479	-0.06965
2624.77622	-0.06991
2622.84766	-0.07015
2620.91909	-0.07043
2618.99053	-0.07078
2617.06196	-0.07108
2615.13340	-0.07123
2613.20483	-0.07127
2611.27627	-0.07129
2609.34771	-0.07138
2607.41914	-0.07152
2605.49058	-0.07162
2603.56201	-0.07172
2601.63345	-0.07186
2599.70488	-0.07207
2597.77632	-0.07230
2595.84775	-0.07246
2593.91919	-0.07242
2591.99062	-0.07233
2590.06206	-0.07247
2588.13350	-0.07278
2586.20493	-0.07296
2584.27637	-0.07293
2582.34780	-0.07287
2580.41924	-0.07303
2578.49067	-0.07334
2576.56211	-0.07346
2574.63354	-0.07336
2572.70498	-0.07326
2570.77642	-0.07335
2568.84785	-0.07365
2566.91929	-0.07393
2564.99072	-0.07410
2563.06216	-0.07424
2561.13359	-0.07425
2559.20503	-0.07414
2557.27646	-0.07411
2555.34790	-0.07420
2553.41934	-0.07427
2551.49077	-0.07430
2549.56221	-0.07441
2547.63364	-0.07454
2545.70508	-0.07454
2543.77651	-0.07457
2541.84795	-0.07477
2539.91938	-0.07482
2537.99082	-0.07474
2536.06226	-0.07480
2534.13369	-0.07493
2532.20513	-0.07493
2530.27656	-0.07483
2528.34800	-0.07472
2526.41943	-0.07481
2524.49087	-0.07513
2522.56230	-0.07534
2520.63374	-0.07529
2518.70518	-0.07524
2516.77661	-0.07532
2514.84805	-0.07537
2512.91948	-0.07535
2510.99092	-0.07528
2509.06235	-0.07528
2507.13379	-0.07550
2505.20522	-0.07569
2503.27666	-0.07563
2501.34810	-0.07552
2499.41953	-0.07559
2497.49097	-0.07574
2495.56240	-0.07575
2493.63384	-0.07562
2491.70527	-0.07550
2489.77671	-0.07557
2487.84814	-0.07575
2485.91958	-0.07579
2483.99102	-0.07571
2482.06245	-0.07564
2480.13389	-0.07555
2478.20532	-0.07545
2476.27676	-0.07536
2474.34819	-0.07532
2472.41963	-0.07547
2470.49106	-0.07567
2468.56250	-0.07578
2466.63394	-0.07583
2464.70537	-0.07579
2462.77681	-0.07572
2460.84824	-0.07572
2458.91968	-0.07565
2456.99111	-0.07550
2455.06255	-0.07539
2453.13398	-0.07525
2451.20542	-0.07512
2449.27686	-0.07515
2447.34829	-0.07533
2445.41973	-0.07550
2443.49116	-0.07562
2441.56260	-0.07565
2439.63403	-0.07558
2437.70547	-0.07550
2435.77690	-0.07553
2433.84834	-0.07570
2431.91978	-0.07578
2429.99121	-0.07564
2428.06265	-0.07553
2426.13408	-0.07562
2424.20552	-0.07569
2422.27695	-0.07565
2420.34839	-0.07550
2418.41982	-0.07522
2416.49126	-0.07501
2414.56270	-0.07495
2412.63413	-0.07487
2410.70557	-0.07476
2408.77700	-0.07478
2406.84844	-0.07497
2404.91987	-0.07519
2402.99131	-0.07529
2401.06274	-0.07522
2399.13418	-0.07561
2397.20562	-0.07551
2395.27705	-0.07526
2393.34849	-0.07510
2391.41992	-0.07496
2389.49136	-0.07467
2387.56279	-0.07418
2385.63423	-0.07363
2383.70566	-0.07318
2381.77710	-0.07289
2379.84854	-0.07272
2377.91997	-0.07276
2375.99141	-0.07300
2374.06284	-0.07325
2372.13428	-0.07315
2370.20571	-0.07257
2368.27715	-0.07289
2366.34858	-0.07346
2364.42002	-0.07278
2362.49146	-0.07314
2360.56289	-0.07199
2358.63433	-0.06969
2356.70576	-0.07204
2354.77720	-0.06918
2352.84863	-0.06718
2350.92007	-0.06828
2348.99150	-0.06888
2347.06294	-0.07045
2345.13437	-0.07210
2343.20581	-0.06988
2341.27725	-0.06437
2339.34868	-0.06302
2337.42012	-0.06611
2335.49155	-0.07100
2333.56299	-0.07410
2331.63442	-0.07471
2329.70586	-0.07390
2327.77729	-0.07211
2325.84873	-0.07100
2323.92017	-0.07090
2321.99160	-0.07096
2320.06304	-0.07113
2318.13447	-0.07111
2316.20591	-0.07090
2314.27734	-0.07052
2312.34878	-0.06983
2310.42021	-0.06897
2308.49165	-0.06839
2306.56309	-0.06796
2304.63452	-0.06794
2302.70596	-0.06820
2300.77739	-0.06837
2298.84883	-0.06844
2296.92026	-0.06842
2294.99170	-0.06830
2293.06313	-0.06816
2291.13457	-0.06827
2289.20601	-0.06839
2287.27744	-0.06850
2285.34888	-0.06869
2283.42031	-0.06888
2281.49175	-0.06902
2279.56318	-0.06904
2277.63462	-0.06906
2275.70605	-0.06915
2273.77749	-0.06924
2271.84893	-0.06927
2269.92036	-0.06931
2267.99180	-0.06939
2266.06323	-0.06943
2264.13467	-0.06935
2262.20610	-0.06892
2260.27754	-0.06834
2258.34897	-0.06809
2256.42041	-0.06819
2254.49185	-0.06824
2252.56328	-0.06802
2250.63472	-0.06781
2248.70615	-0.06821
2246.77759	-0.06832
2244.84902	-0.06819
2242.92046	-0.06805
2240.99189	-0.06821
2239.06333	-0.06825
2237.13477	-0.06799
2235.20620	-0.06779
2233.27764	-0.06757
2231.34907	-0.06727
2229.42051	-0.06716
2227.49194	-0.06723
2225.56338	-0.06744
2223.63481	-0.06759
2221.70625	-0.06759
2219.77769	-0.06770
2217.84912	-0.06787
2215.92056	-0.06786
2213.99199	-0.06757
2212.06343	-0.06716
2210.13486	-0.06691
2208.20630	-0.06661
2206.27773	-0.06612
2204.34917	-0.06603
2202.42061	-0.06661
2200.49204	-0.06723
2198.56348	-0.06721
2196.63491	-0.06639
2194.70635	-0.06544
2192.77778	-0.06532
2190.84922	-0.06580
2188.92065	-0.06601
2186.99209	-0.06570
2185.06353	-0.06536
2183.13496	-0.06534
2181.20640	-0.06517
2179.27783	-0.06486
2177.34927	-0.06496
2175.42070	-0.06510
2173.49214	-0.06462
2171.56357	-0.06351
2169.63501	-0.06227
2167.70645	-0.06166
2165.77788	-0.06187
2163.84932	-0.06232
2161.92075	-0.06309
2159.99219	-0.06464
2158.06362	-0.06598
2156.13506	-0.06619
2154.20649	-0.06577
2152.27793	-0.06541
2150.34937	-0.06524
2148.42080	-0.06498
2146.49224	-0.06473
2144.56367	-0.06491
2142.63511	-0.06500
2140.70654	-0.06453
2138.77798	-0.06427
2136.84941	-0.06472
2134.92085	-0.06510
2132.99229	-0.06478
2131.06372	-0.06423
2129.13516	-0.06384
2127.20659	-0.06355
2125.27803	-0.06341
2123.34946	-0.06313
2121.42090	-0.06243
2119.49233	-0.06180
2117.56377	-0.06164
2115.63521	-0.06150
2113.70664	-0.06100
2111.77808	-0.06042
2109.84951	-0.06019
2107.92095	-0.06026
2105.99238	-0.06033
2104.06382	-0.06037
2102.13525	-0.06040
2100.20669	-0.06045
2098.27812	-0.06074
2096.34956	-0.06116
2094.42100	-0.06119
2092.49243	-0.06071
2090.56387	-0.06009
2088.63530	-0.05977
2086.70674	-0.05960
2084.77817	-0.05921
2082.84961	-0.05876
2080.92104	-0.05863
2078.99248	-0.05874
2077.06392	-0.05870
2075.13535	-0.05845
2073.20679	-0.05843
2071.27822	-0.05881
2069.34966	-0.05903
2067.42109	-0.05863
2065.49253	-0.05792
2063.56396	-0.05738
2061.63540	-0.05723
2059.70684	-0.05750
2057.77827	-0.05784
2055.84971	-0.05757
2053.92114	-0.05645
2051.99258	-0.05550
2050.06401	-0.05555
2048.13545	-0.05587
2046.20688	-0.05574
2044.27832	-0.05529
2042.34976	-0.05473
2040.42119	-0.05432
2038.49263	-0.05422
2036.56406	-0.05439
2034.63550	-0.05487
2032.70693	-0.05531
2030.77837	-0.05530
2028.84980	-0.05481
2026.92124	-0.05409
2024.99268	-0.05365
2023.06411	-0.05354
2021.13555	-0.05322
2019.20698	-0.05289
2017.27842	-0.05273
2015.34985	-0.05229
2013.42129	-0.05198
2011.49272	-0.05221
2009.56416	-0.05253
2007.63560	-0.05314
2005.70703	-0.05385
2003.77847	-0.05377
2001.84990	-0.05319
1999.92134	-0.05286
1997.99277	-0.05272
1996.06421	-0.05248
1994.13564	-0.05247
1992.20708	-0.05277
1990.27852	-0.05253
1988.34995	-0.05151
1986.42139	-0.05054
1984.49282	-0.04989
1982.56426	-0.04926
1980.63569	-0.04910
1978.70713	-0.04978
1976.77856	-0.05051
1974.85000	-0.05083
1972.92144	-0.05076
1970.99287	-0.05035
1969.06431	-0.04974
1967.13574	-0.04931
1965.20718	-0.04972
1963.27861	-0.05062
1961.35005	-0.05105
1959.42148	-0.05087
1957.49292	-0.05057
1955.56436	-0.05050
1953.63579	-0.05044
1951.70723	-0.05004
1949.77866	-0.04951
1947.85010	-0.04922
1945.92153	-0.04898
1943.99297	-0.04858
1942.06440	-0.04818
1940.13584	-0.04787
1938.20728	-0.04764
1936.27871	-0.04747
1934.35015	-0.04736
1932.42158	-0.04736
1930.49302	-0.04728
1928.56445	-0.04698
1926.63589	-0.04668
1924.70732	-0.04645
1922.77876	-0.04610
1920.85020	-0.04570
1918.92163	-0.04540
1916.99307	-0.04521
1915.06450	-0.04515
1913.13594	-0.04505
1911.20737	-0.04480
1909.27881	-0.04446
1907.35024	-0.04419
1905.42168	-0.04383
1903.49312	-0.04341
1901.56455	-0.04318
1899.63599	-0.04306
1897.70742	-0.04285
1895.77886	-0.04261
1893.85029	-0.04238
1891.92173	-0.04226
1889.99316	-0.04228
1888.06460	-0.04225
1886.13604	-0.04213
1884.20747	-0.04203
1882.27891	-0.04188
1880.35034	-0.04170
1878.42178	-0.04158
1876.49321	-0.04144
1874.56465	-0.04130
1872.63608	-0.04125
1870.70752	-0.04125
1868.77896	-0.04125
1866.85039	-0.04113
1864.92183	-0.04086
1862.99326	-0.04055
1861.06470	-0.04028
1859.13613	-0.04002
1857.20757	-0.03974
1855.27900	-0.03940
1853.35044	-0.03912
1851.42187	-0.03905
1849.49331	-0.03904
1847.56475	-0.03886
1845.63618	-0.03856
1843.70762	-0.03818
1841.77905	-0.03774
1839.85049	-0.03751
1837.92192	-0.03756
1835.99336	-0.03758
1834.06479	-0.03734
1832.13623	-0.03704
1830.20767	-0.03684
1828.27910	-0.03659
1826.35054	-0.03618
1824.42197	-0.03578
1822.49341	-0.03553
1820.56484	-0.03537
1818.63628	-0.03527
1816.70771	-0.03516
1814.77915	-0.03496
1812.85059	-0.03468
1810.92202	-0.03430
1808.99346	-0.03388
1807.06489	-0.03357
1805.13633	-0.03331
1803.20776	-0.03299
1801.27920	-0.03263
1799.35063	-0.03231
1797.42207	-0.03194
1795.49351	-0.03142
1793.56494	-0.03063
1791.63638	-0.02967
1789.70781	-0.02886
1787.77925	-0.02823
1785.85068	-0.02759
1783.92212	-0.02702
1781.99355	-0.02668
1780.06499	-0.02640
1778.13643	-0.02602
1776.20786	-0.02558
1774.27930	-0.02512
1772.35073	-0.02462
1770.42217	-0.02415
1768.49360	-0.02376
1766.56504	-0.02343
1764.63647	-0.02308
1762.70791	-0.02258
1760.77935	-0.02205
1758.85078	-0.02163
1756.92222	-0.02113
1754.99365	-0.02052
1753.06509	-0.01980
1751.13652	-0.01887
1749.20796	-0.01776
1747.27939	-0.01649
1745.35083	-0.01500
1743.42227	-0.01335
1741.49370	-0.01156
1739.56514	-0.00975
1737.63657	-0.00841
1735.70801	-0.00768
1733.77944	-0.00731
1731.85088	-0.00698
1729.92231	-0.00629
1727.99375	-0.00496
1726.06519	-0.00298
1724.13662	-0.00044
1722.20806	0.00216
1720.27949	0.00438
1718.35093	0.00678
1716.42236	0.00974
1714.49380	0.01235
1712.56523	0.01412
1710.63667	0.01497
1708.70811	0.01491
1706.77954	0.01400
1704.85098	0.01245
1702.92241	0.01067
1700.99385	0.00832
1699.06528	0.00571
1697.13672	0.00374
1695.20815	0.00182
1693.27959	0.00006
1691.35103	-0.00150
1689.42246	-0.00304
1687.49390	-0.00425
1685.56533	-0.00522
1683.63677	-0.00622
1681.70820	-0.00683
1679.77964	-0.00698
1677.85107	-0.00695
1675.92251	-0.00699
1673.99395	-0.00720
1672.06538	-0.00742
1670.13682	-0.00764
1668.20825	-0.00778
1666.27969	-0.00765
1664.35112	-0.00750
1662.42256	-0.00741
1660.49399	-0.00721
1658.56543	-0.00693
1656.63687	-0.00671
1654.70830	-0.00654
1652.77974	-0.00634
1650.85117	-0.00618
1648.92261	-0.00599
1646.99404	-0.00549
1645.06548	-0.00479
1643.13691	-0.00440
1641.20835	-0.00438
1639.27979	-0.00456
1637.35122	-0.00473
1635.42266	-0.00457
1633.49409	-0.00420
1631.56553	-0.00403
1629.63696	-0.00399
1627.70840	-0.00398
1625.77983	-0.00410
1623.85127	-0.00431
1621.92271	-0.00437
1619.99414	-0.00433
1618.06558	-0.00427
1616.13701	-0.00412
1614.20845	-0.00406
1612.27988	-0.00421
1610.35132	-0.00444
1608.42275	-0.00463
1606.49419	-0.00471
1604.56562	-0.00473
1602.63706	-0.00474
1600.70850	-0.00462
1598.77993	-0.00443
1596.85137	-0.00428
1594.92280	-0.00410
1592.99424	-0.00385
1591.06567	-0.00355
1589.13711	-0.00316
1587.20854	-0.00271
1585.27998	-0.00228
1583.35142	-0.00188
1581.42285	-0.00151
1579.49429	-0.00125
1577.56572	-0.00102
1575.63716	-0.00057
1573.70859	-0.00010
1571.78003	0.00013
1569.85146	0.00036
1567.92290	0.00071
1565.99434	0.00103
1564.06577	0.00133
1562.13721	0.00158
1560.20864	0.00191
1558.28008	0.00254
1556.35151	0.00304
1554.42295	0.00334
1552.49438	0.00367
1550.56582	0.00406
1548.63726	0.00436
1546.70869	0.00441
1544.78013	0.00436
1542.85156	0.00435
1540.92300	0.00430
1538.99443	0.00418
1537.06587	0.00409
1535.13730	0.00398
1533.20874	0.00380
1531.28018	0.00358
1529.35161	0.00340
1527.42305	0.00316
1525.49448	0.00280
1523.56592	0.00238
1521.63735	0.00208
1519.70879	0.00198
1517.78022	0.00196
1515.85166	0.00193
1513.92310	0.00187
1511.99453	0.00169
1510.06597	0.00131
1508.13740	0.00095
1506.20884	0.00097
1504.28027	0.00124
1502.35171	0.00137
1500.42314	0.00145
1498.49458	0.00161
1496.56602	0.00175
1494.63745	0.00179
1492.70889	0.00177
1490.78032	0.00180
1488.85176	0.00200
1486.92319	0.00252
1484.99463	0.00343
1483.06606	0.00526
1481.13750	0.00964
1479.20894	0.02014
1477.28037	0.04433
1475.35181	0.08935
1473.42324	0.14714
1471.49468	0.18085
1469.56611	0.17672
1467.63755	0.16192
1465.70898	0.14997
1463.78042	0.14111
1461.85186	0.13061
1459.92329	0.11599
1457.99473	0.09802
1456.06616	0.08233
1454.13760	0.07311
1452.20903	0.06649
1450.28047	0.06079
1448.35190	0.05645
1446.42334	0.05350
1444.49478	0.05141
1442.56621	0.04968
1440.63765	0.04808
1438.70908	0.04651
1436.78052	0.04466
1434.85195	0.04263
1432.92339	0.04065
1430.99482	0.03842
1429.06626	0.03594
1427.13770	0.03362
1425.20913	0.03152
1423.28057	0.02965
1421.35200	0.02827
1419.42344	0.02717
1417.49487	0.02612
1415.56631	0.02511
1413.63774	0.02405
1411.70918	0.02297
1409.78062	0.02195
1407.85205	0.02095
1405.92349	0.01993
1403.99492	0.01910
1402.06636	0.01863
1400.13779	0.01830
1398.20923	0.01743
1396.28066	0.01530
1394.35210	0.01312
1392.42354	0.01304
1390.49497	0.01430
1388.56641	0.01512
1386.63784	0.01530
1384.70928	0.01585
1382.78071	0.01752
1380.85215	0.02019
1378.92358	0.02292
1376.99502	0.02476
1375.06646	0.02557
1373.13789	0.02589
1371.20933	0.02619
1369.28076	0.02650
1367.35220	0.02665
1365.42363	0.02646
1363.49507	0.02606
1361.56650	0.02575
1359.63794	0.02564
1357.70937	0.02566
1355.78081	0.02577
1353.85225	0.02595
1351.92368	0.02608
1349.99512	0.02599
1348.06655	0.02563
1346.13799	0.02512
1344.20942	0.02458
1342.28086	0.02400
1340.35229	0.02330
1338.42373	0.02260
1336.49517	0.02210
1334.56660	0.02175
1332.63804	0.02144
1330.70947	0.02122
1328.78091	0.02120
1326.85234	0.02134
1324.92378	0.02163
1322.99521	0.02206
1321.06665	0.02257
1319.13809	0.02309
1317.20952	0.02352
1315.28096	0.02380
1313.35239	0.02401
1311.42383	0.02426
1309.49526	0.02449
1307.56670	0.02465
1305.63813	0.02479
1303.70957	0.02492
1301.78101	0.02504
1299.85244	0.02508
1297.92388	0.02505
1295.99531	0.02498
1294.06675	0.02481
1292.13818	0.02456
1290.20962	0.02426
1288.28105	0.02390
1286.35249	0.02358
1284.42393	0.02335
1282.49536	0.02310
1280.56680	0.02279
1278.63823	0.02246
1276.70967	0.02214
1274.78110	0.02177
1272.85254	0.02142
1270.92397	0.02108
1268.99541	0.02072
1267.06685	0.02029
1265.13828	0.01986
1263.20972	0.01948
1261.28115	0.01909
1259.35259	0.01858
1257.42402	0.01801
1255.49546	0.01747
1253.56689	0.01700
1251.63833	0.01664
1249.70977	0.01658
1247.78120	0.01698
1245.85264	0.01749
1243.92407	0.01747
1241.99551	0.01725
1240.06694	0.01773
1238.13838	0.01850
1236.20981	0.01857
1234.28125	0.01800
1232.35269	0.01731
1230.42412	0.01679
1228.49556	0.01664
1226.56699	0.01686
1224.63843	0.01729
1222.70986	0.01773
1220.78130	0.01818
1218.85273	0.01866
1216.92417	0.01915
1214.99561	0.01961
1213.06704	0.01997
1211.13848	0.02025
1209.20991	0.02061
1207.28135	0.02103
1205.35278	0.02135
1203.42422	0.02160
1201.49565	0.02184
1199.56709	0.02205
1197.63853	0.02224
1195.70996	0.02244
1193.78140	0.02270
1191.85283	0.02308
1189.92427	0.02354
1187.99570	0.02395
1186.06714	0.02423
1184.13857	0.02447
1182.21001	0.02488
1180.28145	0.02542
1178.35288	0.02585
1176.42432	0.02607
1174.49575	0.02619
1172.56719	0.02620
1170.63862	0.02609
1168.71006	0.02584
1166.78149	0.02547
1164.85293	0.02510
1162.92437	0.02482
1160.99580	0.02456
1159.06724	0.02426
1157.13867	0.02388
1155.21011	0.02337
1153.28154	0.02274
1151.35298	0.02206
1149.42441	0.02145
1147.49585	0.02093
1145.56729	0.02049
1143.63872	0.02013
1141.71016	0.01982
1139.78159	0.01951
1137.85303	0.01924
1135.92446	0.01905
1133.99590	0.01895
1132.06733	0.01888
1130.13877	0.01878
1128.21021	0.01862
1126.28164	0.01841
1124.35308	0.01816
1122.42451	0.01793
1120.49595	0.01778
1118.56738	0.01771
1116.63882	0.01755
1114.71025	0.01717
1112.78169	0.01660
1110.85312	0.01593
1108.92456	0.01521
1106.99600	0.01444
1105.06743	0.01372
1103.13887	0.01323
1101.21030	0.01289
1099.28174	0.01251
1097.35317	0.01217
1095.42461	0.01189
1093.49604	0.01119
1091.56748	0.00956
1089.63892	0.00733
1087.71035	0.00513
1085.78179	0.00300
1083.85322	0.00080
1081.92466	-0.00134
1079.99609	-0.00333
1078.06753	-0.00504
1076.13896	-0.00622
1074.21040	-0.00659
1072.28184	-0.00625
1070.35327	-0.00639
1068.42471	-0.00816
1066.49614	-0.00992
1064.56758	-0.00908
1062.63901	-0.00699
1060.71045	-0.00679
1058.78188	-0.00848
1056.85332	-0.00966
1054.92476	-0.00951
1052.99619	-0.00902
1051.06763	-0.00860
1049.13906	-0.00810
1047.21050	-0.00756
1045.28193	-0.00676
1043.35337	-0.00549
1041.42480	-0.00399
1039.49624	-0.00265
1037.56768	-0.00099
1035.63911	0.00159
1033.71055	0.00443
1031.78198	0.00620
1029.85342	0.00612
1027.92485	0.00546
1025.99629	0.00632
1024.06772	0.00813
1022.13916	0.00913
1020.21060	0.00941
1018.28203	0.00957
1016.35347	0.00973
1014.42490	0.01010
1012.49634	0.01075
1010.56777	0.01147
1008.63921	0.01207
1006.71064	0.01263
1004.78208	0.01324
1002.85352	0.01393
1000.92495	0.01466
998.99639	0.01534
997.06782	0.01602
995.13926	0.01671
993.21069	0.01729
991.28213	0.01765
989.35356	0.01774
987.42500	0.01758
985.49644	0.01726
983.56787	0.01693
981.63931	0.01677
979.71074	0.01683
977.78218	0.01694
975.85361	0.01707
973.92505	0.01728
971.99648	0.01754
970.06792	0.01784
968.13936	0.01804
966.21079	0.01804
964.28223	0.01797
962.35366	0.01798
960.42510	0.01797
958.49653	0.01786
956.56797	0.01774
954.63940	0.01773
952.71084	0.01771
950.78228	0.01757
948.85371	0.01741
946.92515	0.01736
944.99658	0.01740
943.06802	0.01749
941.13945	0.01749
939.21089	0.01735
937.28232	0.01713
935.35376	0.01681
933.42520	0.01637
931.49663	0.01594
929.56807	0.01561
927.63950	0.01534
925.71094	0.01511
923.78237	0.01486
921.85381	0.01448
919.92524	0.01416
917.99668	0.01421
916.06812	0.01460
914.13955	0.01515
912.21099	0.01570
910.28242	0.01592
908.35386	0.01523
906.42529	0.01335
904.49673	0.01072
902.56816	0.00811
900.63960	0.00600
898.71104	0.00470
896.78247	0.00416
894.85391	0.00388
892.92534	0.00359
890.99678	0.00363
889.06821	0.00412
887.13965	0.00452
885.21108	0.00454
883.28252	0.00434
881.35396	0.00409
879.42539	0.00407
877.49683	0.00456
875.56826	0.00486
873.63970	0.00436
871.71113	0.00344
869.78257	0.00262
867.85400	0.00214
865.92544	0.00197
863.99687	0.00185
862.06831	0.00176
860.13975	0.00190
858.21118	0.00219
856.28262	0.00233
854.35405	0.00224
852.42549	0.00211
850.49692	0.00213
848.56836	0.00228
846.63979	0.00235
844.71123	0.00226
842.78267	0.00207
840.85410	0.00193
838.92554	0.00186
836.99697	0.00177
835.06841	0.00150
833.13984	0.00110
831.21128	0.00079
829.28271	0.00058
827.35415	0.00037
825.42559	0.00011
823.49702	-0.00024
821.56846	-0.00060
819.63989	-0.00081
817.71133	-0.00087
815.78276	-0.00101
813.85420	-0.00163
811.92563	-0.00258
809.99707	-0.00314
808.06851	-0.00330
806.13994	-0.00362
804.21138	-0.00416
802.28281	-0.00463
800.35425	-0.00499
798.42568	-0.00535
796.49712	-0.00571
794.56855	-0.00594
792.63999	-0.00590
790.71143	-0.00557
788.78286	-0.00511
786.85430	-0.00472
784.92573	-0.00442
782.99717	-0.00414
781.06860	-0.00396
779.14004	-0.00401
777.21147	-0.00428
775.28291	-0.00466
773.35435	-0.00517
771.42578	-0.00585
769.49722	-0.00656
767.56865	-0.00705
765.64009	-0.00731
763.71152	-0.00733
761.78296	-0.00710
759.85439	-0.00651
757.92583	-0.00560
755.99727	-0.00469
754.06870	-0.00390
752.14014	-0.00317
750.21157	-0.00266
748.28301	-0.00246
746.35444	-0.00219
744.42588	-0.00157
742.49731	-0.00051
740.56875	0.00127
738.64019	0.00465
736.71162	0.01131
734.78306	0.02262
732.85449	0.03648
730.92593	0.04677
728.99736	0.05058
727.06880	0.05309
725.14023	0.06134
723.21167	0.07984
721.28311	0.10904
719.35454	0.14186
717.42598	0.16090
715.49741	0.15191
713.56885	0.12032
711.64028	0.08498
709.71172	0.05850
707.78315	0.04177
705.85459	0.03125
703.92603	0.02415
701.99746	0.01903
700.06890	0.01497
698.14033	0.01155
696.21177	0.00904
694.28320	0.00764
692.35464	0.00697
690.42607	0.00641
688.49751	0.00544
686.56895	0.00437
684.64038	0.00370
682.71182	0.00370
680.78325	0.00388
678.85469	0.00353
676.92612	0.00306
674.99756	0.00328
673.06899	0.00370
671.14043	0.00202
669.21187	-0.00189
667.28330	-0.00117
665.35474	-0.00116
663.42617	-0.00066
661.49761	-0.00064
659.56904	-0.00136
657.64048	-0.00254
655.71191	-0.00369
653.78335	-0.00474
651.85479	-0.00635
649.92622	-0.00889
647.99766	-0.01228
646.06909	-0.01712
644.14053	-0.02457
642.21196	-0.03554
640.28340	-0.05160
638.35483	-0.07581
636.42627	-0.11076
634.49771	-0.15262
632.56914	-0.18652
630.64058	-0.19519
628.71201	-0.17610
626.78345	-0.14011
624.85488	-0.10468
622.92632	-0.07845
620.99775	-0.06064
619.06919	-0.04846
617.14062	-0.04004
615.21206	-0.03426
613.28350	-0.03096
611.35493	-0.02935
609.42637	-0.02864
607.49780	-0.02894
605.56924	-0.02987
603.64067	-0.03136
601.71211	-0.03392
599.78354	-0.03714
