3997.91411	0.01948
3995.98555	0.01943
3994.05698	0.01936
3992.12842	0.01926
3990.19985	0.01928
3988.27129	0.01945
3986.34272	0.01955
3984.41416	0.01950
3982.48560	0.01939
3980.55703	0.01934
3978.62847	0.01936
3976.69990	0.01944
3974.77134	0.01947
3972.84277	0.01939
3970.91421	0.01934
3968.98564	0.01935
3967.05708	0.01933
3965.12852	0.01926
3963.19995	0.01922
3961.27139	0.01922
3959.34282	0.01929
3957.41426	0.01940
3955.48569	0.01947
3953.55713	0.01943
3951.62856	0.01931
3949.70000	0.01926
3947.77144	0.01929
3945.84287	0.01932
3943.91431	0.01935
3941.98574	0.01938
3940.05718	0.01936
3938.12861	0.01931
3936.20005	0.01930
3934.27148	0.01939
3932.34292	0.01952
3930.41436	0.01960
3928.48579	0.01961
3926.55723	0.01961
3924.62866	0.01963
3922.70010	0.01966
3920.77153	0.01963
3918.84297	0.01954
3916.91440	0.01942
3914.98584	0.01931
3913.05728	0.01928
3911.12871	0.01931
3909.20015	0.01931
3907.27158	0.01926
3905.34302	0.01924
3903.41445	0.01930
3901.48589	0.01937
3899.55732	0.01935
3897.62876	0.01928
3895.70020	0.01929
3893.77163	0.01943
3891.84307	0.01953
3889.91450	0.01945
3887.98594	0.01927
3886.05737	0.01920
3884.12881	0.01924
3882.20024	0.01926
3880.27168	0.01927
3878.34312	0.01937
3876.41455	0.01953
3874.48599	0.01965
3872.55742	0.01961
3870.62886	0.01949
3868.70029	0.01938
3866.77173	0.01928
3864.84316	0.01923
3862.91460	0.01927
3860.98604	0.01931
3859.05747	0.01927
3857.12891	0.01913
3855.20034	0.01894
3853.27178	0.01873
3851.34321	0.01864
3849.41465	0.01869
3847.48608	0.01878
3845.55752	0.01884
3843.62896	0.01891
3841.70039	0.01905
3839.77183	0.01923
3837.84326	0.01937
3835.91470	0.01934
3833.98613	0.01919
3832.05757	0.01907
3830.12900	0.01902
3828.20044	0.01903
3826.27187	0.01904
3824.34331	0.01902
3822.41475	0.01897
3820.48618	0.01891
3818.55762	0.01892
3816.62905	0.01900
3814.70049	0.01901
3812.77192	0.01889
3810.84336	0.01879
3808.91479	0.01880
3806.98623	0.01886
3805.05767	0.01880
3803.12910	0.01861
3801.20054	0.01847
3799.27197	0.01843
3797.34341	0.01841
3795.41484	0.01843
3793.48628	0.01848
3791.55771	0.01847
3789.62915	0.01843
3787.70059	0.01840
3785.77202	0.01835
3783.84346	0.01827
3781.91489	0.01821
3779.98633	0.01820
3778.05776	0.01815
3776.12920	0.01804
3774.20063	0.01799
3772.27207	0.01805
3770.34351	0.01816
3768.41494	0.01822
3766.48638	0.01818
3764.55781	0.01813
3762.62925	0.01812
3760.70068	0.01816
3758.77212	0.01823
3756.84355	0.01830
3754.91499	0.01839
3752.98643	0.01858
3751.05786	0.01872
3749.12930	0.01855
3747.20073	0.01816
3745.27217	0.01787
3743.34360	0.01784
3741.41504	0.01800
3739.48647	0.01821
3737.55791	0.01838
3735.62935	0.01842
3733.70078	0.01828
3731.77222	0.01810
3729.84365	0.01812
3727.91509	0.01820
3725.98652	0.01830
3724.05796	0.01820
3722.12939	0.01804
3720.20083	0.01804
3718.27227	0.01811
3716.34370	0.01816
3714.41514	0.01816
3712.48657	0.01809
3710.55801	0.01804
3708.62944	0.01806
3706.70088	0.01805
3704.77231	0.01792
3702.84375	0.01773
3700.91519	0.01762
3698.98662	0.01765
3697.05806	0.01776
3695.12949	0.01783
3693.20093	0.01784
3691.27236	0.01785
3689.34380	0.01791
3687.41523	0.01800
3685.48667	0.01803
3683.55811	0.01804
3681.62954	0.01805
3679.70098	0.01807
3677.77241	0.01811
3675.84385	0.01824
3673.91528	0.01842
3671.98672	0.01851
3670.05815	0.01841
3668.12959	0.01830
3666.20103	0.01841
3664.27246	0.01870
3662.34390	0.01893
3660.41533	0.01897
3658.48677	0.01893
3656.55820	0.01896
3654.62964	0.01909
3652.70107	0.01933
3650.77251	0.01973
3648.84395	0.02016
3646.91538	0.02031
3644.98682	0.02024
3643.05825	0.02022
3641.12969	0.02038
3639.20112	0.02065
3637.27256	0.02088
3635.34399	0.02100
3633.41543	0.02103
3631.48687	0.02111
3629.55830	0.02137
3627.62974	0.02160
3625.70117	0.02166
3623.77261	0.02168
3621.84404	0.02177
3619.91548	0.02210
3617.98691	0.02250
3616.05835	0.02283
3614.12979	0.02316
3612.20122	0.02346
3610.27266	0.02371
3608.34409	0.02402
3606.41553	0.02436
3604.48696	0.02452
3602.55840	0.02454
3600.62983	0.02467
3598.70127	0.02499
3596.77271	0.02525
3594.84414	0.02525
3592.91558	0.02514
3590.98701	0.02522
3589.05845	0.02562
3587.12988	0.02612
3585.20132	0.02647
3583.27275	0.02674
3581.34419	0.02698
3579.41562	0.02710
3577.48706	0.02705
3575.55850	0.02696
3573.62993	0.02706
3571.70137	0.02740
3569.77280	0.02781
3567.84424	0.02814
3565.91567	0.02835
3563.98711	0.02857
3562.05854	0.02885
3560.12998	0.02909
3558.20142	0.02935
3556.27285	0.02976
3554.34429	0.03023
3552.41572	0.03050
3550.48716	0.03056
3548.55859	0.03061
3546.63003	0.03078
3544.70146	0.03105
3542.77290	0.03139
3540.84434	0.03180
3538.91577	0.03223
3536.98721	0.03256
3535.05864	0.03274
3533.13008	0.03290
3531.20151	0.03322
3529.27295	0.03361
3527.34438	0.03394
3525.41582	0.03417
3523.48726	0.03436
3521.55869	0.03443
3519.63013	0.03444
3517.70156	0.03457
3515.77300	0.03484
3513.84443	0.03517
3511.91587	0.03556
3509.98730	0.03595
3508.05874	0.03621
3506.13018	0.03631
3504.20161	0.03640
3502.27305	0.03654
3500.34448	0.03675
3498.41592	0.03703
3496.48735	0.03729
3494.55879	0.03746
3492.63022	0.03761
3490.70166	0.03787
3488.77310	0.03819
3486.84453	0.03836
3484.91597	0.03842
3482.98740	0.03868
3481.05884	0.03909
3479.13027	0.03929
3477.20171	0.03917
3475.27314	0.03914
3473.34458	0.03950
3471.41602	0.03999
3469.48745	0.04035
3467.55889	0.04075
3465.63032	0.04112
3463.70176	0.04116
3461.77319	0.04104
3459.84463	0.04099
3457.91606	0.04102
3455.98750	0.04117
3454.05894	0.04140
3452.13037	0.04154
3450.20181	0.04160
3448.27324	0.04166
3446.34468	0.04169
3444.41611	0.04165
3442.48755	0.04170
3440.55898	0.04192
3438.63042	0.04215
3436.70186	0.04230
3434.77329	0.04249
3432.84473	0.04281
3430.91616	0.04316
3428.98760	0.04339
3427.05903	0.04351
3425.13047	0.04345
3423.20190	0.04330
3421.27334	0.04335
3419.34478	0.04353
3417.41621	0.04356
3415.48765	0.04351
3413.55908	0.04364
3411.63052	0.04386
3409.70195	0.04399
3407.77339	0.04411
3405.84482	0.04432
3403.91626	0.04445
3401.98770	0.04438
3400.05913	0.04429
3398.13057	0.04437
3396.20200	0.04449
3394.27344	0.04453
3392.34487	0.04456
3390.41631	0.04468
3388.48774	0.04482
3386.55918	0.04488
3384.63062	0.04480
3382.70205	0.04461
3380.77349	0.04448
3378.84492	0.04447
3376.91636	0.04447
3374.98779	0.04445
3373.05923	0.04456
3371.13066	0.04479
3369.20210	0.04493
3367.27354	0.04497
3365.34497	0.04495
3363.41641	0.04483
3361.48784	0.04469
3359.55928	0.04473
3357.63071	0.04486
3355.70215	0.04496
3353.77358	0.04493
3351.84502	0.04480
3349.91646	0.04477
3347.98789	0.04489
3346.05933	0.04502
3344.13076	0.04497
3342.20220	0.04476
3340.27363	0.04459
3338.34507	0.04458
3336.41650	0.04464
3334.48794	0.04473
3332.55937	0.04483
3330.63081	0.04480
3328.70225	0.04465
3326.77368	0.04452
3324.84512	0.04458
3322.91655	0.04481
3320.98799	0.04505
3319.05942	0.04506
3317.13086	0.04497
3315.20229	0.04511
3313.27373	0.04538
3311.34517	0.04544
3309.41660	0.04526
3307.48804	0.04501
3305.55947	0.04479
3303.63091	0.04475
3301.70234	0.04491
3299.77378	0.04506
3297.84521	0.04501
3295.91665	0.04486
3293.98809	0.04472
3292.05952	0.04464
3290.13096	0.04464
3288.20239	0.04456
3286.27383	0.04431
3284.34526	0.04411
3282.41670	0.04400
3280.48813	0.04391
3278.55957	0.04382
3276.63101	0.04369
3274.70244	0.04347
3272.77388	0.04327
3270.84531	0.04320
3268.91675	0.04315
3266.98818	0.04291
3265.05962	0.04250
3263.13105	0.04221
3261.20249	0.04201
3259.27393	0.04169
3257.34536	0.04131
3255.41680	0.04107
3253.48823	0.04095
3251.55967	0.04081
3249.63110	0.04058
3247.70254	0.04029
3245.77397	0.04008
3243.84541	0.03998
3241.91685	0.03989
3239.98828	0.03976
3238.05972	0.03962
3236.13115	0.03946
3234.20259	0.03928
3232.27402	0.03896
3230.34546	0.03850
3228.41689	0.03815
3226.48833	0.03797
3224.55977	0.03781
3222.63120	0.03762
3220.70264	0.03750
3218.77407	0.03745
3216.84551	0.03730
3214.91694	0.03711
3212.98838	0.03700
3211.05981	0.03684
3209.13125	0.03654
3207.20269	0.03615
3205.27412	0.03577
3203.34556	0.03553
3201.41699	0.03550
3199.48843	0.03557
3197.55986	0.03558
3195.63130	0.03545
3193.70273	0.03526
3191.77417	0.03506
3189.84561	0.03474
3187.91704	0.03439
3185.98848	0.03410
3184.05991	0.03386
3182.13135	0.03372
3180.20278	0.03375
3178.27422	0.03380
3176.34565	0.03367
3174.41709	0.03338
3172.48853	0.03313
3170.55996	0.03294
3168.63140	0.03259
3166.70283	0.03216
3164.77427	0.03190
3162.84570	0.03184
3160.91714	0.03178
3158.98857	0.03158
3157.06001	0.03125
3155.13145	0.03091
3153.20288	0.03070
3151.27432	0.03064
3149.34575	0.03054
3147.41719	0.03027
3145.48862	0.02995
3143.56006	0.02975
3141.63149	0.02959
3139.70293	0.02942
3137.77437	0.02933
3135.84580	0.02930
3133.91724	0.02919
3131.98867	0.02902
3130.06011	0.02889
3128.13154	0.02876
3126.20298	0.02858
3124.27441	0.02827
3122.34585	0.02793
3120.41729	0.02781
3118.48872	0.02786
3116.56016	0.02781
3114.63159	0.02766
3112.70303	0.02759
3110.77446	0.02753
3108.84590	0.02737
3106.91733	0.02724
3104.98877	0.02731
3103.06021	0.02747
3101.13164	0.02759
3099.20308	0.02763
3097.27451	0.02748
3095.34595	0.02720
3093.41738	0.02708
3091.48882	0.02717
3089.56025	0.02726
3087.63169	0.02721
3085.70312	0.02708
3083.77456	0.02706
3081.84600	0.02715
3079.91743	0.02710
3077.98887	0.02691
3076.06030	0.02681
3074.13174	0.02686
3072.20317	0.02683
3070.27461	0.02664
3068.34604	0.02640
3066.41748	0.02620
3064.48892	0.02600
3062.56035	0.02584
3060.63179	0.02576
3058.70322	0.02568
3056.77466	0.02551
3054.84609	0.02523
3052.91753	0.02498
3050.98896	0.02487
3049.06040	0.02483
3047.13184	0.02473
3045.20327	0.02454
3043.27471	0.02430
3041.34614	0.02409
3039.41758	0.02405
3037.48901	0.02409
3035.56045	0.02402
3033.63188	0.02386
3031.70332	0.02375
3029.77476	0.02362
3027.84619	0.02343
3025.91763	0.02326
3023.98906	0.02315
3022.06050	0.02303
3020.13193	0.02289
3018.20337	0.02277
3016.27480	0.02262
3014.34624	0.02245
3012.41768	0.02241
3010.48911	0.02249
3008.56055	0.02261
3006.63198	0.02276
3004.70342	0.02289
3002.77485	0.02300
3000.84629	0.02309
2998.91772	0.02314
2996.98916	0.02332
2995.06060	0.02373
2993.13203	0.02427
2991.20347	0.02477
2989.27490	0.02520
2987.34634	0.02568
2985.41777	0.02635
2983.48921	0.02724
2981.56064	0.02825
2979.63208	0.02932
2977.70352	0.03055
2975.77495	0.03198
2973.84639	0.03346
2971.91782	0.03501
2969.98926	0.03696
2968.06069	0.03941
2966.13213	0.04203
2964.20356	0.04457
2962.27500	0.04710
2960.34644	0.04954
2958.41787	0.05170
2956.48931	0.05364
2954.56074	0.05545
2952.63218	0.05713
2950.70361	0.05887
2948.77505	0.06116
2946.84648	0.06457
2944.91792	0.06944
2942.98936	0.07582
2941.06079	0.08378
2939.13223	0.09341
2937.20366	0.10477
2935.27510	0.11795
2933.34653	0.13323
2931.41797	0.15100
2929.48940	0.17176
2927.56084	0.19667
2925.63228	0.22759
2923.70371	0.26667
2921.77515	0.31557
2919.84658	0.37380
2917.91802	0.43478
2915.98945	0.48244
2914.06089	0.49806
2912.13232	0.47779
2910.20376	0.43653
2908.27520	0.39172
2906.34663	0.35267
2904.41807	0.32184
2902.48950	0.29819
2900.56094	0.27958
2898.63237	0.26425
2896.70381	0.25085
2894.77524	0.23834
2892.84668	0.22614
2890.91812	0.21411
2888.98955	0.20234
2887.06099	0.19079
2885.13242	0.17940
2883.20386	0.16828
2881.27529	0.15763
2879.34673	0.14752
2877.41816	0.13814
2875.48960	0.12990
2873.56104	0.12318
2871.63247	0.11805
2869.70391	0.11436
2867.77534	0.11230
2865.84678	0.11248
2863.91821	0.11565
2861.98965	0.12268
2860.06108	0.13495
2858.13252	0.15472
2856.20396	0.18597
2854.27539	0.23484
2852.34683	0.30650
2850.41826	0.39252
2848.48970	0.45420
2846.56113	0.44758
2844.63257	0.38635
2842.70400	0.31607
2840.77544	0.25924
2838.84687	0.21770
2836.91831	0.18781
2834.98975	0.16600
2833.06118	0.14968
2831.13262	0.13715
2829.20405	0.12727
2827.27549	0.11921
2825.34692	0.11250
2823.41836	0.10686
2821.48979	0.10206
2819.56123	0.09793
2817.63267	0.09430
2815.70410	0.09109
2813.77554	0.08830
2811.84697	0.08578
2809.91841	0.08338
2807.98984	0.08116
2806.06128	0.07922
2804.13271	0.07744
2802.20415	0.07565
2800.27559	0.07390
2798.34702	0.07233
2796.41846	0.07094
2794.48989	0.06965
2792.56133	0.06841
2790.63276	0.06716
2788.70420	0.06585
2786.77563	0.06461
2784.84707	0.06350
2782.91851	0.06245
2780.98994	0.06141
2779.06138	0.06045
2777.13281	0.05959
2775.20425	0.05873
2773.27568	0.05785
2771.34712	0.05707
2769.41855	0.05641
2767.48999	0.05583
2765.56143	0.05527
2763.63286	0.05472
2761.70430	0.05417
2759.77573	0.05368
2757.84717	0.05326
2755.91860	0.05278
2753.99004	0.05226
2752.06147	0.05183
2750.13291	0.05149
2748.20435	0.05120
2746.27578	0.05098
2744.34722	0.05073
2742.41865	0.05041
2740.49009	0.05014
2738.56152	0.04993
2736.63296	0.04968
2734.70439	0.04935
2732.77583	0.04896
2730.84727	0.04859
2728.91870	0.04833
2726.99014	0.04813
2725.06157	0.04790
2723.13301	0.04764
2721.20444	0.04735
2719.27588	0.04704
2717.34731	0.04672
2715.41875	0.04639
2713.49019	0.04609
2711.56162	0.04583
2709.63306	0.04559
2707.70449	0.04534
2705.77593	0.04512
2703.84736	0.04489
2701.91880	0.04464
2699.99023	0.04433
2698.06167	0.04401
2696.13311	0.04380
2694.20454	0.04367
2692.27598	0.04352
2690.34741	0.04338
2688.41885	0.04326
2686.49028	0.04314
2684.56172	0.04300
2682.63315	0.04291
2680.70459	0.04286
2678.77603	0.04285
2676.84746	0.04285
2674.91890	0.04281
2672.99033	0.04272
2671.06177	0.04270
2669.13320	0.04283
2667.20464	0.04297
2665.27607	0.04301
2663.34751	0.04296
2661.41895	0.04285
2659.49038	0.04273
2657.56182	0.04258
2655.63325	0.04243
2653.70469	0.04235
2651.77612	0.04219
2649.84756	0.04192
2647.91899	0.04172
2645.99043	0.04163
2644.06187	0.04156
2642.13330	0.04150
2640.20474	0.04146
2638.27617	0.04144
2636.34761	0.04139
2634.41904	0.04130
2632.49048	0.04114
2630.56191	0.04084
2628.63335	0.04040
2626.70479	0.03999
2624.77622	0.03971
2622.84766	0.03947
2620.91909	0.03921
2618.99053	0.03896
2617.06196	0.03865
2615.13340	0.03828
2613.20483	0.03796
2611.27627	0.03770
2609.34771	0.03749
2607.41914	0.03729
2605.49058	0.03700
2603.56201	0.03673
2601.63345	0.03660
2599.70488	0.03651
2597.77632	0.03629
2595.84775	0.03600
2593.91919	0.03581
2591.99062	0.03560
2590.06206	0.03533
2588.13350	0.03517
2586.20493	0.03509
2584.27637	0.03500
2582.34780	0.03490
2580.41924	0.03473
2578.49067	0.03446
2576.56211	0.03422
2574.63354	0.03404
2572.70498	0.03394
2570.77642	0.03389
2568.84785	0.03373
2566.91929	0.03344
2564.99072	0.03318
2563.06216	0.03305
2561.13359	0.03300
2559.20503	0.03293
2557.27646	0.03285
2555.34790	0.03286
2553.41934	0.03284
2551.49077	0.03266
2549.56221	0.03240
2547.63364	0.03221
2545.70508	0.03210
2543.77651	0.03202
2541.84795	0.03190
2539.91938	0.03172
2537.99082	0.03153
2536.06226	0.03142
2534.13369	0.03144
2532.20513	0.03144
2530.27656	0.03127
2528.34800	0.03106
2526.41943	0.03100
2524.49087	0.03096
2522.56230	0.03079
2520.63374	0.03058
2518.70518	0.03051
2516.77661	0.03054
2514.84805	0.03059
2512.91948	0.03060
2510.99092	0.03050
2509.06235	0.03036
2507.13379	0.03021
2505.20522	0.03001
2503.27666	0.02988
2501.34810	0.02991
2499.41953	0.02994
2497.49097	0.02990
2495.56240	0.02981
2493.63384	0.02967
2491.70527	0.02952
2489.77671	0.02941
2487.84814	0.02935
2485.91958	0.02925
2483.99102	0.02914
2482.06245	0.02908
2480.13389	0.02898
2478.20532	0.02886
2476.27676	0.02881
2474.34819	0.02883
2472.41963	0.02888
2470.49106	0.02890
2468.56250	0.02883
2466.63394	0.02865
2464.70537	0.02849
2462.77681	0.02846
2460.84824	0.02845
2458.91968	0.02832
2456.99111	0.02817
2455.06255	0.02813
2453.13398	0.02813
2451.20542	0.02806
2449.27686	0.02800
2447.34829	0.02791
2445.41973	0.02776
2443.49116	0.02764
2441.56260	0.02758
2439.63403	0.02750
2437.70547	0.02741
2435.77690	0.02739
2433.84834	0.02739
2431.91978	0.02745
2429.99121	0.02754
2428.06265	0.02760
2426.13408	0.02764
2424.20552	0.02768
2422.27695	0.02766
2420.34839	0.02753
2418.41982	0.02732
2416.49126	0.02724
2414.56270	0.02729
2412.63413	0.02730
2410.70557	0.02729
2408.77700	0.02723
2406.84844	0.02708
2404.91987	0.02696
2402.99131	0.02696
2401.06274	0.02693
2399.13418	0.02663
2397.20562	0.02655
2395.27705	0.02665
2393.34849	0.02678
2391.41992	0.02688
2389.49136	0.02697
2387.56279	0.02709
2385.63423	0.02725
2383.70566	0.02737
2381.77710	0.02737
2379.84854	0.02726
2377.91997	0.02706
2375.99141	0.02681
2374.06284	0.02659
2372.13428	0.02648
2370.20571	0.02657
2368.27715	0.02592
2366.34858	0.02520
2364.42002	0.02572
2362.49146	0.02525
2360.56289	0.02611
2358.63433	0.02805
2356.70576	0.02574
2354.77720	0.02832
2352.84863	0.02980
2350.92007	0.02833
2348.99150	0.02753
2347.06294	0.02646
2345.13437	0.02526
2343.20581	0.02728
2341.27725	0.03235
2339.34868	0.03367
2337.42012	0.03091
2335.49155	0.02647
2333.56299	0.02360
2331.63442	0.02281
2329.70586	0.02313
2327.77729	0.02426
2325.84873	0.02516
2323.92017	0.02552
2321.99160	0.02553
2320.06304	0.02507
2318.13447	0.02481
2316.20591	0.02497
2314.27734	0.02544
2312.34878	0.02609
2310.42021	0.02677
2308.49165	0.02714
2306.56309	0.02749
2304.63452	0.02761
2302.70596	0.02745
2300.77739	0.02720
2298.84883	0.02690
2296.92026	0.02668
2294.99170	0.02663
2293.06313	0.02672
2291.13457	0.02672
2289.20601	0.02665
2287.27744	0.02647
2285.34888	0.02622
2283.42031	0.02598
2281.49175	0.02570
2279.56318	0.02550
2277.63462	0.02548
2275.70605	0.02548
2273.77749	0.02531
2271.84893	0.02512
2269.92036	0.02508
2267.99180	0.02501
2266.06323	0.02480
2264.13467	0.02463
2262.20610	0.02464
2260.27754	0.02466
2258.34897	0.02460
2256.42041	0.02451
2254.49185	0.02446
2252.56328	0.02451
2250.63472	0.02460
2248.70615	0.02445
2246.77759	0.02424
2244.84902	0.02403
2242.92046	0.02404
2240.99189	0.02420
2239.06333	0.02418
2237.13477	0.02387
2235.20620	0.02354
2233.27764	0.02332
2231.34907	0.02332
2229.42051	0.02357
2227.49194	0.02375
2225.56338	0.02370
2223.63481	0.02364
2221.70625	0.02363
2219.77769	0.02353
2217.84912	0.02340
2215.92056	0.02335
2213.99199	0.02329
2212.06343	0.02322
2210.13486	0.02322
2208.20630	0.02327
2206.27773	0.02321
2204.34917	0.02306
2202.42061	0.02293
2200.49204	0.02285
2198.56348	0.02285
2196.63491	0.02290
2194.70635	0.02297
2192.77778	0.02302
2190.84922	0.02299
2188.92065	0.02289
2186.99209	0.02286
2185.06353	0.02299
2183.13496	0.02299
2181.20640	0.02264
2179.27783	0.02217
2177.34927	0.02202
2175.42070	0.02245
2173.49214	0.02308
2171.56357	0.02330
2169.63501	0.02312
2167.70645	0.02289
2165.77788	0.02270
2163.84932	0.02267
2161.92075	0.02260
2159.99219	0.02176
2158.06362	0.02057
2156.13506	0.02023
2154.20649	0.02064
2152.27793	0.02091
2150.34937	0.02068
2148.42080	0.02046
2146.49224	0.02067
2144.56367	0.02113
2142.63511	0.02159
2140.70654	0.02174
2138.77798	0.02145
2136.84941	0.02111
2134.92085	0.02108
2132.99229	0.02132
2131.06372	0.02150
2129.13516	0.02144
2127.20659	0.02132
2125.27803	0.02150
2123.34946	0.02192
2121.42090	0.02221
2119.49233	0.02225
2117.56377	0.02215
2115.63521	0.02210
2113.70664	0.02223
2111.77808	0.02240
2109.84951	0.02232
2107.92095	0.02194
2105.99238	0.02166
2104.06382	0.02185
2102.13525	0.02225
2100.20669	0.02238
2098.27812	0.02219
2096.34956	0.02199
2094.42100	0.02192
2092.49243	0.02202
2090.56387	0.02207
2088.63530	0.02202
2086.70674	0.02203
2084.77817	0.02209
2082.84961	0.02212
2080.92104	0.02217
2078.99248	0.02242
2077.06392	0.02279
2075.13535	0.02290
2073.20679	0.02265
2071.27822	0.02238
2069.34966	0.02223
2067.42109	0.02209
2065.49253	0.02193
2063.56396	0.02188
2061.63540	0.02194
2059.70684	0.02207
2057.77827	0.02225
2055.84971	0.02240
2053.92114	0.02254
2051.99258	0.02275
2050.06401	0.02266
2048.13545	0.02194
2046.20688	0.02122
2044.27832	0.02110
2042.34976	0.02145
2040.42119	0.02180
2038.49263	0.02176
2036.56406	0.02153
2034.63550	0.02166
2032.70693	0.02209
2030.77837	0.02233
2028.84980	0.02217
2026.92124	0.02163
2024.99268	0.02103
2023.06411	0.02086
2021.13555	0.02112
2019.20698	0.02139
2017.27842	0.02167
2015.34985	0.02203
2013.42129	0.02211
2011.49272	0.02173
2009.56416	0.02117
2007.63560	0.02078
2005.70703	0.02064
2003.77847	0.02054
2001.84990	0.02039
1999.92134	0.02035
1997.99277	0.02059
1996.06421	0.02103
1994.13564	0.02129
1992.20708	0.02118
1990.27852	0.02110
1988.34995	0.02144
1986.42139	0.02208
1984.49282	0.02247
1982.56426	0.02222
1980.63569	0.02152
1978.70713	0.02072
1976.77856	0.02006
1974.85000	0.01973
1972.92144	0.01971
1970.99287	0.01985
1969.06431	0.02017
1967.13574	0.02059
1965.20718	0.02082
1963.27861	0.02079
1961.35005	0.02055
1959.42148	0.02019
1957.49292	0.02000
1955.56436	0.02014
1953.63579	0.02025
1951.70723	0.02008
1949.77866	0.01995
1947.85010	0.02007
1945.92153	0.02032
1943.99297	0.02053
1942.06440	0.02068
1940.13584	0.02074
1938.20728	0.02072
1936.27871	0.02073
1934.35015	0.02082
1932.42158	0.02088
1930.49302	0.02085
1928.56445	0.02091
1926.63589	0.02113
1924.70732	0.02129
1922.77876	0.02133
1920.85020	0.02141
1918.92163	0.02159
1916.99307	0.02168
1915.06450	0.02160
1913.13594	0.02154
1911.20737	0.02165
1909.27881	0.02178
1907.35024	0.02175
1905.42168	0.02162
1903.49312	0.02160
1901.56455	0.02175
1899.63599	0.02197
1897.70742	0.02205
1895.77886	0.02193
1893.85029	0.02183
1891.92173	0.02185
1889.99316	0.02184
1888.06460	0.02171
1886.13604	0.02157
1884.20747	0.02156
1882.27891	0.02162
1880.35034	0.02164
1878.42178	0.02161
1876.49321	0.02154
1874.56465	0.02145
1872.63608	0.02134
1870.70752	0.02123
1868.77896	0.02118
1866.85039	0.02124
1864.92183	0.02136
1862.99326	0.02139
1861.06470	0.02129
1859.13613	0.02114
1857.20757	0.02107
1855.27900	0.02113
1853.35044	0.02122
1851.42187	0.02130
1849.49331	0.02136
1847.56475	0.02141
1845.63618	0.02149
1843.70762	0.02159
1841.77905	0.02163
1839.85049	0.02160
1837.92192	0.02159
1835.99336	0.02164
1834.06479	0.02174
1832.13623	0.02186
1830.20767	0.02200
1828.27910	0.02210
1826.35054	0.02213
1824.42197	0.02213
1822.49341	0.02219
1820.56484	0.02226
1818.63628	0.02228
1816.70771	0.02233
1814.77915	0.02253
1812.85059	0.02282
1810.92202	0.02311
1808.99346	0.02332
1807.06489	0.02348
1805.13633	0.02367
1803.20776	0.02399
1801.27920	0.02444
1799.35063	0.02493
1797.42207	0.02543
1795.49351	0.02603
1793.56494	0.02683
1791.63638	0.02775
1789.70781	0.02860
1787.77925	0.02936
1785.85068	0.03009
1783.92212	0.03078
1781.99355	0.03137
1780.06499	0.03187
1778.13643	0.03230
1776.20786	0.03267
1774.27930	0.03306
1772.35073	0.03348
1770.42217	0.03384
1768.49360	0.03408
1766.56504	0.03420
1764.63647	0.03426
1762.70791	0.03435
1760.77935	0.03453
1758.85078	0.03484
1756.92222	0.03523
1754.99365	0.03570
1753.06509	0.03641
1751.13652	0.03753
1749.20796	0.03901
1747.27939	0.04059
1745.35083	0.04227
1743.42227	0.04415
1741.49370	0.04619
1739.56514	0.04810
1737.63657	0.04954
1735.70801	0.05062
1733.77944	0.05161
1731.85088	0.05231
1729.92231	0.05267
1727.99375	0.05307
1726.06519	0.05385
1724.13662	0.05507
1722.20806	0.05651
1720.27949	0.05812
1718.35093	0.06019
1716.42236	0.06265
1714.49380	0.06472
1712.56523	0.06593
1710.63667	0.06638
1708.70811	0.06628
1706.77954	0.06579
1704.85098	0.06503
1702.92241	0.06419
1700.99385	0.06347
1699.06528	0.06286
1697.13672	0.06219
1695.20815	0.06131
1693.27959	0.06043
1691.35103	0.05979
1689.42246	0.05940
1687.49390	0.05921
1685.56533	0.05929
1683.63677	0.05968
1681.70820	0.06016
1679.77964	0.06054
1677.85107	0.06090
1675.92251	0.06137
1673.99395	0.06196
1672.06538	0.06262
1670.13682	0.06337
1668.20825	0.06411
1666.27969	0.06468
1664.35112	0.06525
1662.42256	0.06592
1660.49399	0.06650
1658.56543	0.06684
1656.63687	0.06705
1654.70830	0.06727
1652.77974	0.06753
1650.85117	0.06763
1648.92261	0.06767
1646.99404	0.06786
1645.06548	0.06819
1643.13691	0.06848
1641.20835	0.06859
1639.27979	0.06846
1637.35122	0.06807
1635.42266	0.06751
1633.49409	0.06699
1631.56553	0.06663
1629.63696	0.06629
1627.70840	0.06580
1625.77983	0.06516
1623.85127	0.06436
1621.92271	0.06342
1619.99414	0.06237
1618.06558	0.06124
1616.13701	0.06015
1614.20845	0.05932
1612.27988	0.05873
1610.35132	0.05827
1608.42275	0.05789
1606.49419	0.05764
1604.56562	0.05745
1602.63706	0.05728
1600.70850	0.05714
1598.77993	0.05707
1596.85137	0.05705
1594.92280	0.05707
1592.99424	0.05711
1591.06567	0.05714
1589.13711	0.05714
1587.20854	0.05711
1585.27998	0.05707
1583.35142	0.05706
1581.42285	0.05710
1579.49429	0.05720
1577.56572	0.05732
1575.63716	0.05737
1573.70859	0.05731
1571.78003	0.05722
1569.85146	0.05721
1567.92290	0.05719
1565.99434	0.05712
1564.06577	0.05704
1562.13721	0.05703
1560.20864	0.05705
1558.28008	0.05694
1556.35151	0.05661
1554.42295	0.05617
1552.49438	0.05571
1550.56582	0.05520
1548.63726	0.05466
1546.70869	0.05408
1544.78013	0.05344
1542.85156	0.05268
1540.92300	0.05166
1538.99443	0.05043
1537.06587	0.04936
1535.13730	0.04848
1533.20874	0.04756
1531.28018	0.04662
1529.35161	0.04579
1527.42305	0.04504
1525.49448	0.04431
1523.56592	0.04359
1521.63735	0.04289
1519.70879	0.04222
1517.78022	0.04155
1515.85166	0.04082
1513.92310	0.04010
1511.99453	0.03946
1510.06597	0.03889
1508.13740	0.03831
1506.20884	0.03768
1504.28027	0.03712
1502.35171	0.03670
1500.42314	0.03637
1498.49458	0.03608
1496.56602	0.03579
1494.63745	0.03552
1492.70889	0.03537
1490.78032	0.03536
1488.85176	0.03552
1486.92319	0.03588
1484.99463	0.03652
1483.06606	0.03767
1481.13750	0.04012
1479.20894	0.04709
1477.28037	0.06673
1475.35181	0.10678
1473.42324	0.15657
1471.49468	0.18402
1469.56611	0.17802
1467.63755	0.16277
1465.70898	0.15796
1463.78042	0.16099
1461.85186	0.15777
1459.92329	0.14303
1457.99473	0.12350
1456.06616	0.10812
1454.13760	0.09925
1452.20903	0.09355
1450.28047	0.08879
1448.35190	0.08487
1446.42334	0.08202
1444.49478	0.08007
1442.56621	0.07864
1440.63765	0.07744
1438.70908	0.07628
1436.78052	0.07496
1434.85195	0.07350
1432.92339	0.07196
1430.99482	0.07029
1429.06626	0.06858
1427.13770	0.06710
1425.20913	0.06603
1423.28057	0.06537
1421.35200	0.06513
1419.42344	0.06521
1417.49487	0.06536
1415.56631	0.06539
1413.63774	0.06531
1411.70918	0.06511
1409.78062	0.06478
1407.85205	0.06433
1405.92349	0.06370
1403.99492	0.06290
1402.06636	0.06205
1400.13779	0.06122
1398.20923	0.06045
1396.28066	0.05972
1394.35210	0.05903
1392.42354	0.05844
1390.49497	0.05805
1388.56641	0.05792
1386.63784	0.05807
1384.70928	0.05859
1382.78071	0.05966
1380.85215	0.06127
1378.92358	0.06283
1376.99502	0.06355
1375.06646	0.06320
1373.13789	0.06230
1371.20933	0.06142
1369.28076	0.06066
1367.35220	0.05988
1365.42363	0.05914
1363.49507	0.05854
1361.56650	0.05800
1359.63794	0.05749
1357.70937	0.05711
1355.78081	0.05687
1353.85225	0.05674
1351.92368	0.05668
1349.99512	0.05658
1348.06655	0.05642
1346.13799	0.05623
1344.20942	0.05610
1342.28086	0.05603
1340.35229	0.05597
1338.42373	0.05584
1336.49517	0.05564
1334.56660	0.05553
1332.63804	0.05567
1330.70947	0.05600
1328.78091	0.05636
1326.85234	0.05663
1324.92378	0.05694
1322.99521	0.05751
1321.06665	0.05839
1319.13809	0.05920
1317.20952	0.05957
1315.28096	0.05949
1313.35239	0.05921
1311.42383	0.05898
1309.49526	0.05890
1307.56670	0.05898
1305.63813	0.05918
1303.70957	0.05939
1301.78101	0.05952
1299.85244	0.05965
1297.92388	0.05985
1295.99531	0.06005
1294.06675	0.06021
1292.13818	0.06032
1290.20962	0.06042
1288.28105	0.06050
1286.35249	0.06062
1284.42393	0.06078
1282.49536	0.06098
1280.56680	0.06119
1278.63823	0.06145
1276.70967	0.06177
1274.78110	0.06214
1272.85254	0.06250
1270.92397	0.06281
1268.99541	0.06308
1267.06685	0.06335
1265.13828	0.06363
1263.20972	0.06395
1261.28115	0.06426
1259.35259	0.06450
1257.42402	0.06470
1255.49546	0.06485
1253.56689	0.06496
1251.63833	0.06509
1249.70977	0.06525
1247.78120	0.06537
1245.85264	0.06539
1243.92407	0.06530
1241.99551	0.06509
1240.06694	0.06474
1238.13838	0.06424
1236.20981	0.06364
1234.28125	0.06300
1232.35269	0.06239
1230.42412	0.06191
1228.49556	0.06168
1226.56699	0.06169
1224.63843	0.06184
1222.70986	0.06191
1220.78130	0.06158
1218.85273	0.06090
1216.92417	0.06042
1214.99561	0.06048
1213.06704	0.06079
1211.13848	0.06095
1209.20991	0.06091
1207.28135	0.06084
1205.35278	0.06086
1203.42422	0.06102
1201.49565	0.06139
1199.56709	0.06191
1197.63853	0.06252
1195.70996	0.06318
1193.78140	0.06380
1191.85283	0.06437
1189.92427	0.06489
1187.99570	0.06534
1186.06714	0.06577
1184.13857	0.06624
1182.21001	0.06674
1180.28145	0.06726
1178.35288	0.06775
1176.42432	0.06814
1174.49575	0.06846
1172.56719	0.06880
1170.63862	0.06909
1168.71006	0.06925
1166.78149	0.06924
1164.85293	0.06906
1162.92437	0.06878
1160.99580	0.06844
1159.06724	0.06805
1157.13867	0.06762
1155.21011	0.06718
1153.28154	0.06677
1151.35298	0.06636
1149.42441	0.06593
1147.49585	0.06550
1145.56729	0.06513
1143.63872	0.06484
1141.71016	0.06458
1139.78159	0.06446
1137.85303	0.06453
1135.92446	0.06469
1133.99590	0.06484
1132.06733	0.06506
1130.13877	0.06540
1128.21021	0.06581
1126.28164	0.06617
1124.35308	0.06644
1122.42451	0.06667
1120.49595	0.06693
1118.56738	0.06720
1116.63882	0.06746
1114.71025	0.06778
1112.78169	0.06813
1110.85312	0.06841
1108.92456	0.06860
1106.99600	0.06875
1105.06743	0.06896
1103.13887	0.06924
1101.21030	0.06953
1099.28174	0.06974
1097.35317	0.06994
1095.42461	0.07023
1093.49604	0.07049
1091.56748	0.07071
1089.63892	0.07098
1087.71035	0.07135
1085.78179	0.07171
1083.85322	0.07202
1081.92466	0.07232
1079.99609	0.07262
1078.06753	0.07281
1076.13896	0.07290
1074.21040	0.07299
1072.28184	0.07310
1070.35327	0.07316
1068.42471	0.07310
1066.49614	0.07295
1064.56758	0.07287
1062.63901	0.07289
1060.71045	0.07290
1058.78188	0.07282
1056.85332	0.07270
1054.92476	0.07266
1052.99619	0.07267
1051.06763	0.07264
1049.13906	0.07249
1047.21050	0.07225
1045.28193	0.07195
1043.35337	0.07164
1041.42480	0.07137
1039.49624	0.07104
1037.56768	0.07062
1035.63911	0.07020
1033.71055	0.06979
1031.78198	0.06931
1029.85342	0.06880
1027.92485	0.06835
1025.99629	0.06796
1024.06772	0.06755
1022.13916	0.06703
1020.21060	0.06641
1018.28203	0.06577
1016.35347	0.06515
1014.42490	0.06456
1012.49634	0.06404
1010.56777	0.06356
1008.63921	0.06298
1006.71064	0.06228
1004.78208	0.06171
1002.85352	0.06137
1000.92495	0.06119
998.99639	0.06114
997.06782	0.06121
995.13926	0.06130
993.21069	0.06135
991.28213	0.06123
989.35356	0.06067
987.42500	0.05978
985.49644	0.05889
983.56787	0.05820
981.63931	0.05778
979.71074	0.05756
977.78218	0.05733
975.85361	0.05714
973.92505	0.05706
971.99648	0.05697
970.06792	0.05686
968.13936	0.05674
966.21079	0.05658
964.28223	0.05637
962.35366	0.05608
960.42510	0.05563
958.49653	0.05517
956.56797	0.05486
954.63940	0.05476
952.71084	0.05479
950.78228	0.05474
948.85371	0.05459
946.92515	0.05451
944.99658	0.05458
943.06802	0.05473
941.13945	0.05481
939.21089	0.05471
937.28232	0.05451
935.35376	0.05437
933.42520	0.05431
931.49663	0.05425
929.56807	0.05413
927.63950	0.05399
925.71094	0.05394
923.78237	0.05404
921.85381	0.05421
919.92524	0.05445
917.99668	0.05494
916.06812	0.05587
914.13955	0.05739
912.21099	0.05952
910.28242	0.06167
908.35386	0.06281
906.42529	0.06221
904.49673	0.06017
902.56816	0.05775
900.63960	0.05573
898.71104	0.05429
896.78247	0.05342
894.85391	0.05291
892.92534	0.05248
890.99678	0.05202
889.06821	0.05160
887.13965	0.05121
885.21108	0.05077
883.28252	0.05030
881.35396	0.04984
879.42539	0.04943
877.49683	0.04918
875.56826	0.04901
873.63970	0.04881
871.71113	0.04860
869.78257	0.04846
867.85400	0.04836
865.92544	0.04823
863.99687	0.04804
862.06831	0.04779
860.13975	0.04754
858.21118	0.04743
856.28262	0.04748
854.35405	0.04754
852.42549	0.04745
850.49692	0.04727
848.56836	0.04715
846.63979	0.04712
844.71123	0.04702
842.78267	0.04673
840.85410	0.04643
838.92554	0.04626
836.99697	0.04629
835.06841	0.04654
833.13984	0.04677
831.21128	0.04680
829.28271	0.04675
827.35415	0.04678
825.42559	0.04690
823.49702	0.04705
821.56846	0.04710
819.63989	0.04700
817.71133	0.04687
815.78276	0.04681
813.85420	0.04681
811.92563	0.04697
809.99707	0.04729
808.06851	0.04757
806.13994	0.04759
804.21138	0.04748
802.28281	0.04737
800.35425	0.04732
798.42568	0.04736
796.49712	0.04742
794.56855	0.04741
792.63999	0.04742
790.71143	0.04758
788.78286	0.04772
786.85430	0.04795
784.92573	0.04849
782.99717	0.04910
781.06860	0.04946
779.14004	0.04951
777.21147	0.04935
775.28291	0.04920
773.35435	0.04915
771.42578	0.04915
769.49722	0.04918
767.56865	0.04913
765.64009	0.04889
763.71152	0.04858
761.78296	0.04838
759.85439	0.04831
757.92583	0.04838
755.99727	0.04862
754.06870	0.04891
752.14014	0.04920
750.21157	0.04959
748.28301	0.04997
746.35444	0.05027
744.42588	0.05084
742.49731	0.05169
740.56875	0.05273
738.64019	0.05461
736.71162	0.05914
734.78306	0.07076
732.85449	0.09321
730.92593	0.11705
728.99736	0.12427
727.06880	0.11654
725.14023	0.11278
723.21167	0.12562
721.28311	0.15630
719.35454	0.19364
717.42598	0.21458
715.49741	0.20322
713.56885	0.16861
711.64028	0.13305
709.71172	0.10885
707.78315	0.09470
705.85459	0.08594
703.92603	0.07996
701.99746	0.07570
700.06890	0.07248
698.14033	0.07004
696.21177	0.06819
694.28320	0.06660
692.35464	0.06523
690.42607	0.06418
688.49751	0.06321
686.56895	0.06239
684.64038	0.06186
682.71182	0.06159
680.78325	0.06124
678.85469	0.06066
676.92612	0.06039
674.99756	0.06067
673.06899	0.06075
671.14043	0.05923
669.21187	0.05645
667.28330	0.05751
665.35474	0.05807
663.42617	0.05908
661.49761	0.06002
659.56904	0.05999
657.64048	0.05907
655.71191	0.05864
653.78335	0.05902
651.85479	0.05887
649.92622	0.05798
647.99766	0.05768
646.06909	0.05807
644.14053	0.05812
642.21196	0.05806
640.28340	0.05859
638.35483	0.05928
636.42627	0.05965
634.49771	0.06006
632.56914	0.06068
630.64058	0.06081
628.71201	0.06028
626.78345	0.05989
624.85488	0.05972
622.92632	0.05886
620.99775	0.05764
619.06919	0.05714
617.14062	0.05757
615.21206	0.05830
613.28350	0.05860
611.35493	0.05818
609.42637	0.05745
607.49780	0.05703
605.56924	0.05708
603.64067	0.05739
601.71211	0.05782
599.78354	0.05821
