3997.91411	0.01712
3995.98555	0.01717
3994.05698	0.01716
3992.12842	0.01723
3990.19985	0.01737
3988.27129	0.01739
3986.34272	0.01735
3984.41416	0.01731
3982.48560	0.01726
3980.55703	0.01721
3978.62847	0.01723
3976.69990	0.01727
3974.77134	0.01725
3972.84277	0.01721
3970.91421	0.01721
3968.98564	0.01715
3967.05708	0.01705
3965.12852	0.01708
3963.19995	0.01726
3961.27139	0.01732
3959.34282	0.01722
3957.41426	0.01719
3955.48569	0.01715
3953.55713	0.01707
3951.62856	0.01713
3949.70000	0.01740
3947.77144	0.01748
3945.84287	0.01726
3943.91431	0.01724
3941.98574	0.01730
3940.05718	0.01721
3938.12861	0.01723
3936.20005	0.01737
3934.27148	0.01776
3932.34292	0.01808
3930.41436	0.01789
3928.48579	0.01753
3926.55723	0.01748
3924.62866	0.01753
3922.70010	0.01753
3920.77153	0.01785
3918.84297	0.01848
3916.91440	0.01877
3914.98584	0.01841
3913.05728	0.01807
3911.12871	0.01797
3909.20015	0.01779
3907.27158	0.01770
3905.34302	0.01809
3903.41445	0.01849
3901.48589	0.01852
3899.55732	0.01840
3897.62876	0.01810
3895.70020	0.01792
3893.77163	0.01832
3891.84307	0.01889
3889.91450	0.01880
3887.98594	0.01892
3886.05737	0.01945
3884.12881	0.01904
3882.20024	0.01871
3880.27168	0.01892
3878.34312	0.01863
3876.41455	0.01859
3874.48599	0.01897
3872.55742	0.01935
3870.62886	0.01984
3868.70029	0.01948
3866.77173	0.01899
3864.84316	0.01942
3862.91460	0.01967
3860.98604	0.01937
3859.05747	0.01883
3857.12891	0.01887
3855.20034	0.02022
3853.27178	0.02103
3851.34321	0.01981
3849.41465	0.01886
3847.48608	0.01890
3845.55752	0.01912
3843.62896	0.01918
3841.70039	0.01928
3839.77183	0.01992
3837.84326	0.02032
3835.91470	0.01982
3833.98613	0.01944
3832.05757	0.01948
3830.12900	0.01923
3828.20044	0.01898
3826.27187	0.01875
3824.34331	0.01872
3822.41475	0.01947
3820.48618	0.01959
3818.55762	0.01926
3816.62905	0.01988
3814.70049	0.01971
3812.77192	0.01870
3810.84336	0.01846
3808.91479	0.01911
3806.98623	0.01950
3805.05767	0.01874
3803.12910	0.01859
3801.20054	0.01872
3799.27197	0.01792
3797.34341	0.01779
3795.41484	0.01802
3793.48628	0.01785
3791.55771	0.01771
3789.62915	0.01760
3787.70059	0.01750
3785.77202	0.01739
3783.84346	0.01711
3781.91489	0.01699
3779.98633	0.01732
3778.05776	0.01744
3776.12920	0.01728
3774.20063	0.01721
3772.27207	0.01749
3770.34351	0.01798
3768.41494	0.01803
3766.48638	0.01799
3764.55781	0.01792
3762.62925	0.01786
3760.70068	0.01826
3758.77212	0.01854
3756.84355	0.01830
3754.91499	0.01838
3752.98643	0.01943
3751.05786	0.02033
3749.12930	0.01980
3747.20073	0.01950
3745.27217	0.02079
3743.34360	0.02050
3741.41504	0.01871
3739.48647	0.01806
3737.55791	0.01849
3735.62935	0.01898
3733.70078	0.01894
3731.77222	0.01832
3729.84365	0.01735
3727.91509	0.01715
3725.98652	0.01743
3724.05796	0.01748
3722.12939	0.01748
3720.20083	0.01744
3718.27227	0.01739
3716.34370	0.01725
3714.41514	0.01736
3712.48657	0.01766
3710.55801	0.01734
3708.62944	0.01675
3706.70088	0.01642
3704.77231	0.01646
3702.84375	0.01683
3700.91519	0.01689
3698.98662	0.01657
3697.05806	0.01631
3695.12949	0.01595
3693.20093	0.01578
3691.27236	0.01632
3689.34380	0.01723
3687.41523	0.01720
3685.48667	0.01658
3683.55811	0.01651
3681.62954	0.01654
3679.70098	0.01636
3677.77241	0.01680
3675.84385	0.01750
3673.91528	0.01689
3671.98672	0.01675
3670.05815	0.01749
3668.12959	0.01713
3666.20103	0.01655
3664.27246	0.01655
3662.34390	0.01653
3660.41533	0.01641
3658.48677	0.01678
3656.55820	0.01722
3654.62964	0.01663
3652.70107	0.01629
3650.77251	0.01727
3648.84395	0.01795
3646.91538	0.01746
3644.98682	0.01698
3643.05825	0.01712
3641.12969	0.01725
3639.20112	0.01712
3637.27256	0.01696
3635.34399	0.01677
3633.41543	0.01634
3631.48687	0.01639
3629.55830	0.01716
3627.62974	0.01693
3625.70117	0.01599
3623.77261	0.01573
3621.84404	0.01624
3619.91548	0.01700
3617.98691	0.01715
3616.05835	0.01709
3614.12979	0.01751
3612.20122	0.01799
3610.27266	0.01836
3608.34409	0.01840
3606.41553	0.01785
3604.48696	0.01725
3602.55840	0.01702
3600.62983	0.01683
3598.70127	0.01658
3596.77271	0.01656
3594.84414	0.01653
3592.91558	0.01615
3590.98701	0.01591
3589.05845	0.01628
3587.12988	0.01639
3585.20132	0.01582
3583.27275	0.01542
3581.34419	0.01540
3579.41562	0.01540
3577.48706	0.01533
3575.55850	0.01522
3573.62993	0.01503
3571.70137	0.01480
3569.77280	0.01493
3567.84424	0.01526
3565.91567	0.01504
3563.98711	0.01476
3562.05854	0.01513
3560.12998	0.01561
3558.20142	0.01554
3556.27285	0.01510
3554.34429	0.01487
3552.41572	0.01484
3550.48716	0.01478
3548.55859	0.01497
3546.63003	0.01534
3544.70146	0.01534
3542.77290	0.01501
3540.84434	0.01461
3538.91577	0.01435
3536.98721	0.01436
3535.05864	0.01446
3533.13008	0.01451
3531.20151	0.01448
3529.27295	0.01440
3527.34438	0.01431
3525.41582	0.01420
3523.48726	0.01409
3521.55869	0.01404
3519.63013	0.01419
3517.70156	0.01441
3515.77300	0.01450
3513.84443	0.01446
3511.91587	0.01437
3509.98730	0.01428
3508.05874	0.01412
3506.13018	0.01400
3504.20161	0.01403
3502.27305	0.01399
3500.34448	0.01391
3498.41592	0.01391
3496.48735	0.01388
3494.55879	0.01383
3492.63022	0.01387
3490.70166	0.01401
3488.77310	0.01405
3486.84453	0.01384
3484.91597	0.01354
3482.98740	0.01344
3481.05884	0.01345
3479.13027	0.01346
3477.20171	0.01357
3475.27314	0.01371
3473.34458	0.01367
3471.41602	0.01348
3469.48745	0.01325
3467.55889	0.01312
3465.63032	0.01321
3463.70176	0.01344
3461.77319	0.01347
3459.84463	0.01332
3457.91606	0.01331
3455.98750	0.01343
3454.05894	0.01349
3452.13037	0.01335
3450.20181	0.01308
3448.27324	0.01297
3446.34468	0.01300
3444.41611	0.01299
3442.48755	0.01295
3440.55898	0.01270
3438.63042	0.01241
3436.70186	0.01238
3434.77329	0.01258
3432.84473	0.01282
3430.91616	0.01295
3428.98760	0.01297
3427.05903	0.01293
3425.13047	0.01291
3423.20190	0.01302
3421.27334	0.01318
3419.34478	0.01328
3417.41621	0.01339
3415.48765	0.01344
3413.55908	0.01325
3411.63052	0.01292
3409.70195	0.01265
3407.77339	0.01258
3405.84482	0.01271
3403.91626	0.01279
3401.98770	0.01266
3400.05913	0.01275
3398.13057	0.01351
3396.20200	0.01366
3394.27344	0.01354
3392.34487	0.01345
3390.41631	0.01330
3388.48774	0.01304
3386.55918	0.01287
3384.63062	0.01284
3382.70205	0.01292
3380.77349	0.01292
3378.84492	0.01282
3376.91636	0.01270
3374.98779	0.01261
3373.05923	0.01258
3371.13066	0.01250
3369.20210	0.01238
3367.27354	0.01241
3365.34497	0.01255
3363.41641	0.01259
3361.48784	0.01255
3359.55928	0.01260
3357.63071	0.01271
3355.70215	0.01260
3353.77358	0.01237
3351.84502	0.01229
3349.91646	0.01232
3347.98789	0.01237
3346.05933	0.01247
3344.13076	0.01249
3342.20220	0.01240
3340.27363	0.01234
3338.34507	0.01239
3336.41650	0.01252
3334.48794	0.01264
3332.55937	0.01256
3330.63081	0.01231
3328.70225	0.01221
3326.77368	0.01225
3324.84512	0.01225
3322.91655	0.01223
3320.98799	0.01225
3319.05942	0.01228
3317.13086	0.01226
3315.20229	0.01210
3313.27373	0.01189
3311.34517	0.01174
3309.41660	0.01167
3307.48804	0.01163
3305.55947	0.01160
3303.63091	0.01158
3301.70234	0.01167
3299.77378	0.01189
3297.84521	0.01197
3295.91665	0.01185
3293.98809	0.01180
3292.05952	0.01194
3290.13096	0.01206
3288.20239	0.01202
3286.27383	0.01198
3284.34526	0.01208
3282.41670	0.01211
3280.48813	0.01190
3278.55957	0.01173
3276.63101	0.01188
3274.70244	0.01206
3272.77388	0.01202
3270.84531	0.01192
3268.91675	0.01189
3266.98818	0.01188
3265.05962	0.01185
3263.13105	0.01182
3261.20249	0.01183
3259.27393	0.01179
3257.34536	0.01156
3255.41680	0.01132
3253.48823	0.01138
3251.55967	0.01150
3249.63110	0.01146
3247.70254	0.01144
3245.77397	0.01151
3243.84541	0.01155
3241.91685	0.01167
3239.98828	0.01180
3238.05972	0.01161
3236.13115	0.01113
3234.20259	0.01086
3232.27402	0.01106
3230.34546	0.01138
3228.41689	0.01153
3226.48833	0.01160
3224.55977	0.01170
3222.63120	0.01175
3220.70264	0.01170
3218.77407	0.01150
3216.84551	0.01126
3214.91694	0.01121
3212.98838	0.01121
3211.05981	0.01117
3209.13125	0.01116
3207.20269	0.01115
3205.27412	0.01124
3203.34556	0.01145
3201.41699	0.01147
3199.48843	0.01125
3197.55986	0.01118
3195.63130	0.01129
3193.70273	0.01131
3191.77417	0.01119
3189.84561	0.01106
3187.91704	0.01103
3185.98848	0.01113
3184.05991	0.01120
3182.13135	0.01118
3180.20278	0.01121
3178.27422	0.01125
3176.34565	0.01108
3174.41709	0.01087
3172.48853	0.01078
3170.55996	0.01082
3168.63140	0.01102
3166.70283	0.01120
3164.77427	0.01112
3162.84570	0.01087
3160.91714	0.01080
3158.98857	0.01093
3157.06001	0.01107
3155.13145	0.01108
3153.20288	0.01096
3151.27432	0.01077
3149.34575	0.01064
3147.41719	0.01064
3145.48862	0.01076
3143.56006	0.01081
3141.63149	0.01075
3139.70293	0.01074
3137.77437	0.01081
3135.84580	0.01089
3133.91724	0.01101
3131.98867	0.01106
3130.06011	0.01100
3128.13154	0.01101
3126.20298	0.01109
3124.27441	0.01104
3122.34585	0.01088
3120.41729	0.01076
3118.48872	0.01080
3116.56016	0.01085
3114.63159	0.01072
3112.70303	0.01054
3110.77446	0.01061
3108.84590	0.01093
3106.91733	0.01122
3104.98877	0.01132
3103.06021	0.01135
3101.13164	0.01142
3099.20308	0.01150
3097.27451	0.01163
3095.34595	0.01180
3093.41738	0.01189
3091.48882	0.01187
3089.56025	0.01178
3087.63169	0.01169
3085.70312	0.01163
3083.77456	0.01159
3081.84600	0.01152
3079.91743	0.01152
3077.98887	0.01165
3076.06030	0.01181
3074.13174	0.01187
3072.20317	0.01183
3070.27461	0.01175
3068.34604	0.01174
3066.41748	0.01175
3064.48892	0.01168
3062.56035	0.01158
3060.63179	0.01152
3058.70322	0.01145
3056.77466	0.01134
3054.84609	0.01120
3052.91753	0.01117
3050.98896	0.01143
3049.06040	0.01177
3047.13184	0.01191
3045.20327	0.01185
3043.27471	0.01179
3041.34614	0.01179
3039.41758	0.01180
3037.48901	0.01179
3035.56045	0.01177
3033.63188	0.01179
3031.70332	0.01182
3029.77476	0.01178
3027.84619	0.01169
3025.91763	0.01151
3023.98906	0.01134
3022.06050	0.01134
3020.13193	0.01133
3018.20337	0.01117
3016.27480	0.01099
3014.34624	0.01086
3012.41768	0.01073
3010.48911	0.01064
3008.56055	0.01064
3006.63198	0.01063
3004.70342	0.01058
3002.77485	0.01059
3000.84629	0.01062
2998.91772	0.01058
2996.98916	0.01051
2995.06060	0.01034
2993.13203	0.01012
2991.20347	0.01014
2989.27490	0.01045
2987.34634	0.01084
2985.41777	0.01128
2983.48921	0.01186
2981.56064	0.01258
2979.63208	0.01339
2977.70352	0.01434
2975.77495	0.01558
2973.84639	0.01714
2971.91782	0.01912
2969.98926	0.02164
2968.06069	0.02481
2966.13213	0.02872
2964.20356	0.03341
2962.27500	0.03898
2960.34644	0.04518
2958.41787	0.05087
2956.48931	0.05448
2954.56074	0.05499
2952.63218	0.05222
2950.70361	0.04729
2948.77505	0.04259
2946.84648	0.04028
2944.91792	0.04097
2942.98936	0.04420
2941.06079	0.04949
2939.13223	0.05677
2937.20366	0.06609
2935.27510	0.07768
2933.34653	0.09193
2931.41797	0.10916
2929.48940	0.13006
2927.56084	0.15620
2925.63228	0.18976
2923.70371	0.23249
2921.77515	0.28432
2919.84658	0.34214
2917.91802	0.39842
2915.98945	0.43973
2914.06089	0.45190
2912.13232	0.43284
2910.20376	0.39523
2908.27520	0.35422
2906.34663	0.31855
2904.41807	0.29076
2902.48950	0.26987
2900.56094	0.25379
2898.63237	0.24063
2896.70381	0.22908
2894.77524	0.21830
2892.84668	0.20787
2890.91812	0.19758
2888.98955	0.18719
2887.06099	0.17646
2885.13242	0.16537
2883.20386	0.15396
2881.27529	0.14245
2879.34673	0.13131
2877.41816	0.12137
2875.48960	0.11338
2873.56104	0.10743
2871.63247	0.10263
2869.70391	0.09788
2867.77534	0.09320
2865.84678	0.09012
2863.91821	0.09040
2861.98965	0.09520
2860.06108	0.10551
2858.13252	0.12345
2856.20396	0.15331
2854.27539	0.20171
2852.34683	0.27339
2850.41826	0.35922
2848.48970	0.42316
2846.56113	0.42433
2844.63257	0.37099
2842.70400	0.30449
2840.77544	0.24935
2838.84687	0.20931
2836.91831	0.18075
2834.98975	0.15999
2833.06118	0.14448
2831.13262	0.13243
2829.20405	0.12269
2827.27549	0.11465
2825.34692	0.10805
2823.41836	0.10258
2821.48979	0.09779
2819.56123	0.09348
2817.63267	0.08977
2815.70410	0.08662
2813.77554	0.08381
2811.84697	0.08119
2809.91841	0.07880
2807.98984	0.07669
2806.06128	0.07480
2804.13271	0.07307
2802.20415	0.07146
2800.27559	0.06996
2798.34702	0.06851
2796.41846	0.06712
2794.48989	0.06579
2792.56133	0.06446
2790.63276	0.06309
2788.70420	0.06172
2786.77563	0.06048
2784.84707	0.05936
2782.91851	0.05829
2780.98994	0.05730
2779.06138	0.05636
2777.13281	0.05543
2775.20425	0.05452
2773.27568	0.05369
2771.34712	0.05294
2769.41855	0.05225
2767.48999	0.05160
2765.56143	0.05098
2763.63286	0.05038
2761.70430	0.04977
2759.77573	0.04917
2757.84717	0.04865
2755.91860	0.04817
2753.99004	0.04771
2752.06147	0.04732
2750.13291	0.04705
2748.20435	0.04686
2746.27578	0.04667
2744.34722	0.04640
2742.41865	0.04605
2740.49009	0.04574
2738.56152	0.04550
2736.63296	0.04530
2734.70439	0.04514
2732.77583	0.04504
2730.84727	0.04492
2728.91870	0.04463
2726.99014	0.04416
2725.06157	0.04368
2723.13301	0.04330
2721.20444	0.04294
2719.27588	0.04260
2717.34731	0.04230
2715.41875	0.04200
2713.49019	0.04170
2711.56162	0.04144
2709.63306	0.04121
2707.70449	0.04099
2705.77593	0.04068
2703.84736	0.04030
2701.91880	0.03995
2699.99023	0.03967
2698.06167	0.03941
2696.13311	0.03916
2694.20454	0.03894
2692.27598	0.03869
2690.34741	0.03844
2688.41885	0.03820
2686.49028	0.03792
2684.56172	0.03772
2682.63315	0.03766
2680.70459	0.03763
2678.77603	0.03755
2676.84746	0.03752
2674.91890	0.03763
2672.99033	0.03781
2671.06177	0.03801
2669.13320	0.03822
2667.20464	0.03850
2665.27607	0.03881
2663.34751	0.03896
2661.41895	0.03891
2659.49038	0.03883
2657.56182	0.03879
2655.63325	0.03867
2653.70469	0.03847
2651.77612	0.03831
2649.84756	0.03816
2647.91899	0.03803
2645.99043	0.03805
2644.06187	0.03819
2642.13330	0.03829
2640.20474	0.03830
2638.27617	0.03834
2636.34761	0.03838
2634.41904	0.03828
2632.49048	0.03805
2630.56191	0.03779
2628.63335	0.03747
2626.70479	0.03708
2624.77622	0.03671
2622.84766	0.03634
2620.91909	0.03593
2618.99053	0.03551
2617.06196	0.03514
2615.13340	0.03487
2613.20483	0.03458
2611.27627	0.03423
2609.34771	0.03389
2607.41914	0.03360
2605.49058	0.03342
2603.56201	0.03327
2601.63345	0.03307
2599.70488	0.03286
2597.77632	0.03261
2595.84775	0.03231
2593.91919	0.03202
2591.99062	0.03182
2590.06206	0.03167
2588.13350	0.03154
2586.20493	0.03142
2584.27637	0.03130
2582.34780	0.03112
2580.41924	0.03090
2578.49067	0.03071
2576.56211	0.03050
2574.63354	0.03024
2572.70498	0.02999
2570.77642	0.02983
2568.84785	0.02976
2566.91929	0.02974
2564.99072	0.02965
2563.06216	0.02941
2561.13359	0.02915
2559.20503	0.02898
2557.27646	0.02886
2555.34790	0.02880
2553.41934	0.02885
2551.49077	0.02885
2549.56221	0.02867
2547.63364	0.02844
2545.70508	0.02821
2543.77651	0.02794
2541.84795	0.02769
2539.91938	0.02759
2537.99082	0.02757
2536.06226	0.02753
2534.13369	0.02751
2532.20513	0.02755
2530.27656	0.02761
2528.34800	0.02766
2526.41943	0.02765
2524.49087	0.02754
2522.56230	0.02741
2520.63374	0.02727
2518.70518	0.02709
2516.77661	0.02690
2514.84805	0.02679
2512.91948	0.02675
2510.99092	0.02674
2509.06235	0.02672
2507.13379	0.02661
2505.20522	0.02638
2503.27666	0.02615
2501.34810	0.02604
2499.41953	0.02602
2497.49097	0.02602
2495.56240	0.02601
2493.63384	0.02595
2491.70527	0.02580
2489.77671	0.02569
2487.84814	0.02567
2485.91958	0.02565
2483.99102	0.02565
2482.06245	0.02577
2480.13389	0.02590
2478.20532	0.02593
2476.27676	0.02594
2474.34819	0.02590
2472.41963	0.02571
2470.49106	0.02547
2468.56250	0.02529
2466.63394	0.02517
2464.70537	0.02512
2462.77681	0.02509
2460.84824	0.02503
2458.91968	0.02492
2456.99111	0.02481
2455.06255	0.02478
2453.13398	0.02484
2451.20542	0.02490
2449.27686	0.02483
2447.34829	0.02464
2445.41973	0.02449
2443.49116	0.02446
2441.56260	0.02449
2439.63403	0.02450
2437.70547	0.02450
2435.77690	0.02450
2433.84834	0.02452
2431.91978	0.02457
2429.99121	0.02456
2428.06265	0.02448
2426.13408	0.02445
2424.20552	0.02453
2422.27695	0.02469
2420.34839	0.02484
2418.41982	0.02490
2416.49126	0.02492
2414.56270	0.02497
2412.63413	0.02497
2410.70557	0.02486
2408.77700	0.02471
2406.84844	0.02462
2404.91987	0.02458
2402.99131	0.02453
2401.06274	0.02452
2399.13418	0.02571
2397.20562	0.02575
2395.27705	0.02519
2393.34849	0.02466
2391.41992	0.02409
2389.49136	0.02341
2387.56279	0.02264
2385.63423	0.02181
2383.70566	0.02096
2381.77710	0.02022
2379.84854	0.01979
2377.91997	0.01978
2375.99141	0.02005
2374.06284	0.02034
2372.13428	0.02041
2370.20571	0.02009
2368.27715	0.02029
2366.34858	0.02050
2364.42002	0.01972
2362.49146	0.02009
2360.56289	0.01949
2358.63433	0.01813
2356.70576	0.02055
2354.77720	0.01841
2352.84863	0.01637
2350.92007	0.01650
2348.99150	0.01664
2347.06294	0.01884
2345.13437	0.02148
2343.20581	0.02060
2341.27725	0.01659
2339.34868	0.01555
2337.42012	0.01783
2335.49155	0.02174
2333.56299	0.02439
2331.63442	0.02496
2329.70586	0.02445
2327.77729	0.02349
2325.84873	0.02361
2323.92017	0.02453
2321.99160	0.02507
2320.06304	0.02526
2318.13447	0.02505
2316.20591	0.02458
2314.27734	0.02399
2312.34878	0.02329
2310.42021	0.02266
2308.49165	0.02236
2306.56309	0.02216
2304.63452	0.02213
2302.70596	0.02233
2300.77739	0.02266
2298.84883	0.02301
2296.92026	0.02321
2294.99170	0.02331
2293.06313	0.02350
2291.13457	0.02391
2289.20601	0.02428
2287.27744	0.02463
2285.34888	0.02500
2283.42031	0.02526
2281.49175	0.02529
2279.56318	0.02519
2277.63462	0.02514
2275.70605	0.02509
2273.77749	0.02487
2271.84893	0.02450
2269.92036	0.02409
2267.99180	0.02372
2266.06323	0.02337
2264.13467	0.02307
2262.20610	0.02281
2260.27754	0.02269
2258.34897	0.02273
2256.42041	0.02276
2254.49185	0.02263
2252.56328	0.02225
2250.63472	0.02194
2248.70615	0.02260
2246.77759	0.02260
2244.84902	0.02272
2242.92046	0.02285
2240.99189	0.02276
2239.06333	0.02249
2237.13477	0.02233
2235.20620	0.02228
2233.27764	0.02207
2231.34907	0.02169
2229.42051	0.02159
2227.49194	0.02197
2225.56338	0.02229
2223.63481	0.02227
2221.70625	0.02225
2219.77769	0.02233
2217.84912	0.02228
2215.92056	0.02207
2213.99199	0.02188
2212.06343	0.02182
2210.13486	0.02187
2208.20630	0.02188
2206.27773	0.02164
2204.34917	0.02128
2202.42061	0.02120
2200.49204	0.02141
2198.56348	0.02166
2196.63491	0.02182
2194.70635	0.02181
2192.77778	0.02181
2190.84922	0.02210
2188.92065	0.02248
2186.99209	0.02244
2185.06353	0.02189
2183.13496	0.02113
2181.20640	0.02067
2179.27783	0.02091
2177.34927	0.02137
2175.42070	0.02135
2173.49214	0.02105
2171.56357	0.02106
2169.63501	0.02150
2167.70645	0.02210
2165.77788	0.02244
2163.84932	0.02245
2161.92075	0.02206
2159.99219	0.02068
2158.06362	0.01873
2156.13506	0.01786
2154.20649	0.01839
2152.27793	0.01944
2150.34937	0.02030
2148.42080	0.02074
2146.49224	0.02073
2144.56367	0.02028
2142.63511	0.01973
2140.70654	0.01963
2138.77798	0.01998
2136.84941	0.02014
2134.92085	0.01989
2132.99229	0.01969
2131.06372	0.01978
2129.13516	0.02005
2127.20659	0.02032
2125.27803	0.02049
2123.34946	0.02071
2121.42090	0.02095
2119.49233	0.02098
2117.56377	0.02098
2115.63521	0.02122
2113.70664	0.02141
2111.77808	0.02131
2109.84951	0.02114
2107.92095	0.02111
2105.99238	0.02116
2104.06382	0.02116
2102.13525	0.02117
2100.20669	0.02128
2098.27812	0.02061
2096.34956	0.02004
2094.42100	0.02012
2092.49243	0.02077
2090.56387	0.02144
2088.63530	0.02167
2086.70674	0.02142
2084.77817	0.02107
2082.84961	0.02062
2080.92104	0.02010
2078.99248	0.01954
2077.06392	0.01899
2075.13535	0.01859
2073.20679	0.01845
2071.27822	0.01844
2069.34966	0.01837
2067.42109	0.01838
2065.49253	0.01872
2063.56396	0.01922
2061.63540	0.01960
2059.70684	0.01992
2057.77827	0.02037
2055.84971	0.02091
2053.92114	0.02116
2051.99258	0.02064
2050.06401	0.01908
2048.13545	0.01742
2046.20688	0.01694
2044.27832	0.01737
2042.34976	0.01782
2040.42119	0.01802
2038.49263	0.01780
2036.56406	0.01699
2034.63550	0.01615
2032.70693	0.01599
2030.77837	0.01645
2028.84980	0.01726
2026.92124	0.01832
2024.99268	0.01912
2023.06411	0.01936
2021.13555	0.01935
2019.20698	0.01918
2017.27842	0.01884
2015.34985	0.01846
2013.42129	0.01797
2011.49272	0.01713
2009.56416	0.01598
2007.63560	0.01523
2005.70703	0.01569
2003.77847	0.01728
2001.84990	0.01901
1999.92134	0.02002
1997.99277	0.02030
1996.06421	0.02032
1994.13564	0.02040
1992.20708	0.02052
1990.27852	0.02061
1988.34995	0.02070
1986.42139	0.02047
1984.49282	0.01989
1982.56426	0.01909
1980.63569	0.01739
1978.70713	0.01447
1976.77856	0.01185
1974.85000	0.01130
1972.92144	0.01258
1970.99287	0.01441
1969.06431	0.01587
1967.13574	0.01653
1965.20718	0.01658
1963.27861	0.01643
1961.35005	0.01624
1959.42148	0.01631
1957.49292	0.01681
1955.56436	0.01747
1953.63579	0.01807
1951.70723	0.01857
1949.77866	0.01870
1947.85010	0.01826
1945.92153	0.01775
1943.99297	0.01795
1942.06440	0.01843
1940.13584	0.01842
1938.20728	0.01822
1936.27871	0.01809
1934.35015	0.01802
1932.42158	0.01810
1930.49302	0.01842
1928.56445	0.01887
1926.63589	0.01925
1924.70732	0.01964
1922.77876	0.01991
1920.85020	0.01996
1918.92163	0.02014
1916.99307	0.01999
1915.06450	0.01964
1913.13594	0.01968
1911.20737	0.01982
1909.27881	0.01999
1907.35024	0.02028
1905.42168	0.02058
1903.49312	0.02079
1901.56455	0.02094
1899.63599	0.02109
1897.70742	0.02128
1895.77886	0.02147
1893.85029	0.02146
1891.92173	0.02139
1889.99316	0.02134
1888.06460	0.02102
1886.13604	0.02079
1884.20747	0.02082
1882.27891	0.02071
1880.35034	0.02049
1878.42178	0.02041
1876.49321	0.02050
1874.56465	0.02047
1872.63608	0.02027
1870.70752	0.02036
1868.77896	0.02047
1866.85039	0.02015
1864.92183	0.02000
1862.99326	0.02026
1861.06470	0.02047
1859.13613	0.02050
1857.20757	0.02048
1855.27900	0.02056
1853.35044	0.02068
1851.42187	0.02068
1849.49331	0.02049
1847.56475	0.02031
1845.63618	0.02077
1843.70762	0.02124
1841.77905	0.02102
1839.85049	0.02107
1837.92192	0.02147
1835.99336	0.02159
1834.06479	0.02135
1832.13623	0.02120
1830.20767	0.02121
1828.27910	0.02103
1826.35054	0.02114
1824.42197	0.02121
1822.49341	0.02078
1820.56484	0.02058
1818.63628	0.02100
1816.70771	0.02168
1814.77915	0.02226
1812.85059	0.02277
1810.92202	0.02311
1808.99346	0.02316
1807.06489	0.02312
1805.13633	0.02325
1803.20776	0.02374
1801.27920	0.02414
1799.35063	0.02381
1797.42207	0.02312
1795.49351	0.02294
1793.56494	0.02353
1791.63638	0.02385
1789.70781	0.02340
1787.77925	0.02337
1785.85068	0.02395
1783.92212	0.02409
1781.99355	0.02379
1780.06499	0.02362
1778.13643	0.02343
1776.20786	0.02335
1774.27930	0.02387
1772.35073	0.02456
1770.42217	0.02481
1768.49360	0.02506
1766.56504	0.02500
1764.63647	0.02480
1762.70791	0.02504
1760.77935	0.02502
1758.85078	0.02496
1756.92222	0.02518
1754.99365	0.02506
1753.06509	0.02520
1751.13652	0.02565
1749.20796	0.02560
1747.27939	0.02540
1745.35083	0.02558
1743.42227	0.02603
1741.49370	0.02672
1739.56514	0.02702
1737.63657	0.02662
1735.70801	0.02702
1733.77944	0.02743
1731.85088	0.02651
1729.92231	0.02613
1727.99375	0.02654
1726.06519	0.02691
1724.13662	0.02699
1722.20806	0.02659
1720.27949	0.02664
1718.35093	0.02759
1716.42236	0.02802
1714.49380	0.02770
1712.56523	0.02755
1710.63667	0.02756
1708.70811	0.02754
1706.77954	0.02751
1704.85098	0.02697
1702.92241	0.02656
1700.99385	0.02714
1699.06528	0.02691
1697.13672	0.02689
1695.20815	0.02733
1693.27959	0.02685
1691.35103	0.02661
1689.42246	0.02623
1687.49390	0.02564
1685.56533	0.02608
1683.63677	0.02623
1681.70820	0.02518
1679.77964	0.02464
1677.85107	0.02481
1675.92251	0.02501
1673.99395	0.02439
1672.06538	0.02395
1670.13682	0.02447
1668.20825	0.02448
1666.27969	0.02413
1664.35112	0.02464
1662.42256	0.02522
1660.49399	0.02499
1658.56543	0.02435
1656.63687	0.02410
1654.70830	0.02539
1652.77974	0.02616
1650.85117	0.02439
1648.92261	0.02419
1646.99404	0.02570
1645.06548	0.02593
1643.13691	0.02545
1641.20835	0.02519
1639.27979	0.02486
1637.35122	0.02509
1635.42266	0.02535
1633.49409	0.02448
1631.56553	0.02395
1629.63696	0.02413
1627.70840	0.02395
1625.77983	0.02351
1623.85127	0.02335
1621.92271	0.02279
1619.99414	0.02233
1618.06558	0.02305
1616.13701	0.02344
1614.20845	0.02278
1612.27988	0.02257
1610.35132	0.02282
1608.42275	0.02281
1606.49419	0.02260
1604.56562	0.02243
1602.63706	0.02232
1600.70850	0.02217
1598.77993	0.02197
1596.85137	0.02180
1594.92280	0.02168
1592.99424	0.02159
1591.06567	0.02157
1589.13711	0.02161
1587.20854	0.02168
1585.27998	0.02185
1583.35142	0.02205
1581.42285	0.02202
1579.49429	0.02200
1577.56572	0.02282
1575.63716	0.02336
1573.70859	0.02273
1571.78003	0.02284
1569.85146	0.02374
1567.92290	0.02399
1565.99434	0.02405
1564.06577	0.02378
1562.13721	0.02353
1560.20864	0.02468
1558.28008	0.02540
1556.35151	0.02506
1554.42295	0.02575
1552.49438	0.02664
1550.56582	0.02708
1548.63726	0.02706
1546.70869	0.02675
1544.78013	0.02644
1542.85156	0.02642
1540.92300	0.02715
1538.99443	0.02704
1537.06587	0.02603
1535.13730	0.02639
1533.20874	0.02710
1531.28018	0.02672
1529.35161	0.02654
1527.42305	0.02676
1525.49448	0.02658
1523.56592	0.02670
1521.63735	0.02722
1519.70879	0.02684
1517.78022	0.02646
1515.85166	0.02655
1513.92310	0.02650
1511.99453	0.02619
1510.06597	0.02593
1508.13740	0.02682
1506.20884	0.02744
1504.28027	0.02633
1502.35171	0.02580
1500.42314	0.02630
1498.49458	0.02684
1496.56602	0.02676
1494.63745	0.02586
1492.70889	0.02532
1490.78032	0.02566
1488.85176	0.02582
1486.92319	0.02576
1484.99463	0.02615
1483.06606	0.02726
1481.13750	0.02973
1479.20894	0.03768
1477.28037	0.06139
1475.35181	0.10785
1473.42324	0.15855
1471.49468	0.17340
1469.56611	0.14997
1467.63755	0.12700
1465.70898	0.13006
1463.78042	0.15075
1461.85186	0.15921
1459.92329	0.14207
1457.99473	0.11191
1456.06616	0.08645
1454.13760	0.07230
1452.20903	0.06494
1450.28047	0.05927
1448.35190	0.05410
1446.42334	0.04982
1444.49478	0.04679
1442.56621	0.04464
1440.63765	0.04270
1438.70908	0.04144
1436.78052	0.04042
1434.85195	0.03849
1432.92339	0.03675
1430.99482	0.03565
1429.06626	0.03421
1427.13770	0.03259
1425.20913	0.03133
1423.28057	0.03019
1421.35200	0.02954
1419.42344	0.02929
1417.49487	0.02831
1415.56631	0.02726
1413.63774	0.02681
1411.70918	0.02646
1409.78062	0.02592
1407.85205	0.02552
1405.92349	0.02548
1403.99492	0.02536
1402.06636	0.02518
1400.13779	0.02536
1398.20923	0.02556
1396.28066	0.02583
1394.35210	0.02617
1392.42354	0.02618
1390.49497	0.02638
1388.56641	0.02711
1386.63784	0.02785
1384.70928	0.02915
1382.78071	0.03221
1380.85215	0.03661
1378.92358	0.04043
1376.99502	0.04185
1375.06646	0.04061
1373.13789	0.03776
1371.20933	0.03505
1369.28076	0.03326
1367.35220	0.03175
1365.42363	0.03041
1363.49507	0.02948
1361.56650	0.02850
1359.63794	0.02751
1357.70937	0.02701
1355.78081	0.02691
1353.85225	0.02684
1351.92368	0.02669
1349.99512	0.02651
1348.06655	0.02634
1346.13799	0.02618
1344.20942	0.02599
1342.28086	0.02577
1340.35229	0.02555
1338.42373	0.02508
1336.49517	0.02447
1334.56660	0.02400
1332.63804	0.02369
1330.70947	0.02343
1328.78091	0.02318
1326.85234	0.02294
1324.92378	0.02267
1322.99521	0.02237
1321.06665	0.02215
1319.13809	0.02207
1317.20952	0.02208
1315.28096	0.02226
1313.35239	0.02264
1311.42383	0.02309
1309.49526	0.02353
1307.56670	0.02389
1305.63813	0.02407
1303.70957	0.02415
1301.78101	0.02421
1299.85244	0.02424
1297.92388	0.02416
1295.99531	0.02387
1294.06675	0.02340
1292.13818	0.02292
1290.20962	0.02255
1288.28105	0.02229
1286.35249	0.02211
1284.42393	0.02198
1282.49536	0.02191
1280.56680	0.02186
1278.63823	0.02175
1276.70967	0.02158
1274.78110	0.02142
1272.85254	0.02132
1270.92397	0.02123
1268.99541	0.02109
1267.06685	0.02088
1265.13828	0.02062
1263.20972	0.02040
1261.28115	0.02034
1259.35259	0.02046
1257.42402	0.02065
1255.49546	0.02082
1253.56689	0.02091
1251.63833	0.02090
1249.70977	0.02088
1247.78120	0.02090
1245.85264	0.02098
1243.92407	0.02100
1241.99551	0.02092
1240.06694	0.02083
1238.13838	0.02075
1236.20981	0.02068
1234.28125	0.02065
1232.35269	0.02064
1230.42412	0.02062
1228.49556	0.02060
1226.56699	0.02058
1224.63843	0.02059
1222.70986	0.02059
1220.78130	0.02056
1218.85273	0.02055
1216.92417	0.02053
1214.99561	0.02051
1213.06704	0.02054
1211.13848	0.02059
1209.20991	0.02057
1207.28135	0.02054
1205.35278	0.02052
1203.42422	0.02050
1201.49565	0.02045
1199.56709	0.02030
1197.63853	0.02024
1195.70996	0.02022
1193.78140	0.02027
1191.85283	0.02029
1189.92427	0.02029
1187.99570	0.02040
1186.06714	0.02056
1184.13857	0.02073
1182.21001	0.02107
1180.28145	0.02167
1178.35288	0.02220
1176.42432	0.02229
1174.49575	0.02205
1172.56719	0.02188
1170.63862	0.02195
1168.71006	0.02215
1166.78149	0.02238
1164.85293	0.02261
1162.92437	0.02271
1160.99580	0.02260
1159.06724	0.02237
1157.13867	0.02205
1155.21011	0.02168
1153.28154	0.02137
1151.35298	0.02119
1149.42441	0.02108
1147.49585	0.02094
1145.56729	0.02081
1143.63872	0.02072
1141.71016	0.02067
1139.78159	0.02075
1137.85303	0.02114
1135.92446	0.02197
1133.99590	0.02321
1132.06733	0.02438
1130.13877	0.02470
1128.21021	0.02398
1126.28164	0.02287
1124.35308	0.02204
1122.42451	0.02164
1120.49595	0.02152
1118.56738	0.02154
1116.63882	0.02166
1114.71025	0.02182
1112.78169	0.02201
1110.85312	0.02220
1108.92456	0.02239
1106.99600	0.02259
1105.06743	0.02276
1103.13887	0.02280
1101.21030	0.02274
1099.28174	0.02268
1097.35317	0.02263
1095.42461	0.02255
1093.49604	0.02241
1091.56748	0.02231
1089.63892	0.02230
1087.71035	0.02232
1085.78179	0.02233
1083.85322	0.02236
1081.92466	0.02245
1079.99609	0.02262
1078.06753	0.02276
1076.13896	0.02279
1074.21040	0.02275
1072.28184	0.02274
1070.35327	0.02288
1068.42471	0.02314
1066.49614	0.02331
1064.56758	0.02330
1062.63901	0.02310
1060.71045	0.02278
1058.78188	0.02249
1056.85332	0.02233
1054.92476	0.02237
1052.99619	0.02265
1051.06763	0.02290
1049.13906	0.02266
1047.21050	0.02199
1045.28193	0.02142
1043.35337	0.02111
1041.42480	0.02093
1039.49624	0.02071
1037.56768	0.02043
1035.63911	0.02017
1033.71055	0.02004
1031.78198	0.02002
1029.85342	0.02009
1027.92485	0.02011
1025.99629	0.02000
1024.06772	0.01981
1022.13916	0.01962
1020.21060	0.01948
1018.28203	0.01937
1016.35347	0.01926
1014.42490	0.01911
1012.49634	0.01888
1010.56777	0.01860
1008.63921	0.01829
1006.71064	0.01802
1004.78208	0.01784
1002.85352	0.01773
1000.92495	0.01758
998.99639	0.01742
997.06782	0.01731
995.13926	0.01725
993.21069	0.01716
991.28213	0.01701
989.35356	0.01686
987.42500	0.01667
985.49644	0.01645
983.56787	0.01621
981.63931	0.01604
979.71074	0.01592
977.78218	0.01583
975.85361	0.01577
973.92505	0.01570
971.99648	0.01561
970.06792	0.01557
968.13936	0.01558
966.21079	0.01560
964.28223	0.01564
962.35366	0.01567
960.42510	0.01561
958.49653	0.01552
956.56797	0.01543
954.63940	0.01529
952.71084	0.01513
950.78228	0.01502
948.85371	0.01496
946.92515	0.01487
944.99658	0.01470
943.06802	0.01451
941.13945	0.01438
939.21089	0.01431
937.28232	0.01427
935.35376	0.01428
933.42520	0.01433
931.49663	0.01432
929.56807	0.01421
927.63950	0.01409
925.71094	0.01405
923.78237	0.01402
921.85381	0.01401
919.92524	0.01407
917.99668	0.01423
916.06812	0.01452
914.13955	0.01493
912.21099	0.01540
910.28242	0.01583
908.35386	0.01603
906.42529	0.01591
904.49673	0.01566
902.56816	0.01562
900.63960	0.01587
898.71104	0.01642
896.78247	0.01738
894.85391	0.01893
892.92534	0.02131
890.99678	0.02428
889.06821	0.02631
887.13965	0.02553
885.21108	0.02233
883.28252	0.01891
881.35396	0.01661
879.42539	0.01545
877.49683	0.01496
875.56826	0.01461
873.63970	0.01422
871.71113	0.01383
869.78257	0.01352
867.85400	0.01338
865.92544	0.01338
863.99687	0.01331
862.06831	0.01306
860.13975	0.01276
858.21118	0.01259
856.28262	0.01259
854.35405	0.01264
852.42549	0.01271
850.49692	0.01282
848.56836	0.01288
846.63979	0.01291
844.71123	0.01297
842.78267	0.01303
840.85410	0.01306
838.92554	0.01312
836.99697	0.01316
835.06841	0.01303
833.13984	0.01286
831.21128	0.01290
829.28271	0.01300
827.35415	0.01300
825.42559	0.01305
823.49702	0.01320
821.56846	0.01326
819.63989	0.01315
817.71133	0.01304
815.78276	0.01307
813.85420	0.01321
811.92563	0.01332
809.99707	0.01338
808.06851	0.01345
806.13994	0.01352
804.21138	0.01353
802.28281	0.01346
800.35425	0.01348
798.42568	0.01363
796.49712	0.01377
794.56855	0.01379
792.63999	0.01373
790.71143	0.01378
788.78286	0.01395
786.85430	0.01403
784.92573	0.01402
782.99717	0.01409
781.06860	0.01422
779.14004	0.01427
777.21147	0.01434
775.28291	0.01461
773.35435	0.01501
771.42578	0.01536
769.49722	0.01560
767.56865	0.01581
765.64009	0.01601
763.71152	0.01617
761.78296	0.01633
759.85439	0.01650
757.92583	0.01657
755.99727	0.01664
754.06870	0.01692
752.14014	0.01752
750.21157	0.01837
748.28301	0.01928
746.35444	0.02033
744.42588	0.02182
742.49731	0.02390
740.56875	0.02690
738.64019	0.03176
736.71162	0.04125
734.78306	0.06300
732.85449	0.10228
730.92593	0.14026
728.99736	0.14408
727.06880	0.11988
725.14023	0.10241
723.21167	0.11306
721.28311	0.15384
719.35454	0.19904
717.42598	0.20896
715.49741	0.17706
713.56885	0.13106
711.64028	0.09404
709.71172	0.07098
707.78315	0.05749
705.85459	0.04883
703.92603	0.04251
701.99746	0.03773
700.06890	0.03427
698.14033	0.03176
696.21177	0.02963
694.28320	0.02759
692.35464	0.02582
690.42607	0.02459
688.49751	0.02377
686.56895	0.02275
684.64038	0.02142
682.71182	0.02010
680.78325	0.01910
678.85469	0.01848
676.92612	0.01779
674.99756	0.01677
673.06899	0.01588
671.14043	0.01727
669.21187	0.02081
667.28330	0.01892
665.35474	0.01665
663.42617	0.01435
661.49761	0.01376
659.56904	0.01402
657.64048	0.01407
655.71191	0.01354
653.78335	0.01271
651.85479	0.01234
649.92622	0.01259
647.99766	0.01274
646.06909	0.01259
644.14053	0.01289
642.21196	0.01386
640.28340	0.01502
638.35483	0.01631
636.42627	0.01790
634.49771	0.01954
632.56914	0.02068
630.64058	0.02074
628.71201	0.01955
626.78345	0.01810
624.85488	0.01705
622.92632	0.01610
620.99775	0.01529
619.06919	0.01459
617.14062	0.01387
615.21206	0.01346
613.28350	0.01346
611.35493	0.01342
609.42637	0.01322
607.49780	0.01334
605.56924	0.01358
603.64067	0.01356
601.71211	0.01358
599.78354	0.01381
