3997.91411	-0.00427
3995.98555	-0.00438
3994.05698	-0.00454
3992.12842	-0.00457
3990.19985	-0.00459
3988.27129	-0.00467
3986.34272	-0.00472
3984.41416	-0.00475
3982.48560	-0.00476
3980.55703	-0.00473
3978.62847	-0.00468
3976.69990	-0.00464
3974.77134	-0.00458
3972.84277	-0.00456
3970.91421	-0.00454
3968.98564	-0.00443
3967.05708	-0.00431
3965.12852	-0.00437
3963.19995	-0.00455
3961.27139	-0.00473
3959.34282	-0.00485
3957.41426	-0.00488
3955.48569	-0.00482
3953.55713	-0.00478
3951.62856	-0.00473
3949.70000	-0.00461
3947.77144	-0.00455
3945.84287	-0.00452
3943.91431	-0.00437
3941.98574	-0.00432
3940.05718	-0.00452
3938.12861	-0.00475
3936.20005	-0.00473
3934.27148	-0.00443
3932.34292	-0.00413
3930.41436	-0.00410
3928.48579	-0.00420
3926.55723	-0.00416
3924.62866	-0.00402
3922.70010	-0.00389
3920.77153	-0.00368
3918.84297	-0.00356
3916.91440	-0.00390
3914.98584	-0.00452
3913.05728	-0.00487
3911.12871	-0.00488
3909.20015	-0.00461
3907.27158	-0.00389
3905.34302	-0.00288
3903.41445	-0.00231
3901.48589	-0.00253
3899.55732	-0.00328
3897.62876	-0.00411
3895.70020	-0.00443
3893.77163	-0.00410
3891.84307	-0.00367
3889.91450	-0.00359
3887.98594	-0.00337
3886.05737	-0.00309
3884.12881	-0.00328
3882.20024	-0.00349
3880.27168	-0.00365
3878.34312	-0.00400
3876.41455	-0.00393
3874.48599	-0.00342
3872.55742	-0.00282
3870.62886	-0.00238
3868.70029	-0.00270
3866.77173	-0.00325
3864.84316	-0.00343
3862.91460	-0.00375
3860.98604	-0.00425
3859.05747	-0.00426
3857.12891	-0.00343
3855.20034	-0.00188
3853.27178	-0.00137
3851.34321	-0.00314
3849.41465	-0.00463
3847.48608	-0.00489
3845.55752	-0.00432
3843.62896	-0.00349
3841.70039	-0.00272
3839.77183	-0.00205
3837.84326	-0.00184
3835.91470	-0.00233
3833.98613	-0.00300
3832.05757	-0.00352
3830.12900	-0.00392
3828.20044	-0.00415
3826.27187	-0.00419
3824.34331	-0.00377
3822.41475	-0.00288
3820.48618	-0.00267
3818.55762	-0.00325
3816.62905	-0.00360
3814.70049	-0.00405
3812.77192	-0.00455
3810.84336	-0.00465
3808.91479	-0.00429
3806.98623	-0.00386
3805.05767	-0.00363
3803.12910	-0.00318
3801.20054	-0.00299
3799.27197	-0.00342
3797.34341	-0.00381
3795.41484	-0.00443
3793.48628	-0.00510
3791.55771	-0.00525
3789.62915	-0.00508
3787.70059	-0.00500
3785.77202	-0.00495
3783.84346	-0.00486
3781.91489	-0.00464
3779.98633	-0.00442
3778.05776	-0.00466
3776.12920	-0.00503
3774.20063	-0.00497
3772.27207	-0.00454
3770.34351	-0.00413
3768.41494	-0.00410
3766.48638	-0.00441
3764.55781	-0.00478
3762.62925	-0.00478
3760.70068	-0.00431
3758.77212	-0.00395
3756.84355	-0.00391
3754.91499	-0.00362
3752.98643	-0.00267
3751.05786	-0.00179
3749.12930	-0.00202
3747.20073	-0.00227
3745.27217	-0.00207
3743.34360	-0.00249
3741.41504	-0.00316
3739.48647	-0.00292
3737.55791	-0.00167
3735.62935	-0.00049
3733.70078	-0.00084
3731.77222	-0.00203
3729.84365	-0.00269
3727.91509	-0.00262
3725.98652	-0.00239
3724.05796	-0.00259
3722.12939	-0.00308
3720.20083	-0.00364
3718.27227	-0.00422
3716.34370	-0.00447
3714.41514	-0.00396
3712.48657	-0.00290
3710.55801	-0.00244
3708.62944	-0.00293
3706.70088	-0.00358
3704.77231	-0.00388
3702.84375	-0.00374
3700.91519	-0.00367
3698.98662	-0.00386
3697.05806	-0.00391
3695.12949	-0.00367
3693.20093	-0.00311
3691.27236	-0.00231
3689.34380	-0.00198
3687.41523	-0.00264
3685.48667	-0.00349
3683.55811	-0.00397
3681.62954	-0.00396
3679.70098	-0.00336
3677.77241	-0.00227
3675.84385	-0.00152
3673.91528	-0.00176
3671.98672	-0.00196
3670.05815	-0.00221
3668.12959	-0.00322
3666.20103	-0.00419
3664.27246	-0.00459
3662.34390	-0.00448
3660.41533	-0.00393
3658.48677	-0.00314
3656.55820	-0.00265
3654.62964	-0.00261
3652.70107	-0.00191
3650.77251	-0.00016
3648.84395	0.00073
3646.91538	-0.00061
3644.98682	-0.00213
3643.05825	-0.00272
3641.12969	-0.00257
3639.20112	-0.00223
3637.27256	-0.00195
3635.34399	-0.00150
3633.41543	-0.00082
3631.48687	0.00008
3629.55830	0.00103
3627.62974	0.00094
3625.70117	0.00017
3623.77261	-0.00008
3621.84404	0.00040
3619.91548	0.00125
3617.98691	0.00161
3616.05835	0.00140
3614.12979	0.00131
3612.20122	0.00143
3610.27266	0.00177
3608.34409	0.00210
3606.41553	0.00187
3604.48696	0.00148
3602.55840	0.00154
3600.62983	0.00192
3598.70127	0.00242
3596.77271	0.00298
3594.84414	0.00322
3592.91558	0.00310
3590.98701	0.00326
3589.05845	0.00399
3587.12988	0.00438
3585.20132	0.00386
3583.27275	0.00343
3581.34419	0.00353
3579.41562	0.00369
3577.48706	0.00370
3575.55850	0.00378
3573.62993	0.00386
3571.70137	0.00407
3569.77280	0.00485
3567.84424	0.00592
3565.91567	0.00633
3563.98711	0.00629
3562.05854	0.00637
3560.12998	0.00625
3558.20142	0.00600
3556.27285	0.00618
3554.34429	0.00690
3552.41572	0.00763
3550.48716	0.00803
3548.55859	0.00828
3546.63003	0.00852
3544.70146	0.00878
3542.77290	0.00909
3540.84434	0.00936
3538.91577	0.00975
3536.98721	0.01017
3535.05864	0.01031
3533.13008	0.01024
3531.20151	0.01043
3529.27295	0.01094
3527.34438	0.01134
3525.41582	0.01156
3523.48726	0.01176
3521.55869	0.01189
3519.63013	0.01202
3517.70156	0.01222
3515.77300	0.01240
3513.84443	0.01270
3511.91587	0.01330
3509.98730	0.01382
3508.05874	0.01388
3506.13018	0.01385
3504.20161	0.01399
3502.27305	0.01401
3500.34448	0.01394
3498.41592	0.01425
3496.48735	0.01507
3494.55879	0.01592
3492.63022	0.01636
3490.70166	0.01642
3488.77310	0.01620
3486.84453	0.01609
3484.91597	0.01655
3482.98740	0.01723
3481.05884	0.01744
3479.13027	0.01734
3477.20171	0.01750
3475.27314	0.01784
3473.34458	0.01803
3471.41602	0.01820
3469.48745	0.01847
3467.55889	0.01866
3465.63032	0.01862
3463.70176	0.01856
3461.77319	0.01886
3459.84463	0.01940
3457.91606	0.01970
3455.98750	0.01978
3454.05894	0.01985
3452.13037	0.01994
3450.20181	0.02015
3448.27324	0.02057
3446.34468	0.02095
3444.41611	0.02112
3442.48755	0.02128
3440.55898	0.02154
3438.63042	0.02164
3436.70186	0.02152
3434.77329	0.02158
3432.84473	0.02191
3430.91616	0.02219
3428.98760	0.02226
3427.05903	0.02236
3425.13047	0.02257
3423.20190	0.02267
3421.27334	0.02270
3419.34478	0.02288
3417.41621	0.02314
3415.48765	0.02324
3413.55908	0.02311
3411.63052	0.02308
3409.70195	0.02331
3407.77339	0.02341
3405.84482	0.02332
3403.91626	0.02336
3401.98770	0.02359
3400.05913	0.02379
3398.13057	0.02378
3396.20200	0.02359
3394.27344	0.02346
3392.34487	0.02354
3390.41631	0.02378
3388.48774	0.02405
3386.55918	0.02437
3384.63062	0.02458
3382.70205	0.02448
3380.77349	0.02435
3378.84492	0.02451
3376.91636	0.02474
3374.98779	0.02474
3373.05923	0.02451
3371.13066	0.02425
3369.20210	0.02414
3367.27354	0.02409
3365.34497	0.02403
3363.41641	0.02409
3361.48784	0.02430
3359.55928	0.02444
3357.63071	0.02448
3355.70215	0.02460
3353.77358	0.02471
3351.84502	0.02472
3349.91646	0.02480
3347.98789	0.02484
3346.05933	0.02474
3344.13076	0.02456
3342.20220	0.02421
3340.27363	0.02409
3338.34507	0.02440
3336.41650	0.02461
3334.48794	0.02450
3332.55937	0.02430
3330.63081	0.02418
3328.70225	0.02425
3326.77368	0.02427
3324.84512	0.02414
3322.91655	0.02411
3320.98799	0.02426
3319.05942	0.02433
3317.13086	0.02433
3315.20229	0.02432
3313.27373	0.02435
3311.34517	0.02438
3309.41660	0.02411
3307.48804	0.02355
3305.55947	0.02314
3303.63091	0.02303
3301.70234	0.02317
3299.77378	0.02341
3297.84521	0.02360
3295.91665	0.02367
3293.98809	0.02360
3292.05952	0.02348
3290.13096	0.02348
3288.20239	0.02357
3286.27383	0.02356
3284.34526	0.02340
3282.41670	0.02318
3280.48813	0.02302
3278.55957	0.02285
3276.63101	0.02255
3274.70244	0.02224
3272.77388	0.02212
3270.84531	0.02210
3268.91675	0.02201
3266.98818	0.02192
3265.05962	0.02183
3263.13105	0.02165
3261.20249	0.02153
3259.27393	0.02158
3257.34536	0.02142
3255.41680	0.02096
3253.48823	0.02068
3251.55967	0.02074
3249.63110	0.02078
3247.70254	0.02062
3245.77397	0.02037
3243.84541	0.02009
3241.91685	0.01988
3239.98828	0.01990
3238.05972	0.02000
3236.13115	0.01988
3234.20259	0.01965
3232.27402	0.01944
3230.34546	0.01914
3228.41689	0.01893
3226.48833	0.01903
3224.55977	0.01927
3222.63120	0.01937
3220.70264	0.01927
3218.77407	0.01900
3216.84551	0.01866
3214.91694	0.01844
3212.98838	0.01842
3211.05981	0.01852
3209.13125	0.01857
3207.20269	0.01846
3205.27412	0.01833
3203.34556	0.01832
3201.41699	0.01823
3199.48843	0.01800
3197.55986	0.01772
3195.63130	0.01736
3193.70273	0.01705
3191.77417	0.01702
3189.84561	0.01695
3187.91704	0.01665
3185.98848	0.01641
3184.05991	0.01639
3182.13135	0.01628
3180.20278	0.01589
3178.27422	0.01556
3176.34565	0.01547
3174.41709	0.01532
3172.48853	0.01500
3170.55996	0.01468
3168.63140	0.01455
3166.70283	0.01460
3164.77427	0.01463
3162.84570	0.01450
3160.91714	0.01427
3158.98857	0.01405
3157.06001	0.01401
3155.13145	0.01398
3153.20288	0.01370
3151.27432	0.01324
3149.34575	0.01286
3147.41719	0.01275
3145.48862	0.01276
3143.56006	0.01260
3141.63149	0.01224
3139.70293	0.01194
3137.77437	0.01188
3135.84580	0.01180
3133.91724	0.01158
3131.98867	0.01139
3130.06011	0.01128
3128.13154	0.01117
3126.20298	0.01106
3124.27441	0.01091
3122.34585	0.01066
3120.41729	0.01035
3118.48872	0.01012
3116.56016	0.01003
3114.63159	0.00994
3112.70303	0.00981
3110.77446	0.00966
3108.84590	0.00956
3106.91733	0.00955
3104.98877	0.00940
3103.06021	0.00905
3101.13164	0.00879
3099.20308	0.00883
3097.27451	0.00905
3095.34595	0.00913
3093.41738	0.00891
3091.48882	0.00856
3089.56025	0.00829
3087.63169	0.00806
3085.70312	0.00791
3083.77456	0.00804
3081.84600	0.00825
3079.91743	0.00827
3077.98887	0.00817
3076.06030	0.00796
3074.13174	0.00762
3072.20317	0.00734
3070.27461	0.00712
3068.34604	0.00696
3066.41748	0.00696
3064.48892	0.00696
3062.56035	0.00675
3060.63179	0.00655
3058.70322	0.00645
3056.77466	0.00629
3054.84609	0.00601
3052.91753	0.00577
3050.98896	0.00573
3049.06040	0.00570
3047.13184	0.00547
3045.20327	0.00521
3043.27471	0.00507
3041.34614	0.00498
3039.41758	0.00487
3037.48901	0.00475
3035.56045	0.00461
3033.63188	0.00452
3031.70332	0.00459
3029.77476	0.00468
3027.84619	0.00470
3025.91763	0.00479
3023.98906	0.00500
3022.06050	0.00517
3020.13193	0.00518
3018.20337	0.00519
3016.27480	0.00535
3014.34624	0.00557
3012.41768	0.00584
3010.48911	0.00631
3008.56055	0.00695
3006.63198	0.00748
3004.70342	0.00787
3002.77485	0.00840
3000.84629	0.00913
2998.91772	0.00996
2996.98916	0.01103
2995.06060	0.01236
2993.13203	0.01385
2991.20347	0.01565
2989.27490	0.01787
2987.34634	0.02026
2985.41777	0.02290
2983.48921	0.02614
2981.56064	0.03008
2979.63208	0.03491
2977.70352	0.04092
2975.77495	0.04837
2973.84639	0.05755
2971.91782	0.06877
2969.98926	0.08248
2968.06069	0.09887
2966.13213	0.11734
2964.20356	0.13658
2962.27500	0.15470
2960.34644	0.16982
2958.41787	0.18145
2956.48931	0.19103
2954.56074	0.20035
2952.63218	0.20920
2950.70361	0.21452
2948.77505	0.21193
2946.84648	0.19905
2944.91792	0.17834
2942.98936	0.15626
2941.06079	0.13938
2939.13223	0.13089
2937.20366	0.13074
2935.27510	0.13765
2933.34653	0.15029
2931.41797	0.16715
2929.48940	0.18651
2927.56084	0.20656
2925.63228	0.22587
2923.70371	0.24406
2921.77515	0.26128
2919.84658	0.27615
2917.91802	0.28526
2915.98945	0.28521
2914.06089	0.27576
2912.13232	0.26078
2910.20376	0.24508
2908.27520	0.23086
2906.34663	0.21776
2904.41807	0.20497
2902.48950	0.19229
2900.56094	0.17977
2898.63237	0.16759
2896.70381	0.15646
2894.77524	0.14725
2892.84668	0.14038
2890.91812	0.13585
2888.98955	0.13342
2887.06099	0.13277
2885.13242	0.13379
2883.20386	0.13660
2881.27529	0.14122
2879.34673	0.14686
2877.41816	0.15154
2875.48960	0.15346
2873.56104	0.15315
2871.63247	0.15301
2869.70391	0.15426
2867.77534	0.15511
2865.84678	0.15142
2863.91821	0.14048
2861.98965	0.12444
2860.06108	0.10835
2858.13252	0.09595
2856.20396	0.08854
2854.27539	0.08586
2852.34683	0.08702
2850.41826	0.09082
2848.48970	0.09625
2846.56113	0.10320
2844.63257	0.11230
2842.70400	0.12366
2840.77544	0.13600
2838.84687	0.14592
2836.91831	0.14859
2834.98975	0.14098
2833.06118	0.12494
2831.13262	0.10618
2829.20405	0.08969
2827.27549	0.07721
2825.34692	0.06826
2823.41836	0.06184
2821.48979	0.05714
2819.56123	0.05350
2817.63267	0.05052
2815.70410	0.04813
2813.77554	0.04618
2811.84697	0.04436
2809.91841	0.04259
2807.98984	0.04088
2806.06128	0.03922
2804.13271	0.03757
2802.20415	0.03592
2800.27559	0.03444
2798.34702	0.03321
2796.41846	0.03215
2794.48989	0.03123
2792.56133	0.03046
2790.63276	0.02960
2788.70420	0.02855
2786.77563	0.02747
2784.84707	0.02650
2782.91851	0.02569
2780.98994	0.02504
2779.06138	0.02449
2777.13281	0.02391
2775.20425	0.02331
2773.27568	0.02277
2771.34712	0.02235
2769.41855	0.02210
2767.48999	0.02190
2765.56143	0.02158
2763.63286	0.02113
2761.70430	0.02076
2759.77573	0.02061
2757.84717	0.02052
2755.91860	0.02032
2753.99004	0.02001
2752.06147	0.01972
2750.13291	0.01951
2748.20435	0.01936
2746.27578	0.01932
2744.34722	0.01935
2742.41865	0.01934
2740.49009	0.01935
2738.56152	0.01953
2736.63296	0.01984
2734.70439	0.02007
2732.77583	0.02023
2730.84727	0.02049
2728.91870	0.02091
2726.99014	0.02148
2725.06157	0.02208
2723.13301	0.02238
2721.20444	0.02217
2719.27588	0.02162
2717.34731	0.02087
2715.41875	0.02005
2713.49019	0.01938
2711.56162	0.01885
2709.63306	0.01836
2707.70449	0.01792
2705.77593	0.01751
2703.84736	0.01712
2701.91880	0.01677
2699.99023	0.01650
2698.06167	0.01630
2696.13311	0.01616
2694.20454	0.01605
2692.27598	0.01591
2690.34741	0.01581
2688.41885	0.01578
2686.49028	0.01572
2684.56172	0.01564
2682.63315	0.01563
2680.70459	0.01564
2678.77603	0.01558
2676.84746	0.01549
2674.91890	0.01541
2672.99033	0.01531
2671.06177	0.01520
2669.13320	0.01510
2667.20464	0.01505
2665.27607	0.01501
2663.34751	0.01489
2661.41895	0.01470
2659.49038	0.01452
2657.56182	0.01436
2655.63325	0.01420
2653.70469	0.01399
2651.77612	0.01372
2649.84756	0.01341
2647.91899	0.01311
2645.99043	0.01292
2644.06187	0.01281
2642.13330	0.01266
2640.20474	0.01247
2638.27617	0.01233
2636.34761	0.01215
2634.41904	0.01197
2632.49048	0.01187
2630.56191	0.01176
2628.63335	0.01167
2626.70479	0.01167
2624.77622	0.01168
2622.84766	0.01164
2620.91909	0.01160
2618.99053	0.01160
2617.06196	0.01160
2615.13340	0.01159
2613.20483	0.01158
2611.27627	0.01155
2609.34771	0.01149
2607.41914	0.01127
2605.49058	0.01082
2603.56201	0.01035
2601.63345	0.01012
2599.70488	0.01004
2597.77632	0.00995
2595.84775	0.00992
2593.91919	0.01000
2591.99062	0.01011
2590.06206	0.01023
2588.13350	0.01034
2586.20493	0.01051
2584.27637	0.01075
2582.34780	0.01091
2580.41924	0.01093
2578.49067	0.01082
2576.56211	0.01056
2574.63354	0.01025
2572.70498	0.00999
2570.77642	0.00971
2568.84785	0.00941
2566.91929	0.00920
2564.99072	0.00899
2563.06216	0.00874
2561.13359	0.00863
2559.20503	0.00865
2557.27646	0.00861
2555.34790	0.00846
2553.41934	0.00832
2551.49077	0.00833
2549.56221	0.00841
2547.63364	0.00839
2545.70508	0.00824
2543.77651	0.00821
2541.84795	0.00825
2539.91938	0.00804
2537.99082	0.00769
2536.06226	0.00762
2534.13369	0.00779
2532.20513	0.00789
2530.27656	0.00777
2528.34800	0.00741
2526.41943	0.00700
2524.49087	0.00675
2522.56230	0.00667
2520.63374	0.00668
2518.70518	0.00666
2516.77661	0.00658
2514.84805	0.00652
2512.91948	0.00656
2510.99092	0.00663
2509.06235	0.00668
2507.13379	0.00664
2505.20522	0.00649
2503.27666	0.00632
2501.34810	0.00631
2499.41953	0.00643
2497.49097	0.00648
2495.56240	0.00645
2493.63384	0.00641
2491.70527	0.00631
2489.77671	0.00622
2487.84814	0.00626
2485.91958	0.00633
2483.99102	0.00633
2482.06245	0.00620
2480.13389	0.00598
2478.20532	0.00583
2476.27676	0.00578
2474.34819	0.00569
2472.41963	0.00557
2470.49106	0.00553
2468.56250	0.00559
2466.63394	0.00560
2464.70537	0.00556
2462.77681	0.00553
2460.84824	0.00551
2458.91968	0.00552
2456.99111	0.00559
2455.06255	0.00561
2453.13398	0.00558
2451.20542	0.00548
2449.27686	0.00532
2447.34829	0.00518
2445.41973	0.00512
2443.49116	0.00521
2441.56260	0.00542
2439.63403	0.00557
2437.70547	0.00552
2435.77690	0.00541
2433.84834	0.00544
2431.91978	0.00561
2429.99121	0.00576
2428.06265	0.00574
2426.13408	0.00559
2424.20552	0.00555
2422.27695	0.00560
2420.34839	0.00552
2418.41982	0.00537
2416.49126	0.00538
2414.56270	0.00544
2412.63413	0.00535
2410.70557	0.00522
2408.77700	0.00520
2406.84844	0.00521
2404.91987	0.00526
2402.99131	0.00538
2401.06274	0.00541
2399.13418	0.00415
2397.20562	0.00386
2395.27705	0.00425
2393.34849	0.00475
2391.41992	0.00533
2389.49136	0.00599
2387.56279	0.00671
2385.63423	0.00749
2383.70566	0.00827
2381.77710	0.00878
2379.84854	0.00873
2377.91997	0.00815
2375.99141	0.00746
2374.06284	0.00713
2372.13428	0.00718
2370.20571	0.00717
2368.27715	0.00679
2366.34858	0.00653
2364.42002	0.00731
2362.49146	0.00727
2360.56289	0.00795
2358.63433	0.00932
2356.70576	0.00783
2354.77720	0.01071
2352.84863	0.01324
2350.92007	0.01292
2348.99150	0.01225
2347.06294	0.00979
2345.13437	0.00696
2343.20581	0.00837
2341.27725	0.01368
2339.34868	0.01551
2337.42012	0.01287
2335.49155	0.00797
2333.56299	0.00438
2331.63442	0.00332
2329.70586	0.00380
2327.77729	0.00516
2325.84873	0.00509
2323.92017	0.00399
2321.99160	0.00330
2320.06304	0.00311
2318.13447	0.00331
2316.20591	0.00382
2314.27734	0.00425
2312.34878	0.00483
2310.42021	0.00567
2308.49165	0.00622
2306.56309	0.00662
2304.63452	0.00666
2302.70596	0.00639
2300.77739	0.00600
2298.84883	0.00548
2296.92026	0.00496
2294.99170	0.00458
2293.06313	0.00430
2291.13457	0.00396
2289.20601	0.00368
2287.27744	0.00331
2285.34888	0.00281
2283.42031	0.00243
2281.49175	0.00217
2279.56318	0.00197
2277.63462	0.00191
2275.70605	0.00208
2273.77749	0.00232
2271.84893	0.00236
2269.92036	0.00229
2267.99180	0.00234
2266.06323	0.00255
2264.13467	0.00284
2262.20610	0.00320
2260.27754	0.00348
2258.34897	0.00349
2256.42041	0.00329
2254.49185	0.00317
2252.56328	0.00334
2250.63472	0.00353
2248.70615	0.00289
2246.77759	0.00267
2244.84902	0.00227
2242.92046	0.00219
2240.99189	0.00246
2239.06333	0.00264
2237.13477	0.00266
2235.20620	0.00278
2233.27764	0.00297
2231.34907	0.00289
2229.42051	0.00254
2227.49194	0.00241
2225.56338	0.00269
2223.63481	0.00285
2221.70625	0.00265
2219.77769	0.00249
2217.84912	0.00266
2215.92056	0.00284
2213.99199	0.00264
2212.06343	0.00219
2210.13486	0.00188
2208.20630	0.00178
2206.27773	0.00181
2204.34917	0.00209
2202.42061	0.00238
2200.49204	0.00223
2198.56348	0.00199
2196.63491	0.00223
2194.70635	0.00267
2192.77778	0.00288
2190.84922	0.00282
2188.92065	0.00274
2186.99209	0.00277
2185.06353	0.00269
2183.13496	0.00253
2181.20640	0.00255
2179.27783	0.00269
2177.34927	0.00273
2175.42070	0.00232
2173.49214	0.00165
2171.56357	0.00155
2169.63501	0.00202
2167.70645	0.00224
2165.77788	0.00212
2163.84932	0.00193
2161.92075	0.00154
2159.99219	0.00126
2158.06362	0.00147
2156.13506	0.00182
2154.20649	0.00209
2152.27793	0.00239
2150.34937	0.00271
2148.42080	0.00294
2146.49224	0.00306
2144.56367	0.00305
2142.63511	0.00290
2140.70654	0.00274
2138.77798	0.00268
2136.84941	0.00286
2134.92085	0.00311
2132.99229	0.00303
2131.06372	0.00285
2129.13516	0.00291
2127.20659	0.00299
2125.27803	0.00289
2123.34946	0.00288
2121.42090	0.00298
2119.49233	0.00296
2117.56377	0.00297
2115.63521	0.00315
2113.70664	0.00324
2111.77808	0.00309
2109.84951	0.00282
2107.92095	0.00255
2105.99238	0.00254
2104.06382	0.00270
2102.13525	0.00258
2100.20669	0.00221
2098.27812	0.00201
2096.34956	0.00201
2094.42100	0.00207
2092.49243	0.00220
2090.56387	0.00235
2088.63530	0.00238
2086.70674	0.00226
2084.77817	0.00211
2082.84961	0.00216
2080.92104	0.00235
2078.99248	0.00237
2077.06392	0.00215
2075.13535	0.00183
2073.20679	0.00161
2071.27822	0.00163
2069.34966	0.00171
2067.42109	0.00160
2065.49253	0.00144
2063.56396	0.00159
2061.63540	0.00193
2059.70684	0.00182
2057.77827	0.00129
2055.84971	0.00101
2053.92114	0.00100
2051.99258	0.00098
2050.06401	0.00109
2048.13545	0.00123
2046.20688	0.00135
2044.27832	0.00174
2042.34976	0.00211
2040.42119	0.00217
2038.49263	0.00217
2036.56406	0.00213
2034.63550	0.00199
2032.70693	0.00183
2030.77837	0.00170
2028.84980	0.00142
2026.92124	0.00098
2024.99268	0.00061
2023.06411	0.00038
2021.13555	0.00050
2019.20698	0.00097
2017.27842	0.00126
2015.34985	0.00118
2013.42129	0.00112
2011.49272	0.00112
2009.56416	0.00103
2007.63560	0.00120
2005.70703	0.00176
2003.77847	0.00226
2001.84990	0.00233
1999.92134	0.00212
1997.99277	0.00191
1996.06421	0.00168
1994.13564	0.00151
1992.20708	0.00160
1990.27852	0.00157
1988.34995	0.00117
1986.42139	0.00104
1984.49282	0.00126
1982.56426	0.00115
1980.63569	0.00087
1978.70713	0.00118
1976.77856	0.00170
1974.85000	0.00168
1972.92144	0.00158
1970.99287	0.00168
1969.06431	0.00173
1967.13574	0.00202
1965.20718	0.00237
1963.27861	0.00228
1961.35005	0.00191
1959.42148	0.00160
1957.49292	0.00153
1955.56436	0.00177
1953.63579	0.00207
1951.70723	0.00219
1949.77866	0.00214
1947.85010	0.00204
1945.92153	0.00223
1943.99297	0.00291
1942.06440	0.00341
1940.13584	0.00332
1938.20728	0.00308
1936.27871	0.00269
1934.35015	0.00229
1932.42158	0.00232
1930.49302	0.00266
1928.56445	0.00293
1926.63589	0.00301
1924.70732	0.00292
1922.77876	0.00290
1920.85020	0.00307
1918.92163	0.00318
1916.99307	0.00300
1915.06450	0.00275
1913.13594	0.00272
1911.20737	0.00288
1909.27881	0.00293
1907.35024	0.00280
1905.42168	0.00277
1903.49312	0.00298
1901.56455	0.00327
1899.63599	0.00346
1897.70742	0.00344
1895.77886	0.00330
1893.85029	0.00315
1891.92173	0.00316
1889.99316	0.00323
1888.06460	0.00314
1886.13604	0.00312
1884.20747	0.00325
1882.27891	0.00332
1880.35034	0.00337
1878.42178	0.00335
1876.49321	0.00319
1874.56465	0.00311
1872.63608	0.00338
1870.70752	0.00398
1868.77896	0.00442
1866.85039	0.00423
1864.92183	0.00373
1862.99326	0.00342
1861.06470	0.00332
1859.13613	0.00332
1857.20757	0.00338
1855.27900	0.00346
1853.35044	0.00343
1851.42187	0.00336
1849.49331	0.00348
1847.56475	0.00389
1845.63618	0.00439
1843.70762	0.00450
1841.77905	0.00416
1839.85049	0.00396
1837.92192	0.00400
1835.99336	0.00401
1834.06479	0.00409
1832.13623	0.00457
1830.20767	0.00512
1828.27910	0.00516
1826.35054	0.00502
1824.42197	0.00491
1822.49341	0.00462
1820.56484	0.00441
1818.63628	0.00449
1816.70771	0.00470
1814.77915	0.00490
1812.85059	0.00515
1810.92202	0.00544
1808.99346	0.00560
1807.06489	0.00570
1805.13633	0.00599
1803.20776	0.00658
1801.27920	0.00724
1799.35063	0.00761
1797.42207	0.00789
1795.49351	0.00868
1793.56494	0.01008
1791.63638	0.01121
1789.70781	0.01160
1787.77925	0.01221
1785.85068	0.01351
1783.92212	0.01514
1781.99355	0.01670
1780.06499	0.01806
1778.13643	0.01927
1776.20786	0.02064
1774.27930	0.02237
1772.35073	0.02393
1770.42217	0.02443
1768.49360	0.02429
1766.56504	0.02424
1764.63647	0.02473
1762.70791	0.02583
1760.77935	0.02689
1758.85078	0.02755
1756.92222	0.02815
1754.99365	0.02877
1753.06509	0.02977
1751.13652	0.03132
1749.20796	0.03262
1747.27939	0.03317
1745.35083	0.03358
1743.42227	0.03429
1741.49370	0.03515
1739.56514	0.03577
1737.63657	0.03626
1735.70801	0.03727
1733.77944	0.03824
1731.85088	0.03790
1729.92231	0.03714
1727.99375	0.03677
1726.06519	0.03695
1724.13662	0.03743
1722.20806	0.03798
1720.27949	0.03900
1718.35093	0.04055
1716.42236	0.04133
1714.49380	0.04088
1712.56523	0.04042
1710.63667	0.04043
1708.70811	0.04084
1706.77954	0.04137
1704.85098	0.04146
1702.92241	0.04132
1700.99385	0.04134
1699.06528	0.04100
1697.13672	0.03999
1695.20815	0.03836
1693.27959	0.03695
1691.35103	0.03649
1689.42246	0.03661
1687.49390	0.03717
1685.56533	0.03845
1683.63677	0.03903
1681.70820	0.03789
1679.77964	0.03701
1677.85107	0.03719
1675.92251	0.03809
1673.99395	0.03886
1672.06538	0.03949
1670.13682	0.04018
1668.20825	0.04017
1666.27969	0.03997
1664.35112	0.04048
1662.42256	0.04112
1660.49399	0.04121
1658.56543	0.04141
1656.63687	0.04245
1654.70830	0.04446
1652.77974	0.04586
1650.85117	0.04537
1648.92261	0.04544
1646.99404	0.04581
1645.06548	0.04495
1643.13691	0.04387
1641.20835	0.04361
1639.27979	0.04418
1637.35122	0.04532
1635.42266	0.04569
1633.49409	0.04450
1631.56553	0.04349
1629.63696	0.04326
1627.70840	0.04336
1625.77983	0.04346
1623.85127	0.04325
1621.92271	0.04242
1619.99414	0.04179
1618.06558	0.04178
1616.13701	0.04135
1614.20845	0.04025
1612.27988	0.03956
1610.35132	0.03939
1608.42275	0.03927
1606.49419	0.03907
1604.56562	0.03898
1602.63706	0.03898
1600.70850	0.03899
1598.77993	0.03905
1596.85137	0.03919
1594.92280	0.03934
1592.99424	0.03945
1591.06567	0.03952
1589.13711	0.03957
1587.20854	0.03964
1585.27998	0.03981
1583.35142	0.04006
1581.42285	0.04038
1579.49429	0.04100
1577.56572	0.04196
1575.63716	0.04221
1573.70859	0.04166
1571.78003	0.04173
1569.85146	0.04216
1567.92290	0.04191
1565.99434	0.04140
1564.06577	0.04132
1562.13721	0.04214
1560.20864	0.04411
1558.28008	0.04478
1556.35151	0.04271
1554.42295	0.04091
1552.49438	0.03974
1550.56582	0.03888
1548.63726	0.03809
1546.70869	0.03767
1544.78013	0.03795
1542.85156	0.03871
1540.92300	0.03864
1538.99443	0.03580
1537.06587	0.03303
1535.13730	0.03194
1533.20874	0.03104
1531.28018	0.02968
1529.35161	0.02889
1527.42305	0.02877
1525.49448	0.02862
1523.56592	0.02857
1521.63735	0.02846
1519.70879	0.02768
1517.78022	0.02669
1515.85166	0.02553
1513.92310	0.02441
1511.99453	0.02408
1510.06597	0.02485
1508.13740	0.02610
1506.20884	0.02528
1504.28027	0.02285
1502.35171	0.02174
1500.42314	0.02193
1498.49458	0.02266
1496.56602	0.02279
1494.63745	0.02232
1492.70889	0.02259
1490.78032	0.02393
1488.85176	0.02511
1486.92319	0.02538
1484.99463	0.02572
1483.06606	0.02698
1481.13750	0.02930
1479.20894	0.03263
1477.28037	0.03764
1475.35181	0.04536
1473.42324	0.05651
1471.49468	0.06942
1469.56611	0.08127
1467.63755	0.09425
1465.70898	0.11148
1463.78042	0.12943
1461.85186	0.14137
1459.92329	0.14859
1457.99473	0.15445
1456.06616	0.15774
1454.13760	0.15773
1452.20903	0.15587
1450.28047	0.15074
1448.35190	0.13941
1446.42334	0.12305
1444.49478	0.10768
1442.56621	0.09635
1440.63765	0.08978
1438.70908	0.08768
1436.78052	0.08733
1434.85195	0.08395
1432.92339	0.07705
1430.99482	0.06928
1429.06626	0.06286
1427.13770	0.05903
1425.20913	0.05714
1423.28057	0.05627
1421.35200	0.05612
1419.42344	0.05624
1417.49487	0.05563
1415.56631	0.05454
1413.63774	0.05376
1411.70918	0.05326
1409.78062	0.05288
1407.85205	0.05268
1405.92349	0.05250
1403.99492	0.05201
1402.06636	0.05143
1400.13779	0.05114
1398.20923	0.05099
1396.28066	0.05095
1394.35210	0.05096
1392.42354	0.05124
1390.49497	0.05283
1388.56641	0.05701
1386.63784	0.06497
1384.70928	0.07810
1382.78071	0.10006
1380.85215	0.13546
1378.92358	0.18149
1376.99502	0.21938
1375.06646	0.22305
1373.13789	0.19091
1371.20933	0.15144
1369.28076	0.12128
1367.35220	0.10182
1365.42363	0.09184
1363.49507	0.08862
1361.56650	0.08924
1359.63794	0.09025
1357.70937	0.08849
1355.78081	0.08299
1353.85225	0.07551
1351.92368	0.06866
1349.99512	0.06345
1348.06655	0.05957
1346.13799	0.05661
1344.20942	0.05443
1342.28086	0.05305
1340.35229	0.05222
1338.42373	0.05149
1336.49517	0.05090
1334.56660	0.05087
1332.63804	0.05147
1330.70947	0.05220
1328.78091	0.05241
1326.85234	0.05192
1324.92378	0.05105
1322.99521	0.05032
1321.06665	0.04992
1319.13809	0.04973
1317.20952	0.04955
1315.28096	0.04921
1313.35239	0.04874
1311.42383	0.04852
1309.49526	0.04914
1307.56670	0.05096
1305.63813	0.05336
1303.70957	0.05481
1301.78101	0.05472
1299.85244	0.05416
1297.92388	0.05396
1295.99531	0.05385
1294.06675	0.05339
1292.13818	0.05256
1290.20962	0.05161
1288.28105	0.05081
1286.35249	0.05026
1284.42393	0.04984
1282.49536	0.04946
1280.56680	0.04918
1278.63823	0.04907
1276.70967	0.04909
1274.78110	0.04921
1272.85254	0.04948
1270.92397	0.04994
1268.99541	0.05058
1267.06685	0.05140
1265.13828	0.05244
1263.20972	0.05377
1261.28115	0.05544
1259.35259	0.05746
1257.42402	0.05950
1255.49546	0.06059
1253.56689	0.06007
1251.63833	0.05854
1249.70977	0.05711
1247.78120	0.05623
1245.85264	0.05583
1243.92407	0.05566
1241.99551	0.05555
1240.06694	0.05551
1238.13838	0.05555
1236.20981	0.05561
1234.28125	0.05565
1232.35269	0.05568
1230.42412	0.05573
1228.49556	0.05588
1226.56699	0.05614
1224.63843	0.05651
1222.70986	0.05702
1220.78130	0.05753
1218.85273	0.05778
1216.92417	0.05766
1214.99561	0.05723
1213.06704	0.05664
1211.13848	0.05611
1209.20991	0.05582
1207.28135	0.05570
1205.35278	0.05559
1203.42422	0.05545
1201.49565	0.05535
1199.56709	0.05532
1197.63853	0.05529
1195.70996	0.05526
1193.78140	0.05528
1191.85283	0.05536
1189.92427	0.05552
1187.99570	0.05578
1186.06714	0.05615
1184.13857	0.05663
1182.21001	0.05733
1180.28145	0.05841
1178.35288	0.06005
1176.42432	0.06265
1174.49575	0.06693
1172.56719	0.07315
1170.63862	0.08012
1168.71006	0.08534
1166.78149	0.08686
1164.85293	0.08495
1162.92437	0.08154
1160.99580	0.07842
1159.06724	0.07627
1157.13867	0.07499
1155.21011	0.07430
1153.28154	0.07370
1151.35298	0.07257
1149.42441	0.07082
1147.49585	0.06886
1145.56729	0.06696
1143.63872	0.06525
1141.71016	0.06390
1139.78159	0.06296
1137.85303	0.06243
1135.92446	0.06220
1133.99590	0.06213
1132.06733	0.06210
1130.13877	0.06208
1128.21021	0.06202
1126.28164	0.06194
1124.35308	0.06193
1122.42451	0.06205
1120.49595	0.06234
1118.56738	0.06276
1116.63882	0.06326
1114.71025	0.06384
1112.78169	0.06460
1110.85312	0.06569
1108.92456	0.06729
1106.99600	0.06927
1105.06743	0.07123
1103.13887	0.07265
1101.21030	0.07320
1099.28174	0.07290
1097.35317	0.07221
1095.42461	0.07172
1093.49604	0.07167
1091.56748	0.07190
1089.63892	0.07219
1087.71035	0.07248
1085.78179	0.07279
1083.85322	0.07307
1081.92466	0.07318
1079.99609	0.07316
1078.06753	0.07316
1076.13896	0.07316
1074.21040	0.07310
1072.28184	0.07296
1070.35327	0.07282
1068.42471	0.07277
1066.49614	0.07274
1064.56758	0.07267
1062.63901	0.07273
1060.71045	0.07306
1058.78188	0.07350
1056.85332	0.07387
1054.92476	0.07417
1052.99619	0.07449
1051.06763	0.07496
1049.13906	0.07570
1047.21050	0.07661
1045.28193	0.07718
1043.35337	0.07708
1041.42480	0.07644
1039.49624	0.07558
1037.56768	0.07474
1035.63911	0.07392
1033.71055	0.07299
1031.78198	0.07197
1029.85342	0.07095
1027.92485	0.07000
1025.99629	0.06916
1024.06772	0.06842
1022.13916	0.06767
1020.21060	0.06678
1018.28203	0.06576
1016.35347	0.06474
1014.42490	0.06388
1012.49634	0.06320
1010.56777	0.06276
1008.63921	0.06278
1006.71064	0.06355
1004.78208	0.06578
1002.85352	0.07077
1000.92495	0.07901
998.99639	0.08739
997.06782	0.09015
995.13926	0.08518
993.21069	0.07666
991.28213	0.06931
989.35356	0.06447
987.42500	0.06176
985.49644	0.06069
983.56787	0.06106
981.63931	0.06313
979.71074	0.06770
977.78218	0.07552
975.85361	0.08562
973.92505	0.09379
971.99648	0.09462
970.06792	0.08757
968.13936	0.07803
966.21079	0.07067
964.28223	0.06613
962.35366	0.06334
960.42510	0.06148
958.49653	0.06021
956.56797	0.05941
954.63940	0.05900
952.71084	0.05880
950.78228	0.05867
948.85371	0.05875
946.92515	0.05918
944.99658	0.05992
943.06802	0.06073
941.13945	0.06124
939.21089	0.06107
937.28232	0.06007
935.35376	0.05860
933.42520	0.05719
931.49663	0.05610
929.56807	0.05535
927.63950	0.05479
925.71094	0.05426
923.78237	0.05374
921.85381	0.05331
919.92524	0.05300
917.99668	0.05287
916.06812	0.05295
914.13955	0.05327
912.21099	0.05375
910.28242	0.05425
908.35386	0.05470
906.42529	0.05539
904.49673	0.05710
902.56816	0.06017
900.63960	0.06334
898.71104	0.06435
896.78247	0.06237
894.85391	0.05877
892.92534	0.05556
890.99678	0.05372
889.06821	0.05292
887.13965	0.05246
885.21108	0.05199
883.28252	0.05151
881.35396	0.05112
879.42539	0.05076
877.49683	0.05030
875.56826	0.04992
873.63970	0.04978
871.71113	0.04964
869.78257	0.04933
867.85400	0.04896
865.92544	0.04870
863.99687	0.04861
862.06831	0.04855
860.13975	0.04836
858.21118	0.04819
856.28262	0.04814
854.35405	0.04816
852.42549	0.04842
850.49692	0.04915
848.56836	0.05095
846.63979	0.05551
844.71123	0.06431
842.78267	0.07420
840.85410	0.07713
838.92554	0.07049
836.99697	0.06101
835.06841	0.05441
833.13984	0.05079
831.21128	0.04868
829.28271	0.04728
827.35415	0.04613
825.42559	0.04492
823.49702	0.04360
821.56846	0.04245
819.63989	0.04169
817.71133	0.04125
815.78276	0.04121
813.85420	0.04167
811.92563	0.04214
809.99707	0.04137
808.06851	0.03798
806.13994	0.03159
804.21138	0.02367
802.28281	0.01610
800.35425	0.00948
798.42568	0.00364
796.49712	-0.00135
794.56855	-0.00530
792.63999	-0.00849
790.71143	-0.01124
788.78286	-0.01325
786.85430	-0.01409
784.92573	-0.01385
782.99717	-0.01296
781.06860	-0.01169
779.14004	-0.01004
777.21147	-0.00798
775.28291	-0.00567
773.35435	-0.00337
771.42578	-0.00109
769.49722	0.00112
767.56865	0.00322
765.64009	0.00532
763.71152	0.00743
761.78296	0.00944
759.85439	0.01140
757.92583	0.01359
755.99727	0.01595
754.06870	0.01791
752.14014	0.01941
750.21157	0.02085
748.28301	0.02230
746.35444	0.02349
744.42588	0.02443
742.49731	0.02552
740.56875	0.02694
738.64019	0.02835
736.71162	0.02948
734.78306	0.03073
732.85449	0.03246
730.92593	0.03418
728.99736	0.03518
727.06880	0.03570
725.14023	0.03647
723.21167	0.03830
721.28311	0.04018
719.35454	0.04179
717.42598	0.04244
715.49741	0.04199
713.56885	0.04136
711.64028	0.04122
709.71172	0.04163
707.78315	0.04222
705.85459	0.04281
703.92603	0.04341
701.99746	0.04397
700.06890	0.04443
698.14033	0.04490
696.21177	0.04559
694.28320	0.04665
692.35464	0.04789
690.42607	0.04870
688.49751	0.04877
686.56895	0.04891
684.64038	0.04964
682.71182	0.05078
680.78325	0.05168
678.85469	0.05210
676.92612	0.05261
674.99756	0.05360
673.06899	0.05418
671.14043	0.05126
669.21187	0.04589
667.28330	0.05002
665.35474	0.05273
663.42617	0.05551
661.49761	0.05688
659.56904	0.05686
657.64048	0.05619
655.71191	0.05604
653.78335	0.05684
651.85479	0.05749
649.92622	0.05727
647.99766	0.05662
646.06909	0.05584
644.14053	0.05477
642.21196	0.05359
640.28340	0.05206
638.35483	0.04898
636.42627	0.04327
634.49771	0.03546
632.56914	0.02811
630.64058	0.02452
628.71201	0.02612
626.78345	0.03190
624.85488	0.03899
622.92632	0.04536
620.99775	0.05020
619.06919	0.05377
617.14062	0.05630
615.21206	0.05737
613.28350	0.05771
611.35493	0.05805
609.42637	0.05811
607.49780	0.05818
605.56924	0.05844
603.64067	0.05838
601.71211	0.05747
599.78354	0.05586
