3997.91411	0.02335
3995.98555	0.02337
3994.05698	0.02336
3992.12842	0.02341
3990.19985	0.02345
3988.27129	0.02337
3986.34272	0.02324
3984.41416	0.02320
3982.48560	0.02325
3980.55703	0.02336
3978.62847	0.02345
3976.69990	0.02347
3974.77134	0.02346
3972.84277	0.02344
3970.91421	0.02340
3968.98564	0.02336
3967.05708	0.02338
3965.12852	0.02338
3963.19995	0.02332
3961.27139	0.02321
3959.34282	0.02312
3957.41426	0.02312
3955.48569	0.02321
3953.55713	0.02332
3951.62856	0.02333
3949.70000	0.02323
3947.77144	0.02308
3945.84287	0.02294
3943.91431	0.02289
3941.98574	0.02292
3940.05718	0.02294
3938.12861	0.02293
3936.20005	0.02302
3934.27148	0.02318
3932.34292	0.02319
3930.41436	0.02299
3928.48579	0.02284
3926.55723	0.02287
3924.62866	0.02292
3922.70010	0.02288
3920.77153	0.02292
3918.84297	0.02311
3916.91440	0.02326
3914.98584	0.02328
3913.05728	0.02327
3911.12871	0.02320
3909.20015	0.02298
3907.27158	0.02273
3905.34302	0.02265
3903.41445	0.02273
3901.48589	0.02284
3899.55732	0.02293
3897.62876	0.02300
3895.70020	0.02300
3893.77163	0.02292
3891.84307	0.02291
3889.91450	0.02306
3887.98594	0.02323
3886.05737	0.02326
3884.12881	0.02308
3882.20024	0.02284
3880.27168	0.02274
3878.34312	0.02277
3876.41455	0.02280
3874.48599	0.02282
3872.55742	0.02280
3870.62886	0.02271
3868.70029	0.02260
3866.77173	0.02256
3864.84316	0.02260
3862.91460	0.02267
3860.98604	0.02273
3859.05747	0.02272
3857.12891	0.02255
3855.20034	0.02231
3853.27178	0.02229
3851.34321	0.02254
3849.41465	0.02277
3847.48608	0.02280
3845.55752	0.02267
3843.62896	0.02250
3841.70039	0.02236
3839.77183	0.02229
3837.84326	0.02233
3835.91470	0.02243
3833.98613	0.02251
3832.05757	0.02258
3830.12900	0.02262
3828.20044	0.02263
3826.27187	0.02256
3824.34331	0.02239
3822.41475	0.02227
3820.48618	0.02231
3818.55762	0.02240
3816.62905	0.02247
3814.70049	0.02248
3812.77192	0.02237
3810.84336	0.02216
3808.91479	0.02196
3806.98623	0.02186
3805.05767	0.02184
3803.12910	0.02187
3801.20054	0.02193
3799.27197	0.02198
3797.34341	0.02199
3795.41484	0.02196
3793.48628	0.02187
3791.55771	0.02173
3789.62915	0.02168
3787.70059	0.02172
3785.77202	0.02176
3783.84346	0.02179
3781.91489	0.02181
3779.98633	0.02184
3778.05776	0.02184
3776.12920	0.02172
3774.20063	0.02157
3772.27207	0.02147
3770.34351	0.02146
3768.41494	0.02156
3766.48638	0.02176
3764.55781	0.02187
3762.62925	0.02170
3760.70068	0.02135
3758.77212	0.02115
3756.84355	0.02119
3754.91499	0.02126
3752.98643	0.02131
3751.05786	0.02143
3749.12930	0.02154
3747.20073	0.02151
3745.27217	0.02149
3743.34360	0.02158
3741.41504	0.02167
3739.48647	0.02167
3737.55791	0.02163
3735.62935	0.02165
3733.70078	0.02177
3731.77222	0.02197
3729.84365	0.02228
3727.91509	0.02227
3725.98652	0.02219
3724.05796	0.02190
3722.12939	0.02178
3720.20083	0.02192
3718.27227	0.02184
3716.34370	0.02167
3714.41514	0.02156
3712.48657	0.02160
3710.55801	0.02197
3708.62944	0.02271
3706.70088	0.02325
3704.77231	0.02316
3702.84375	0.02272
3700.91519	0.02235
3698.98662	0.02229
3697.05806	0.02244
3695.12949	0.02256
3693.20093	0.02263
3691.27236	0.02262
3689.34380	0.02250
3687.41523	0.02244
3685.48667	0.02251
3683.55811	0.02258
3681.62954	0.02267
3679.70098	0.02281
3677.77241	0.02297
3675.84385	0.02316
3673.91528	0.02338
3671.98672	0.02361
3670.05815	0.02384
3668.12959	0.02392
3666.20103	0.02381
3664.27246	0.02376
3662.34390	0.02392
3660.41533	0.02420
3658.48677	0.02453
3656.55820	0.02489
3654.62964	0.02514
3652.70107	0.02523
3650.77251	0.02538
3648.84395	0.02570
3646.91538	0.02592
3644.98682	0.02599
3643.05825	0.02610
3641.12969	0.02633
3639.20112	0.02664
3637.27256	0.02702
3635.34399	0.02745
3633.41543	0.02783
3631.48687	0.02811
3629.55830	0.02847
3627.62974	0.02896
3625.70117	0.02948
3623.77261	0.02971
3621.84404	0.02952
3619.91548	0.02955
3617.98691	0.02980
3616.05835	0.03000
3614.12979	0.03022
3612.20122	0.03048
3610.27266	0.03095
3608.34409	0.03163
3606.41553	0.03222
3604.48696	0.03238
3602.55840	0.03226
3600.62983	0.03215
3598.70127	0.03230
3596.77271	0.03284
3594.84414	0.03345
3592.91558	0.03398
3590.98701	0.03424
3589.05845	0.03423
3587.12988	0.03432
3585.20132	0.03462
3583.27275	0.03500
3581.34419	0.03537
3579.41562	0.03578
3577.48706	0.03628
3575.55850	0.03680
3573.62993	0.03725
3571.70137	0.03758
3569.77280	0.03784
3567.84424	0.03816
3565.91567	0.03858
3563.98711	0.03897
3562.05854	0.03931
3560.12998	0.03965
3558.20142	0.04005
3556.27285	0.04056
3554.34429	0.04113
3552.41572	0.04172
3550.48716	0.04234
3548.55859	0.04282
3546.63003	0.04305
3544.70146	0.04313
3542.77290	0.04326
3540.84434	0.04358
3538.91577	0.04416
3536.98721	0.04479
3535.05864	0.04526
3533.13008	0.04560
3531.20151	0.04589
3529.27295	0.04620
3527.34438	0.04657
3525.41582	0.04699
3523.48726	0.04745
3521.55869	0.04794
3519.63013	0.04849
3517.70156	0.04891
3515.77300	0.04907
3513.84443	0.04912
3511.91587	0.04931
3509.98730	0.04967
3508.05874	0.05019
3506.13018	0.05075
3504.20161	0.05114
3502.27305	0.05128
3500.34448	0.05136
3498.41592	0.05166
3496.48735	0.05222
3494.55879	0.05286
3492.63022	0.05337
3490.70166	0.05369
3488.77310	0.05393
3486.84453	0.05419
3484.91597	0.05444
3482.98740	0.05464
3481.05884	0.05491
3479.13027	0.05531
3477.20171	0.05572
3475.27314	0.05611
3473.34458	0.05640
3471.41602	0.05650
3469.48745	0.05666
3467.55889	0.05708
3465.63032	0.05747
3463.70176	0.05760
3461.77319	0.05770
3459.84463	0.05802
3457.91606	0.05849
3455.98750	0.05886
3454.05894	0.05912
3452.13037	0.05947
3450.20181	0.05992
3448.27324	0.06019
3446.34468	0.06022
3444.41611	0.06030
3442.48755	0.06061
3440.55898	0.06098
3438.63042	0.06121
3436.70186	0.06135
3434.77329	0.06161
3432.84473	0.06195
3430.91616	0.06228
3428.98760	0.06264
3427.05903	0.06308
3425.13047	0.06343
3423.20190	0.06362
3421.27334	0.06376
3419.34478	0.06391
3417.41621	0.06408
3415.48765	0.06430
3413.55908	0.06455
3411.63052	0.06475
3409.70195	0.06483
3407.77339	0.06491
3405.84482	0.06522
3403.91626	0.06566
3401.98770	0.06591
3400.05913	0.06601
3398.13057	0.06618
3396.20200	0.06627
3394.27344	0.06619
3392.34487	0.06610
3390.41631	0.06610
3388.48774	0.06615
3386.55918	0.06622
3384.63062	0.06640
3382.70205	0.06671
3380.77349	0.06690
3378.84492	0.06684
3376.91636	0.06674
3374.98779	0.06681
3373.05923	0.06701
3371.13066	0.06716
3369.20210	0.06718
3367.27354	0.06712
3365.34497	0.06714
3363.41641	0.06730
3361.48784	0.06749
3359.55928	0.06770
3357.63071	0.06794
3355.70215	0.06809
3353.77358	0.06808
3351.84502	0.06792
3349.91646	0.06783
3347.98789	0.06798
3346.05933	0.06818
3344.13076	0.06812
3342.20220	0.06794
3340.27363	0.06789
3338.34507	0.06796
3336.41650	0.06809
3334.48794	0.06830
3332.55937	0.06856
3330.63081	0.06865
3328.70225	0.06843
3326.77368	0.06818
3324.84512	0.06822
3322.91655	0.06843
3320.98799	0.06845
3319.05942	0.06835
3317.13086	0.06840
3315.20229	0.06854
3313.27373	0.06859
3311.34517	0.06855
3309.41660	0.06840
3307.48804	0.06831
3305.55947	0.06855
3303.63091	0.06885
3301.70234	0.06880
3299.77378	0.06857
3297.84521	0.06842
3295.91665	0.06830
3293.98809	0.06828
3292.05952	0.06839
3290.13096	0.06841
3288.20239	0.06826
3286.27383	0.06809
3284.34526	0.06792
3282.41670	0.06772
3280.48813	0.06754
3278.55957	0.06737
3276.63101	0.06725
3274.70244	0.06715
3272.77388	0.06693
3270.84531	0.06659
3268.91675	0.06622
3266.98818	0.06580
3265.05962	0.06534
3263.13105	0.06499
3261.20249	0.06478
3259.27393	0.06448
3257.34536	0.06394
3255.41680	0.06336
3253.48823	0.06297
3251.55967	0.06271
3249.63110	0.06243
3247.70254	0.06211
3245.77397	0.06182
3243.84541	0.06154
3241.91685	0.06114
3239.98828	0.06071
3238.05972	0.06033
3236.13115	0.05997
3234.20259	0.05963
3232.27402	0.05931
3230.34546	0.05899
3228.41689	0.05877
3226.48833	0.05863
3224.55977	0.05845
3222.63120	0.05813
3220.70264	0.05773
3218.77407	0.05727
3216.84551	0.05675
3214.91694	0.05631
3212.98838	0.05607
3211.05981	0.05592
3209.13125	0.05574
3207.20269	0.05557
3205.27412	0.05540
3203.34556	0.05511
3201.41699	0.05475
3199.48843	0.05440
3197.55986	0.05407
3195.63130	0.05386
3193.70273	0.05366
3191.77417	0.05328
3189.84561	0.05282
3187.91704	0.05246
3185.98848	0.05221
3184.05991	0.05198
3182.13135	0.05168
3180.20278	0.05133
3178.27422	0.05094
3176.34565	0.05047
3174.41709	0.05003
3172.48853	0.04975
3170.55996	0.04949
3168.63140	0.04916
3166.70283	0.04881
3164.77427	0.04840
3162.84570	0.04800
3160.91714	0.04769
3158.98857	0.04743
3157.06001	0.04711
3155.13145	0.04666
3153.20288	0.04615
3151.27432	0.04579
3149.34575	0.04563
3147.41719	0.04555
3145.48862	0.04539
3143.56006	0.04510
3141.63149	0.04472
3139.70293	0.04446
3137.77437	0.04435
3135.84580	0.04416
3133.91724	0.04378
3131.98867	0.04336
3130.06011	0.04301
3128.13154	0.04279
3126.20298	0.04262
3124.27441	0.04238
3122.34585	0.04207
3120.41729	0.04171
3118.48872	0.04137
3116.56016	0.04113
3114.63159	0.04104
3112.70303	0.04100
3110.77446	0.04082
3108.84590	0.04054
3106.91733	0.04033
3104.98877	0.04017
3103.06021	0.03998
3101.13164	0.03976
3099.20308	0.03955
3097.27451	0.03934
3095.34595	0.03912
3093.41738	0.03897
3091.48882	0.03888
3089.56025	0.03877
3087.63169	0.03863
3085.70312	0.03842
3083.77456	0.03818
3081.84600	0.03797
3079.91743	0.03780
3077.98887	0.03764
3076.06030	0.03752
3074.13174	0.03746
3072.20317	0.03739
3070.27461	0.03727
3068.34604	0.03718
3066.41748	0.03720
3064.48892	0.03716
3062.56035	0.03699
3060.63179	0.03688
3058.70322	0.03691
3056.77466	0.03696
3054.84609	0.03697
3052.91753	0.03704
3050.98896	0.03717
3049.06040	0.03721
3047.13184	0.03707
3045.20327	0.03690
3043.27471	0.03679
3041.34614	0.03661
3039.41758	0.03615
3037.48901	0.03546
3035.56045	0.03468
3033.63188	0.03390
3031.70332	0.03315
3029.77476	0.03259
3027.84619	0.03221
3025.91763	0.03180
3023.98906	0.03141
3022.06050	0.03122
3020.13193	0.03106
3018.20337	0.03072
3016.27480	0.03038
3014.34624	0.03031
3012.41768	0.03035
3010.48911	0.03034
3008.56055	0.03044
3006.63198	0.03067
3004.70342	0.03085
3002.77485	0.03102
3000.84629	0.03135
2998.91772	0.03184
2996.98916	0.03243
2995.06060	0.03314
2993.13203	0.03409
2991.20347	0.03535
2989.27490	0.03681
2987.34634	0.03831
2985.41777	0.03994
2983.48921	0.04187
2981.56064	0.04423
2979.63208	0.04697
2977.70352	0.04998
2975.77495	0.05299
2973.84639	0.05566
2971.91782	0.05837
2969.98926	0.06243
2968.06069	0.06853
2966.13213	0.07571
2964.20356	0.08289
2962.27500	0.08985
2960.34644	0.09672
2958.41787	0.10366
2956.48931	0.11069
2954.56074	0.11756
2952.63218	0.12414
2950.70361	0.13056
2948.77505	0.13700
2946.84648	0.14357
2944.91792	0.15043
2942.98936	0.15779
2941.06079	0.16580
2939.13223	0.17458
2937.20366	0.18426
2935.27510	0.19492
2933.34653	0.20655
2931.41797	0.21930
2929.48940	0.23351
2927.56084	0.24961
2925.63228	0.26832
2923.70371	0.29048
2921.77515	0.31580
2919.84658	0.34134
2917.91802	0.36025
2915.98945	0.36435
2914.06089	0.35110
2912.13232	0.32686
2910.20376	0.30102
2908.27520	0.27910
2906.34663	0.26206
2904.41807	0.24871
2902.48950	0.23777
2900.56094	0.22845
2898.63237	0.22006
2896.70381	0.21203
2894.77524	0.20414
2892.84668	0.19626
2890.91812	0.18837
2888.98955	0.18058
2887.06099	0.17312
2885.13242	0.16606
2883.20386	0.15955
2881.27529	0.15384
2879.34673	0.14909
2877.41816	0.14537
2875.48960	0.14297
2873.56104	0.14207
2871.63247	0.14240
2869.70391	0.14353
2867.77534	0.14528
2865.84678	0.14781
2863.91821	0.15163
2861.98965	0.15739
2860.06108	0.16579
2858.13252	0.17769
2856.20396	0.19470
2854.27539	0.21933
2852.34683	0.25175
2850.41826	0.28219
2848.48970	0.29142
2846.56113	0.27148
2844.63257	0.23636
2842.70400	0.20236
2840.77544	0.17535
2838.84687	0.15491
2836.91831	0.13936
2834.98975	0.12729
2833.06118	0.11774
2831.13262	0.11013
2829.20405	0.10393
2827.27549	0.09870
2825.34692	0.09437
2823.41836	0.09085
2821.48979	0.08784
2819.56123	0.08514
2817.63267	0.08277
2815.70410	0.08063
2813.77554	0.07857
2811.84697	0.07666
2809.91841	0.07496
2807.98984	0.07344
2806.06128	0.07208
2804.13271	0.07084
2802.20415	0.06974
2800.27559	0.06865
2798.34702	0.06749
2796.41846	0.06636
2794.48989	0.06539
2792.56133	0.06455
2790.63276	0.06375
2788.70420	0.06291
2786.77563	0.06202
2784.84707	0.06114
2782.91851	0.06036
2780.98994	0.05969
2779.06138	0.05906
2777.13281	0.05841
2775.20425	0.05779
2773.27568	0.05728
2771.34712	0.05681
2769.41855	0.05625
2767.48999	0.05571
2765.56143	0.05530
2763.63286	0.05491
2761.70430	0.05451
2759.77573	0.05419
2757.84717	0.05392
2755.91860	0.05361
2753.99004	0.05327
2752.06147	0.05296
2750.13291	0.05261
2748.20435	0.05226
2746.27578	0.05198
2744.34722	0.05178
2742.41865	0.05162
2740.49009	0.05144
2738.56152	0.05123
2736.63296	0.05106
2734.70439	0.05090
2732.77583	0.05074
2730.84727	0.05058
2728.91870	0.05037
2726.99014	0.05011
2725.06157	0.04984
2723.13301	0.04955
2721.20444	0.04928
2719.27588	0.04903
2717.34731	0.04875
2715.41875	0.04841
2713.49019	0.04812
2711.56162	0.04787
2709.63306	0.04765
2707.70449	0.04751
2705.77593	0.04747
2703.84736	0.04739
2701.91880	0.04716
2699.99023	0.04686
2698.06167	0.04669
2696.13311	0.04667
2694.20454	0.04664
2692.27598	0.04652
2690.34741	0.04638
2688.41885	0.04627
2686.49028	0.04613
2684.56172	0.04599
2682.63315	0.04587
2680.70459	0.04575
2678.77603	0.04563
2676.84746	0.04554
2674.91890	0.04548
2672.99033	0.04545
2671.06177	0.04543
2669.13320	0.04536
2667.20464	0.04525
2665.27607	0.04517
2663.34751	0.04518
2661.41895	0.04523
2659.49038	0.04516
2657.56182	0.04502
2655.63325	0.04491
2653.70469	0.04482
2651.77612	0.04469
2649.84756	0.04450
2647.91899	0.04426
2645.99043	0.04406
2644.06187	0.04391
2642.13330	0.04374
2640.20474	0.04353
2638.27617	0.04331
2636.34761	0.04304
2634.41904	0.04276
2632.49048	0.04251
2630.56191	0.04230
2628.63335	0.04208
2626.70479	0.04189
2624.77622	0.04176
2622.84766	0.04159
2620.91909	0.04125
2618.99053	0.04083
2617.06196	0.04056
2615.13340	0.04042
2613.20483	0.04030
2611.27627	0.04013
2609.34771	0.03994
2607.41914	0.03970
2605.49058	0.03948
2603.56201	0.03937
2601.63345	0.03930
2599.70488	0.03915
2597.77632	0.03893
2595.84775	0.03867
2593.91919	0.03836
2591.99062	0.03801
2590.06206	0.03769
2588.13350	0.03752
2586.20493	0.03750
2584.27637	0.03750
2582.34780	0.03742
2580.41924	0.03722
2578.49067	0.03699
2576.56211	0.03674
2574.63354	0.03646
2572.70498	0.03622
2570.77642	0.03613
2568.84785	0.03610
2566.91929	0.03596
2564.99072	0.03574
2563.06216	0.03557
2561.13359	0.03550
2559.20503	0.03541
2557.27646	0.03525
2555.34790	0.03510
2553.41934	0.03498
2551.49077	0.03493
2549.56221	0.03487
2547.63364	0.03478
2545.70508	0.03474
2543.77651	0.03467
2541.84795	0.03445
2539.91938	0.03417
2537.99082	0.03398
2536.06226	0.03389
2534.13369	0.03385
2532.20513	0.03376
2530.27656	0.03365
2528.34800	0.03359
2526.41943	0.03356
2524.49087	0.03349
2522.56230	0.03342
2520.63374	0.03328
2518.70518	0.03308
2516.77661	0.03293
2514.84805	0.03280
2512.91948	0.03273
2510.99092	0.03278
2509.06235	0.03282
2507.13379	0.03276
2505.20522	0.03268
2503.27666	0.03263
2501.34810	0.03258
2499.41953	0.03250
2497.49097	0.03237
2495.56240	0.03226
2493.63384	0.03225
2491.70527	0.03227
2489.77671	0.03218
2487.84814	0.03197
2485.91958	0.03180
2483.99102	0.03177
2482.06245	0.03177
2480.13389	0.03171
2478.20532	0.03165
2476.27676	0.03163
2474.34819	0.03162
2472.41963	0.03156
2470.49106	0.03139
2468.56250	0.03124
2466.63394	0.03115
2464.70537	0.03104
2462.77681	0.03100
2460.84824	0.03106
2458.91968	0.03106
2456.99111	0.03097
2455.06255	0.03085
2453.13398	0.03080
2451.20542	0.03082
2449.27686	0.03083
2447.34829	0.03072
2445.41973	0.03052
2443.49116	0.03037
2441.56260	0.03027
2439.63403	0.03014
2437.70547	0.02998
2435.77690	0.02987
2433.84834	0.02984
2431.91978	0.02977
2429.99121	0.02971
2428.06265	0.02970
2426.13408	0.02966
2424.20552	0.02955
2422.27695	0.02946
2420.34839	0.02946
2418.41982	0.02949
2416.49126	0.02956
2414.56270	0.02959
2412.63413	0.02957
2410.70557	0.02948
2408.77700	0.02926
2406.84844	0.02900
2404.91987	0.02886
2402.99131	0.02879
2401.06274	0.02870
2399.13418	0.02741
2397.20562	0.02729
2395.27705	0.02782
2393.34849	0.02841
2391.41992	0.02905
2389.49136	0.02975
2387.56279	0.03050
2385.63423	0.03133
2383.70566	0.03232
2381.77710	0.03336
2379.84854	0.03400
2377.91997	0.03431
2375.99141	0.03427
2374.06284	0.03503
2372.13428	0.03728
2370.20571	0.03817
2368.27715	0.03773
2366.34858	0.03659
2364.42002	0.04019
2362.49146	0.04052
2360.56289	0.04217
2358.63433	0.04729
2356.70576	0.04008
2354.77720	0.04757
2352.84863	0.05013
2350.92007	0.04105
2348.99150	0.03399
2347.06294	0.03212
2345.13437	0.02979
2343.20581	0.03832
2341.27725	0.06063
2339.34868	0.06697
2337.42012	0.05507
2335.49155	0.03480
2333.56299	0.01925
2331.63442	0.01378
2329.70586	0.01315
2327.77729	0.01868
2325.84873	0.02075
2323.92017	0.02122
2321.99160	0.02112
2320.06304	0.02107
2318.13447	0.02047
2316.20591	0.02170
2314.27734	0.02362
2312.34878	0.02642
2310.42021	0.03091
2308.49165	0.03387
2306.56309	0.03665
2304.63452	0.03748
2302.70596	0.03623
2300.77739	0.03429
2298.84883	0.03218
2296.92026	0.03074
2294.99170	0.03068
2293.06313	0.03120
2291.13457	0.03136
2289.20601	0.03144
2287.27744	0.03116
2285.34888	0.03035
2283.42031	0.02936
2281.49175	0.02845
2279.56318	0.02783
2277.63462	0.02762
2275.70605	0.02781
2273.77749	0.02804
2271.84893	0.02812
2269.92036	0.02802
2267.99180	0.02752
2266.06323	0.02698
2264.13467	0.02676
2262.20610	0.02701
2260.27754	0.02751
2258.34897	0.02770
2256.42041	0.02749
2254.49185	0.02723
2252.56328	0.02724
2250.63472	0.02752
2248.70615	0.02711
2246.77759	0.02712
2244.84902	0.02680
2242.92046	0.02645
2240.99189	0.02624
2239.06333	0.02617
2237.13477	0.02616
2235.20620	0.02608
2233.27764	0.02597
2231.34907	0.02587
2229.42051	0.02576
2227.49194	0.02559
2225.56338	0.02548
2223.63481	0.02548
2221.70625	0.02537
2219.77769	0.02514
2217.84912	0.02504
2215.92056	0.02508
2213.99199	0.02511
2212.06343	0.02521
2210.13486	0.02533
2208.20630	0.02514
2206.27773	0.02493
2204.34917	0.02504
2202.42061	0.02516
2200.49204	0.02518
2198.56348	0.02524
2196.63491	0.02519
2194.70635	0.02518
2192.77778	0.02536
2190.84922	0.02546
2188.92065	0.02548
2186.99209	0.02548
2185.06353	0.02515
2183.13496	0.02444
2181.20640	0.02400
2179.27783	0.02409
2177.34927	0.02404
2175.42070	0.02389
2173.49214	0.02446
2171.56357	0.02558
2169.63501	0.02635
2167.70645	0.02650
2165.77788	0.02668
2163.84932	0.02728
2161.92075	0.02674
2159.99219	0.02334
2158.06362	0.01945
2156.13506	0.01848
2154.20649	0.01932
2152.27793	0.02008
2150.34937	0.02065
2148.42080	0.02093
2146.49224	0.02078
2144.56367	0.02068
2142.63511	0.02084
2140.70654	0.02095
2138.77798	0.02083
2136.84941	0.02044
2134.92085	0.01986
2132.99229	0.01957
2131.06372	0.01988
2129.13516	0.02055
2127.20659	0.02124
2125.27803	0.02177
2123.34946	0.02219
2121.42090	0.02257
2119.49233	0.02287
2117.56377	0.02318
2115.63521	0.02352
2113.70664	0.02367
2111.77808	0.02371
2109.84951	0.02387
2107.92095	0.02400
2105.99238	0.02387
2104.06382	0.02367
2102.13525	0.02355
2100.20669	0.02346
2098.27812	0.02318
2096.34956	0.02263
2094.42100	0.02213
2092.49243	0.02211
2090.56387	0.02259
2088.63530	0.02318
2086.70674	0.02351
2084.77817	0.02359
2082.84961	0.02364
2080.92104	0.02368
2078.99248	0.02362
2077.06392	0.02342
2075.13535	0.02317
2073.20679	0.02306
2071.27822	0.02317
2069.34966	0.02323
2067.42109	0.02304
2065.49253	0.02278
2063.56396	0.02261
2061.63540	0.02255
2059.70684	0.02270
2057.77827	0.02299
2055.84971	0.02328
2053.92114	0.02393
2051.99258	0.02473
2050.06401	0.02444
2048.13545	0.02326
2046.20688	0.02275
2044.27832	0.02292
2042.34976	0.02288
2040.42119	0.02270
2038.49263	0.02265
2036.56406	0.02254
2034.63550	0.02220
2032.70693	0.02163
2030.77837	0.02099
2028.84980	0.02060
2026.92124	0.02071
2024.99268	0.02104
2023.06411	0.02110
2021.13555	0.02097
2019.20698	0.02117
2017.27842	0.02167
2015.34985	0.02189
2013.42129	0.02155
2011.49272	0.02104
2009.56416	0.02056
2007.63560	0.01994
2005.70703	0.01948
2003.77847	0.01958
2001.84990	0.02003
1999.92134	0.02055
1997.99277	0.02098
1996.06421	0.02125
1994.13564	0.02146
1992.20708	0.02164
1990.27852	0.02155
1988.34995	0.02128
1986.42139	0.02129
1984.49282	0.02188
1982.56426	0.02287
1980.63569	0.02319
1978.70713	0.02169
1976.77856	0.01949
1974.85000	0.01842
1972.92144	0.01836
1970.99287	0.01853
1969.06431	0.01872
1967.13574	0.01889
1965.20718	0.01913
1963.27861	0.01939
1961.35005	0.01931
1959.42148	0.01890
1957.49292	0.01869
1955.56436	0.01896
1953.63579	0.01940
1951.70723	0.01968
1949.77866	0.01979
1947.85010	0.01980
1945.92153	0.01972
1943.99297	0.01963
1942.06440	0.01963
1940.13584	0.01971
1938.20728	0.01970
1936.27871	0.01964
1934.35015	0.01963
1932.42158	0.01975
1930.49302	0.01994
1928.56445	0.02010
1926.63589	0.02013
1924.70732	0.02003
1922.77876	0.02002
1920.85020	0.02021
1918.92163	0.02042
1916.99307	0.02054
1915.06450	0.02063
1913.13594	0.02069
1911.20737	0.02069
1909.27881	0.02067
1907.35024	0.02070
1905.42168	0.02081
1903.49312	0.02091
1901.56455	0.02094
1899.63599	0.02096
1897.70742	0.02102
1895.77886	0.02111
1893.85029	0.02112
1891.92173	0.02102
1889.99316	0.02092
1888.06460	0.02093
1886.13604	0.02096
1884.20747	0.02093
1882.27891	0.02088
1880.35034	0.02093
1878.42178	0.02111
1876.49321	0.02124
1874.56465	0.02123
1872.63608	0.02117
1870.70752	0.02119
1868.77896	0.02127
1866.85039	0.02131
1864.92183	0.02127
1862.99326	0.02120
1861.06470	0.02120
1859.13613	0.02125
1857.20757	0.02120
1855.27900	0.02108
1853.35044	0.02104
1851.42187	0.02109
1849.49331	0.02112
1847.56475	0.02103
1845.63618	0.02091
1843.70762	0.02087
1841.77905	0.02089
1839.85049	0.02088
1837.92192	0.02089
1835.99336	0.02096
1834.06479	0.02101
1832.13623	0.02099
1830.20767	0.02096
1828.27910	0.02101
1826.35054	0.02114
1824.42197	0.02127
1822.49341	0.02128
1820.56484	0.02109
1818.63628	0.02087
1816.70771	0.02079
1814.77915	0.02092
1812.85059	0.02112
1810.92202	0.02132
1808.99346	0.02153
1807.06489	0.02172
1805.13633	0.02182
1803.20776	0.02193
1801.27920	0.02214
1799.35063	0.02240
1797.42207	0.02253
1795.49351	0.02256
1793.56494	0.02267
1791.63638	0.02299
1789.70781	0.02341
1787.77925	0.02382
1785.85068	0.02425
1783.92212	0.02469
1781.99355	0.02504
1780.06499	0.02522
1778.13643	0.02517
1776.20786	0.02484
1774.27930	0.02432
1772.35073	0.02379
1770.42217	0.02329
1768.49360	0.02265
1766.56504	0.02179
1764.63647	0.02083
1762.70791	0.01996
1760.77935	0.01946
1758.85078	0.01948
1756.92222	0.02009
1754.99365	0.02146
1753.06509	0.02434
1751.13652	0.03018
1749.20796	0.04012
1747.27939	0.05434
1745.35083	0.07253
1743.42227	0.09338
1741.49370	0.11379
1739.56514	0.12977
1737.63657	0.13839
1735.70801	0.13950
1733.77944	0.13465
1731.85088	0.12630
1729.92231	0.11692
1727.99375	0.10807
1726.06519	0.10092
1724.13662	0.09572
1722.20806	0.09211
1720.27949	0.08974
1718.35093	0.08849
1716.42236	0.08823
1714.49380	0.08853
1712.56523	0.08893
1710.63667	0.08918
1708.70811	0.08915
1706.77954	0.08878
1704.85098	0.08812
1702.92241	0.08731
1700.99385	0.08650
1699.06528	0.08573
1697.13672	0.08494
1695.20815	0.08406
1693.27959	0.08325
1691.35103	0.08258
1689.42246	0.08203
1687.49390	0.08164
1685.56533	0.08155
1683.63677	0.08187
1681.70820	0.08238
1679.77964	0.08292
1677.85107	0.08359
1675.92251	0.08454
1673.99395	0.08571
1672.06538	0.08687
1670.13682	0.08811
1668.20825	0.08942
1666.27969	0.09053
1664.35112	0.09144
1662.42256	0.09230
1660.49399	0.09306
1658.56543	0.09356
1656.63687	0.09379
1654.70830	0.09390
1652.77974	0.09402
1650.85117	0.09401
1648.92261	0.09382
1646.99404	0.09367
1645.06548	0.09361
1643.13691	0.09351
1641.20835	0.09329
1639.27979	0.09295
1637.35122	0.09252
1635.42266	0.09212
1633.49409	0.09174
1631.56553	0.09126
1629.63696	0.09061
1627.70840	0.08982
1625.77983	0.08891
1623.85127	0.08793
1621.92271	0.08692
1619.99414	0.08593
1618.06558	0.08494
1616.13701	0.08397
1614.20845	0.08312
1612.27988	0.08244
1610.35132	0.08191
1608.42275	0.08155
1606.49419	0.08134
1604.56562	0.08122
1602.63706	0.08116
1600.70850	0.08114
1598.77993	0.08114
1596.85137	0.08120
1594.92280	0.08135
1592.99424	0.08157
1591.06567	0.08183
1589.13711	0.08217
1587.20854	0.08254
1585.27998	0.08295
1583.35142	0.08339
1581.42285	0.08385
1579.49429	0.08429
1577.56572	0.08474
1575.63716	0.08523
1573.70859	0.08563
1571.78003	0.08590
1569.85146	0.08611
1567.92290	0.08629
1565.99434	0.08641
1564.06577	0.08644
1562.13721	0.08637
1560.20864	0.08622
1558.28008	0.08604
1556.35151	0.08579
1554.42295	0.08533
1552.49438	0.08465
1550.56582	0.08382
1548.63726	0.08284
1546.70869	0.08167
1544.78013	0.08027
1542.85156	0.07858
1540.92300	0.07652
1538.99443	0.07433
1537.06587	0.07248
1535.13730	0.07079
1533.20874	0.06897
1531.28018	0.06720
1529.35161	0.06563
1527.42305	0.06410
1525.49448	0.06259
1523.56592	0.06119
1521.63735	0.05992
1519.70879	0.05881
1517.78022	0.05784
1515.85166	0.05693
1513.92310	0.05606
1511.99453	0.05527
1510.06597	0.05453
1508.13740	0.05376
1506.20884	0.05294
1504.28027	0.05219
1502.35171	0.05148
1500.42314	0.05079
1498.49458	0.05029
1496.56602	0.05020
1494.63745	0.05045
1492.70889	0.05085
1490.78032	0.05129
1488.85176	0.05174
1486.92319	0.05216
1484.99463	0.05260
1483.06606	0.05327
1481.13750	0.05472
1479.20894	0.05866
1477.28037	0.06893
1475.35181	0.08849
1473.42324	0.11219
1471.49468	0.12775
1469.56611	0.13161
1467.63755	0.13208
1465.70898	0.13553
1463.78042	0.14043
1461.85186	0.14149
1459.92329	0.13736
1457.99473	0.13149
1456.06616	0.12739
1454.13760	0.12511
1452.20903	0.12302
1450.28047	0.12050
1448.35190	0.11785
1446.42334	0.11527
1444.49478	0.11263
1442.56621	0.10981
1440.63765	0.10707
1438.70908	0.10459
1436.78052	0.10227
1434.85195	0.10013
1432.92339	0.09822
1430.99482	0.09632
1429.06626	0.09437
1427.13770	0.09256
1425.20913	0.09097
1423.28057	0.08964
1421.35200	0.08858
1419.42344	0.08774
1417.49487	0.08709
1415.56631	0.08660
1413.63774	0.08614
1411.70918	0.08560
1409.78062	0.08493
1407.85205	0.08411
1405.92349	0.08312
1403.99492	0.08199
1402.06636	0.08081
1400.13779	0.07964
1398.20923	0.07852
1396.28066	0.07755
1394.35210	0.07677
1392.42354	0.07625
1390.49497	0.07608
1388.56641	0.07639
1386.63784	0.07743
1384.70928	0.07944
1382.78071	0.08267
1380.85215	0.08729
1378.92358	0.09290
1376.99502	0.09842
1375.06646	0.10269
1373.13789	0.10483
1371.20933	0.10452
1369.28076	0.10199
1367.35220	0.09791
1365.42363	0.09360
1363.49507	0.09011
1361.56650	0.08735
1359.63794	0.08483
1357.70937	0.08230
1355.78081	0.07969
1353.85225	0.07729
1351.92368	0.07535
1349.99512	0.07383
1348.06655	0.07264
1346.13799	0.07176
1344.20942	0.07124
1342.28086	0.07108
1340.35229	0.07116
1338.42373	0.07134
1336.49517	0.07165
1334.56660	0.07209
1332.63804	0.07254
1330.70947	0.07290
1328.78091	0.07329
1326.85234	0.07377
1324.92378	0.07434
1322.99521	0.07505
1321.06665	0.07595
1319.13809	0.07698
1317.20952	0.07803
1315.28096	0.07893
1313.35239	0.07964
1311.42383	0.08024
1309.49526	0.08079
1307.56670	0.08125
1305.63813	0.08156
1303.70957	0.08181
1301.78101	0.08215
1299.85244	0.08268
1297.92388	0.08348
1295.99531	0.08445
1294.06675	0.08536
1292.13818	0.08603
1290.20962	0.08655
1288.28105	0.08721
1286.35249	0.08822
1284.42393	0.08954
1282.49536	0.09111
1280.56680	0.09293
1278.63823	0.09504
1276.70967	0.09743
1274.78110	0.10000
1272.85254	0.10275
1270.92397	0.10593
1268.99541	0.10985
1267.06685	0.11460
1265.13828	0.11993
1263.20972	0.12543
1261.28115	0.13094
1259.35259	0.13658
1257.42402	0.14277
1255.49546	0.14995
1253.56689	0.15842
1251.63833	0.16819
1249.70977	0.17889
1247.78120	0.18990
1245.85264	0.20041
1243.92407	0.20936
1241.99551	0.21543
1240.06694	0.21740
1238.13838	0.21447
1236.20981	0.20666
1234.28125	0.19495
1232.35269	0.18106
1230.42412	0.16697
1228.49556	0.15429
1226.56699	0.14384
1224.63843	0.13551
1222.70986	0.12812
1220.78130	0.11978
1218.85273	0.11060
1216.92417	0.10372
1214.99561	0.10084
1213.06704	0.09979
1211.13848	0.09818
1209.20991	0.09579
1207.28135	0.09339
1205.35278	0.09165
1203.42422	0.09082
1201.49565	0.09081
1199.56709	0.09143
1197.63853	0.09256
1195.70996	0.09393
1193.78140	0.09529
1191.85283	0.09655
1189.92427	0.09773
1187.99570	0.09877
1186.06714	0.09962
1184.13857	0.10037
1182.21001	0.10114
1180.28145	0.10190
1178.35288	0.10253
1176.42432	0.10304
1174.49575	0.10358
1172.56719	0.10413
1170.63862	0.10462
1168.71006	0.10506
1166.78149	0.10546
1164.85293	0.10578
1162.92437	0.10598
1160.99580	0.10606
1159.06724	0.10605
1157.13867	0.10604
1155.21011	0.10612
1153.28154	0.10625
1151.35298	0.10646
1149.42441	0.10680
1147.49585	0.10725
1145.56729	0.10782
1143.63872	0.10846
1141.71016	0.10918
1139.78159	0.11012
1137.85303	0.11135
1135.92446	0.11279
1133.99590	0.11433
1132.06733	0.11587
1130.13877	0.11737
1128.21021	0.11880
1126.28164	0.12022
1124.35308	0.12169
1122.42451	0.12318
1120.49595	0.12469
1118.56738	0.12632
1116.63882	0.12804
1114.71025	0.12977
1112.78169	0.13145
1110.85312	0.13300
1108.92456	0.13440
1106.99600	0.13580
1105.06743	0.13722
1103.13887	0.13851
1101.21030	0.13960
1099.28174	0.14051
1097.35317	0.14124
1095.42461	0.14189
1093.49604	0.14271
1091.56748	0.14388
1089.63892	0.14530
1087.71035	0.14672
1085.78179	0.14809
1083.85322	0.14946
1081.92466	0.15078
1079.99609	0.15199
1078.06753	0.15311
1076.13896	0.15413
1074.21040	0.15511
1072.28184	0.15608
1070.35327	0.15710
1068.42471	0.15814
1066.49614	0.15914
1064.56758	0.16011
1062.63901	0.16106
1060.71045	0.16199
1058.78188	0.16295
1056.85332	0.16395
1054.92476	0.16504
1052.99619	0.16646
1051.06763	0.16838
1049.13906	0.17055
1047.21050	0.17265
1045.28193	0.17441
1043.35337	0.17562
1041.42480	0.17637
1039.49624	0.17708
1037.56768	0.17807
1035.63911	0.17945
1033.71055	0.18131
1031.78198	0.18375
1029.85342	0.18675
1027.92485	0.19018
1025.99629	0.19387
1024.06772	0.19726
1022.13916	0.19944
1020.21060	0.19946
1018.28203	0.19679
1016.35347	0.19164
1014.42490	0.18487
1012.49634	0.17763
1010.56777	0.17077
1008.63921	0.16437
1006.71064	0.15823
1004.78208	0.15246
1002.85352	0.14728
1000.92495	0.14268
998.99639	0.13858
997.06782	0.13493
995.13926	0.13171
993.21069	0.12883
991.28213	0.12622
989.35356	0.12403
987.42500	0.12233
985.49644	0.12094
983.56787	0.11970
981.63931	0.11858
979.71074	0.11757
977.78218	0.11667
975.85361	0.11590
973.92505	0.11527
971.99648	0.11472
970.06792	0.11422
968.13936	0.11377
966.21079	0.11326
964.28223	0.11245
962.35366	0.11126
960.42510	0.10992
958.49653	0.10869
956.56797	0.10767
954.63940	0.10691
952.71084	0.10631
950.78228	0.10566
948.85371	0.10500
946.92515	0.10437
944.99658	0.10369
943.06802	0.10295
941.13945	0.10218
939.21089	0.10141
937.28232	0.10058
935.35376	0.09947
933.42520	0.09800
931.49663	0.09635
929.56807	0.09475
927.63950	0.09339
925.71094	0.09236
923.78237	0.09174
921.85381	0.09153
919.92524	0.09157
917.99668	0.09155
916.06812	0.09134
914.13955	0.09094
912.21099	0.09037
910.28242	0.08960
908.35386	0.08863
906.42529	0.08742
904.49673	0.08599
902.56816	0.08453
900.63960	0.08333
898.71104	0.08241
896.78247	0.08168
894.85391	0.08116
892.92534	0.08090
890.99678	0.08076
889.06821	0.08047
887.13965	0.07988
885.21108	0.07912
883.28252	0.07837
881.35396	0.07777
879.42539	0.07737
877.49683	0.07710
875.56826	0.07681
873.63970	0.07640
871.71113	0.07591
869.78257	0.07545
867.85400	0.07509
865.92544	0.07483
863.99687	0.07469
862.06831	0.07452
860.13975	0.07419
858.21118	0.07377
856.28262	0.07348
854.35405	0.07332
852.42549	0.07312
850.49692	0.07289
848.56836	0.07279
846.63979	0.07287
844.71123	0.07297
842.78267	0.07300
840.85410	0.07296
838.92554	0.07293
836.99697	0.07300
835.06841	0.07318
833.13984	0.07347
831.21128	0.07385
829.28271	0.07419
827.35415	0.07448
825.42559	0.07479
823.49702	0.07511
821.56846	0.07545
819.63989	0.07575
817.71133	0.07587
815.78276	0.07596
813.85420	0.07617
811.92563	0.07656
809.99707	0.07717
808.06851	0.07793
806.13994	0.07876
804.21138	0.07963
802.28281	0.08042
800.35425	0.08098
798.42568	0.08123
796.49712	0.08116
794.56855	0.08086
792.63999	0.08039
790.71143	0.07984
788.78286	0.07938
786.85430	0.07919
784.92573	0.07919
782.99717	0.07918
781.06860	0.07908
779.14004	0.07877
777.21147	0.07818
775.28291	0.07750
773.35435	0.07702
771.42578	0.07686
769.49722	0.07686
767.56865	0.07687
765.64009	0.07696
763.71152	0.07728
761.78296	0.07771
759.85439	0.07809
757.92583	0.07844
755.99727	0.07873
754.06870	0.07882
752.14014	0.07885
750.21157	0.07895
748.28301	0.07904
746.35444	0.07913
744.42588	0.07936
742.49731	0.07981
740.56875	0.08061
738.64019	0.08200
736.71162	0.08488
734.78306	0.09193
732.85449	0.10456
730.92593	0.11676
728.99736	0.12044
727.06880	0.11797
725.14023	0.11792
723.21167	0.12569
721.28311	0.14020
719.35454	0.15486
717.42598	0.15913
715.49741	0.14874
713.56885	0.13124
711.64028	0.11580
709.71172	0.10599
707.78315	0.10046
705.85459	0.09730
703.92603	0.09561
701.99746	0.09475
700.06890	0.09375
698.14033	0.09227
696.21177	0.09076
694.28320	0.09002
692.35464	0.09023
690.42607	0.09006
688.49751	0.08828
686.56895	0.08658
684.64038	0.08659
682.71182	0.08827
680.78325	0.08936
678.85469	0.08829
676.92612	0.08712
674.99756	0.08814
673.06899	0.09011
671.14043	0.08429
669.21187	0.07076
667.28330	0.08808
665.35474	0.08709
663.42617	0.08799
661.49761	0.09009
659.56904	0.09058
657.64048	0.08959
655.71191	0.08959
653.78335	0.09126
651.85479	0.09196
649.92622	0.09079
647.99766	0.09087
646.06909	0.09287
644.14053	0.09381
642.21196	0.09359
640.28340	0.09371
638.35483	0.09396
636.42627	0.09390
634.49771	0.09416
632.56914	0.09510
630.64058	0.09644
628.71201	0.09780
626.78345	0.09813
624.85488	0.09738
622.92632	0.09671
620.99775	0.09650
619.06919	0.09699
617.14062	0.09853
615.21206	0.10069
613.28350	0.10331
611.35493	0.10653
609.42637	0.10950
607.49780	0.11067
605.56924	0.10967
603.64067	0.10769
601.71211	0.10579
599.78354	0.10396
