3997.91411	0.00190
3995.98555	0.00177
3994.05698	0.00165
3992.12842	0.00155
3990.19985	0.00150
3988.27129	0.00157
3986.34272	0.00166
3984.41416	0.00169
3982.48560	0.00173
3980.55703	0.00173
3978.62847	0.00158
3976.69990	0.00137
3974.77134	0.00126
3972.84277	0.00130
3970.91421	0.00149
3968.98564	0.00169
3967.05708	0.00165
3965.12852	0.00127
3963.19995	0.00083
3961.27139	0.00078
3959.34282	0.00100
3957.41426	0.00102
3955.48569	0.00086
3953.55713	0.00050
3951.62856	-0.00018
3949.70000	-0.00074
3947.77144	-0.00064
3945.84287	-0.00043
3943.91431	-0.00072
3941.98574	-0.00063
3940.05718	0.00020
3938.12861	0.00074
3936.20005	0.00033
3934.27148	-0.00092
3932.34292	-0.00210
3930.41436	-0.00196
3928.48579	-0.00116
3926.55723	-0.00124
3924.62866	-0.00174
3922.70010	-0.00155
3920.77153	-0.00149
3918.84297	-0.00207
3916.91440	-0.00205
3914.98584	-0.00079
3913.05728	0.00057
3911.12871	0.00114
3909.20015	0.00061
3907.27158	-0.00162
3905.34302	-0.00521
3903.41445	-0.00789
3901.48589	-0.00815
3899.55732	-0.00641
3897.62876	-0.00361
3895.70020	-0.00191
3893.77163	-0.00273
3891.84307	-0.00400
3889.91450	-0.00338
3887.98594	-0.00329
3886.05737	-0.00492
3884.12881	-0.00577
3882.20024	-0.00581
3880.27168	-0.00509
3878.34312	-0.00312
3876.41455	-0.00285
3874.48599	-0.00492
3872.55742	-0.00722
3870.62886	-0.00870
3868.70029	-0.00821
3866.77173	-0.00729
3864.84316	-0.00758
3862.91460	-0.00680
3860.98604	-0.00463
3859.05747	-0.00389
3857.12891	-0.00611
3855.20034	-0.01140
3853.27178	-0.01514
3851.34321	-0.01100
3849.41465	-0.00523
3847.48608	-0.00262
3845.55752	-0.00348
3843.62896	-0.00628
3841.70039	-0.00934
3839.77183	-0.01200
3837.84326	-0.01255
3835.91470	-0.01031
3833.98613	-0.00785
3832.05757	-0.00609
3830.12900	-0.00490
3828.20044	-0.00481
3826.27187	-0.00544
3824.34331	-0.00694
3822.41475	-0.01030
3820.48618	-0.01209
3818.55762	-0.01042
3816.62905	-0.00850
3814.70049	-0.00563
3812.77192	-0.00249
3810.84336	-0.00181
3808.91479	-0.00393
3806.98623	-0.00651
3805.05767	-0.00797
3803.12910	-0.01010
3801.20054	-0.01122
3799.27197	-0.00918
3797.34341	-0.00692
3795.41484	-0.00456
3793.48628	-0.00195
3791.55771	-0.00056
3789.62915	-0.00053
3787.70059	-0.00149
3785.77202	-0.00283
3783.84346	-0.00343
3781.91489	-0.00396
3779.98633	-0.00482
3778.05776	-0.00403
3776.12920	-0.00209
3774.20063	-0.00163
3772.27207	-0.00336
3770.34351	-0.00575
3768.41494	-0.00649
3766.48638	-0.00581
3764.55781	-0.00477
3762.62925	-0.00454
3760.70068	-0.00624
3758.77212	-0.00794
3756.84355	-0.00792
3754.91499	-0.00892
3752.98643	-0.01303
3751.05786	-0.01689
3749.12930	-0.01590
3747.20073	-0.01439
3745.27217	-0.01466
3743.34360	-0.01306
3741.41504	-0.01035
3739.48647	-0.01031
3737.55791	-0.01345
3735.62935	-0.01676
3733.70078	-0.01561
3731.77222	-0.01091
3729.84365	-0.00723
3727.91509	-0.00650
3725.98652	-0.00756
3724.05796	-0.00838
3722.12939	-0.00807
3720.20083	-0.00663
3718.27227	-0.00499
3716.34370	-0.00472
3714.41514	-0.00715
3712.48657	-0.01147
3710.55801	-0.01251
3708.62944	-0.00864
3706.70088	-0.00490
3704.77231	-0.00407
3702.84375	-0.00512
3700.91519	-0.00499
3698.98662	-0.00344
3697.05806	-0.00274
3695.12949	-0.00355
3693.20093	-0.00624
3691.27236	-0.01054
3689.34380	-0.01250
3687.41523	-0.00917
3685.48667	-0.00498
3683.55811	-0.00322
3681.62954	-0.00396
3679.70098	-0.00660
3677.77241	-0.01106
3675.84385	-0.01491
3673.91528	-0.01375
3671.98672	-0.01188
3670.05815	-0.01123
3668.12959	-0.00781
3666.20103	-0.00350
3664.27246	-0.00143
3662.34390	-0.00115
3660.41533	-0.00183
3658.48677	-0.00357
3656.55820	-0.00533
3654.62964	-0.00607
3652.70107	-0.00852
3650.77251	-0.01410
3648.84395	-0.01704
3646.91538	-0.01261
3644.98682	-0.00679
3643.05825	-0.00363
3641.12969	-0.00277
3639.20112	-0.00270
3637.27256	-0.00288
3635.34399	-0.00363
3633.41543	-0.00515
3631.48687	-0.00802
3629.55830	-0.01142
3627.62974	-0.01047
3625.70117	-0.00654
3623.77261	-0.00484
3621.84404	-0.00620
3619.91548	-0.00864
3617.98691	-0.00913
3616.05835	-0.00841
3614.12979	-0.00830
3612.20122	-0.00791
3610.27266	-0.00715
3608.34409	-0.00633
3606.41553	-0.00457
3604.48696	-0.00304
3602.55840	-0.00339
3600.62983	-0.00474
3598.70127	-0.00545
3596.77271	-0.00570
3594.84414	-0.00565
3592.91558	-0.00489
3590.98701	-0.00494
3589.05845	-0.00706
3587.12988	-0.00830
3585.20132	-0.00611
3583.27275	-0.00367
3581.34419	-0.00297
3579.41562	-0.00300
3577.48706	-0.00286
3575.55850	-0.00272
3573.62993	-0.00293
3571.70137	-0.00393
3569.77280	-0.00650
3567.84424	-0.00975
3565.91567	-0.01005
3563.98711	-0.00725
3562.05854	-0.00473
3560.12998	-0.00342
3558.20142	-0.00268
3556.27285	-0.00245
3554.34429	-0.00295
3552.41572	-0.00363
3550.48716	-0.00378
3548.55859	-0.00406
3546.63003	-0.00483
3544.70146	-0.00484
3542.77290	-0.00364
3540.84434	-0.00233
3538.91577	-0.00185
3536.98721	-0.00206
3535.05864	-0.00230
3533.13008	-0.00248
3531.20151	-0.00298
3529.27295	-0.00366
3527.34438	-0.00406
3525.41582	-0.00411
3523.48726	-0.00383
3521.55869	-0.00314
3519.63013	-0.00234
3517.70156	-0.00167
3515.77300	-0.00133
3513.84443	-0.00151
3511.91587	-0.00197
3509.98730	-0.00224
3508.05874	-0.00229
3506.13018	-0.00266
3504.20161	-0.00325
3502.27305	-0.00303
3500.34448	-0.00212
3498.41592	-0.00168
3496.48735	-0.00175
3494.55879	-0.00172
3492.63022	-0.00156
3490.70166	-0.00153
3488.77310	-0.00162
3486.84453	-0.00152
3484.91597	-0.00140
3482.98740	-0.00167
3481.05884	-0.00199
3479.13027	-0.00199
3477.20171	-0.00201
3475.27314	-0.00199
3473.34458	-0.00159
3471.41602	-0.00108
3469.48745	-0.00092
3467.55889	-0.00101
3465.63032	-0.00113
3463.70176	-0.00136
3461.77319	-0.00144
3459.84463	-0.00126
3457.91606	-0.00112
3455.98750	-0.00107
3454.05894	-0.00105
3452.13037	-0.00131
3450.20181	-0.00201
3448.27324	-0.00254
3446.34468	-0.00230
3444.41611	-0.00174
3442.48755	-0.00151
3440.55898	-0.00132
3438.63042	-0.00097
3436.70186	-0.00088
3434.77329	-0.00114
3432.84473	-0.00134
3430.91616	-0.00136
3428.98760	-0.00133
3427.05903	-0.00120
3425.13047	-0.00115
3423.20190	-0.00146
3421.27334	-0.00190
3419.34478	-0.00194
3417.41621	-0.00167
3415.48765	-0.00151
3413.55908	-0.00137
3411.63052	-0.00108
3409.70195	-0.00091
3407.77339	-0.00114
3405.84482	-0.00172
3403.91626	-0.00210
3401.98770	-0.00199
3400.05913	-0.00175
3398.13057	-0.00169
3396.20200	-0.00181
3394.27344	-0.00211
3392.34487	-0.00239
3390.41631	-0.00233
3388.48774	-0.00201
3386.55918	-0.00183
3384.63062	-0.00191
3382.70205	-0.00206
3380.77349	-0.00203
3378.84492	-0.00168
3376.91636	-0.00122
3374.98779	-0.00107
3373.05923	-0.00131
3371.13066	-0.00181
3369.20210	-0.00235
3367.27354	-0.00262
3365.34497	-0.00256
3363.41641	-0.00243
3361.48784	-0.00229
3359.55928	-0.00199
3357.63071	-0.00164
3355.70215	-0.00143
3353.77358	-0.00136
3351.84502	-0.00155
3349.91646	-0.00177
3347.98789	-0.00168
3346.05933	-0.00164
3344.13076	-0.00197
3342.20220	-0.00213
3340.27363	-0.00186
3338.34507	-0.00163
3336.41650	-0.00166
3334.48794	-0.00157
3332.55937	-0.00135
3330.63081	-0.00141
3328.70225	-0.00177
3326.77368	-0.00195
3324.84512	-0.00180
3322.91655	-0.00160
3320.98799	-0.00157
3319.05942	-0.00162
3317.13086	-0.00163
3315.20229	-0.00165
3313.27373	-0.00171
3311.34517	-0.00180
3309.41660	-0.00199
3307.48804	-0.00222
3305.55947	-0.00244
3303.63091	-0.00250
3301.70234	-0.00224
3299.77378	-0.00197
3297.84521	-0.00197
3295.91665	-0.00206
3293.98809	-0.00212
3292.05952	-0.00214
3290.13096	-0.00218
3288.20239	-0.00227
3286.27383	-0.00230
3284.34526	-0.00241
3282.41670	-0.00253
3280.48813	-0.00240
3278.55957	-0.00217
3276.63101	-0.00225
3274.70244	-0.00271
3272.77388	-0.00313
3270.84531	-0.00318
3268.91675	-0.00302
3266.98818	-0.00284
3265.05962	-0.00261
3263.13105	-0.00253
3261.20249	-0.00283
3259.27393	-0.00325
3257.34536	-0.00350
3255.41680	-0.00354
3253.48823	-0.00332
3251.55967	-0.00318
3249.63110	-0.00337
3247.70254	-0.00357
3245.77397	-0.00353
3243.84541	-0.00351
3241.91685	-0.00368
3239.98828	-0.00383
3238.05972	-0.00382
3236.13115	-0.00383
3234.20259	-0.00393
3232.27402	-0.00399
3230.34546	-0.00406
3228.41689	-0.00422
3226.48833	-0.00436
3224.55977	-0.00434
3222.63120	-0.00432
3220.70264	-0.00451
3218.77407	-0.00467
3216.84551	-0.00469
3214.91694	-0.00473
3212.98838	-0.00485
3211.05981	-0.00493
3209.13125	-0.00480
3207.20269	-0.00455
3205.27412	-0.00448
3203.34556	-0.00461
3201.41699	-0.00466
3199.48843	-0.00467
3197.55986	-0.00480
3195.63130	-0.00497
3193.70273	-0.00504
3191.77417	-0.00505
3189.84561	-0.00505
3187.91704	-0.00511
3185.98848	-0.00521
3184.05991	-0.00518
3182.13135	-0.00518
3180.20278	-0.00548
3178.27422	-0.00578
3176.34565	-0.00581
3174.41709	-0.00568
3172.48853	-0.00551
3170.55996	-0.00538
3168.63140	-0.00530
3166.70283	-0.00524
3164.77427	-0.00538
3162.84570	-0.00576
3160.91714	-0.00613
3158.98857	-0.00636
3157.06001	-0.00641
3155.13145	-0.00639
3153.20288	-0.00643
3151.27432	-0.00645
3149.34575	-0.00642
3147.41719	-0.00655
3145.48862	-0.00683
3143.56006	-0.00702
3141.63149	-0.00702
3139.70293	-0.00692
3137.77437	-0.00679
3135.84580	-0.00676
3133.91724	-0.00683
3131.98867	-0.00684
3130.06011	-0.00677
3128.13154	-0.00680
3126.20298	-0.00700
3124.27441	-0.00728
3122.34585	-0.00739
3120.41729	-0.00730
3118.48872	-0.00730
3116.56016	-0.00732
3114.63159	-0.00708
3112.70303	-0.00681
3110.77446	-0.00681
3108.84590	-0.00696
3106.91733	-0.00696
3104.98877	-0.00701
3103.06021	-0.00729
3101.13164	-0.00734
3099.20308	-0.00687
3097.27451	-0.00646
3095.34595	-0.00640
3093.41738	-0.00638
3091.48882	-0.00626
3089.56025	-0.00619
3087.63169	-0.00626
3085.70312	-0.00637
3083.77456	-0.00642
3081.84600	-0.00650
3079.91743	-0.00663
3077.98887	-0.00664
3076.06030	-0.00642
3074.13174	-0.00616
3072.20317	-0.00606
3070.27461	-0.00617
3068.34604	-0.00651
3066.41748	-0.00676
3064.48892	-0.00667
3062.56035	-0.00644
3060.63179	-0.00641
3058.70322	-0.00666
3056.77466	-0.00698
3054.84609	-0.00708
3052.91753	-0.00698
3050.98896	-0.00696
3049.06040	-0.00696
3047.13184	-0.00687
3045.20327	-0.00675
3043.27471	-0.00663
3041.34614	-0.00646
3039.41758	-0.00642
3037.48901	-0.00670
3035.56045	-0.00709
3033.63188	-0.00731
3031.70332	-0.00737
3029.77476	-0.00735
3027.84619	-0.00725
3025.91763	-0.00711
3023.98906	-0.00706
3022.06050	-0.00721
3020.13193	-0.00742
3018.20337	-0.00748
3016.27480	-0.00741
3014.34624	-0.00734
3012.41768	-0.00735
3010.48911	-0.00743
3008.56055	-0.00743
3006.63198	-0.00728
3004.70342	-0.00714
3002.77485	-0.00712
3000.84629	-0.00711
2998.91772	-0.00698
2996.98916	-0.00685
2995.06060	-0.00682
2993.13203	-0.00665
2991.20347	-0.00625
2989.27490	-0.00575
2987.34634	-0.00512
2985.41777	-0.00437
2983.48921	-0.00356
2981.56064	-0.00267
2979.63208	-0.00166
2977.70352	-0.00052
2975.77495	0.00084
2973.84639	0.00258
2971.91782	0.00464
2969.98926	0.00672
2968.06069	0.00888
2966.13213	0.01133
2964.20356	0.01389
2962.27500	0.01640
2960.34644	0.01892
2958.41787	0.02145
2956.48931	0.02388
2954.56074	0.02625
2952.63218	0.02885
2950.70361	0.03200
2948.77505	0.03603
2946.84648	0.04148
2944.91792	0.04880
2942.98936	0.05802
2941.06079	0.06907
2939.13223	0.08202
2937.20366	0.09698
2935.27510	0.11431
2933.34653	0.13459
2931.41797	0.15834
2929.48940	0.18642
2927.56084	0.22043
2925.63228	0.26233
2923.70371	0.31407
2921.77515	0.37621
2919.84658	0.44522
2917.91802	0.50969
2915.98945	0.54975
2914.06089	0.54938
2912.13232	0.51329
2910.20376	0.46140
2908.27520	0.41053
2906.34663	0.36804
2904.41807	0.33498
2902.48950	0.30945
2900.56094	0.28876
2898.63237	0.27117
2896.70381	0.25559
2894.77524	0.24106
2892.84668	0.22714
2890.91812	0.21352
2888.98955	0.19994
2887.06099	0.18640
2885.13242	0.17312
2883.20386	0.16028
2881.27529	0.14791
2879.34673	0.13608
2877.41816	0.12514
2875.48960	0.11563
2873.56104	0.10808
2871.63247	0.10273
2869.70391	0.09945
2867.77534	0.09828
2865.84678	0.09988
2863.91821	0.10539
2861.98965	0.11624
2860.06108	0.13437
2858.13252	0.16286
2856.20396	0.20684
2854.27539	0.27311
2852.34683	0.36442
2850.41826	0.46252
2848.48970	0.51465
2846.56113	0.48297
2844.63257	0.40248
2842.70400	0.32174
2840.77544	0.25816
2838.84687	0.21166
2836.91831	0.17811
2834.98975	0.15357
2833.06118	0.13531
2831.13262	0.12151
2829.20405	0.11062
2827.27549	0.10169
2825.34692	0.09432
2823.41836	0.08818
2821.48979	0.08291
2819.56123	0.07840
2817.63267	0.07457
2815.70410	0.07120
2813.77554	0.06807
2811.84697	0.06515
2809.91841	0.06256
2807.98984	0.06028
2806.06128	0.05822
2804.13271	0.05636
2802.20415	0.05463
2800.27559	0.05284
2798.34702	0.05107
2796.41846	0.04955
2794.48989	0.04820
2792.56133	0.04686
2790.63276	0.04551
2788.70420	0.04423
2786.77563	0.04303
2784.84707	0.04184
2782.91851	0.04061
2780.98994	0.03941
2779.06138	0.03831
2777.13281	0.03734
2775.20425	0.03651
2773.27568	0.03576
2771.34712	0.03500
2769.41855	0.03417
2767.48999	0.03330
2765.56143	0.03255
2763.63286	0.03195
2761.70430	0.03133
2759.77573	0.03070
2757.84717	0.03019
2755.91860	0.02980
2753.99004	0.02945
2752.06147	0.02905
2750.13291	0.02861
2748.20435	0.02823
2746.27578	0.02796
2744.34722	0.02770
2742.41865	0.02739
2740.49009	0.02700
2738.56152	0.02662
2736.63296	0.02636
2734.70439	0.02621
2732.77583	0.02604
2730.84727	0.02574
2728.91870	0.02535
2726.99014	0.02493
2725.06157	0.02448
2723.13301	0.02411
2721.20444	0.02388
2719.27588	0.02364
2717.34731	0.02329
2715.41875	0.02294
2713.49019	0.02263
2711.56162	0.02234
2709.63306	0.02209
2707.70449	0.02185
2705.77593	0.02158
2703.84736	0.02135
2701.91880	0.02116
2699.99023	0.02091
2698.06167	0.02068
2696.13311	0.02050
2694.20454	0.02031
2692.27598	0.02016
2690.34741	0.02011
2688.41885	0.02006
2686.49028	0.01999
2684.56172	0.01999
2682.63315	0.01992
2680.70459	0.01973
2678.77603	0.01966
2676.84746	0.01974
2674.91890	0.01978
2672.99033	0.01978
2671.06177	0.01982
2669.13320	0.01986
2667.20464	0.01988
2665.27607	0.01986
2663.34751	0.01980
2661.41895	0.01968
2659.49038	0.01957
2657.56182	0.01956
2655.63325	0.01958
2653.70469	0.01944
2651.77612	0.01919
2649.84756	0.01897
2647.91899	0.01883
2645.99043	0.01872
2644.06187	0.01870
2642.13330	0.01875
2640.20474	0.01882
2638.27617	0.01883
2636.34761	0.01872
2634.41904	0.01851
2632.49048	0.01831
2630.56191	0.01816
2628.63335	0.01795
2626.70479	0.01757
2624.77622	0.01713
2622.84766	0.01683
2620.91909	0.01666
2618.99053	0.01649
2617.06196	0.01619
2615.13340	0.01578
2613.20483	0.01538
2611.27627	0.01506
2609.34771	0.01480
2607.41914	0.01464
2605.49058	0.01453
2603.56201	0.01433
2601.63345	0.01406
2599.70488	0.01387
2597.77632	0.01374
2595.84775	0.01351
2593.91919	0.01320
2591.99062	0.01292
2590.06206	0.01271
2588.13350	0.01263
2586.20493	0.01256
2584.27637	0.01241
2582.34780	0.01227
2580.41924	0.01215
2578.49067	0.01195
2576.56211	0.01177
2574.63354	0.01171
2572.70498	0.01162
2570.77642	0.01149
2568.84785	0.01142
2566.91929	0.01135
2564.99072	0.01112
2563.06216	0.01077
2561.13359	0.01050
2559.20503	0.01050
2557.27646	0.01056
2555.34790	0.01042
2553.41934	0.01016
2551.49077	0.00996
2549.56221	0.00981
2547.63364	0.00967
2545.70508	0.00955
2543.77651	0.00939
2541.84795	0.00917
2539.91938	0.00899
2537.99082	0.00891
2536.06226	0.00889
2534.13369	0.00888
2532.20513	0.00887
2530.27656	0.00875
2528.34800	0.00851
2526.41943	0.00831
2524.49087	0.00821
2522.56230	0.00809
2520.63374	0.00790
2518.70518	0.00776
2516.77661	0.00777
2514.84805	0.00781
2512.91948	0.00771
2510.99092	0.00748
2509.06235	0.00730
2507.13379	0.00730
2505.20522	0.00737
2503.27666	0.00728
2501.34810	0.00707
2499.41953	0.00690
2497.49097	0.00673
2495.56240	0.00661
2493.63384	0.00659
2491.70527	0.00660
2489.77671	0.00656
2487.84814	0.00654
2485.91958	0.00663
2483.99102	0.00668
2482.06245	0.00649
2480.13389	0.00623
2478.20532	0.00613
2476.27676	0.00617
2474.34819	0.00623
2472.41963	0.00620
2470.49106	0.00604
2468.56250	0.00579
2466.63394	0.00552
2464.70537	0.00527
2462.77681	0.00509
2460.84824	0.00506
2458.91968	0.00520
2456.99111	0.00535
2455.06255	0.00541
2453.13398	0.00535
2451.20542	0.00514
2449.27686	0.00487
2447.34829	0.00467
2445.41973	0.00453
2443.49116	0.00450
2441.56260	0.00458
2439.63403	0.00462
2437.70547	0.00461
2435.77690	0.00455
2433.84834	0.00439
2431.91978	0.00419
2429.99121	0.00410
2428.06265	0.00414
2426.13408	0.00422
2424.20552	0.00431
2422.27695	0.00444
2420.34839	0.00460
2418.41982	0.00463
2416.49126	0.00449
2414.56270	0.00433
2412.63413	0.00421
2410.70557	0.00413
2408.77700	0.00408
2406.84844	0.00408
2404.91987	0.00408
2402.99131	0.00399
2401.06274	0.00390
2399.13418	0.00436
2397.20562	0.00435
2395.27705	0.00410
2393.34849	0.00387
2391.41992	0.00357
2389.49136	0.00328
2387.56279	0.00307
2385.63423	0.00290
2383.70566	0.00273
2381.77710	0.00268
2379.84854	0.00286
2377.91997	0.00318
2375.99141	0.00348
2374.06284	0.00371
2372.13428	0.00385
2370.20571	0.00373
2368.27715	0.00332
2366.34858	0.00289
2364.42002	0.00266
2362.49146	0.00268
2360.56289	0.00274
2358.63433	0.00275
2356.70576	0.00283
2354.77720	0.00284
2352.84863	0.00230
2350.92007	0.00146
2348.99150	0.00103
2347.06294	0.00165
2345.13437	0.00244
2343.20581	0.00281
2341.27725	0.00290
2339.34868	0.00291
2337.42012	0.00291
2335.49155	0.00293
2333.56299	0.00286
2331.63442	0.00267
2329.70586	0.00252
2327.77729	0.00254
2325.84873	0.00296
2323.92017	0.00351
2321.99160	0.00381
2320.06304	0.00394
2318.13447	0.00398
2316.20591	0.00385
2314.27734	0.00359
2312.34878	0.00342
2310.42021	0.00343
2308.49165	0.00344
2306.56309	0.00339
2304.63452	0.00328
2302.70596	0.00311
2300.77739	0.00290
2298.84883	0.00278
2296.92026	0.00274
2294.99170	0.00259
2293.06313	0.00238
2291.13457	0.00234
2289.20601	0.00256
2287.27744	0.00280
2285.34888	0.00289
2283.42031	0.00290
2281.49175	0.00295
2279.56318	0.00302
2277.63462	0.00302
2275.70605	0.00293
2273.77749	0.00275
2271.84893	0.00254
2269.92036	0.00240
2267.99180	0.00233
2266.06323	0.00225
2264.13467	0.00217
2262.20610	0.00202
2260.27754	0.00169
2258.34897	0.00132
2256.42041	0.00121
2254.49185	0.00136
2252.56328	0.00140
2250.63472	0.00121
2248.70615	0.00129
2246.77759	0.00100
2244.84902	0.00081
2242.92046	0.00107
2240.99189	0.00150
2239.06333	0.00142
2237.13477	0.00098
2235.20620	0.00083
2233.27764	0.00100
2231.34907	0.00124
2229.42051	0.00135
2227.49194	0.00127
2225.56338	0.00120
2223.63481	0.00116
2221.70625	0.00107
2219.77769	0.00096
2217.84912	0.00085
2215.92056	0.00078
2213.99199	0.00074
2212.06343	0.00070
2210.13486	0.00067
2208.20630	0.00081
2206.27773	0.00113
2204.34917	0.00117
2202.42061	0.00097
2200.49204	0.00098
2198.56348	0.00110
2196.63491	0.00105
2194.70635	0.00091
2192.77778	0.00094
2190.84922	0.00124
2188.92065	0.00144
2186.99209	0.00111
2185.06353	0.00066
2183.13496	0.00074
2181.20640	0.00093
2179.27783	0.00069
2177.34927	0.00052
2175.42070	0.00070
2173.49214	0.00082
2171.56357	0.00081
2169.63501	0.00093
2167.70645	0.00131
2165.77788	0.00191
2163.84932	0.00230
2161.92075	0.00191
2159.99219	0.00069
2158.06362	-0.00031
2156.13506	-0.00032
2154.20649	0.00012
2152.27793	0.00047
2150.34937	0.00060
2148.42080	0.00047
2146.49224	0.00038
2144.56367	0.00057
2142.63511	0.00067
2140.70654	0.00037
2138.77798	-0.00000
2136.84941	-0.00004
2134.92085	0.00023
2132.99229	0.00044
2131.06372	0.00045
2129.13516	0.00052
2127.20659	0.00072
2125.27803	0.00078
2123.34946	0.00060
2121.42090	0.00052
2119.49233	0.00071
2117.56377	0.00083
2115.63521	0.00073
2113.70664	0.00068
2111.77808	0.00089
2109.84951	0.00123
2107.92095	0.00136
2105.99238	0.00115
2104.06382	0.00077
2102.13525	0.00042
2100.20669	0.00028
2098.27812	0.00043
2096.34956	0.00070
2094.42100	0.00089
2092.49243	0.00095
2090.56387	0.00094
2088.63530	0.00096
2086.70674	0.00106
2084.77817	0.00118
2082.84961	0.00128
2080.92104	0.00127
2078.99248	0.00103
2077.06392	0.00076
2075.13535	0.00081
2073.20679	0.00105
2071.27822	0.00115
2069.34966	0.00117
2067.42109	0.00104
2065.49253	0.00070
2063.56396	0.00050
2061.63540	0.00060
2059.70684	0.00081
2057.77827	0.00100
2055.84971	0.00113
2053.92114	0.00125
2051.99258	0.00125
2050.06401	0.00107
2048.13545	0.00119
2046.20688	0.00178
2044.27832	0.00212
2042.34976	0.00155
2040.42119	0.00057
2038.49263	0.00039
2036.56406	0.00126
2034.63550	0.00232
2032.70693	0.00267
2030.77837	0.00242
2028.84980	0.00222
2026.92124	0.00238
2024.99268	0.00272
2023.06411	0.00291
2021.13555	0.00292
2019.20698	0.00269
2017.27842	0.00214
2015.34985	0.00179
2013.42129	0.00210
2011.49272	0.00257
2009.56416	0.00269
2007.63560	0.00257
2005.70703	0.00243
2003.77847	0.00235
2001.84990	0.00210
1999.92134	0.00164
1997.99277	0.00142
1996.06421	0.00147
1994.13564	0.00136
1992.20708	0.00112
1990.27852	0.00108
1988.34995	0.00132
1986.42139	0.00161
1984.49282	0.00181
1982.56426	0.00225
1980.63569	0.00286
1978.70713	0.00313
1976.77856	0.00320
1974.85000	0.00300
1972.92144	0.00214
1970.99287	0.00092
1969.06431	0.00000
1967.13574	-0.00001
1965.20718	0.00071
1963.27861	0.00155
1961.35005	0.00221
1959.42148	0.00240
1957.49292	0.00192
1955.56436	0.00132
1953.63579	0.00134
1951.70723	0.00190
1949.77866	0.00229
1947.85010	0.00203
1945.92153	0.00104
1943.99297	-0.00012
1942.06440	-0.00007
1940.13584	0.00128
1938.20728	0.00235
1936.27871	0.00267
1934.35015	0.00278
1932.42158	0.00287
1930.49302	0.00274
1928.56445	0.00254
1926.63589	0.00225
1924.70732	0.00154
1922.77876	0.00108
1920.85020	0.00103
1918.92163	0.00073
1916.99307	0.00102
1915.06450	0.00207
1913.13594	0.00244
1911.20737	0.00207
1909.27881	0.00195
1907.35024	0.00249
1905.42168	0.00330
1903.49312	0.00391
1901.56455	0.00418
1899.63599	0.00410
1897.70742	0.00364
1895.77886	0.00316
1893.85029	0.00315
1891.92173	0.00299
1889.99316	0.00243
1888.06460	0.00242
1886.13604	0.00281
1884.20747	0.00301
1882.27891	0.00318
1880.35034	0.00329
1878.42178	0.00343
1876.49321	0.00366
1874.56465	0.00361
1872.63608	0.00244
1870.70752	-0.00003
1868.77896	-0.00170
1866.85039	-0.00044
1864.92183	0.00193
1862.99326	0.00321
1861.06470	0.00342
1859.13613	0.00328
1857.20757	0.00328
1855.27900	0.00350
1853.35044	0.00361
1851.42187	0.00333
1849.49331	0.00255
1847.56475	0.00114
1845.63618	-0.00066
1843.70762	-0.00076
1841.77905	0.00132
1839.85049	0.00288
1837.92192	0.00318
1835.99336	0.00328
1834.06479	0.00303
1832.13623	0.00133
1830.20767	-0.00056
1828.27910	-0.00035
1826.35054	0.00074
1824.42197	0.00181
1822.49341	0.00337
1820.56484	0.00453
1818.63628	0.00481
1816.70771	0.00488
1814.77915	0.00469
1812.85059	0.00379
1810.92202	0.00308
1808.99346	0.00372
1807.06489	0.00494
1805.13633	0.00531
1803.20776	0.00439
1801.27920	0.00323
1799.35063	0.00348
1797.42207	0.00454
1795.49351	0.00429
1793.56494	0.00278
1791.63638	0.00333
1789.70781	0.00689
1787.77925	0.00979
1785.85068	0.01081
1783.92212	0.01105
1781.99355	0.01104
1780.06499	0.01136
1778.13643	0.01207
1776.20786	0.01154
1774.27930	0.00891
1772.35073	0.00683
1770.42217	0.00865
1768.49360	0.01219
1766.56504	0.01472
1764.63647	0.01531
1762.70791	0.01453
1760.77935	0.01456
1758.85078	0.01559
1756.92222	0.01667
1754.99365	0.01773
1753.06509	0.01744
1751.13652	0.01578
1749.20796	0.01599
1747.27939	0.01938
1745.35083	0.02353
1743.42227	0.02666
1741.49370	0.02879
1739.56514	0.03103
1737.63657	0.03252
1735.70801	0.03103
1733.77944	0.02914
1731.85088	0.03161
1729.92231	0.03591
1727.99375	0.04026
1726.06519	0.04451
1724.13662	0.04874
1722.20806	0.05231
1720.27949	0.05297
1718.35093	0.05152
1716.42236	0.05419
1714.49380	0.06174
1712.56523	0.06811
1710.63667	0.07056
1708.70811	0.06882
1706.77954	0.06399
1704.85098	0.05896
1702.92241	0.05427
1700.99385	0.04757
1699.06528	0.04202
1697.13672	0.04062
1695.20815	0.04127
1693.27959	0.04209
1691.35103	0.04051
1689.42246	0.03678
1687.49390	0.03193
1685.56533	0.02518
1683.63677	0.02159
1681.70820	0.02534
1679.77964	0.02895
1677.85107	0.02913
1675.92251	0.02717
1673.99395	0.02564
1672.06538	0.02421
1670.13682	0.02280
1668.20825	0.02490
1666.27969	0.02800
1664.35112	0.02800
1662.42256	0.02717
1660.49399	0.02842
1658.56543	0.02911
1656.63687	0.02604
1654.70830	0.01868
1652.77974	0.01454
1650.85117	0.01816
1648.92261	0.01882
1646.99404	0.01803
1645.06548	0.02244
1643.13691	0.02765
1641.20835	0.02908
1639.27979	0.02666
1637.35122	0.02169
1635.42266	0.02010
1633.49409	0.02508
1631.56553	0.02891
1629.63696	0.02894
1627.70840	0.02749
1625.77983	0.02610
1623.85127	0.02493
1621.92271	0.02540
1619.99414	0.02571
1618.06558	0.02348
1616.13701	0.02234
1614.20845	0.02475
1612.27988	0.02642
1610.35132	0.02604
1608.42275	0.02545
1606.49419	0.02562
1604.56562	0.02589
1602.63706	0.02602
1600.70850	0.02634
1598.77993	0.02652
1596.85137	0.02616
1594.92280	0.02580
1592.99424	0.02600
1591.06567	0.02650
1589.13711	0.02697
1587.20854	0.02728
1585.27998	0.02738
1583.35142	0.02732
1581.42285	0.02686
1579.49429	0.02486
1577.56572	0.02117
1575.63716	0.01999
1573.70859	0.02229
1571.78003	0.02238
1569.85146	0.02057
1567.92290	0.02114
1565.99434	0.02281
1564.06577	0.02283
1562.13721	0.01949
1560.20864	0.01094
1558.28008	0.00639
1556.35151	0.01320
1554.42295	0.01921
1552.49438	0.02196
1550.56582	0.02292
1548.63726	0.02319
1546.70869	0.02170
1544.78013	0.01699
1542.85156	0.00990
1540.92300	0.00446
1538.99443	0.00842
1537.06587	0.01518
1535.13730	0.01672
1533.20874	0.01630
1531.28018	0.01780
1529.35161	0.01815
1527.42305	0.01576
1525.49448	0.01269
1523.56592	0.00934
1521.63735	0.00688
1519.70879	0.00744
1517.78022	0.00911
1515.85166	0.01161
1513.92310	0.01431
1511.99453	0.01416
1510.06597	0.00964
1508.13740	0.00254
1506.20884	0.00261
1504.28027	0.01081
1502.35171	0.01534
1500.42314	0.01490
1498.49458	0.01260
1496.56602	0.01264
1494.63745	0.01502
1492.70889	0.01508
1490.78032	0.01207
1488.85176	0.01105
1486.92319	0.01472
1484.99463	0.01904
1483.06606	0.02208
1481.13750	0.02584
1479.20894	0.03439
1477.28037	0.05620
1475.35181	0.10199
1473.42324	0.16463
1471.49468	0.19825
1469.56611	0.18804
1467.63755	0.16910
1465.70898	0.15989
1463.78042	0.16090
1461.85186	0.15540
1459.92329	0.13428
1457.99473	0.10540
1456.06616	0.08793
1454.13760	0.08375
1452.20903	0.08024
1450.28047	0.07486
1448.35190	0.06979
1446.42334	0.06727
1444.49478	0.06663
1442.56621	0.06580
1440.63765	0.06383
1438.70908	0.06026
1436.78052	0.05655
1434.85195	0.05571
1432.92339	0.05547
1430.99482	0.05367
1429.06626	0.05204
1427.13770	0.05110
1425.20913	0.04955
1423.28057	0.04782
1421.35200	0.04600
1419.42344	0.04433
1417.49487	0.04583
1415.56631	0.04952
1413.63774	0.05200
1411.70918	0.05288
1409.78062	0.05293
1407.85205	0.05208
1405.92349	0.05038
1403.99492	0.04890
1402.06636	0.04730
1400.13779	0.04441
1398.20923	0.04135
1396.28066	0.03966
1394.35210	0.03986
1392.42354	0.04132
1390.49497	0.04174
1388.56641	0.04077
1386.63784	0.04091
1384.70928	0.04324
1382.78071	0.04606
1380.85215	0.04851
1378.92358	0.05032
1376.99502	0.05056
1375.06646	0.04951
1373.13789	0.04937
1371.20933	0.05028
1369.28076	0.05062
1367.35220	0.05020
1365.42363	0.04880
1363.49507	0.04664
1361.56650	0.04578
1359.63794	0.04656
1357.70937	0.04720
1355.78081	0.04722
1353.85225	0.04713
1351.92368	0.04693
1349.99512	0.04643
1348.06655	0.04593
1346.13799	0.04548
1344.20942	0.04462
1342.28086	0.04286
1340.35229	0.04079
1338.42373	0.04001
1336.49517	0.04073
1334.56660	0.04155
1332.63804	0.04175
1330.70947	0.04159
1328.78091	0.04152
1326.85234	0.04163
1324.92378	0.04179
1322.99521	0.04193
1321.06665	0.04201
1319.13809	0.04223
1317.20952	0.04280
1315.28096	0.04344
1313.35239	0.04399
1311.42383	0.04464
1309.49526	0.04533
1307.56670	0.04596
1305.63813	0.04660
1303.70957	0.04719
1301.78101	0.04764
1299.85244	0.04796
1297.92388	0.04818
1295.99531	0.04829
1294.06675	0.04827
1292.13818	0.04813
1290.20962	0.04784
1288.28105	0.04752
1286.35249	0.04720
1284.42393	0.04678
1282.49536	0.04628
1280.56680	0.04584
1278.63823	0.04545
1276.70967	0.04499
1274.78110	0.04445
1272.85254	0.04397
1270.92397	0.04380
1268.99541	0.04408
1267.06685	0.04464
1265.13828	0.04528
1263.20972	0.04585
1261.28115	0.04619
1259.35259	0.04644
1257.42402	0.04674
1255.49546	0.04701
1253.56689	0.04718
1251.63833	0.04735
1249.70977	0.04760
1247.78120	0.04795
1245.85264	0.04834
1243.92407	0.04878
1241.99551	0.04929
1240.06694	0.04978
1238.13838	0.05023
1236.20981	0.05063
1234.28125	0.05085
1232.35269	0.05087
1230.42412	0.05083
1228.49556	0.05081
1226.56699	0.05082
1224.63843	0.05080
1222.70986	0.05078
1220.78130	0.05082
1218.85273	0.05096
1216.92417	0.05105
1214.99561	0.05097
1213.06704	0.05078
1211.13848	0.05069
1209.20991	0.05073
1207.28135	0.05088
1205.35278	0.05114
1203.42422	0.05144
1201.49565	0.05167
1199.56709	0.05184
1197.63853	0.05204
1195.70996	0.05225
1193.78140	0.05249
1191.85283	0.05280
1189.92427	0.05306
1187.99570	0.05328
1186.06714	0.05355
1184.13857	0.05381
1182.21001	0.05402
1180.28145	0.05430
1178.35288	0.05462
1176.42432	0.05472
1174.49575	0.05458
1172.56719	0.05444
1170.63862	0.05434
1168.71006	0.05412
1166.78149	0.05374
1164.85293	0.05328
1162.92437	0.05283
1160.99580	0.05242
1159.06724	0.05204
1157.13867	0.05146
1155.21011	0.05059
1153.28154	0.04957
1151.35298	0.04864
1149.42441	0.04785
1147.49585	0.04719
1145.56729	0.04663
1143.63872	0.04611
1141.71016	0.04571
1139.78159	0.04548
1137.85303	0.04531
1135.92446	0.04510
1133.99590	0.04493
1132.06733	0.04475
1130.13877	0.04454
1128.21021	0.04431
1126.28164	0.04414
1124.35308	0.04403
1122.42451	0.04399
1120.49595	0.04402
1118.56738	0.04407
1116.63882	0.04420
1114.71025	0.04453
1112.78169	0.04486
1110.85312	0.04492
1108.92456	0.04473
1106.99600	0.04451
1105.06743	0.04441
1103.13887	0.04446
1101.21030	0.04469
1099.28174	0.04507
1097.35317	0.04547
1095.42461	0.04584
1093.49604	0.04613
1091.56748	0.04641
1089.63892	0.04667
1087.71035	0.04683
1085.78179	0.04690
1083.85322	0.04688
1081.92466	0.04679
1079.99609	0.04666
1078.06753	0.04651
1076.13896	0.04635
1074.21040	0.04619
1072.28184	0.04610
1070.35327	0.04609
1068.42471	0.04608
1066.49614	0.04601
1064.56758	0.04594
1062.63901	0.04583
1060.71045	0.04574
1058.78188	0.04581
1056.85332	0.04610
1054.92476	0.04660
1052.99619	0.04719
1051.06763	0.04785
1049.13906	0.04859
1047.21050	0.04929
1045.28193	0.04985
1043.35337	0.05022
1041.42480	0.05029
1039.49624	0.05007
1037.56768	0.04979
1035.63911	0.04959
1033.71055	0.04942
1031.78198	0.04935
1029.85342	0.04949
1027.92485	0.04985
1025.99629	0.05039
1024.06772	0.05111
1022.13916	0.05195
1020.21060	0.05263
1018.28203	0.05303
1016.35347	0.05330
1014.42490	0.05333
1012.49634	0.05287
1010.56777	0.05205
1008.63921	0.05110
1006.71064	0.05015
1004.78208	0.04926
1002.85352	0.04846
1000.92495	0.04785
998.99639	0.04748
997.06782	0.04731
995.13926	0.04729
993.21069	0.04736
991.28213	0.04736
989.35356	0.04721
987.42500	0.04700
985.49644	0.04683
983.56787	0.04671
981.63931	0.04673
979.71074	0.04688
977.78218	0.04706
975.85361	0.04722
973.92505	0.04740
971.99648	0.04766
970.06792	0.04802
968.13936	0.04843
966.21079	0.04876
964.28223	0.04898
962.35366	0.04912
960.42510	0.04926
958.49653	0.04944
956.56797	0.04958
954.63940	0.04961
952.71084	0.04961
950.78228	0.04969
948.85371	0.04989
946.92515	0.05012
944.99658	0.05013
943.06802	0.04993
941.13945	0.04972
939.21089	0.04954
937.28232	0.04939
935.35376	0.04924
933.42520	0.04905
931.49663	0.04881
929.56807	0.04847
927.63950	0.04803
925.71094	0.04755
923.78237	0.04712
921.85381	0.04682
919.92524	0.04669
917.99668	0.04676
916.06812	0.04706
914.13955	0.04755
912.21099	0.04815
910.28242	0.04870
908.35386	0.04870
906.42529	0.04757
904.49673	0.04539
902.56816	0.04303
900.63960	0.04118
898.71104	0.03993
896.78247	0.03895
894.85391	0.03799
892.92534	0.03716
890.99678	0.03664
889.06821	0.03639
887.13965	0.03640
885.21108	0.03652
883.28252	0.03657
881.35396	0.03659
879.42539	0.03662
877.49683	0.03657
875.56826	0.03647
873.63970	0.03640
871.71113	0.03632
869.78257	0.03628
867.85400	0.03625
865.92544	0.03600
863.99687	0.03557
862.06831	0.03518
860.13975	0.03486
858.21118	0.03445
856.28262	0.03392
854.35405	0.03337
852.42549	0.03291
850.49692	0.03247
848.56836	0.03189
846.63979	0.03126
844.71123	0.03074
842.78267	0.03033
840.85410	0.02982
838.92554	0.02903
836.99697	0.02809
835.06841	0.02716
833.13984	0.02620
831.21128	0.02520
829.28271	0.02422
827.35415	0.02319
825.42559	0.02201
823.49702	0.02083
821.56846	0.01978
819.63989	0.01880
817.71133	0.01751
815.78276	0.01556
813.85420	0.01320
811.92563	0.01092
809.99707	0.00881
808.06851	0.00644
806.13994	0.00368
804.21138	0.00101
802.28281	-0.00135
800.35425	-0.00390
798.42568	-0.00707
796.49712	-0.01067
794.56855	-0.01441
792.63999	-0.01834
790.71143	-0.02256
788.78286	-0.02693
786.85430	-0.03138
784.92573	-0.03584
782.99717	-0.04013
781.06860	-0.04431
779.14004	-0.04850
777.21147	-0.05249
775.28291	-0.05614
773.35435	-0.05955
771.42578	-0.06248
769.49722	-0.06468
767.56865	-0.06637
765.64009	-0.06764
763.71152	-0.06828
761.78296	-0.06806
759.85439	-0.06700
757.92583	-0.06536
755.99727	-0.06333
754.06870	-0.06093
752.14014	-0.05835
750.21157	-0.05600
748.28301	-0.05401
746.35444	-0.05223
744.42588	-0.05035
742.49731	-0.04807
740.56875	-0.04524
738.64019	-0.04101
736.71162	-0.03257
734.78306	-0.01509
732.85449	0.01097
730.92593	0.03195
728.99736	0.03591
727.06880	0.03170
725.14023	0.03498
723.21167	0.05400
721.28311	0.09011
719.35454	0.13177
717.42598	0.15432
715.49741	0.14116
713.56885	0.10301
711.64028	0.06433
709.71172	0.03827
707.78315	0.02350
705.85459	0.01523
703.92603	0.01055
701.99746	0.00789
700.06890	0.00624
698.14033	0.00526
696.21177	0.00495
694.28320	0.00501
692.35464	0.00510
690.42607	0.00535
688.49751	0.00601
686.56895	0.00691
684.64038	0.00779
682.71182	0.00860
680.78325	0.00949
678.85469	0.01056
676.92612	0.01197
674.99756	0.01373
673.06899	0.01558
671.14043	0.01773
669.21187	0.01991
667.28330	0.01994
665.35474	0.01847
663.42617	0.01719
661.49761	0.01712
659.56904	0.01746
657.64048	0.01749
655.71191	0.01735
653.78335	0.01737
651.85479	0.01756
649.92622	0.01751
647.99766	0.01673
646.06909	0.01526
644.14053	0.01334
642.21196	0.01027
640.28340	0.00499
638.35483	-0.00373
636.42627	-0.01749
634.49771	-0.03593
632.56914	-0.05263
630.64058	-0.05762
628.71201	-0.04728
626.78345	-0.02890
624.85488	-0.01154
622.92632	0.00070
620.99775	0.00793
619.06919	0.01261
617.14062	0.01616
615.21206	0.01841
613.28350	0.01975
611.35493	0.02074
609.42637	0.02112
607.49780	0.02087
605.56924	0.02099
603.64067	0.02162
601.71211	0.02128
599.78354	0.01932
