3997.91411	-0.00763
3995.98555	-0.00757
3994.05698	-0.00759
3992.12842	-0.00760
3990.19985	-0.00750
3988.27129	-0.00738
3986.34272	-0.00743
3984.41416	-0.00765
3982.48560	-0.00776
3980.55703	-0.00773
3978.62847	-0.00779
3976.69990	-0.00792
3974.77134	-0.00802
3972.84277	-0.00811
3970.91421	-0.00806
3968.98564	-0.00788
3967.05708	-0.00785
3965.12852	-0.00804
3963.19995	-0.00819
3961.27139	-0.00821
3959.34282	-0.00816
3957.41426	-0.00821
3955.48569	-0.00835
3953.55713	-0.00844
3951.62856	-0.00855
3949.70000	-0.00864
3947.77144	-0.00854
3945.84287	-0.00852
3943.91431	-0.00869
3941.98574	-0.00870
3940.05718	-0.00850
3938.12861	-0.00843
3936.20005	-0.00855
3934.27148	-0.00878
3932.34292	-0.00896
3930.41436	-0.00887
3928.48579	-0.00866
3926.55723	-0.00871
3924.62866	-0.00882
3922.70010	-0.00862
3920.77153	-0.00846
3918.84297	-0.00867
3916.91440	-0.00887
3914.98584	-0.00877
3913.05728	-0.00862
3911.12871	-0.00853
3909.20015	-0.00854
3907.27158	-0.00886
3905.34302	-0.00948
3903.41445	-0.00995
3901.48589	-0.00996
3899.55732	-0.00968
3897.62876	-0.00927
3895.70020	-0.00889
3893.77163	-0.00881
3891.84307	-0.00903
3889.91450	-0.00913
3887.98594	-0.00911
3886.05737	-0.00924
3884.12881	-0.00935
3882.20024	-0.00956
3880.27168	-0.00995
3878.34312	-0.00989
3876.41455	-0.00969
3874.48599	-0.00989
3872.55742	-0.01016
3870.62886	-0.01022
3868.70029	-0.01000
3866.77173	-0.00974
3864.84316	-0.00989
3862.91460	-0.01005
3860.98604	-0.00977
3859.05747	-0.00946
3857.12891	-0.00948
3855.20034	-0.00991
3853.27178	-0.01056
3851.34321	-0.01053
3849.41465	-0.00998
3847.48608	-0.00960
3845.55752	-0.00966
3843.62896	-0.01011
3841.70039	-0.01061
3839.77183	-0.01100
3837.84326	-0.01117
3835.91470	-0.01097
3833.98613	-0.01059
3832.05757	-0.01031
3830.12900	-0.01014
3828.20044	-0.01000
3826.27187	-0.00996
3824.34331	-0.00996
3822.41475	-0.01021
3820.48618	-0.01062
3818.55762	-0.01058
3816.62905	-0.01027
3814.70049	-0.00996
3812.77192	-0.00965
3810.84336	-0.00944
3808.91479	-0.00942
3806.98623	-0.00963
3805.05767	-0.00994
3803.12910	-0.01031
3801.20054	-0.01065
3799.27197	-0.01050
3797.34341	-0.01010
3795.41484	-0.00983
3793.48628	-0.00968
3791.55771	-0.00965
3789.62915	-0.00981
3787.70059	-0.01012
3785.77202	-0.01041
3783.84346	-0.01045
3781.91489	-0.01037
3779.98633	-0.01043
3778.05776	-0.01047
3776.12920	-0.01033
3774.20063	-0.01014
3772.27207	-0.01007
3770.34351	-0.01022
3768.41494	-0.01036
3766.48638	-0.01041
3764.55781	-0.01048
3762.62925	-0.01056
3760.70068	-0.01077
3758.77212	-0.01107
3756.84355	-0.01118
3754.91499	-0.01141
3752.98643	-0.01209
3751.05786	-0.01282
3749.12930	-0.01283
3747.20073	-0.01252
3745.27217	-0.01261
3743.34360	-0.01302
3741.41504	-0.01338
3739.48647	-0.01391
3737.55791	-0.01491
3735.62935	-0.01608
3733.70078	-0.01654
3731.77222	-0.01656
3729.84365	-0.01667
3727.91509	-0.01667
3725.98652	-0.01646
3724.05796	-0.01605
3722.12939	-0.01535
3720.20083	-0.01431
3718.27227	-0.01312
3716.34370	-0.01221
3714.41514	-0.01214
3712.48657	-0.01314
3710.55801	-0.01433
3708.62944	-0.01472
3706.70088	-0.01467
3704.77231	-0.01464
3702.84375	-0.01466
3700.91519	-0.01451
3698.98662	-0.01417
3697.05806	-0.01393
3695.12949	-0.01388
3693.20093	-0.01391
3691.27236	-0.01391
3689.34380	-0.01370
3687.41523	-0.01322
3685.48667	-0.01258
3683.55811	-0.01188
3681.62954	-0.01137
3679.70098	-0.01105
3677.77241	-0.01078
3675.84385	-0.01086
3673.91528	-0.01107
3671.98672	-0.01121
3670.05815	-0.01139
3668.12959	-0.01107
3666.20103	-0.01039
3664.27246	-0.00994
3662.34390	-0.00976
3660.41533	-0.00978
3658.48677	-0.01009
3656.55820	-0.01048
3654.62964	-0.01064
3652.70107	-0.01083
3650.77251	-0.01139
3648.84395	-0.01178
3646.91538	-0.01125
3644.98682	-0.01043
3643.05825	-0.01006
3641.12969	-0.01019
3639.20112	-0.01040
3637.27256	-0.01047
3635.34399	-0.01066
3633.41543	-0.01117
3631.48687	-0.01199
3629.55830	-0.01290
3627.62974	-0.01294
3625.70117	-0.01208
3623.77261	-0.01126
3621.84404	-0.01061
3619.91548	-0.01010
3617.98691	-0.00979
3616.05835	-0.00954
3614.12979	-0.00918
3612.20122	-0.00879
3610.27266	-0.00880
3608.34409	-0.00923
3606.41553	-0.00941
3604.48696	-0.00924
3602.55840	-0.00920
3600.62983	-0.00923
3598.70127	-0.00900
3596.77271	-0.00866
3594.84414	-0.00841
3592.91558	-0.00801
3590.98701	-0.00747
3589.05845	-0.00725
3587.12988	-0.00725
3585.20132	-0.00695
3583.27275	-0.00627
3581.34419	-0.00536
3579.41562	-0.00438
3577.48706	-0.00376
3575.55850	-0.00372
3573.62993	-0.00389
3571.70137	-0.00378
3569.77280	-0.00365
3567.84424	-0.00385
3565.91567	-0.00394
3563.98711	-0.00341
3562.05854	-0.00263
3560.12998	-0.00208
3558.20142	-0.00164
3556.27285	-0.00113
3554.34429	-0.00067
3552.41572	-0.00040
3550.48716	-0.00031
3548.55859	-0.00037
3546.63003	-0.00033
3544.70146	0.00017
3542.77290	0.00103
3540.84434	0.00158
3538.91577	0.00164
3536.98721	0.00185
3535.05864	0.00246
3533.13008	0.00290
3531.20151	0.00307
3529.27295	0.00319
3527.34438	0.00319
3525.41582	0.00303
3523.48726	0.00298
3521.55869	0.00330
3519.63013	0.00384
3517.70156	0.00429
3515.77300	0.00461
3513.84443	0.00481
3511.91587	0.00489
3509.98730	0.00505
3508.05874	0.00540
3506.13018	0.00565
3504.20161	0.00570
3502.27305	0.00591
3500.34448	0.00638
3498.41592	0.00674
3496.48735	0.00694
3494.55879	0.00727
3492.63022	0.00782
3490.70166	0.00820
3488.77310	0.00830
3486.84453	0.00835
3484.91597	0.00829
3482.98740	0.00813
3481.05884	0.00822
3479.13027	0.00872
3477.20171	0.00937
3475.27314	0.00982
3473.34458	0.00999
3471.41602	0.01003
3469.48745	0.01003
3467.55889	0.01020
3465.63032	0.01053
3463.70176	0.01064
3461.77319	0.01054
3459.84463	0.01060
3457.91606	0.01084
3455.98750	0.01108
3454.05894	0.01130
3452.13037	0.01148
3450.20181	0.01157
3448.27324	0.01166
3446.34468	0.01197
3444.41611	0.01237
3442.48755	0.01253
3440.55898	0.01257
3438.63042	0.01265
3436.70186	0.01261
3434.77329	0.01256
3432.84473	0.01275
3430.91616	0.01302
3428.98760	0.01326
3427.05903	0.01373
3425.13047	0.01430
3423.20190	0.01445
3421.27334	0.01410
3419.34478	0.01389
3417.41621	0.01419
3415.48765	0.01449
3413.55908	0.01445
3411.63052	0.01441
3409.70195	0.01472
3407.77339	0.01514
3405.84482	0.01521
3403.91626	0.01500
3401.98770	0.01497
3400.05913	0.01528
3398.13057	0.01564
3396.20200	0.01566
3394.27344	0.01539
3392.34487	0.01519
3390.41631	0.01519
3388.48774	0.01539
3386.55918	0.01584
3384.63062	0.01616
3382.70205	0.01612
3380.77349	0.01617
3378.84492	0.01638
3376.91636	0.01632
3374.98779	0.01606
3373.05923	0.01596
3371.13066	0.01599
3369.20210	0.01607
3367.27354	0.01621
3365.34497	0.01628
3363.41641	0.01622
3361.48784	0.01615
3359.55928	0.01609
3357.63071	0.01606
3355.70215	0.01614
3353.77358	0.01636
3351.84502	0.01672
3349.91646	0.01695
3347.98789	0.01690
3346.05933	0.01682
3344.13076	0.01678
3342.20220	0.01682
3340.27363	0.01706
3338.34507	0.01729
3336.41650	0.01730
3334.48794	0.01746
3332.55937	0.01781
3330.63081	0.01787
3328.70225	0.01765
3326.77368	0.01738
3324.84512	0.01714
3322.91655	0.01702
3320.98799	0.01704
3319.05942	0.01715
3317.13086	0.01723
3315.20229	0.01725
3313.27373	0.01733
3311.34517	0.01736
3309.41660	0.01725
3307.48804	0.01717
3305.55947	0.01708
3303.63091	0.01701
3301.70234	0.01713
3299.77378	0.01731
3297.84521	0.01729
3295.91665	0.01720
3293.98809	0.01710
3292.05952	0.01704
3290.13096	0.01711
3288.20239	0.01709
3286.27383	0.01679
3284.34526	0.01647
3282.41670	0.01655
3280.48813	0.01682
3278.55957	0.01676
3276.63101	0.01642
3274.70244	0.01614
3272.77388	0.01592
3270.84531	0.01572
3268.91675	0.01550
3266.98818	0.01527
3265.05962	0.01513
3263.13105	0.01500
3261.20249	0.01480
3259.27393	0.01445
3257.34536	0.01399
3255.41680	0.01364
3253.48823	0.01363
3251.55967	0.01374
3249.63110	0.01354
3247.70254	0.01309
3245.77397	0.01270
3243.84541	0.01240
3241.91685	0.01214
3239.98828	0.01200
3238.05972	0.01213
3236.13115	0.01231
3234.20259	0.01211
3232.27402	0.01170
3230.34546	0.01146
3228.41689	0.01143
3226.48833	0.01140
3224.55977	0.01112
3222.63120	0.01065
3220.70264	0.01043
3218.77407	0.01052
3216.84551	0.01055
3214.91694	0.01042
3212.98838	0.01033
3211.05981	0.01015
3209.13125	0.00979
3207.20269	0.00957
3205.27412	0.00959
3203.34556	0.00960
3201.41699	0.00943
3199.48843	0.00917
3197.55986	0.00898
3195.63130	0.00887
3193.70273	0.00873
3191.77417	0.00866
3189.84561	0.00857
3187.91704	0.00826
3185.98848	0.00793
3184.05991	0.00774
3182.13135	0.00750
3180.20278	0.00709
3178.27422	0.00670
3176.34565	0.00644
3174.41709	0.00619
3172.48853	0.00595
3170.55996	0.00587
3168.63140	0.00589
3166.70283	0.00582
3164.77427	0.00561
3162.84570	0.00541
3160.91714	0.00531
3158.98857	0.00522
3157.06001	0.00501
3155.13145	0.00467
3153.20288	0.00430
3151.27432	0.00399
3149.34575	0.00376
3147.41719	0.00360
3145.48862	0.00357
3143.56006	0.00363
3141.63149	0.00355
3139.70293	0.00319
3137.77437	0.00267
3135.84580	0.00223
3133.91724	0.00197
3131.98867	0.00175
3130.06011	0.00155
3128.13154	0.00138
3126.20298	0.00115
3124.27441	0.00094
3122.34585	0.00074
3120.41729	0.00042
3118.48872	0.00019
3116.56016	0.00023
3114.63159	0.00021
3112.70303	0.00002
3110.77446	-0.00010
3108.84590	-0.00021
3106.91733	-0.00041
3104.98877	-0.00054
3103.06021	-0.00053
3101.13164	-0.00052
3099.20308	-0.00062
3097.27451	-0.00086
3095.34595	-0.00112
3093.41738	-0.00134
3091.48882	-0.00147
3089.56025	-0.00150
3087.63169	-0.00159
3085.70312	-0.00185
3083.77456	-0.00215
3081.84600	-0.00230
3079.91743	-0.00231
3077.98887	-0.00227
3076.06030	-0.00224
3074.13174	-0.00230
3072.20317	-0.00255
3070.27461	-0.00289
3068.34604	-0.00313
3066.41748	-0.00333
3064.48892	-0.00360
3062.56035	-0.00389
3060.63179	-0.00410
3058.70322	-0.00414
3056.77466	-0.00417
3054.84609	-0.00443
3052.91753	-0.00479
3050.98896	-0.00500
3049.06040	-0.00501
3047.13184	-0.00508
3045.20327	-0.00532
3043.27471	-0.00553
3041.34614	-0.00571
3039.41758	-0.00598
3037.48901	-0.00618
3035.56045	-0.00629
3033.63188	-0.00639
3031.70332	-0.00642
3029.77476	-0.00641
3027.84619	-0.00648
3025.91763	-0.00656
3023.98906	-0.00655
3022.06050	-0.00657
3020.13193	-0.00664
3018.20337	-0.00670
3016.27480	-0.00671
3014.34624	-0.00663
3012.41768	-0.00651
3010.48911	-0.00634
3008.56055	-0.00615
3006.63198	-0.00597
3004.70342	-0.00568
3002.77485	-0.00520
3000.84629	-0.00456
2998.91772	-0.00378
2996.98916	-0.00286
2995.06060	-0.00188
2993.13203	-0.00084
2991.20347	0.00046
2989.27490	0.00222
2987.34634	0.00441
2985.41777	0.00695
2983.48921	0.00996
2981.56064	0.01359
2979.63208	0.01804
2977.70352	0.02372
2975.77495	0.03103
2973.84639	0.04030
2971.91782	0.05175
2969.98926	0.06554
2968.06069	0.08172
2966.13213	0.09972
2964.20356	0.11749
2962.27500	0.13152
2960.34644	0.13958
2958.41787	0.14410
2956.48931	0.15049
2954.56074	0.16167
2952.63218	0.17448
2950.70361	0.18108
2948.77505	0.17584
2946.84648	0.16030
2944.91792	0.14077
2942.98936	0.12331
2941.06079	0.11177
2939.13223	0.10756
2937.20366	0.11031
2935.27510	0.11943
2933.34653	0.13441
2931.41797	0.15455
2929.48940	0.17901
2927.56084	0.20700
2925.63228	0.23799
2923.70371	0.27181
2921.77515	0.30722
2919.84658	0.33916
2917.91802	0.35755
2915.98945	0.35355
2914.06089	0.32978
2912.13232	0.29895
2910.20376	0.27164
2908.27520	0.25046
2906.34663	0.23334
2904.41807	0.21798
2902.48950	0.20345
2900.56094	0.18977
2898.63237	0.17717
2896.70381	0.16596
2894.77524	0.15670
2892.84668	0.14978
2890.91812	0.14489
2888.98955	0.14145
2887.06099	0.13914
2885.13242	0.13779
2883.20386	0.13741
2881.27529	0.13790
2879.34673	0.13854
2877.41816	0.13806
2875.48960	0.13615
2873.56104	0.13429
2871.63247	0.13424
2869.70391	0.13608
2867.77534	0.13790
2865.84678	0.13640
2863.91821	0.12932
2861.98965	0.11859
2860.06108	0.10959
2858.13252	0.10723
2856.20396	0.11433
2854.27539	0.13120
2852.34683	0.15329
2850.41826	0.16953
2848.48970	0.17058
2846.56113	0.16104
2844.63257	0.15298
2842.70400	0.15139
2840.77544	0.15292
2838.84687	0.15210
2836.91831	0.14527
2834.98975	0.13211
2833.06118	0.11556
2831.13262	0.09953
2829.20405	0.08638
2827.27549	0.07649
2825.34692	0.06919
2823.41836	0.06357
2821.48979	0.05900
2819.56123	0.05523
2817.63267	0.05213
2815.70410	0.04956
2813.77554	0.04745
2811.84697	0.04559
2809.91841	0.04376
2807.98984	0.04193
2806.06128	0.04009
2804.13271	0.03828
2802.20415	0.03663
2800.27559	0.03518
2798.34702	0.03393
2796.41846	0.03291
2794.48989	0.03198
2792.56133	0.03091
2790.63276	0.02972
2788.70420	0.02854
2786.77563	0.02741
2784.84707	0.02642
2782.91851	0.02548
2780.98994	0.02453
2779.06138	0.02370
2777.13281	0.02300
2775.20425	0.02231
2773.27568	0.02167
2771.34712	0.02116
2769.41855	0.02074
2767.48999	0.02031
2765.56143	0.01987
2763.63286	0.01944
2761.70430	0.01902
2759.77573	0.01868
2757.84717	0.01839
2755.91860	0.01806
2753.99004	0.01765
2752.06147	0.01723
2750.13291	0.01686
2748.20435	0.01659
2746.27578	0.01651
2744.34722	0.01660
2742.41865	0.01669
2740.49009	0.01670
2738.56152	0.01673
2736.63296	0.01678
2734.70439	0.01685
2732.77583	0.01696
2730.84727	0.01711
2728.91870	0.01733
2726.99014	0.01767
2725.06157	0.01808
2723.13301	0.01835
2721.20444	0.01828
2719.27588	0.01783
2717.34731	0.01714
2715.41875	0.01637
2713.49019	0.01561
2711.56162	0.01495
2709.63306	0.01446
2707.70449	0.01407
2705.77593	0.01371
2703.84736	0.01334
2701.91880	0.01297
2699.99023	0.01269
2698.06167	0.01244
2696.13311	0.01221
2694.20454	0.01204
2692.27598	0.01190
2690.34741	0.01178
2688.41885	0.01166
2686.49028	0.01153
2684.56172	0.01141
2682.63315	0.01144
2680.70459	0.01156
2678.77603	0.01155
2676.84746	0.01138
2674.91890	0.01121
2672.99033	0.01108
2671.06177	0.01098
2669.13320	0.01088
2667.20464	0.01082
2665.27607	0.01085
2663.34751	0.01090
2661.41895	0.01094
2659.49038	0.01092
2657.56182	0.01084
2655.63325	0.01075
2653.70469	0.01055
2651.77612	0.01020
2649.84756	0.00992
2647.91899	0.00980
2645.99043	0.00969
2644.06187	0.00959
2642.13330	0.00951
2640.20474	0.00935
2638.27617	0.00912
2636.34761	0.00892
2634.41904	0.00878
2632.49048	0.00865
2630.56191	0.00857
2628.63335	0.00846
2626.70479	0.00829
2624.77622	0.00821
2622.84766	0.00828
2620.91909	0.00827
2618.99053	0.00809
2617.06196	0.00794
2615.13340	0.00786
2613.20483	0.00775
2611.27627	0.00756
2609.34771	0.00729
2607.41914	0.00705
2605.49058	0.00682
2603.56201	0.00647
2601.63345	0.00600
2599.70488	0.00564
2597.77632	0.00553
2595.84775	0.00560
2593.91919	0.00572
2591.99062	0.00586
2590.06206	0.00608
2588.13350	0.00642
2586.20493	0.00667
2584.27637	0.00664
2582.34780	0.00641
2580.41924	0.00622
2578.49067	0.00619
2576.56211	0.00612
2574.63354	0.00585
2572.70498	0.00547
2570.77642	0.00505
2568.84785	0.00459
2566.91929	0.00420
2564.99072	0.00401
2563.06216	0.00397
2561.13359	0.00396
2559.20503	0.00390
2557.27646	0.00387
2555.34790	0.00385
2553.41934	0.00374
2551.49077	0.00356
2549.56221	0.00336
2547.63364	0.00323
2545.70508	0.00308
2543.77651	0.00278
2541.84795	0.00252
2539.91938	0.00248
2537.99082	0.00243
2536.06226	0.00226
2534.13369	0.00219
2532.20513	0.00216
2530.27656	0.00200
2528.34800	0.00184
2526.41943	0.00180
2524.49087	0.00178
2522.56230	0.00161
2520.63374	0.00141
2518.70518	0.00133
2516.77661	0.00129
2514.84805	0.00115
2512.91948	0.00101
2510.99092	0.00102
2509.06235	0.00110
2507.13379	0.00110
2505.20522	0.00095
2503.27666	0.00080
2501.34810	0.00069
2499.41953	0.00061
2497.49097	0.00052
2495.56240	0.00042
2493.63384	0.00041
2491.70527	0.00052
2489.77671	0.00052
2487.84814	0.00040
2485.91958	0.00027
2483.99102	0.00019
2482.06245	0.00017
2480.13389	0.00019
2478.20532	0.00022
2476.27676	0.00023
2474.34819	0.00018
2472.41963	0.00002
2470.49106	-0.00013
2468.56250	-0.00014
2466.63394	-0.00010
2464.70537	-0.00020
2462.77681	-0.00033
2460.84824	-0.00032
2458.91968	-0.00027
2456.99111	-0.00037
2455.06255	-0.00048
2453.13398	-0.00042
2451.20542	-0.00030
2449.27686	-0.00030
2447.34829	-0.00039
2445.41973	-0.00047
2443.49116	-0.00043
2441.56260	-0.00042
2439.63403	-0.00053
2437.70547	-0.00067
2435.77690	-0.00071
2433.84834	-0.00062
2431.91978	-0.00056
2429.99121	-0.00065
2428.06265	-0.00068
2426.13408	-0.00054
2424.20552	-0.00051
2422.27695	-0.00070
2420.34839	-0.00082
2418.41982	-0.00084
2416.49126	-0.00084
2414.56270	-0.00082
2412.63413	-0.00076
2410.70557	-0.00076
2408.77700	-0.00085
2406.84844	-0.00100
2404.91987	-0.00117
2402.99131	-0.00133
2401.06274	-0.00128
2399.13418	0.00262
2397.20562	0.00315
2395.27705	0.00139
2393.34849	-0.00060
2391.41992	-0.00253
2389.49136	-0.00457
2387.56279	-0.00690
2385.63423	-0.00938
2383.70566	-0.01159
2381.77710	-0.01309
2379.84854	-0.01353
2377.91997	-0.01273
2375.99141	-0.01116
2374.06284	-0.00974
2372.13428	-0.00917
2370.20571	-0.00949
2368.27715	-0.00951
2366.34858	-0.00969
2364.42002	-0.01130
2362.49146	-0.01162
2360.56289	-0.01329
2358.63433	-0.01581
2356.70576	-0.01399
2354.77720	-0.01903
2352.84863	-0.02536
2350.92007	-0.02839
2348.99150	-0.02899
2347.06294	-0.02290
2345.13437	-0.01564
2343.20581	-0.01630
2341.27725	-0.02362
2339.34868	-0.02620
2337.42012	-0.02245
2335.49155	-0.01556
2333.56299	-0.01084
2331.63442	-0.01017
2329.70586	-0.01190
2327.77729	-0.01458
2325.84873	-0.01419
2323.92017	-0.01100
2321.99160	-0.00812
2320.06304	-0.00661
2318.13447	-0.00664
2316.20591	-0.00754
2314.27734	-0.00848
2312.34878	-0.00958
2310.42021	-0.01068
2308.49165	-0.01117
2306.56309	-0.01123
2304.63452	-0.01079
2302.70596	-0.00987
2300.77739	-0.00896
2298.84883	-0.00825
2296.92026	-0.00767
2294.99170	-0.00709
2293.06313	-0.00641
2291.13457	-0.00535
2289.20601	-0.00411
2287.27744	-0.00280
2285.34888	-0.00152
2283.42031	-0.00063
2281.49175	-0.00021
2279.56318	-0.00013
2277.63462	-0.00014
2275.70605	-0.00019
2273.77749	-0.00032
2271.84893	-0.00045
2269.92036	-0.00065
2267.99180	-0.00103
2266.06323	-0.00168
2264.13467	-0.00240
2262.20610	-0.00290
2260.27754	-0.00304
2258.34897	-0.00296
2256.42041	-0.00307
2254.49185	-0.00379
2252.56328	-0.00503
2250.63472	-0.00545
2248.70615	-0.00277
2246.77759	-0.00245
2244.84902	-0.00252
2242.92046	-0.00283
2240.99189	-0.00317
2239.06333	-0.00315
2237.13477	-0.00277
2235.20620	-0.00256
2233.27764	-0.00268
2231.34907	-0.00277
2229.42051	-0.00277
2227.49194	-0.00283
2225.56338	-0.00285
2223.63481	-0.00276
2221.70625	-0.00271
2219.77769	-0.00265
2217.84912	-0.00249
2215.92056	-0.00246
2213.99199	-0.00270
2212.06343	-0.00288
2210.13486	-0.00283
2208.20630	-0.00278
2206.27773	-0.00265
2204.34917	-0.00228
2202.42061	-0.00209
2200.49204	-0.00225
2198.56348	-0.00242
2196.63491	-0.00250
2194.70635	-0.00264
2192.77778	-0.00272
2190.84922	-0.00269
2188.92065	-0.00274
2186.99209	-0.00274
2185.06353	-0.00269
2183.13496	-0.00281
2181.20640	-0.00290
2179.27783	-0.00280
2177.34927	-0.00276
2175.42070	-0.00296
2173.49214	-0.00314
2171.56357	-0.00283
2169.63501	-0.00217
2167.70645	-0.00180
2165.77788	-0.00198
2163.84932	-0.00230
2161.92075	-0.00298
2159.99219	-0.00473
2158.06362	-0.00648
2156.13506	-0.00686
2154.20649	-0.00635
2152.27793	-0.00569
2150.34937	-0.00507
2148.42080	-0.00466
2146.49224	-0.00457
2144.56367	-0.00464
2142.63511	-0.00476
2140.70654	-0.00480
2138.77798	-0.00468
2136.84941	-0.00465
2134.92085	-0.00472
2132.99229	-0.00460
2131.06372	-0.00435
2129.13516	-0.00408
2127.20659	-0.00383
2125.27803	-0.00371
2123.34946	-0.00360
2121.42090	-0.00346
2119.49233	-0.00344
2117.56377	-0.00341
2115.63521	-0.00324
2113.70664	-0.00300
2111.77808	-0.00290
2109.84951	-0.00310
2107.92095	-0.00326
2105.99238	-0.00307
2104.06382	-0.00285
2102.13525	-0.00284
2100.20669	-0.00280
2098.27812	-0.00269
2096.34956	-0.00283
2094.42100	-0.00319
2092.49243	-0.00337
2090.56387	-0.00322
2088.63530	-0.00310
2086.70674	-0.00322
2084.77817	-0.00333
2082.84961	-0.00315
2080.92104	-0.00286
2078.99248	-0.00279
2077.06392	-0.00299
2075.13535	-0.00318
2073.20679	-0.00310
2071.27822	-0.00284
2069.34966	-0.00281
2067.42109	-0.00314
2065.49253	-0.00344
2063.56396	-0.00351
2061.63540	-0.00350
2059.70684	-0.00342
2057.77827	-0.00322
2055.84971	-0.00307
2053.92114	-0.00283
2051.99258	-0.00230
2050.06401	-0.00193
2048.13545	-0.00216
2046.20688	-0.00277
2044.27832	-0.00338
2042.34976	-0.00357
2040.42119	-0.00326
2038.49263	-0.00303
2036.56406	-0.00325
2034.63550	-0.00384
2032.70693	-0.00458
2030.77837	-0.00490
2028.84980	-0.00465
2026.92124	-0.00434
2024.99268	-0.00421
2023.06411	-0.00423
2021.13555	-0.00438
2019.20698	-0.00459
2017.27842	-0.00451
2015.34985	-0.00406
2013.42129	-0.00359
2011.49272	-0.00338
2009.56416	-0.00353
2007.63560	-0.00387
2005.70703	-0.00403
2003.77847	-0.00405
2001.84990	-0.00426
1999.92134	-0.00430
1997.99277	-0.00370
1996.06421	-0.00310
1994.13564	-0.00323
1992.20708	-0.00355
1990.27852	-0.00353
1988.34995	-0.00330
1986.42139	-0.00281
1984.49282	-0.00211
1982.56426	-0.00143
1980.63569	-0.00116
1978.70713	-0.00188
1976.77856	-0.00296
1974.85000	-0.00337
1972.92144	-0.00350
1970.99287	-0.00381
1969.06431	-0.00389
1967.13574	-0.00356
1965.20718	-0.00331
1963.27861	-0.00330
1961.35005	-0.00337
1959.42148	-0.00355
1957.49292	-0.00383
1955.56436	-0.00387
1953.63579	-0.00351
1951.70723	-0.00311
1949.77866	-0.00291
1947.85010	-0.00287
1945.92153	-0.00305
1943.99297	-0.00331
1942.06440	-0.00339
1940.13584	-0.00325
1938.20728	-0.00297
1936.27871	-0.00274
1934.35015	-0.00266
1932.42158	-0.00261
1930.49302	-0.00255
1928.56445	-0.00252
1926.63589	-0.00251
1924.70732	-0.00256
1922.77876	-0.00240
1920.85020	-0.00192
1918.92163	-0.00160
1916.99307	-0.00162
1915.06450	-0.00151
1913.13594	-0.00130
1911.20737	-0.00135
1909.27881	-0.00148
1907.35024	-0.00148
1905.42168	-0.00138
1903.49312	-0.00124
1901.56455	-0.00123
1899.63599	-0.00132
1897.70742	-0.00134
1895.77886	-0.00121
1893.85029	-0.00101
1891.92173	-0.00097
1889.99316	-0.00111
1888.06460	-0.00112
1886.13604	-0.00099
1884.20747	-0.00093
1882.27891	-0.00092
1880.35034	-0.00082
1878.42178	-0.00070
1876.49321	-0.00073
1874.56465	-0.00083
1872.63608	-0.00083
1870.70752	-0.00096
1868.77896	-0.00121
1866.85039	-0.00116
1864.92183	-0.00083
1862.99326	-0.00059
1861.06470	-0.00044
1859.13613	-0.00029
1857.20757	-0.00019
1855.27900	-0.00017
1853.35044	-0.00024
1851.42187	-0.00035
1849.49331	-0.00044
1847.56475	-0.00055
1845.63618	-0.00072
1843.70762	-0.00058
1841.77905	-0.00001
1839.85049	0.00044
1837.92192	0.00052
1835.99336	0.00046
1834.06479	0.00044
1832.13623	0.00030
1830.20767	0.00013
1828.27910	0.00028
1826.35054	0.00057
1824.42197	0.00077
1822.49341	0.00105
1820.56484	0.00129
1818.63628	0.00128
1816.70771	0.00121
1814.77915	0.00119
1812.85059	0.00113
1810.92202	0.00120
1808.99346	0.00153
1807.06489	0.00191
1805.13633	0.00220
1803.20776	0.00243
1801.27920	0.00271
1799.35063	0.00312
1797.42207	0.00351
1795.49351	0.00381
1793.56494	0.00422
1791.63638	0.00508
1789.70781	0.00630
1787.77925	0.00741
1785.85068	0.00845
1783.92212	0.00966
1781.99355	0.01092
1780.06499	0.01208
1778.13643	0.01312
1776.20786	0.01388
1774.27930	0.01429
1772.35073	0.01459
1770.42217	0.01517
1768.49360	0.01599
1766.56504	0.01675
1764.63647	0.01719
1762.70791	0.01745
1760.77935	0.01802
1758.85078	0.01891
1756.92222	0.01997
1754.99365	0.02116
1753.06509	0.02224
1751.13652	0.02331
1749.20796	0.02465
1747.27939	0.02625
1745.35083	0.02787
1743.42227	0.02930
1741.49370	0.03057
1739.56514	0.03171
1737.63657	0.03247
1735.70801	0.03282
1733.77944	0.03322
1731.85088	0.03399
1729.92231	0.03507
1727.99375	0.03664
1726.06519	0.03857
1724.13662	0.04057
1722.20806	0.04220
1720.27949	0.04304
1718.35093	0.04331
1716.42236	0.04396
1714.49380	0.04517
1712.56523	0.04628
1710.63667	0.04692
1708.70811	0.04690
1706.77954	0.04627
1704.85098	0.04539
1702.92241	0.04443
1700.99385	0.04312
1699.06528	0.04195
1697.13672	0.04142
1695.20815	0.04105
1693.27959	0.04074
1691.35103	0.04030
1689.42246	0.03971
1687.49390	0.03923
1685.56533	0.03886
1683.63677	0.03901
1681.70820	0.03982
1679.77964	0.04064
1677.85107	0.04121
1675.92251	0.04162
1673.99395	0.04212
1672.06538	0.04263
1670.13682	0.04326
1668.20825	0.04440
1666.27969	0.04553
1664.35112	0.04625
1662.42256	0.04696
1660.49399	0.04785
1658.56543	0.04846
1656.63687	0.04851
1654.70830	0.04812
1652.77974	0.04801
1650.85117	0.04833
1648.92261	0.04823
1646.99404	0.04800
1645.06548	0.04824
1643.13691	0.04846
1641.20835	0.04819
1639.27979	0.04749
1637.35122	0.04655
1635.42266	0.04595
1633.49409	0.04607
1631.56553	0.04604
1629.63696	0.04534
1627.70840	0.04422
1625.77983	0.04310
1623.85127	0.04204
1621.92271	0.04115
1619.99414	0.04040
1618.06558	0.03938
1616.13701	0.03832
1614.20845	0.03786
1612.27988	0.03750
1610.35132	0.03683
1608.42275	0.03616
1606.49419	0.03573
1604.56562	0.03534
1602.63706	0.03498
1600.70850	0.03472
1598.77993	0.03442
1596.85137	0.03403
1594.92280	0.03371
1592.99424	0.03354
1591.06567	0.03335
1589.13711	0.03312
1587.20854	0.03297
1585.27998	0.03294
1583.35142	0.03289
1581.42285	0.03272
1579.49429	0.03236
1577.56572	0.03183
1575.63716	0.03168
1573.70859	0.03204
1571.78003	0.03226
1569.85146	0.03231
1567.92290	0.03259
1565.99434	0.03302
1564.06577	0.03333
1562.13721	0.03326
1560.20864	0.03267
1558.28008	0.03265
1556.35151	0.03367
1554.42295	0.03457
1552.49438	0.03514
1550.56582	0.03543
1548.63726	0.03560
1546.70869	0.03550
1544.78013	0.03494
1542.85156	0.03406
1540.92300	0.03331
1538.99443	0.03344
1537.06587	0.03395
1535.13730	0.03392
1533.20874	0.03350
1531.28018	0.03325
1529.35161	0.03293
1527.42305	0.03217
1525.49448	0.03121
1523.56592	0.03033
1521.63735	0.02966
1519.70879	0.02931
1517.78022	0.02906
1515.85166	0.02892
1513.92310	0.02883
1511.99453	0.02824
1510.06597	0.02696
1508.13740	0.02545
1506.20884	0.02491
1504.28027	0.02545
1502.35171	0.02567
1500.42314	0.02541
1498.49458	0.02498
1496.56602	0.02474
1494.63745	0.02476
1492.70889	0.02458
1490.78032	0.02413
1488.85176	0.02418
1486.92319	0.02526
1484.99463	0.02675
1483.06606	0.02836
1481.13750	0.03071
1479.20894	0.03502
1477.28037	0.04394
1475.35181	0.05980
1473.42324	0.07911
1471.49468	0.09236
1469.56611	0.09878
1467.63755	0.10608
1465.70898	0.11842
1463.78042	0.13296
1461.85186	0.14231
1459.92329	0.14561
1457.99473	0.14663
1456.06616	0.14840
1454.13760	0.15038
1452.20903	0.15110
1450.28047	0.14884
1448.35190	0.14088
1446.42334	0.12738
1444.49478	0.11288
1442.56621	0.10075
1440.63765	0.09267
1438.70908	0.08874
1436.78052	0.08736
1434.85195	0.08496
1432.92339	0.07922
1430.99482	0.07166
1429.06626	0.06532
1427.13770	0.06160
1425.20913	0.05935
1423.28057	0.05790
1421.35200	0.05701
1419.42344	0.05624
1417.49487	0.05586
1415.56631	0.05593
1413.63774	0.05592
1411.70918	0.05566
1409.78062	0.05531
1407.85205	0.05486
1405.92349	0.05427
1403.99492	0.05376
1402.06636	0.05321
1400.13779	0.05237
1398.20923	0.05145
1396.28066	0.05097
1394.35210	0.05116
1392.42354	0.05198
1390.49497	0.05341
1388.56641	0.05623
1386.63784	0.06224
1384.70928	0.07288
1382.78071	0.09013
1380.85215	0.11801
1378.92358	0.15790
1376.99502	0.19700
1375.06646	0.20936
1373.13789	0.18659
1371.20933	0.15183
1369.28076	0.12302
1367.35220	0.10405
1365.42363	0.09431
1363.49507	0.09127
1361.56650	0.09281
1359.63794	0.09508
1357.70937	0.09380
1355.78081	0.08819
1353.85225	0.08088
1351.92368	0.07443
1349.99512	0.06945
1348.06655	0.06564
1346.13799	0.06269
1344.20942	0.06028
1342.28086	0.05812
1340.35229	0.05625
1338.42373	0.05507
1336.49517	0.05476
1334.56660	0.05508
1332.63804	0.05567
1330.70947	0.05617
1328.78091	0.05627
1326.85234	0.05589
1324.92378	0.05510
1322.99521	0.05414
1321.06665	0.05337
1319.13809	0.05300
1317.20952	0.05297
1315.28096	0.05303
1313.35239	0.05324
1311.42383	0.05382
1309.49526	0.05507
1307.56670	0.05730
1305.63813	0.05982
1303.70957	0.06091
1301.78101	0.06025
1299.85244	0.05936
1297.92388	0.05908
1295.99531	0.05902
1294.06675	0.05868
1292.13818	0.05798
1290.20962	0.05712
1288.28105	0.05637
1286.35249	0.05587
1284.42393	0.05560
1282.49536	0.05549
1280.56680	0.05546
1278.63823	0.05544
1276.70967	0.05545
1274.78110	0.05552
1272.85254	0.05573
1270.92397	0.05613
1268.99541	0.05689
1267.06685	0.05813
1265.13828	0.05979
1263.20972	0.06162
1261.28115	0.06348
1259.35259	0.06537
1257.42402	0.06703
1255.49546	0.06765
1253.56689	0.06670
1251.63833	0.06477
1249.70977	0.06301
1247.78120	0.06191
1245.85264	0.06127
1243.92407	0.06085
1241.99551	0.06065
1240.06694	0.06063
1238.13838	0.06067
1236.20981	0.06071
1234.28125	0.06076
1232.35269	0.06085
1230.42412	0.06099
1228.49556	0.06114
1226.56699	0.06137
1224.63843	0.06178
1222.70986	0.06235
1220.78130	0.06292
1218.85273	0.06321
1216.92417	0.06303
1214.99561	0.06245
1213.06704	0.06173
1211.13848	0.06107
1209.20991	0.06062
1207.28135	0.06036
1205.35278	0.06015
1203.42422	0.05987
1201.49565	0.05957
1199.56709	0.05936
1197.63853	0.05918
1195.70996	0.05900
1193.78140	0.05889
1191.85283	0.05886
1189.92427	0.05887
1187.99570	0.05900
1186.06714	0.05932
1184.13857	0.05980
1182.21001	0.06047
1180.28145	0.06148
1178.35288	0.06307
1176.42432	0.06574
1174.49575	0.07026
1172.56719	0.07712
1170.63862	0.08530
1168.71006	0.09163
1166.78149	0.09316
1164.85293	0.09027
1162.92437	0.08582
1160.99580	0.08196
1159.06724	0.07931
1157.13867	0.07781
1155.21011	0.07712
1153.28154	0.07656
1151.35298	0.07549
1149.42441	0.07387
1147.49585	0.07205
1145.56729	0.07035
1143.63872	0.06891
1141.71016	0.06783
1139.78159	0.06713
1137.85303	0.06675
1135.92446	0.06653
1133.99590	0.06636
1132.06733	0.06615
1130.13877	0.06589
1128.21021	0.06564
1126.28164	0.06542
1124.35308	0.06522
1122.42451	0.06512
1120.49595	0.06518
1118.56738	0.06533
1116.63882	0.06553
1114.71025	0.06577
1112.78169	0.06621
1110.85312	0.06710
1108.92456	0.06852
1106.99600	0.07040
1105.06743	0.07249
1103.13887	0.07419
1101.21030	0.07492
1099.28174	0.07481
1097.35317	0.07448
1095.42461	0.07432
1093.49604	0.07434
1091.56748	0.07455
1089.63892	0.07490
1087.71035	0.07536
1085.78179	0.07599
1083.85322	0.07670
1081.92466	0.07725
1079.99609	0.07752
1078.06753	0.07761
1076.13896	0.07755
1074.21040	0.07746
1072.28184	0.07748
1070.35327	0.07774
1068.42471	0.07821
1066.49614	0.07884
1064.56758	0.07962
1062.63901	0.08061
1060.71045	0.08182
1058.78188	0.08326
1056.85332	0.08499
1054.92476	0.08713
1052.99619	0.08977
1051.06763	0.09305
1049.13906	0.09685
1047.21050	0.10048
1045.28193	0.10312
1043.35337	0.10446
1041.42480	0.10465
1039.49624	0.10409
1037.56768	0.10336
1035.63911	0.10290
1033.71055	0.10279
1031.78198	0.10305
1029.85342	0.10390
1027.92485	0.10538
1025.99629	0.10727
1024.06772	0.10927
1022.13916	0.11097
1020.21060	0.11177
1018.28203	0.11111
1016.35347	0.10903
1014.42490	0.10603
1012.49634	0.10247
1010.56777	0.09854
1008.63921	0.09484
1006.71064	0.09228
1004.78208	0.09204
1002.85352	0.09567
1000.92495	0.10340
998.99639	0.11106
997.06782	0.11187
995.13926	0.10429
993.21069	0.09358
991.28213	0.08479
989.35356	0.07900
987.42500	0.07536
985.49644	0.07319
983.56787	0.07240
981.63931	0.07322
979.71074	0.07618
977.78218	0.08205
975.85361	0.09065
973.92505	0.09827
971.99648	0.09894
970.06792	0.09147
968.13936	0.08127
966.21079	0.07333
964.28223	0.06846
962.35366	0.06557
960.42510	0.06377
958.49653	0.06255
956.56797	0.06159
954.63940	0.06081
952.71084	0.06027
950.78228	0.06004
948.85371	0.06004
946.92515	0.06024
944.99658	0.06076
943.06802	0.06149
941.13945	0.06188
939.21089	0.06132
937.28232	0.05985
935.35376	0.05822
933.42520	0.05689
931.49663	0.05582
929.56807	0.05489
927.63950	0.05404
925.71094	0.05321
923.78237	0.05238
921.85381	0.05164
919.92524	0.05104
917.99668	0.05054
916.06812	0.05010
914.13955	0.04976
912.21099	0.04951
910.28242	0.04938
908.35386	0.04950
906.42529	0.05024
904.49673	0.05230
902.56816	0.05581
900.63960	0.05911
898.71104	0.05969
896.78247	0.05696
894.85391	0.05274
892.92534	0.04904
890.99678	0.04669
889.06821	0.04548
887.13965	0.04497
885.21108	0.04484
883.28252	0.04505
881.35396	0.04544
879.42539	0.04574
877.49683	0.04594
875.56826	0.04623
873.63970	0.04649
871.71113	0.04659
869.78257	0.04662
867.85400	0.04663
865.92544	0.04661
863.99687	0.04664
862.06831	0.04671
860.13975	0.04667
858.21118	0.04641
856.28262	0.04615
854.35405	0.04615
852.42549	0.04652
850.49692	0.04741
848.56836	0.04941
846.63979	0.05405
844.71123	0.06340
842.78267	0.07560
840.85410	0.08139
838.92554	0.07489
836.99697	0.06323
835.06841	0.05489
833.13984	0.05054
831.21128	0.04811
829.28271	0.04670
827.35415	0.04590
825.42559	0.04556
823.49702	0.04550
821.56846	0.04530
819.63989	0.04490
817.71133	0.04475
815.78276	0.04552
813.85420	0.04757
811.92563	0.04992
809.99707	0.05054
808.06851	0.04806
806.13994	0.04308
804.21138	0.03735
802.28281	0.03204
800.35425	0.02718
798.42568	0.02249
796.49712	0.01760
794.56855	0.01208
792.63999	0.00617
790.71143	0.00059
788.78286	-0.00476
786.85430	-0.01013
784.92573	-0.01518
782.99717	-0.01965
781.06860	-0.02356
779.14004	-0.02681
777.21147	-0.02931
775.28291	-0.03116
773.35435	-0.03248
771.42578	-0.03333
769.49722	-0.03355
767.56865	-0.03300
765.64009	-0.03174
763.71152	-0.02993
761.78296	-0.02752
759.85439	-0.02444
757.92583	-0.02065
755.99727	-0.01636
754.06870	-0.01187
752.14014	-0.00733
750.21157	-0.00308
748.28301	0.00064
746.35444	0.00400
744.42588	0.00747
742.49731	0.01138
740.56875	0.01552
738.64019	0.01974
736.71162	0.02437
734.78306	0.03021
732.85449	0.03727
730.92593	0.04343
728.99736	0.04696
727.06880	0.04931
725.14023	0.05279
723.21167	0.05787
721.28311	0.06801
719.35454	0.07910
717.42598	0.08558
715.49741	0.08494
713.56885	0.07962
711.64028	0.07500
709.71172	0.07347
707.78315	0.07422
705.85459	0.07588
703.92603	0.07760
701.99746	0.07927
700.06890	0.08114
698.14033	0.08310
696.21177	0.08494
694.28320	0.08659
692.35464	0.08806
690.42607	0.08965
688.49751	0.09146
686.56895	0.09282
684.64038	0.09350
682.71182	0.09403
680.78325	0.09537
678.85469	0.09773
676.92612	0.09987
674.99756	0.10121
673.06899	0.10397
671.14043	0.11421
669.21187	0.12922
667.28330	0.12637
665.35474	0.11929
663.42617	0.11143
661.49761	0.10876
659.56904	0.10939
657.64048	0.11039
655.71191	0.11042
653.78335	0.10964
651.85479	0.10948
649.92622	0.10987
647.99766	0.10926
646.06909	0.10763
644.14053	0.10585
642.21196	0.10309
640.28340	0.09784
638.35483	0.08988
636.42627	0.07932
634.49771	0.06615
632.56914	0.05339
630.64058	0.04796
628.71201	0.05590
626.78345	0.07114
624.85488	0.08547
622.92632	0.09568
620.99775	0.10160
619.06919	0.10479
617.14062	0.10773
615.21206	0.11072
613.28350	0.11182
611.35493	0.11120
609.42637	0.11065
607.49780	0.11052
605.56924	0.11030
603.64067	0.10978
601.71211	0.10910
599.78354	0.10768
