3997.91411	-0.00837
3995.98555	-0.00843
3994.05698	-0.00847
3992.12842	-0.00852
3990.19985	-0.00849
3988.27129	-0.00838
3986.34272	-0.00841
3984.41416	-0.00861
3982.48560	-0.00868
3980.55703	-0.00861
3978.62847	-0.00868
3976.69990	-0.00891
3974.77134	-0.00909
3972.84277	-0.00902
3970.91421	-0.00874
3968.98564	-0.00853
3967.05708	-0.00862
3965.12852	-0.00889
3963.19995	-0.00912
3961.27139	-0.00917
3959.34282	-0.00904
3957.41426	-0.00894
3955.48569	-0.00903
3953.55713	-0.00920
3951.62856	-0.00941
3949.70000	-0.00964
3947.77144	-0.00970
3945.84287	-0.00975
3943.91431	-0.00997
3941.98574	-0.01000
3940.05718	-0.00971
3938.12861	-0.00952
3936.20005	-0.00966
3934.27148	-0.01007
3932.34292	-0.01046
3930.41436	-0.01046
3928.48579	-0.01020
3926.55723	-0.01022
3924.62866	-0.01034
3922.70010	-0.01007
3920.77153	-0.00976
3918.84297	-0.00989
3916.91440	-0.01009
3914.98584	-0.00988
3913.05728	-0.00947
3911.12871	-0.00916
3909.20015	-0.00913
3907.27158	-0.00968
3905.34302	-0.01076
3903.41445	-0.01168
3901.48589	-0.01185
3899.55732	-0.01140
3897.62876	-0.01067
3895.70020	-0.01013
3893.77163	-0.01018
3891.84307	-0.01052
3889.91450	-0.01042
3887.98594	-0.01026
3886.05737	-0.01060
3884.12881	-0.01100
3882.20024	-0.01126
3880.27168	-0.01140
3878.34312	-0.01100
3876.41455	-0.01073
3874.48599	-0.01114
3872.55742	-0.01160
3870.62886	-0.01173
3868.70029	-0.01146
3866.77173	-0.01110
3864.84316	-0.01124
3862.91460	-0.01142
3860.98604	-0.01104
3859.05747	-0.01072
3857.12891	-0.01100
3855.20034	-0.01195
3853.27178	-0.01281
3851.34321	-0.01220
3849.41465	-0.01103
3847.48608	-0.01047
3845.55752	-0.01065
3843.62896	-0.01126
3841.70039	-0.01199
3839.77183	-0.01264
3837.84326	-0.01286
3835.91470	-0.01249
3833.98613	-0.01198
3832.05757	-0.01164
3830.12900	-0.01145
3828.20044	-0.01137
3826.27187	-0.01132
3824.34331	-0.01127
3822.41475	-0.01174
3820.48618	-0.01238
3818.55762	-0.01223
3816.62905	-0.01186
3814.70049	-0.01149
3812.77192	-0.01087
3810.84336	-0.01040
3808.91479	-0.01044
3806.98623	-0.01092
3805.05767	-0.01134
3803.12910	-0.01188
3801.20054	-0.01240
3799.27197	-0.01206
3797.34341	-0.01133
3795.41484	-0.01075
3793.48628	-0.01025
3791.55771	-0.01006
3789.62915	-0.01035
3787.70059	-0.01088
3785.77202	-0.01124
3783.84346	-0.01117
3781.91489	-0.01099
3779.98633	-0.01111
3778.05776	-0.01120
3776.12920	-0.01101
3774.20063	-0.01086
3772.27207	-0.01099
3770.34351	-0.01128
3768.41494	-0.01132
3766.48638	-0.01123
3764.55781	-0.01128
3762.62925	-0.01144
3760.70068	-0.01191
3758.77212	-0.01238
3756.84355	-0.01232
3754.91499	-0.01241
3752.98643	-0.01331
3751.05786	-0.01429
3749.12930	-0.01418
3747.20073	-0.01379
3745.27217	-0.01405
3743.34360	-0.01442
3741.41504	-0.01440
3739.48647	-0.01458
3737.55791	-0.01536
3735.62935	-0.01636
3733.70078	-0.01656
3731.77222	-0.01604
3729.84365	-0.01562
3727.91509	-0.01557
3725.98652	-0.01577
3724.05796	-0.01573
3722.12939	-0.01512
3720.20083	-0.01407
3718.27227	-0.01301
3716.34370	-0.01245
3714.41514	-0.01270
3712.48657	-0.01379
3710.55801	-0.01470
3708.62944	-0.01457
3706.70088	-0.01413
3704.77231	-0.01390
3702.84375	-0.01399
3700.91519	-0.01405
3698.98662	-0.01375
3697.05806	-0.01342
3695.12949	-0.01339
3693.20093	-0.01368
3691.27236	-0.01420
3689.34380	-0.01454
3687.41523	-0.01404
3685.48667	-0.01302
3683.55811	-0.01219
3681.62954	-0.01195
3679.70098	-0.01232
3677.77241	-0.01315
3675.84385	-0.01393
3673.91528	-0.01355
3671.98672	-0.01276
3670.05815	-0.01254
3668.12959	-0.01207
3666.20103	-0.01119
3664.27246	-0.01062
3662.34390	-0.01045
3660.41533	-0.01056
3658.48677	-0.01098
3656.55820	-0.01140
3654.62964	-0.01144
3652.70107	-0.01162
3650.77251	-0.01272
3648.84395	-0.01402
3646.91538	-0.01358
3644.98682	-0.01203
3643.05825	-0.01091
3641.12969	-0.01047
3639.20112	-0.01032
3637.27256	-0.01030
3635.34399	-0.01053
3633.41543	-0.01105
3631.48687	-0.01190
3629.55830	-0.01289
3627.62974	-0.01270
3625.70117	-0.01149
3623.77261	-0.01059
3621.84404	-0.01032
3619.91548	-0.01050
3617.98691	-0.01052
3616.05835	-0.01012
3614.12979	-0.00966
3612.20122	-0.00940
3610.27266	-0.00965
3608.34409	-0.01003
3606.41553	-0.00959
3604.48696	-0.00879
3602.55840	-0.00861
3600.62983	-0.00888
3598.70127	-0.00872
3596.77271	-0.00815
3594.84414	-0.00776
3592.91558	-0.00755
3590.98701	-0.00742
3589.05845	-0.00770
3587.12988	-0.00794
3585.20132	-0.00729
3583.27275	-0.00613
3581.34419	-0.00518
3579.41562	-0.00468
3577.48706	-0.00441
3575.55850	-0.00417
3573.62993	-0.00389
3571.70137	-0.00365
3569.77280	-0.00399
3567.84424	-0.00498
3565.91567	-0.00518
3563.98711	-0.00412
3562.05854	-0.00304
3560.12998	-0.00246
3558.20142	-0.00198
3556.27285	-0.00162
3554.34429	-0.00167
3552.41572	-0.00179
3550.48716	-0.00152
3548.55859	-0.00119
3546.63003	-0.00104
3544.70146	-0.00059
3542.77290	0.00030
3540.84434	0.00106
3538.91577	0.00114
3536.98721	0.00072
3535.05864	0.00053
3533.13008	0.00070
3531.20151	0.00096
3529.27295	0.00128
3527.34438	0.00159
3525.41582	0.00170
3523.48726	0.00169
3521.55869	0.00202
3519.63013	0.00271
3517.70156	0.00314
3515.77300	0.00313
3513.84443	0.00295
3511.91587	0.00282
3509.98730	0.00286
3508.05874	0.00317
3506.13018	0.00353
3504.20161	0.00361
3502.27305	0.00369
3500.34448	0.00418
3498.41592	0.00469
3496.48735	0.00496
3494.55879	0.00518
3492.63022	0.00537
3490.70166	0.00542
3488.77310	0.00545
3486.84453	0.00557
3484.91597	0.00560
3482.98740	0.00556
3481.05884	0.00583
3479.13027	0.00646
3477.20171	0.00710
3475.27314	0.00739
3473.34458	0.00728
3471.41602	0.00712
3469.48745	0.00723
3467.55889	0.00766
3465.63032	0.00811
3463.70176	0.00827
3461.77319	0.00815
3459.84463	0.00795
3457.91606	0.00793
3455.98750	0.00811
3454.05894	0.00827
3452.13037	0.00832
3450.20181	0.00833
3448.27324	0.00831
3446.34468	0.00853
3444.41611	0.00911
3442.48755	0.00966
3440.55898	0.00997
3438.63042	0.01006
3436.70186	0.00993
3434.77329	0.00971
3432.84473	0.00970
3430.91616	0.00992
3428.98760	0.01011
3427.05903	0.01035
3425.13047	0.01071
3423.20190	0.01082
3421.27334	0.01057
3419.34478	0.01045
3417.41621	0.01056
3415.48765	0.01064
3413.55908	0.01069
3411.63052	0.01081
3409.70195	0.01093
3407.77339	0.01109
3405.84482	0.01116
3403.91626	0.01100
3401.98770	0.01101
3400.05913	0.01152
3398.13057	0.01209
3396.20200	0.01218
3394.27344	0.01190
3392.34487	0.01171
3390.41631	0.01180
3388.48774	0.01204
3386.55918	0.01215
3384.63062	0.01199
3382.70205	0.01179
3380.77349	0.01172
3378.84492	0.01176
3376.91636	0.01193
3374.98779	0.01226
3373.05923	0.01247
3371.13066	0.01219
3369.20210	0.01170
3367.27354	0.01165
3365.34497	0.01205
3363.41641	0.01241
3361.48784	0.01243
3359.55928	0.01223
3357.63071	0.01217
3355.70215	0.01221
3353.77358	0.01215
3351.84502	0.01209
3349.91646	0.01203
3347.98789	0.01202
3346.05933	0.01218
3344.13076	0.01231
3342.20220	0.01226
3340.27363	0.01226
3338.34507	0.01231
3336.41650	0.01226
3334.48794	0.01235
3332.55937	0.01256
3330.63081	0.01259
3328.70225	0.01251
3326.77368	0.01231
3324.84512	0.01191
3322.91655	0.01166
3320.98799	0.01178
3319.05942	0.01196
3317.13086	0.01192
3315.20229	0.01176
3313.27373	0.01169
3311.34517	0.01179
3309.41660	0.01198
3307.48804	0.01205
3305.55947	0.01182
3303.63091	0.01140
3301.70234	0.01133
3299.77378	0.01172
3297.84521	0.01202
3295.91665	0.01193
3293.98809	0.01169
3292.05952	0.01150
3290.13096	0.01128
3288.20239	0.01109
3286.27383	0.01107
3284.34526	0.01117
3282.41670	0.01132
3280.48813	0.01141
3278.55957	0.01129
3276.63101	0.01105
3274.70244	0.01077
3272.77388	0.01052
3270.84531	0.01037
3268.91675	0.01022
3266.98818	0.01006
3265.05962	0.00990
3263.13105	0.00970
3261.20249	0.00956
3259.27393	0.00951
3257.34536	0.00936
3255.41680	0.00914
3253.48823	0.00907
3251.55967	0.00913
3249.63110	0.00903
3247.70254	0.00868
3245.77397	0.00842
3243.84541	0.00839
3241.91685	0.00844
3239.98828	0.00845
3238.05972	0.00845
3236.13115	0.00827
3234.20259	0.00782
3232.27402	0.00743
3230.34546	0.00738
3228.41689	0.00753
3226.48833	0.00773
3224.55977	0.00772
3222.63120	0.00736
3220.70264	0.00705
3218.77407	0.00702
3216.84551	0.00698
3214.91694	0.00689
3212.98838	0.00687
3211.05981	0.00677
3209.13125	0.00663
3207.20269	0.00655
3205.27412	0.00645
3203.34556	0.00636
3201.41699	0.00633
3199.48843	0.00621
3197.55986	0.00601
3195.63130	0.00590
3193.70273	0.00584
3191.77417	0.00565
3189.84561	0.00527
3187.91704	0.00492
3185.98848	0.00482
3184.05991	0.00479
3182.13135	0.00454
3180.20278	0.00413
3178.27422	0.00375
3176.34565	0.00348
3174.41709	0.00329
3172.48853	0.00319
3170.55996	0.00315
3168.63140	0.00294
3166.70283	0.00263
3164.77427	0.00249
3162.84570	0.00242
3160.91714	0.00233
3158.98857	0.00231
3157.06001	0.00209
3155.13145	0.00154
3153.20288	0.00102
3151.27432	0.00075
3149.34575	0.00067
3147.41719	0.00065
3145.48862	0.00069
3143.56006	0.00079
3141.63149	0.00081
3139.70293	0.00060
3137.77437	0.00024
3135.84580	-0.00005
3133.91724	-0.00021
3131.98867	-0.00054
3130.06011	-0.00103
3128.13154	-0.00141
3126.20298	-0.00160
3124.27441	-0.00172
3122.34585	-0.00191
3120.41729	-0.00213
3118.48872	-0.00216
3116.56016	-0.00201
3114.63159	-0.00197
3112.70303	-0.00220
3110.77446	-0.00249
3108.84590	-0.00263
3106.91733	-0.00277
3104.98877	-0.00297
3103.06021	-0.00308
3101.13164	-0.00309
3099.20308	-0.00319
3097.27451	-0.00343
3095.34595	-0.00371
3093.41738	-0.00391
3091.48882	-0.00398
3089.56025	-0.00391
3087.63169	-0.00390
3085.70312	-0.00405
3083.77456	-0.00429
3081.84600	-0.00447
3079.91743	-0.00454
3077.98887	-0.00450
3076.06030	-0.00446
3074.13174	-0.00459
3072.20317	-0.00491
3070.27461	-0.00529
3068.34604	-0.00561
3066.41748	-0.00576
3064.48892	-0.00574
3062.56035	-0.00568
3060.63179	-0.00568
3058.70322	-0.00569
3056.77466	-0.00585
3054.84609	-0.00623
3052.91753	-0.00661
3050.98896	-0.00690
3049.06040	-0.00706
3047.13184	-0.00706
3045.20327	-0.00702
3043.27471	-0.00706
3041.34614	-0.00729
3039.41758	-0.00762
3037.48901	-0.00775
3035.56045	-0.00777
3033.63188	-0.00782
3031.70332	-0.00769
3029.77476	-0.00735
3027.84619	-0.00716
3025.91763	-0.00721
3023.98906	-0.00726
3022.06050	-0.00728
3020.13193	-0.00739
3018.20337	-0.00760
3016.27480	-0.00781
3014.34624	-0.00788
3012.41768	-0.00779
3010.48911	-0.00756
3008.56055	-0.00718
3006.63198	-0.00672
3004.70342	-0.00625
3002.77485	-0.00577
3000.84629	-0.00520
2998.91772	-0.00442
2996.98916	-0.00341
2995.06060	-0.00227
2993.13203	-0.00101
2991.20347	0.00056
2989.27490	0.00273
2987.34634	0.00545
2985.41777	0.00854
2983.48921	0.01216
2981.56064	0.01676
2979.63208	0.02254
2977.70352	0.02946
2975.77495	0.03776
2973.84639	0.04799
2971.91782	0.06030
2969.98926	0.07462
2968.06069	0.09107
2966.13213	0.10947
2964.20356	0.12821
2962.27500	0.14420
2960.34644	0.15538
2958.41787	0.16363
2956.48931	0.17303
2954.56074	0.18529
2952.63218	0.19712
2950.70361	0.20214
2948.77505	0.19598
2946.84648	0.17953
2944.91792	0.15783
2942.98936	0.13708
2941.06079	0.12211
2939.13223	0.11500
2937.20366	0.11563
2935.27510	0.12313
2933.34653	0.13639
2931.41797	0.15411
2929.48940	0.17480
2927.56084	0.19662
2925.63228	0.21789
2923.70371	0.23776
2921.77515	0.25569
2919.84658	0.26986
2917.91802	0.27657
2915.98945	0.27304
2914.06089	0.26134
2912.13232	0.24703
2910.20376	0.23400
2908.27520	0.22262
2906.34663	0.21156
2904.41807	0.19988
2902.48950	0.18773
2900.56094	0.17569
2898.63237	0.16435
2896.70381	0.15414
2894.77524	0.14558
2892.84668	0.13909
2890.91812	0.13470
2888.98955	0.13210
2887.06099	0.13086
2885.13242	0.13076
2883.20386	0.13192
2881.27529	0.13430
2879.34673	0.13711
2877.41816	0.13897
2875.48960	0.13925
2873.56104	0.13910
2871.63247	0.14009
2869.70391	0.14242
2867.77534	0.14406
2865.84678	0.14126
2863.91821	0.13146
2861.98965	0.11668
2860.06108	0.10200
2858.13252	0.09121
2856.20396	0.08536
2854.27539	0.08381
2852.34683	0.08516
2850.41826	0.08825
2848.48970	0.09299
2846.56113	0.10014
2844.63257	0.11027
2842.70400	0.12239
2840.77544	0.13353
2838.84687	0.13971
2836.91831	0.13782
2834.98975	0.12745
2833.06118	0.11166
2831.13262	0.09513
2829.20405	0.08108
2827.27549	0.07039
2825.34692	0.06258
2823.41836	0.05676
2821.48979	0.05218
2819.56123	0.04849
2817.63267	0.04555
2815.70410	0.04319
2813.77554	0.04118
2811.84697	0.03937
2809.91841	0.03769
2807.98984	0.03597
2806.06128	0.03410
2804.13271	0.03226
2802.20415	0.03064
2800.27559	0.02921
2798.34702	0.02790
2796.41846	0.02679
2794.48989	0.02590
2792.56133	0.02501
2790.63276	0.02398
2788.70420	0.02289
2786.77563	0.02185
2784.84707	0.02094
2782.91851	0.02006
2780.98994	0.01913
2779.06138	0.01832
2777.13281	0.01769
2775.20425	0.01708
2773.27568	0.01651
2771.34712	0.01606
2769.41855	0.01568
2767.48999	0.01535
2765.56143	0.01509
2763.63286	0.01484
2761.70430	0.01450
2759.77573	0.01410
2757.84717	0.01376
2755.91860	0.01346
2753.99004	0.01309
2752.06147	0.01275
2750.13291	0.01255
2748.20435	0.01240
2746.27578	0.01228
2744.34722	0.01236
2742.41865	0.01256
2740.49009	0.01266
2738.56152	0.01268
2736.63296	0.01275
2734.70439	0.01291
2732.77583	0.01316
2730.84727	0.01349
2728.91870	0.01390
2726.99014	0.01437
2725.06157	0.01486
2723.13301	0.01518
2721.20444	0.01513
2719.27588	0.01465
2717.34731	0.01384
2715.41875	0.01292
2713.49019	0.01217
2711.56162	0.01162
2709.63306	0.01109
2707.70449	0.01057
2705.77593	0.01016
2703.84736	0.00984
2701.91880	0.00963
2699.99023	0.00949
2698.06167	0.00930
2696.13311	0.00903
2694.20454	0.00880
2692.27598	0.00863
2690.34741	0.00849
2688.41885	0.00839
2686.49028	0.00827
2684.56172	0.00811
2682.63315	0.00806
2680.70459	0.00812
2678.77603	0.00817
2676.84746	0.00808
2674.91890	0.00787
2672.99033	0.00766
2671.06177	0.00752
2669.13320	0.00749
2667.20464	0.00753
2665.27607	0.00761
2663.34751	0.00768
2661.41895	0.00771
2659.49038	0.00771
2657.56182	0.00767
2655.63325	0.00755
2653.70469	0.00733
2651.77612	0.00702
2649.84756	0.00674
2647.91899	0.00652
2645.99043	0.00639
2644.06187	0.00636
2642.13330	0.00631
2640.20474	0.00606
2638.27617	0.00573
2636.34761	0.00555
2634.41904	0.00546
2632.49048	0.00535
2630.56191	0.00527
2628.63335	0.00528
2626.70479	0.00531
2624.77622	0.00535
2622.84766	0.00533
2620.91909	0.00520
2618.99053	0.00514
2617.06196	0.00523
2615.13340	0.00528
2613.20483	0.00512
2611.27627	0.00483
2609.34771	0.00458
2607.41914	0.00432
2605.49058	0.00398
2603.56201	0.00364
2601.63345	0.00338
2599.70488	0.00324
2597.77632	0.00324
2595.84775	0.00327
2593.91919	0.00327
2591.99062	0.00334
2590.06206	0.00354
2588.13350	0.00376
2586.20493	0.00388
2584.27637	0.00393
2582.34780	0.00394
2580.41924	0.00392
2578.49067	0.00383
2576.56211	0.00359
2574.63354	0.00325
2572.70498	0.00295
2570.77642	0.00269
2568.84785	0.00240
2566.91929	0.00212
2564.99072	0.00193
2563.06216	0.00191
2561.13359	0.00187
2559.20503	0.00166
2557.27646	0.00145
2555.34790	0.00141
2553.41934	0.00143
2551.49077	0.00128
2549.56221	0.00093
2547.63364	0.00067
2545.70508	0.00052
2543.77651	0.00039
2541.84795	0.00036
2539.91938	0.00039
2537.99082	0.00030
2536.06226	0.00005
2534.13369	-0.00007
2532.20513	0.00001
2530.27656	0.00006
2528.34800	-0.00005
2526.41943	-0.00020
2524.49087	-0.00033
2522.56230	-0.00045
2520.63374	-0.00050
2518.70518	-0.00048
2516.77661	-0.00060
2514.84805	-0.00086
2512.91948	-0.00105
2510.99092	-0.00110
2509.06235	-0.00116
2507.13379	-0.00127
2505.20522	-0.00135
2503.27666	-0.00143
2501.34810	-0.00157
2499.41953	-0.00165
2497.49097	-0.00168
2495.56240	-0.00170
2493.63384	-0.00159
2491.70527	-0.00136
2489.77671	-0.00124
2487.84814	-0.00136
2485.91958	-0.00152
2483.99102	-0.00161
2482.06245	-0.00168
2480.13389	-0.00176
2478.20532	-0.00175
2476.27676	-0.00165
2474.34819	-0.00164
2472.41963	-0.00182
2470.49106	-0.00208
2468.56250	-0.00223
2466.63394	-0.00226
2464.70537	-0.00225
2462.77681	-0.00222
2460.84824	-0.00212
2458.91968	-0.00201
2456.99111	-0.00197
2455.06255	-0.00193
2453.13398	-0.00185
2451.20542	-0.00182
2449.27686	-0.00193
2447.34829	-0.00214
2445.41973	-0.00229
2443.49116	-0.00229
2441.56260	-0.00225
2439.63403	-0.00224
2437.70547	-0.00229
2435.77690	-0.00241
2433.84834	-0.00246
2431.91978	-0.00248
2429.99121	-0.00259
2428.06265	-0.00262
2426.13408	-0.00247
2424.20552	-0.00241
2422.27695	-0.00253
2420.34839	-0.00255
2418.41982	-0.00245
2416.49126	-0.00248
2414.56270	-0.00260
2412.63413	-0.00265
2410.70557	-0.00269
2408.77700	-0.00277
2406.84844	-0.00292
2404.91987	-0.00309
2402.99131	-0.00314
2401.06274	-0.00302
2399.13418	-0.00056
2397.20562	-0.00019
2395.27705	-0.00127
2393.34849	-0.00257
2391.41992	-0.00385
2389.49136	-0.00511
2387.56279	-0.00647
2385.63423	-0.00788
2383.70566	-0.00912
2381.77710	-0.00987
2379.84854	-0.00988
2377.91997	-0.00915
2375.99141	-0.00808
2374.06284	-0.00728
2372.13428	-0.00703
2370.20571	-0.00713
2368.27715	-0.00715
2366.34858	-0.00721
2364.42002	-0.00798
2362.49146	-0.00824
2360.56289	-0.00925
2358.63433	-0.01075
2356.70576	-0.01015
2354.77720	-0.01291
2352.84863	-0.01660
2350.92007	-0.01867
2348.99150	-0.01908
2347.06294	-0.01528
2345.13437	-0.01089
2343.20581	-0.01120
2341.27725	-0.01522
2339.34868	-0.01664
2337.42012	-0.01470
2335.49155	-0.01106
2333.56299	-0.00849
2331.63442	-0.00806
2329.70586	-0.00894
2327.77729	-0.01037
2325.84873	-0.00986
2323.92017	-0.00775
2321.99160	-0.00593
2320.06304	-0.00509
2318.13447	-0.00524
2316.20591	-0.00594
2314.27734	-0.00657
2312.34878	-0.00730
2310.42021	-0.00810
2308.49165	-0.00848
2306.56309	-0.00844
2304.63452	-0.00812
2302.70596	-0.00768
2300.77739	-0.00725
2298.84883	-0.00684
2296.92026	-0.00643
2294.99170	-0.00601
2293.06313	-0.00559
2291.13457	-0.00500
2289.20601	-0.00426
2287.27744	-0.00345
2285.34888	-0.00266
2283.42031	-0.00210
2281.49175	-0.00192
2279.56318	-0.00206
2277.63462	-0.00226
2275.70605	-0.00232
2273.77749	-0.00239
2271.84893	-0.00247
2269.92036	-0.00250
2267.99180	-0.00256
2266.06323	-0.00293
2264.13467	-0.00352
2262.20610	-0.00401
2260.27754	-0.00410
2258.34897	-0.00391
2256.42041	-0.00400
2254.49185	-0.00471
2252.56328	-0.00560
2250.63472	-0.00573
2248.70615	-0.00394
2246.77759	-0.00361
2244.84902	-0.00358
2242.92046	-0.00388
2240.99189	-0.00414
2239.06333	-0.00409
2237.13477	-0.00385
2235.20620	-0.00353
2233.27764	-0.00332
2231.34907	-0.00345
2229.42051	-0.00377
2227.49194	-0.00396
2225.56338	-0.00392
2223.63481	-0.00372
2221.70625	-0.00369
2219.77769	-0.00390
2217.84912	-0.00397
2215.92056	-0.00399
2213.99199	-0.00427
2212.06343	-0.00466
2210.13486	-0.00474
2208.20630	-0.00440
2206.27773	-0.00374
2204.34917	-0.00304
2202.42061	-0.00281
2200.49204	-0.00322
2198.56348	-0.00366
2196.63491	-0.00379
2194.70635	-0.00386
2192.77778	-0.00368
2190.84922	-0.00310
2188.92065	-0.00261
2186.99209	-0.00258
2185.06353	-0.00317
2183.13496	-0.00418
2181.20640	-0.00451
2179.27783	-0.00396
2177.34927	-0.00362
2175.42070	-0.00379
2173.49214	-0.00389
2171.56357	-0.00361
2169.63501	-0.00322
2167.70645	-0.00290
2165.77788	-0.00256
2163.84932	-0.00222
2161.92075	-0.00278
2159.99219	-0.00526
2158.06362	-0.00781
2156.13506	-0.00809
2154.20649	-0.00726
2152.27793	-0.00691
2150.34937	-0.00697
2148.42080	-0.00685
2146.49224	-0.00642
2144.56367	-0.00593
2142.63511	-0.00561
2140.70654	-0.00544
2138.77798	-0.00553
2136.84941	-0.00589
2134.92085	-0.00626
2132.99229	-0.00641
2131.06372	-0.00625
2129.13516	-0.00590
2127.20659	-0.00554
2125.27803	-0.00527
2123.34946	-0.00505
2121.42090	-0.00478
2119.49233	-0.00453
2117.56377	-0.00427
2115.63521	-0.00394
2113.70664	-0.00367
2111.77808	-0.00363
2109.84951	-0.00393
2107.92095	-0.00431
2105.99238	-0.00434
2104.06382	-0.00423
2102.13525	-0.00429
2100.20669	-0.00431
2098.27812	-0.00425
2096.34956	-0.00434
2094.42100	-0.00454
2092.49243	-0.00469
2090.56387	-0.00472
2088.63530	-0.00448
2086.70674	-0.00408
2084.77817	-0.00385
2082.84961	-0.00378
2080.92104	-0.00373
2078.99248	-0.00384
2077.06392	-0.00407
2075.13535	-0.00416
2073.20679	-0.00406
2071.27822	-0.00393
2069.34966	-0.00396
2067.42109	-0.00406
2065.49253	-0.00408
2063.56396	-0.00415
2061.63540	-0.00439
2059.70684	-0.00455
2057.77827	-0.00454
2055.84971	-0.00446
2053.92114	-0.00401
2051.99258	-0.00310
2050.06401	-0.00257
2048.13545	-0.00286
2046.20688	-0.00322
2044.27832	-0.00335
2042.34976	-0.00374
2040.42119	-0.00418
2038.49263	-0.00425
2036.56406	-0.00435
2034.63550	-0.00506
2032.70693	-0.00569
2030.77837	-0.00538
2028.84980	-0.00475
2026.92124	-0.00437
2024.99268	-0.00419
2023.06411	-0.00445
2021.13555	-0.00505
2019.20698	-0.00537
2017.27842	-0.00519
2015.34985	-0.00492
2013.42129	-0.00485
2011.49272	-0.00460
2009.56416	-0.00420
2007.63560	-0.00431
2005.70703	-0.00488
2003.77847	-0.00516
2001.84990	-0.00508
1999.92134	-0.00500
1997.99277	-0.00491
1996.06421	-0.00475
1994.13564	-0.00468
1992.20708	-0.00448
1990.27852	-0.00413
1988.34995	-0.00381
1986.42139	-0.00336
1984.49282	-0.00286
1982.56426	-0.00232
1980.63569	-0.00185
1978.70713	-0.00237
1976.77856	-0.00359
1974.85000	-0.00406
1972.92144	-0.00416
1970.99287	-0.00485
1969.06431	-0.00533
1967.13574	-0.00479
1965.20718	-0.00391
1963.27861	-0.00359
1961.35005	-0.00397
1959.42148	-0.00453
1957.49292	-0.00471
1955.56436	-0.00447
1953.63579	-0.00418
1951.70723	-0.00402
1949.77866	-0.00392
1947.85010	-0.00397
1945.92153	-0.00418
1943.99297	-0.00428
1942.06440	-0.00409
1940.13584	-0.00379
1938.20728	-0.00361
1936.27871	-0.00349
1934.35015	-0.00345
1932.42158	-0.00364
1930.49302	-0.00386
1928.56445	-0.00383
1926.63589	-0.00375
1924.70732	-0.00391
1922.77876	-0.00385
1920.85020	-0.00330
1918.92163	-0.00278
1916.99307	-0.00261
1915.06450	-0.00251
1913.13594	-0.00246
1911.20737	-0.00252
1909.27881	-0.00252
1907.35024	-0.00240
1905.42168	-0.00230
1903.49312	-0.00230
1901.56455	-0.00244
1899.63599	-0.00259
1897.70742	-0.00259
1895.77886	-0.00251
1893.85029	-0.00236
1891.92173	-0.00226
1889.99316	-0.00224
1888.06460	-0.00209
1886.13604	-0.00181
1884.20747	-0.00175
1882.27891	-0.00184
1880.35034	-0.00185
1878.42178	-0.00173
1876.49321	-0.00163
1874.56465	-0.00161
1872.63608	-0.00183
1870.70752	-0.00242
1868.77896	-0.00284
1866.85039	-0.00244
1864.92183	-0.00167
1862.99326	-0.00125
1861.06470	-0.00118
1859.13613	-0.00112
1857.20757	-0.00098
1855.27900	-0.00092
1853.35044	-0.00097
1851.42187	-0.00104
1849.49331	-0.00115
1847.56475	-0.00136
1845.63618	-0.00169
1843.70762	-0.00171
1841.77905	-0.00118
1839.85049	-0.00071
1837.92192	-0.00060
1835.99336	-0.00058
1834.06479	-0.00055
1832.13623	-0.00077
1830.20767	-0.00108
1828.27910	-0.00093
1826.35054	-0.00055
1824.42197	-0.00020
1822.49341	0.00024
1820.56484	0.00049
1818.63628	0.00039
1816.70771	0.00034
1814.77915	0.00047
1812.85059	0.00048
1810.92202	0.00055
1808.99346	0.00096
1807.06489	0.00146
1805.13633	0.00177
1803.20776	0.00190
1801.27920	0.00206
1799.35063	0.00249
1797.42207	0.00299
1795.49351	0.00326
1793.56494	0.00347
1791.63638	0.00416
1789.70781	0.00539
1787.77925	0.00655
1785.85068	0.00744
1783.92212	0.00819
1781.99355	0.00882
1780.06499	0.00949
1778.13643	0.01026
1776.20786	0.01079
1774.27930	0.01081
1772.35073	0.01075
1770.42217	0.01129
1768.49360	0.01224
1766.56504	0.01314
1764.63647	0.01368
1762.70791	0.01397
1760.77935	0.01450
1758.85078	0.01525
1756.92222	0.01601
1754.99365	0.01675
1753.06509	0.01715
1751.13652	0.01722
1749.20796	0.01773
1747.27939	0.01899
1745.35083	0.02039
1743.42227	0.02152
1741.49370	0.02239
1739.56514	0.02320
1737.63657	0.02382
1735.70801	0.02387
1733.77944	0.02378
1731.85088	0.02454
1729.92231	0.02585
1727.99375	0.02722
1726.06519	0.02836
1724.13662	0.02919
1722.20806	0.02980
1720.27949	0.02990
1718.35093	0.02958
1716.42236	0.03001
1714.49380	0.03150
1712.56523	0.03302
1710.63667	0.03392
1708.70811	0.03398
1706.77954	0.03332
1704.85098	0.03243
1702.92241	0.03145
1700.99385	0.03000
1699.06528	0.02882
1697.13672	0.02856
1695.20815	0.02877
1693.27959	0.02909
1691.35103	0.02895
1689.42246	0.02836
1687.49390	0.02759
1685.56533	0.02646
1683.63677	0.02582
1681.70820	0.02663
1679.77964	0.02762
1677.85107	0.02811
1675.92251	0.02817
1673.99395	0.02817
1672.06538	0.02815
1670.13682	0.02817
1668.20825	0.02892
1666.27969	0.02997
1664.35112	0.03042
1662.42256	0.03063
1660.49399	0.03120
1658.56543	0.03165
1656.63687	0.03129
1654.70830	0.02998
1652.77974	0.02923
1650.85117	0.03002
1648.92261	0.03031
1646.99404	0.03028
1645.06548	0.03116
1643.13691	0.03211
1641.20835	0.03223
1639.27979	0.03161
1637.35122	0.03061
1635.42266	0.03027
1633.49409	0.03118
1631.56553	0.03183
1629.63696	0.03153
1627.70840	0.03075
1625.77983	0.03006
1623.85127	0.02956
1621.92271	0.02937
1619.99414	0.02914
1618.06558	0.02830
1616.13701	0.02754
1614.20845	0.02763
1612.27988	0.02774
1610.35132	0.02743
1608.42275	0.02715
1606.49419	0.02718
1604.56562	0.02731
1602.63706	0.02738
1600.70850	0.02736
1598.77993	0.02712
1596.85137	0.02655
1594.92280	0.02591
1592.99424	0.02548
1591.06567	0.02526
1589.13711	0.02512
1587.20854	0.02504
1585.27998	0.02501
1583.35142	0.02498
1581.42285	0.02474
1579.49429	0.02412
1577.56572	0.02313
1575.63716	0.02261
1573.70859	0.02287
1571.78003	0.02284
1569.85146	0.02240
1567.92290	0.02237
1565.99434	0.02266
1564.06577	0.02271
1562.13721	0.02213
1560.20864	0.02055
1558.28008	0.01958
1556.35151	0.02073
1554.42295	0.02194
1552.49438	0.02255
1550.56582	0.02266
1548.63726	0.02261
1546.70869	0.02223
1544.78013	0.02116
1542.85156	0.01969
1540.92300	0.01859
1538.99443	0.01906
1537.06587	0.02019
1535.13730	0.02042
1533.20874	0.02015
1531.28018	0.02025
1529.35161	0.02019
1527.42305	0.01952
1525.49448	0.01869
1523.56592	0.01796
1521.63735	0.01745
1519.70879	0.01739
1517.78022	0.01747
1515.85166	0.01778
1513.92310	0.01820
1511.99453	0.01790
1510.06597	0.01660
1508.13740	0.01492
1506.20884	0.01510
1504.28027	0.01705
1502.35171	0.01817
1500.42314	0.01848
1498.49458	0.01890
1496.56602	0.02019
1494.63745	0.02174
1492.70889	0.02204
1490.78032	0.02098
1488.85176	0.02029
1486.92319	0.02134
1484.99463	0.02309
1483.06606	0.02478
1481.13750	0.02676
1479.20894	0.02942
1477.28037	0.03311
1475.35181	0.03876
1473.42324	0.04844
1471.49468	0.06263
1469.56611	0.07726
1467.63755	0.09150
1465.70898	0.10780
1463.78042	0.12434
1461.85186	0.13576
1459.92329	0.14220
1457.99473	0.14725
1456.06616	0.15280
1454.13760	0.15669
1452.20903	0.15763
1450.28047	0.15454
1448.35190	0.14531
1446.42334	0.13070
1444.49478	0.11537
1442.56621	0.10241
1440.63765	0.09344
1438.70908	0.08857
1436.78052	0.08622
1434.85195	0.08302
1432.92339	0.07649
1430.99482	0.06784
1429.06626	0.06039
1427.13770	0.05588
1425.20913	0.05302
1423.28057	0.05096
1421.35200	0.04939
1419.42344	0.04789
1417.49487	0.04711
1415.56631	0.04716
1413.63774	0.04712
1411.70918	0.04669
1409.78062	0.04613
1407.85205	0.04549
1405.92349	0.04477
1403.99492	0.04422
1402.06636	0.04370
1400.13779	0.04288
1398.20923	0.04200
1396.28066	0.04162
1394.35210	0.04204
1392.42354	0.04324
1390.49497	0.04503
1388.56641	0.04836
1386.63784	0.05575
1384.70928	0.06925
1382.78071	0.09089
1380.85215	0.12385
1378.92358	0.16760
1376.99502	0.20816
1375.06646	0.21967
1373.13789	0.19405
1371.20933	0.15561
1369.28076	0.12360
1367.35220	0.10256
1365.42363	0.09178
1363.49507	0.08832
1361.56650	0.08988
1359.63794	0.09237
1357.70937	0.09115
1355.78081	0.08531
1353.85225	0.07753
1351.92368	0.07062
1349.99512	0.06531
1348.06655	0.06135
1346.13799	0.05838
1344.20942	0.05598
1342.28086	0.05375
1340.35229	0.05172
1338.42373	0.05045
1336.49517	0.05023
1334.56660	0.05067
1332.63804	0.05137
1330.70947	0.05199
1328.78091	0.05210
1326.85234	0.05152
1324.92378	0.05044
1322.99521	0.04922
1321.06665	0.04814
1319.13809	0.04741
1317.20952	0.04702
1315.28096	0.04680
1313.35239	0.04674
1311.42383	0.04706
1309.49526	0.04816
1307.56670	0.05038
1305.63813	0.05292
1303.70957	0.05402
1301.78101	0.05343
1299.85244	0.05263
1297.92388	0.05239
1295.99531	0.05232
1294.06675	0.05202
1292.13818	0.05143
1290.20962	0.05068
1288.28105	0.05009
1286.35249	0.04983
1284.42393	0.04976
1282.49536	0.04984
1280.56680	0.05008
1278.63823	0.05037
1276.70967	0.05064
1274.78110	0.05091
1272.85254	0.05124
1270.92397	0.05172
1268.99541	0.05246
1267.06685	0.05348
1265.13828	0.05472
1263.20972	0.05609
1261.28115	0.05768
1259.35259	0.05968
1257.42402	0.06179
1255.49546	0.06301
1253.56689	0.06260
1251.63833	0.06112
1249.70977	0.05973
1247.78120	0.05896
1245.85264	0.05861
1243.92407	0.05845
1241.99551	0.05841
1240.06694	0.05844
1238.13838	0.05853
1236.20981	0.05865
1234.28125	0.05879
1232.35269	0.05899
1230.42412	0.05923
1228.49556	0.05945
1226.56699	0.05973
1224.63843	0.06020
1222.70986	0.06088
1220.78130	0.06158
1218.85273	0.06196
1216.92417	0.06187
1214.99561	0.06136
1213.06704	0.06064
1211.13848	0.05990
1209.20991	0.05924
1207.28135	0.05866
1205.35278	0.05813
1203.42422	0.05761
1201.49565	0.05704
1199.56709	0.05648
1197.63853	0.05599
1195.70996	0.05551
1193.78140	0.05498
1191.85283	0.05452
1189.92427	0.05423
1187.99570	0.05411
1186.06714	0.05417
1184.13857	0.05443
1182.21001	0.05496
1180.28145	0.05586
1178.35288	0.05745
1176.42432	0.06030
1174.49575	0.06515
1172.56719	0.07221
1170.63862	0.08026
1168.71006	0.08641
1166.78149	0.08817
1164.85293	0.08595
1162.92437	0.08228
1160.99580	0.07911
1159.06724	0.07704
1157.13867	0.07602
1155.21011	0.07570
1153.28154	0.07532
1151.35298	0.07423
1149.42441	0.07231
1147.49585	0.07000
1145.56729	0.06775
1143.63872	0.06578
1141.71016	0.06406
1139.78159	0.06259
1137.85303	0.06147
1135.92446	0.06068
1133.99590	0.06005
1132.06733	0.05954
1130.13877	0.05923
1128.21021	0.05910
1126.28164	0.05898
1124.35308	0.05888
1122.42451	0.05895
1120.49595	0.05917
1118.56738	0.05938
1116.63882	0.05963
1114.71025	0.06003
1112.78169	0.06062
1110.85312	0.06156
1108.92456	0.06298
1106.99600	0.06487
1105.06743	0.06693
1103.13887	0.06849
1101.21030	0.06909
1099.28174	0.06896
1097.35317	0.06864
1095.42461	0.06848
1093.49604	0.06859
1091.56748	0.06894
1089.63892	0.06946
1087.71035	0.07007
1085.78179	0.07067
1083.85322	0.07120
1081.92466	0.07171
1079.99609	0.07218
1078.06753	0.07248
1076.13896	0.07259
1074.21040	0.07260
1072.28184	0.07258
1070.35327	0.07263
1068.42471	0.07277
1066.49614	0.07294
1064.56758	0.07309
1062.63901	0.07322
1060.71045	0.07340
1058.78188	0.07375
1056.85332	0.07429
1054.92476	0.07485
1052.99619	0.07543
1051.06763	0.07618
1049.13906	0.07716
1047.21050	0.07800
1045.28193	0.07828
1043.35337	0.07793
1041.42480	0.07711
1039.49624	0.07616
1037.56768	0.07544
1035.63911	0.07490
1033.71055	0.07425
1031.78198	0.07348
1029.85342	0.07277
1027.92485	0.07213
1025.99629	0.07138
1024.06772	0.07056
1022.13916	0.06973
1020.21060	0.06884
1018.28203	0.06793
1016.35347	0.06710
1014.42490	0.06650
1012.49634	0.06610
1010.56777	0.06585
1008.63921	0.06596
1006.71064	0.06701
1004.78208	0.07003
1002.85352	0.07639
1000.92495	0.08608
998.99639	0.09496
997.06782	0.09670
995.13926	0.08999
993.21069	0.07999
991.28213	0.07169
989.35356	0.06638
987.42500	0.06336
985.49644	0.06195
983.56787	0.06208
981.63931	0.06422
979.71074	0.06905
977.78218	0.07711
975.85361	0.08747
973.92505	0.09570
971.99648	0.09597
970.06792	0.08789
968.13936	0.07731
966.21079	0.06919
964.28223	0.06414
962.35366	0.06099
960.42510	0.05885
958.49653	0.05729
956.56797	0.05609
954.63940	0.05517
952.71084	0.05459
950.78228	0.05430
948.85371	0.05421
946.92515	0.05442
944.99658	0.05505
943.06802	0.05586
941.13945	0.05628
939.21089	0.05583
937.28232	0.05464
935.35376	0.05327
933.42520	0.05214
931.49663	0.05131
929.56807	0.05066
927.63950	0.04998
925.71094	0.04923
923.78237	0.04847
921.85381	0.04780
919.92524	0.04726
917.99668	0.04684
916.06812	0.04646
914.13955	0.04601
912.21099	0.04555
910.28242	0.04526
908.35386	0.04542
906.42529	0.04648
904.49673	0.04899
902.56816	0.05273
900.63960	0.05592
898.71104	0.05622
896.78247	0.05319
894.85391	0.04875
892.92534	0.04491
890.99678	0.04244
889.06821	0.04115
887.13965	0.04057
885.21108	0.04043
883.28252	0.04061
881.35396	0.04089
879.42539	0.04111
877.49683	0.04132
875.56826	0.04165
873.63970	0.04211
871.71113	0.04249
869.78257	0.04266
867.85400	0.04280
865.92544	0.04307
863.99687	0.04347
862.06831	0.04387
860.13975	0.04410
858.21118	0.04415
856.28262	0.04427
854.35405	0.04463
852.42549	0.04526
850.49692	0.04629
848.56836	0.04842
846.63979	0.05329
844.71123	0.06290
842.78267	0.07513
840.85410	0.08078
838.92554	0.07418
836.99697	0.06227
835.06841	0.05355
833.13984	0.04890
831.21128	0.04617
829.28271	0.04423
827.35415	0.04277
825.42559	0.04173
823.49702	0.04089
821.56846	0.04014
819.63989	0.03962
817.71133	0.03956
815.78276	0.04047
813.85420	0.04274
811.92563	0.04536
809.99707	0.04620
808.06851	0.04359
806.13994	0.03790
804.21138	0.03114
802.28281	0.02490
800.35425	0.01941
798.42568	0.01429
796.49712	0.00904
794.56855	0.00320
792.63999	-0.00283
790.71143	-0.00839
788.78286	-0.01381
786.85430	-0.01943
784.92573	-0.02484
782.99717	-0.02950
781.06860	-0.03332
779.14004	-0.03645
777.21147	-0.03905
775.28291	-0.04116
773.35435	-0.04267
771.42578	-0.04353
769.49722	-0.04363
767.56865	-0.04300
765.64009	-0.04186
763.71152	-0.04033
761.78296	-0.03844
759.85439	-0.03622
757.92583	-0.03370
755.99727	-0.03093
754.06870	-0.02808
752.14014	-0.02539
750.21157	-0.02304
748.28301	-0.02119
746.35444	-0.01978
744.42588	-0.01849
742.49731	-0.01697
740.56875	-0.01520
738.64019	-0.01347
736.71162	-0.01194
734.78306	-0.01035
732.85449	-0.00840
730.92593	-0.00608
728.99736	-0.00368
727.06880	-0.00149
725.14023	0.00049
723.21167	0.00178
721.28311	0.00428
719.35454	0.00655
717.42598	0.00792
715.49741	0.00873
713.56885	0.00934
711.64028	0.01079
709.71172	0.01364
707.78315	0.01772
705.85459	0.02261
703.92603	0.02786
701.99746	0.03289
700.06890	0.03670
698.14033	0.03795
696.21177	0.03607
694.28320	0.03218
692.35464	0.02823
690.42607	0.02545
688.49751	0.02405
686.56895	0.02356
684.64038	0.02348
682.71182	0.02356
680.78325	0.02392
678.85469	0.02482
676.92612	0.02581
674.99756	0.02633
673.06899	0.02743
671.14043	0.03306
669.21187	0.04198
667.28330	0.03987
665.35474	0.03663
663.42617	0.03292
661.49761	0.03217
659.56904	0.03322
657.64048	0.03424
655.71191	0.03465
653.78335	0.03470
651.85479	0.03482
649.92622	0.03481
647.99766	0.03439
646.06909	0.03357
644.14053	0.03200
642.21196	0.02886
640.28340	0.02374
638.35483	0.01646
636.42627	0.00607
634.49771	-0.00756
632.56914	-0.02018
630.64058	-0.02431
628.71201	-0.01572
626.78345	-0.00036
624.85488	0.01422
622.92632	0.02472
620.99775	0.03093
619.06919	0.03446
617.14062	0.03688
615.21206	0.03894
613.28350	0.04062
611.35493	0.04152
609.42637	0.04151
607.49780	0.04127
605.56924	0.04111
603.64067	0.04030
601.71211	0.03878
599.78354	0.03726
