3997.91411	0.01412
3995.98555	0.01410
3994.05698	0.01410
3992.12842	0.01404
3990.19985	0.01400
3988.27129	0.01405
3986.34272	0.01413
3984.41416	0.01413
3982.48560	0.01404
3980.55703	0.01396
3978.62847	0.01396
3976.69990	0.01397
3974.77134	0.01393
3972.84277	0.01385
3970.91421	0.01385
3968.98564	0.01392
3967.05708	0.01396
3965.12852	0.01401
3963.19995	0.01410
3961.27139	0.01410
3959.34282	0.01394
3957.41426	0.01378
3955.48569	0.01380
3953.55713	0.01388
3951.62856	0.01386
3949.70000	0.01379
3947.77144	0.01382
3945.84287	0.01393
3943.91431	0.01395
3941.98574	0.01380
3940.05718	0.01357
3938.12861	0.01342
3936.20005	0.01340
3934.27148	0.01348
3932.34292	0.01366
3930.41436	0.01388
3928.48579	0.01398
3926.55723	0.01392
3924.62866	0.01379
3922.70010	0.01369
3920.77153	0.01367
3918.84297	0.01375
3916.91440	0.01391
3914.98584	0.01406
3913.05728	0.01405
3911.12871	0.01384
3909.20015	0.01359
3907.27158	0.01344
3905.34302	0.01338
3903.41445	0.01332
3901.48589	0.01335
3899.55732	0.01353
3897.62876	0.01369
3895.70020	0.01365
3893.77163	0.01350
3891.84307	0.01344
3889.91450	0.01344
3887.98594	0.01338
3886.05737	0.01327
3884.12881	0.01316
3882.20024	0.01312
3880.27168	0.01325
3878.34312	0.01338
3876.41455	0.01329
3874.48599	0.01304
3872.55742	0.01286
3870.62886	0.01291
3868.70029	0.01305
3866.77173	0.01298
3864.84316	0.01279
3862.91460	0.01269
3860.98604	0.01270
3859.05747	0.01267
3857.12891	0.01250
3855.20034	0.01243
3853.27178	0.01278
3851.34321	0.01320
3849.41465	0.01319
3847.48608	0.01292
3845.55752	0.01273
3843.62896	0.01269
3841.70039	0.01268
3839.77183	0.01270
3837.84326	0.01286
3835.91470	0.01303
3833.98613	0.01308
3832.05757	0.01308
3830.12900	0.01308
3828.20044	0.01304
3826.27187	0.01287
3824.34331	0.01258
3822.41475	0.01242
3820.48618	0.01260
3818.55762	0.01291
3816.62905	0.01317
3814.70049	0.01337
3812.77192	0.01342
3810.84336	0.01327
3808.91479	0.01309
3806.98623	0.01296
3805.05767	0.01282
3803.12910	0.01276
3801.20054	0.01296
3799.27197	0.01323
3797.34341	0.01337
3795.41484	0.01344
3793.48628	0.01343
3791.55771	0.01331
3789.62915	0.01320
3787.70059	0.01319
3785.77202	0.01326
3783.84346	0.01330
3781.91489	0.01329
3779.98633	0.01330
3778.05776	0.01338
3776.12920	0.01345
3774.20063	0.01345
3772.27207	0.01338
3770.34351	0.01333
3768.41494	0.01336
3766.48638	0.01342
3764.55781	0.01337
3762.62925	0.01317
3760.70068	0.01295
3758.77212	0.01280
3756.84355	0.01260
3754.91499	0.01221
3752.98643	0.01180
3751.05786	0.01176
3749.12930	0.01195
3747.20073	0.01196
3745.27217	0.01194
3743.34360	0.01225
3741.41504	0.01251
3739.48647	0.01248
3737.55791	0.01237
3735.62935	0.01229
3733.70078	0.01229
3731.77222	0.01242
3729.84365	0.01258
3727.91509	0.01255
3725.98652	0.01258
3724.05796	0.01270
3722.12939	0.01283
3720.20083	0.01288
3718.27227	0.01273
3716.34370	0.01247
3714.41514	0.01226
3712.48657	0.01231
3710.55801	0.01260
3708.62944	0.01279
3706.70088	0.01277
3704.77231	0.01269
3702.84375	0.01271
3700.91519	0.01278
3698.98662	0.01274
3697.05806	0.01268
3695.12949	0.01267
3693.20093	0.01267
3691.27236	0.01257
3689.34380	0.01242
3687.41523	0.01241
3685.48667	0.01247
3683.55811	0.01240
3681.62954	0.01226
3679.70098	0.01212
3677.77241	0.01203
3675.84385	0.01208
3673.91528	0.01217
3671.98672	0.01217
3670.05815	0.01232
3668.12959	0.01253
3666.20103	0.01249
3664.27246	0.01229
3662.34390	0.01214
3660.41533	0.01208
3658.48677	0.01212
3656.55820	0.01224
3654.62964	0.01226
3652.70107	0.01199
3650.77251	0.01166
3648.84395	0.01167
3646.91538	0.01205
3644.98682	0.01236
3643.05825	0.01250
3641.12969	0.01264
3639.20112	0.01277
3637.27256	0.01273
3635.34399	0.01257
3633.41543	0.01239
3631.48687	0.01228
3629.55830	0.01242
3627.62974	0.01273
3625.70117	0.01290
3623.77261	0.01281
3621.84404	0.01260
3619.91548	0.01257
3617.98691	0.01272
3616.05835	0.01280
3614.12979	0.01278
3612.20122	0.01268
3610.27266	0.01266
3608.34409	0.01287
3606.41553	0.01312
3604.48696	0.01314
3602.55840	0.01299
3600.62983	0.01286
3598.70127	0.01289
3596.77271	0.01309
3594.84414	0.01333
3592.91558	0.01337
3590.98701	0.01319
3589.05845	0.01312
3587.12988	0.01340
3585.20132	0.01380
3583.27275	0.01401
3581.34419	0.01402
3579.41562	0.01393
3577.48706	0.01385
3575.55850	0.01385
3573.62993	0.01384
3571.70137	0.01367
3569.77280	0.01344
3567.84424	0.01347
3565.91567	0.01378
3563.98711	0.01408
3562.05854	0.01429
3560.12998	0.01451
3558.20142	0.01468
3556.27285	0.01465
3554.34429	0.01450
3552.41572	0.01445
3550.48716	0.01456
3548.55859	0.01474
3546.63003	0.01494
3544.70146	0.01517
3542.77290	0.01537
3540.84434	0.01547
3538.91577	0.01547
3536.98721	0.01547
3535.05864	0.01554
3533.13008	0.01566
3531.20151	0.01572
3529.27295	0.01568
3527.34438	0.01561
3525.41582	0.01567
3523.48726	0.01592
3521.55869	0.01627
3519.63013	0.01650
3517.70156	0.01647
3515.77300	0.01633
3513.84443	0.01624
3511.91587	0.01617
3509.98730	0.01612
3508.05874	0.01619
3506.13018	0.01636
3504.20161	0.01652
3502.27305	0.01664
3500.34448	0.01674
3498.41592	0.01685
3496.48735	0.01704
3494.55879	0.01717
3492.63022	0.01708
3490.70166	0.01694
3488.77310	0.01700
3486.84453	0.01715
3484.91597	0.01723
3482.98740	0.01727
3481.05884	0.01731
3479.13027	0.01735
3477.20171	0.01744
3475.27314	0.01751
3473.34458	0.01748
3471.41602	0.01744
3469.48745	0.01754
3467.55889	0.01782
3465.63032	0.01807
3463.70176	0.01808
3461.77319	0.01795
3459.84463	0.01785
3457.91606	0.01786
3455.98750	0.01794
3454.05894	0.01804
3452.13037	0.01808
3450.20181	0.01803
3448.27324	0.01806
3446.34468	0.01814
3444.41611	0.01815
3442.48755	0.01816
3440.55898	0.01831
3438.63042	0.01852
3436.70186	0.01870
3434.77329	0.01875
3432.84473	0.01868
3430.91616	0.01857
3428.98760	0.01840
3427.05903	0.01833
3425.13047	0.01851
3423.20190	0.01865
3421.27334	0.01855
3419.34478	0.01846
3417.41621	0.01853
3415.48765	0.01866
3413.55908	0.01873
3411.63052	0.01877
3409.70195	0.01883
3407.77339	0.01897
3405.84482	0.01912
3403.91626	0.01915
3401.98770	0.01909
3400.05913	0.01898
3398.13057	0.01876
3396.20200	0.01873
3394.27344	0.01877
3392.34487	0.01873
3390.41631	0.01865
3388.48774	0.01864
3386.55918	0.01868
3384.63062	0.01871
3382.70205	0.01871
3380.77349	0.01873
3378.84492	0.01881
3376.91636	0.01886
3374.98779	0.01881
3373.05923	0.01886
3371.13066	0.01900
3369.20210	0.01901
3367.27354	0.01886
3365.34497	0.01872
3363.41641	0.01866
3361.48784	0.01873
3359.55928	0.01887
3357.63071	0.01894
3355.70215	0.01889
3353.77358	0.01887
3351.84502	0.01887
3349.91646	0.01891
3347.98789	0.01894
3346.05933	0.01884
3344.13076	0.01867
3342.20220	0.01861
3340.27363	0.01865
3338.34507	0.01871
3336.41650	0.01879
3334.48794	0.01878
3332.55937	0.01866
3330.63081	0.01858
3328.70225	0.01860
3326.77368	0.01860
3324.84512	0.01850
3322.91655	0.01830
3320.98799	0.01815
3319.05942	0.01818
3317.13086	0.01831
3315.20229	0.01842
3313.27373	0.01846
3311.34517	0.01841
3309.41660	0.01835
3307.48804	0.01832
3305.55947	0.01826
3303.63091	0.01829
3301.70234	0.01845
3299.77378	0.01852
3297.84521	0.01844
3295.91665	0.01833
3293.98809	0.01828
3292.05952	0.01827
3290.13096	0.01812
3288.20239	0.01784
3286.27383	0.01770
3284.34526	0.01786
3282.41670	0.01807
3280.48813	0.01809
3278.55957	0.01795
3276.63101	0.01783
3274.70244	0.01783
3272.77388	0.01792
3270.84531	0.01797
3268.91675	0.01796
3266.98818	0.01798
3265.05962	0.01798
3263.13105	0.01786
3261.20249	0.01772
3259.27393	0.01767
3257.34536	0.01763
3255.41680	0.01770
3253.48823	0.01793
3251.55967	0.01808
3249.63110	0.01797
3247.70254	0.01775
3245.77397	0.01769
3243.84541	0.01771
3241.91685	0.01764
3239.98828	0.01751
3238.05972	0.01741
3236.13115	0.01733
3234.20259	0.01728
3232.27402	0.01729
3230.34546	0.01730
3228.41689	0.01727
3226.48833	0.01719
3224.55977	0.01713
3222.63120	0.01714
3220.70264	0.01717
3218.77407	0.01721
3216.84551	0.01730
3214.91694	0.01744
3212.98838	0.01760
3211.05981	0.01773
3209.13125	0.01770
3207.20269	0.01753
3205.27412	0.01744
3203.34556	0.01743
3201.41699	0.01734
3199.48843	0.01719
3197.55986	0.01706
3195.63130	0.01696
3193.70273	0.01700
3191.77417	0.01714
3189.84561	0.01716
3187.91704	0.01708
3185.98848	0.01702
3184.05991	0.01689
3182.13135	0.01678
3180.20278	0.01689
3178.27422	0.01702
3176.34565	0.01691
3174.41709	0.01678
3172.48853	0.01678
3170.55996	0.01674
3168.63140	0.01657
3166.70283	0.01644
3164.77427	0.01644
3162.84570	0.01647
3160.91714	0.01642
3158.98857	0.01638
3157.06001	0.01635
3155.13145	0.01629
3153.20288	0.01621
3151.27432	0.01612
3149.34575	0.01595
3147.41719	0.01584
3145.48862	0.01590
3143.56006	0.01595
3141.63149	0.01587
3139.70293	0.01585
3137.77437	0.01588
3135.84580	0.01579
3133.91724	0.01564
3131.98867	0.01554
3130.06011	0.01549
3128.13154	0.01543
3126.20298	0.01536
3124.27441	0.01529
3122.34585	0.01523
3120.41729	0.01520
3118.48872	0.01516
3116.56016	0.01503
3114.63159	0.01484
3112.70303	0.01474
3110.77446	0.01475
3108.84590	0.01474
3106.91733	0.01475
3104.98877	0.01477
3103.06021	0.01466
3101.13164	0.01443
3099.20308	0.01433
3097.27451	0.01439
3095.34595	0.01434
3093.41738	0.01414
3091.48882	0.01398
3089.56025	0.01390
3087.63169	0.01388
3085.70312	0.01397
3083.77456	0.01409
3081.84600	0.01407
3079.91743	0.01395
3077.98887	0.01387
3076.06030	0.01379
3074.13174	0.01366
3072.20317	0.01354
3070.27461	0.01348
3068.34604	0.01347
3066.41748	0.01348
3064.48892	0.01348
3062.56035	0.01347
3060.63179	0.01339
3058.70322	0.01322
3056.77466	0.01304
3054.84609	0.01296
3052.91753	0.01300
3050.98896	0.01308
3049.06040	0.01310
3047.13184	0.01302
3045.20327	0.01291
3043.27471	0.01282
3041.34614	0.01271
3039.41758	0.01258
3037.48901	0.01246
3035.56045	0.01234
3033.63188	0.01227
3031.70332	0.01225
3029.77476	0.01228
3027.84619	0.01239
3025.91763	0.01256
3023.98906	0.01269
3022.06050	0.01274
3020.13193	0.01270
3018.20337	0.01275
3016.27480	0.01301
3014.34624	0.01334
3012.41768	0.01359
3010.48911	0.01387
3008.56055	0.01430
3006.63198	0.01480
3004.70342	0.01529
3002.77485	0.01581
3000.84629	0.01643
2998.91772	0.01718
2996.98916	0.01806
2995.06060	0.01908
2993.13203	0.02033
2991.20347	0.02188
2989.27490	0.02376
2987.34634	0.02593
2985.41777	0.02823
2983.48921	0.03079
2981.56064	0.03387
2979.63208	0.03748
2977.70352	0.04163
2975.77495	0.04648
2973.84639	0.05198
2971.91782	0.05807
2969.98926	0.06483
2968.06069	0.07222
2966.13213	0.07986
2964.20356	0.08723
2962.27500	0.09340
2960.34644	0.09770
2958.41787	0.10066
2956.48931	0.10356
2954.56074	0.10685
2952.63218	0.10951
2950.70361	0.11000
2948.77505	0.10749
2946.84648	0.10226
2944.91792	0.09549
2942.98936	0.08892
2941.06079	0.08437
2939.13223	0.08285
2937.20366	0.08442
2935.27510	0.08864
2933.34653	0.09490
2931.41797	0.10254
2929.48940	0.11088
2927.56084	0.11910
2925.63228	0.12653
2923.70371	0.13286
2921.77515	0.13798
2919.84658	0.14151
2917.91802	0.14275
2915.98945	0.14133
2914.06089	0.13759
2912.13232	0.13264
2910.20376	0.12771
2908.27520	0.12334
2906.34663	0.11929
2904.41807	0.11499
2902.48950	0.11020
2900.56094	0.10527
2898.63237	0.10069
2896.70381	0.09668
2894.77524	0.09330
2892.84668	0.09054
2890.91812	0.08838
2888.98955	0.08685
2887.06099	0.08596
2885.13242	0.08571
2883.20386	0.08607
2881.27529	0.08690
2879.34673	0.08782
2877.41816	0.08838
2875.48960	0.08858
2873.56104	0.08878
2871.63247	0.08930
2869.70391	0.09001
2867.77534	0.09017
2865.84678	0.08853
2863.91821	0.08434
2861.98965	0.07840
2860.06108	0.07257
2858.13252	0.06831
2856.20396	0.06598
2854.27539	0.06520
2852.34683	0.06550
2850.41826	0.06672
2848.48970	0.06887
2846.56113	0.07202
2844.63257	0.07603
2842.70400	0.08036
2840.77544	0.08395
2838.84687	0.08540
2836.91831	0.08374
2834.98975	0.07909
2833.06118	0.07250
2831.13262	0.06557
2829.20405	0.05965
2827.27549	0.05508
2825.34692	0.05152
2823.41836	0.04876
2821.48979	0.04667
2819.56123	0.04498
2817.63267	0.04355
2815.70410	0.04236
2813.77554	0.04128
2811.84697	0.04026
2809.91841	0.03932
2807.98984	0.03844
2806.06128	0.03760
2804.13271	0.03678
2802.20415	0.03594
2800.27559	0.03515
2798.34702	0.03456
2796.41846	0.03408
2794.48989	0.03358
2792.56133	0.03306
2790.63276	0.03250
2788.70420	0.03184
2786.77563	0.03118
2784.84707	0.03066
2782.91851	0.03024
2780.98994	0.02983
2779.06138	0.02945
2777.13281	0.02911
2775.20425	0.02870
2773.27568	0.02835
2771.34712	0.02820
2769.41855	0.02815
2767.48999	0.02803
2765.56143	0.02784
2763.63286	0.02763
2761.70430	0.02742
2759.77573	0.02725
2757.84717	0.02708
2755.91860	0.02691
2753.99004	0.02674
2752.06147	0.02658
2750.13291	0.02643
2748.20435	0.02628
2746.27578	0.02617
2744.34722	0.02617
2742.41865	0.02623
2740.49009	0.02628
2738.56152	0.02637
2736.63296	0.02651
2734.70439	0.02664
2732.77583	0.02677
2730.84727	0.02695
2728.91870	0.02721
2726.99014	0.02750
2725.06157	0.02773
2723.13301	0.02780
2721.20444	0.02766
2719.27588	0.02740
2717.34731	0.02705
2715.41875	0.02661
2713.49019	0.02615
2711.56162	0.02582
2709.63306	0.02564
2707.70449	0.02550
2705.77593	0.02530
2703.84736	0.02508
2701.91880	0.02492
2699.99023	0.02480
2698.06167	0.02467
2696.13311	0.02458
2694.20454	0.02453
2692.27598	0.02454
2690.34741	0.02456
2688.41885	0.02453
2686.49028	0.02446
2684.56172	0.02437
2682.63315	0.02429
2680.70459	0.02425
2678.77603	0.02422
2676.84746	0.02420
2674.91890	0.02414
2672.99033	0.02405
2671.06177	0.02398
2669.13320	0.02396
2667.20464	0.02409
2665.27607	0.02435
2663.34751	0.02462
2661.41895	0.02480
2659.49038	0.02496
2657.56182	0.02511
2655.63325	0.02514
2653.70469	0.02510
2651.77612	0.02506
2649.84756	0.02497
2647.91899	0.02485
2645.99043	0.02473
2644.06187	0.02461
2642.13330	0.02447
2640.20474	0.02435
2638.27617	0.02423
2636.34761	0.02410
2634.41904	0.02397
2632.49048	0.02388
2630.56191	0.02384
2628.63335	0.02382
2626.70479	0.02379
2624.77622	0.02375
2622.84766	0.02367
2620.91909	0.02360
2618.99053	0.02356
2617.06196	0.02351
2615.13340	0.02338
2613.20483	0.02315
2611.27627	0.02288
2609.34771	0.02267
2607.41914	0.02255
2605.49058	0.02247
2603.56201	0.02237
2601.63345	0.02226
2599.70488	0.02217
2597.77632	0.02207
2595.84775	0.02196
2593.91919	0.02192
2591.99062	0.02198
2590.06206	0.02202
2588.13350	0.02203
2586.20493	0.02209
2584.27637	0.02216
2582.34780	0.02216
2580.41924	0.02208
2578.49067	0.02193
2576.56211	0.02171
2574.63354	0.02149
2572.70498	0.02131
2570.77642	0.02115
2568.84785	0.02098
2566.91929	0.02088
2564.99072	0.02084
2563.06216	0.02076
2561.13359	0.02058
2559.20503	0.02041
2557.27646	0.02034
2555.34790	0.02029
2553.41934	0.02018
2551.49077	0.02003
2549.56221	0.01987
2547.63364	0.01967
2545.70508	0.01954
2543.77651	0.01952
2541.84795	0.01945
2539.91938	0.01926
2537.99082	0.01909
2536.06226	0.01902
2534.13369	0.01898
2532.20513	0.01899
2530.27656	0.01904
2528.34800	0.01900
2526.41943	0.01884
2524.49087	0.01871
2522.56230	0.01871
2520.63374	0.01869
2518.70518	0.01855
2516.77661	0.01843
2514.84805	0.01842
2512.91948	0.01844
2510.99092	0.01838
2509.06235	0.01823
2507.13379	0.01804
2505.20522	0.01790
2503.27666	0.01789
2501.34810	0.01803
2499.41953	0.01816
2497.49097	0.01805
2495.56240	0.01778
2493.63384	0.01767
2491.70527	0.01779
2489.77671	0.01791
2487.84814	0.01789
2485.91958	0.01779
2483.99102	0.01765
2482.06245	0.01750
2480.13389	0.01742
2478.20532	0.01747
2476.27676	0.01750
2474.34819	0.01745
2472.41963	0.01743
2470.49106	0.01751
2468.56250	0.01763
2466.63394	0.01766
2464.70537	0.01758
2462.77681	0.01749
2460.84824	0.01747
2458.91968	0.01755
2456.99111	0.01768
2455.06255	0.01777
2453.13398	0.01777
2451.20542	0.01771
2449.27686	0.01761
2447.34829	0.01746
2445.41973	0.01729
2443.49116	0.01713
2441.56260	0.01711
2439.63403	0.01722
2437.70547	0.01737
2435.77690	0.01741
2433.84834	0.01728
2431.91978	0.01715
2429.99121	0.01709
2428.06265	0.01699
2426.13408	0.01685
2424.20552	0.01678
2422.27695	0.01666
2420.34839	0.01647
2418.41982	0.01633
2416.49126	0.01632
2414.56270	0.01638
2412.63413	0.01648
2410.70557	0.01662
2408.77700	0.01660
2406.84844	0.01638
2404.91987	0.01614
2402.99131	0.01609
2401.06274	0.01617
2399.13418	0.01577
2397.20562	0.01570
2395.27705	0.01589
2393.34849	0.01608
2391.41992	0.01618
2389.49136	0.01621
2387.56279	0.01624
2385.63423	0.01635
2383.70566	0.01655
2381.77710	0.01672
2379.84854	0.01672
2377.91997	0.01653
2375.99141	0.01627
2374.06284	0.01607
2372.13428	0.01602
2370.20571	0.01625
2368.27715	0.01575
2366.34858	0.01526
2364.42002	0.01611
2362.49146	0.01591
2360.56289	0.01689
2358.63433	0.01884
2356.70576	0.01643
2354.77720	0.01894
2352.84863	0.02038
2350.92007	0.01896
2348.99150	0.01821
2347.06294	0.01696
2345.13437	0.01553
2343.20581	0.01730
2341.27725	0.02207
2339.34868	0.02330
2337.42012	0.02075
2335.49155	0.01651
2333.56299	0.01369
2331.63442	0.01306
2329.70586	0.01396
2327.77729	0.01636
2325.84873	0.01862
2323.92017	0.01944
2321.99160	0.01905
2320.06304	0.01820
2318.13447	0.01771
2316.20591	0.01755
2314.27734	0.01766
2312.34878	0.01812
2310.42021	0.01875
2308.49165	0.01912
2306.56309	0.01948
2304.63452	0.01966
2302.70596	0.01957
2300.77739	0.01937
2298.84883	0.01912
2296.92026	0.01899
2294.99170	0.01912
2293.06313	0.01951
2291.13457	0.01988
2289.20601	0.02019
2287.27744	0.02023
2285.34888	0.01990
2283.42031	0.01935
2281.49175	0.01876
2279.56318	0.01824
2277.63462	0.01788
2275.70605	0.01775
2273.77749	0.01765
2271.84893	0.01750
2269.92036	0.01732
2267.99180	0.01711
2266.06323	0.01695
2264.13467	0.01691
2262.20610	0.01699
2260.27754	0.01714
2258.34897	0.01711
2256.42041	0.01676
2254.49185	0.01640
2252.56328	0.01647
2250.63472	0.01680
2248.70615	0.01676
2246.77759	0.01658
2244.84902	0.01621
2242.92046	0.01597
2240.99189	0.01603
2239.06333	0.01635
2237.13477	0.01658
2235.20620	0.01650
2233.27764	0.01628
2231.34907	0.01612
2229.42051	0.01601
2227.49194	0.01600
2225.56338	0.01609
2223.63481	0.01617
2221.70625	0.01617
2219.77769	0.01617
2217.84912	0.01629
2215.92056	0.01637
2213.99199	0.01619
2212.06343	0.01594
2210.13486	0.01581
2208.20630	0.01568
2206.27773	0.01566
2204.34917	0.01588
2202.42061	0.01617
2200.49204	0.01630
2198.56348	0.01633
2196.63491	0.01645
2194.70635	0.01660
2192.77778	0.01669
2190.84922	0.01682
2188.92065	0.01693
2186.99209	0.01680
2185.06353	0.01631
2183.13496	0.01532
2181.20640	0.01434
2179.27783	0.01412
2177.34927	0.01437
2175.42070	0.01466
2173.49214	0.01530
2171.56357	0.01636
2169.63501	0.01744
2167.70645	0.01825
2165.77788	0.01894
2163.84932	0.01958
2161.92075	0.01825
2159.99219	0.01269
2158.06362	0.00658
2156.13506	0.00505
2154.20649	0.00650
2152.27793	0.00800
2150.34937	0.00888
2148.42080	0.00909
2146.49224	0.00914
2144.56367	0.00952
2142.63511	0.01003
2140.70654	0.01024
2138.77798	0.00998
2136.84941	0.00918
2134.92085	0.00819
2132.99229	0.00795
2131.06372	0.00869
2129.13516	0.00974
2127.20659	0.01062
2125.27803	0.01132
2123.34946	0.01188
2121.42090	0.01232
2119.49233	0.01276
2117.56377	0.01334
2115.63521	0.01404
2113.70664	0.01449
2111.77808	0.01448
2109.84951	0.01434
2107.92095	0.01433
2105.99238	0.01433
2104.06382	0.01434
2102.13525	0.01435
2100.20669	0.01425
2098.27812	0.01400
2096.34956	0.01333
2094.42100	0.01265
2092.49243	0.01259
2090.56387	0.01312
2088.63530	0.01380
2086.70674	0.01449
2084.77817	0.01506
2082.84961	0.01539
2080.92104	0.01552
2078.99248	0.01554
2077.06392	0.01545
2075.13535	0.01536
2073.20679	0.01535
2071.27822	0.01535
2069.34966	0.01530
2067.42109	0.01526
2065.49253	0.01516
2063.56396	0.01493
2061.63540	0.01472
2059.70684	0.01473
2057.77827	0.01491
2055.84971	0.01521
2053.92114	0.01616
2051.99258	0.01764
2050.06401	0.01800
2048.13545	0.01683
2046.20688	0.01572
2044.27832	0.01521
2042.34976	0.01496
2040.42119	0.01510
2038.49263	0.01558
2036.56406	0.01566
2034.63550	0.01494
2032.70693	0.01404
2030.77837	0.01352
2028.84980	0.01312
2026.92124	0.01253
2024.99268	0.01206
2023.06411	0.01196
2021.13555	0.01184
2019.20698	0.01158
2017.27842	0.01172
2015.34985	0.01233
2013.42129	0.01275
2011.49272	0.01296
2009.56416	0.01303
2007.63560	0.01248
2005.70703	0.01176
2003.77847	0.01170
2001.84990	0.01199
1999.92134	0.01223
1997.99277	0.01258
1996.06421	0.01308
1994.13564	0.01346
1992.20708	0.01364
1990.27852	0.01398
1988.34995	0.01463
1986.42139	0.01524
1984.49282	0.01594
1982.56426	0.01725
1980.63569	0.01833
1978.70713	0.01733
1976.77856	0.01454
1974.85000	0.01234
1972.92144	0.01162
1970.99287	0.01148
1969.06431	0.01122
1967.13574	0.01093
1965.20718	0.01095
1963.27861	0.01105
1961.35005	0.01067
1959.42148	0.00993
1957.49292	0.00961
1955.56436	0.01000
1953.63579	0.01051
1951.70723	0.01078
1949.77866	0.01092
1947.85010	0.01097
1945.92153	0.01092
1943.99297	0.01096
1942.06440	0.01123
1940.13584	0.01160
1938.20728	0.01185
1936.27871	0.01182
1934.35015	0.01169
1932.42158	0.01173
1930.49302	0.01186
1928.56445	0.01187
1926.63589	0.01175
1924.70732	0.01178
1922.77876	0.01210
1920.85020	0.01235
1918.92163	0.01237
1916.99307	0.01242
1915.06450	0.01257
1913.13594	0.01267
1911.20737	0.01272
1909.27881	0.01280
1907.35024	0.01289
1905.42168	0.01299
1903.49312	0.01302
1901.56455	0.01290
1899.63599	0.01274
1897.70742	0.01269
1895.77886	0.01280
1893.85029	0.01290
1891.92173	0.01287
1889.99316	0.01278
1888.06460	0.01271
1886.13604	0.01270
1884.20747	0.01276
1882.27891	0.01290
1880.35034	0.01302
1878.42178	0.01303
1876.49321	0.01299
1874.56465	0.01300
1872.63608	0.01299
1870.70752	0.01289
1868.77896	0.01286
1866.85039	0.01299
1864.92183	0.01317
1862.99326	0.01328
1861.06470	0.01326
1859.13613	0.01320
1857.20757	0.01319
1855.27900	0.01317
1853.35044	0.01319
1851.42187	0.01325
1849.49331	0.01327
1847.56475	0.01316
1845.63618	0.01301
1843.70762	0.01297
1841.77905	0.01303
1839.85049	0.01310
1837.92192	0.01315
1835.99336	0.01318
1834.06479	0.01318
1832.13623	0.01323
1830.20767	0.01338
1828.27910	0.01349
1826.35054	0.01355
1824.42197	0.01366
1822.49341	0.01378
1820.56484	0.01366
1818.63628	0.01327
1816.70771	0.01296
1814.77915	0.01300
1812.85059	0.01328
1810.92202	0.01365
1808.99346	0.01403
1807.06489	0.01435
1805.13633	0.01454
1803.20776	0.01464
1801.27920	0.01484
1799.35063	0.01520
1797.42207	0.01559
1795.49351	0.01592
1793.56494	0.01632
1791.63638	0.01690
1789.70781	0.01751
1787.77925	0.01800
1785.85068	0.01843
1783.92212	0.01895
1781.99355	0.01958
1780.06499	0.02014
1778.13643	0.02049
1776.20786	0.02067
1774.27930	0.02081
1772.35073	0.02101
1770.42217	0.02121
1768.49360	0.02137
1766.56504	0.02151
1764.63647	0.02161
1762.70791	0.02169
1760.77935	0.02184
1758.85078	0.02210
1756.92222	0.02246
1754.99365	0.02282
1753.06509	0.02312
1751.13652	0.02351
1749.20796	0.02404
1747.27939	0.02459
1745.35083	0.02504
1743.42227	0.02541
1741.49370	0.02571
1739.56514	0.02594
1737.63657	0.02604
1735.70801	0.02616
1733.77944	0.02650
1731.85088	0.02683
1729.92231	0.02691
1727.99375	0.02687
1726.06519	0.02695
1724.13662	0.02721
1722.20806	0.02752
1720.27949	0.02779
1718.35093	0.02821
1716.42236	0.02892
1714.49380	0.02974
1712.56523	0.03039
1710.63667	0.03078
1708.70811	0.03095
1706.77954	0.03087
1704.85098	0.03054
1702.92241	0.03003
1700.99385	0.02943
1699.06528	0.02883
1697.13672	0.02823
1695.20815	0.02765
1693.27959	0.02703
1691.35103	0.02634
1689.42246	0.02568
1687.49390	0.02516
1685.56533	0.02488
1683.63677	0.02478
1681.70820	0.02463
1679.77964	0.02436
1677.85107	0.02413
1675.92251	0.02403
1673.99395	0.02397
1672.06538	0.02387
1670.13682	0.02378
1668.20825	0.02374
1666.27969	0.02369
1664.35112	0.02364
1662.42256	0.02366
1660.49399	0.02364
1658.56543	0.02353
1656.63687	0.02336
1654.70830	0.02327
1652.77974	0.02335
1650.85117	0.02338
1648.92261	0.02323
1646.99404	0.02323
1645.06548	0.02343
1643.13691	0.02352
1641.20835	0.02343
1639.27979	0.02334
1637.35122	0.02339
1635.42266	0.02359
1633.49409	0.02373
1631.56553	0.02368
1629.63696	0.02359
1627.70840	0.02354
1625.77983	0.02356
1623.85127	0.02370
1621.92271	0.02380
1619.99414	0.02370
1618.06558	0.02353
1616.13701	0.02353
1614.20845	0.02361
1612.27988	0.02360
1610.35132	0.02359
1608.42275	0.02363
1606.49419	0.02366
1604.56562	0.02369
1602.63706	0.02370
1600.70850	0.02367
1598.77993	0.02361
1596.85137	0.02354
1594.92280	0.02350
1592.99424	0.02347
1591.06567	0.02341
1589.13711	0.02330
1587.20854	0.02315
1585.27998	0.02294
1583.35142	0.02270
1581.42285	0.02242
1579.49429	0.02212
1577.56572	0.02187
1575.63716	0.02168
1573.70859	0.02142
1571.78003	0.02108
1569.85146	0.02080
1567.92290	0.02056
1565.99434	0.02026
1564.06577	0.01993
1562.13721	0.01961
1560.20864	0.01937
1558.28008	0.01924
1556.35151	0.01906
1554.42295	0.01884
1552.49438	0.01869
1550.56582	0.01860
1548.63726	0.01842
1546.70869	0.01813
1544.78013	0.01777
1542.85156	0.01741
1540.92300	0.01725
1538.99443	0.01729
1537.06587	0.01724
1535.13730	0.01709
1533.20874	0.01703
1531.28018	0.01700
1529.35161	0.01689
1527.42305	0.01673
1525.49448	0.01657
1523.56592	0.01645
1521.63735	0.01639
1519.70879	0.01636
1517.78022	0.01635
1515.85166	0.01634
1513.92310	0.01623
1511.99453	0.01606
1510.06597	0.01593
1508.13740	0.01599
1506.20884	0.01628
1504.28027	0.01647
1502.35171	0.01643
1500.42314	0.01642
1498.49458	0.01663
1496.56602	0.01697
1494.63745	0.01723
1492.70889	0.01740
1490.78032	0.01771
1488.85176	0.01826
1486.92319	0.01899
1484.99463	0.01980
1483.06606	0.02080
1481.13750	0.02214
1479.20894	0.02392
1477.28037	0.02638
1475.35181	0.03014
1473.42324	0.03595
1471.49468	0.04337
1469.56611	0.05073
1467.63755	0.05778
1465.70898	0.06525
1463.78042	0.07232
1461.85186	0.07734
1459.92329	0.08058
1457.99473	0.08341
1456.06616	0.08595
1454.13760	0.08712
1452.20903	0.08664
1450.28047	0.08449
1448.35190	0.08019
1446.42334	0.07390
1444.49478	0.06704
1442.56621	0.06114
1440.63765	0.05708
1438.70908	0.05488
1436.78052	0.05360
1434.85195	0.05158
1432.92339	0.04791
1430.99482	0.04328
1429.06626	0.03909
1427.13770	0.03617
1425.20913	0.03434
1423.28057	0.03312
1421.35200	0.03227
1419.42344	0.03169
1417.49487	0.03130
1415.56631	0.03095
1413.63774	0.03063
1411.70918	0.03035
1409.78062	0.03005
1407.85205	0.02971
1405.92349	0.02938
1403.99492	0.02906
1402.06636	0.02873
1400.13779	0.02843
1398.20923	0.02824
1396.28066	0.02824
1394.35210	0.02859
1392.42354	0.02937
1390.49497	0.03079
1388.56641	0.03358
1386.63784	0.03863
1384.70928	0.04637
1382.78071	0.05732
1380.85215	0.07213
1378.92358	0.08929
1376.99502	0.10307
1375.06646	0.10624
1373.13789	0.09726
1371.20933	0.08237
1369.28076	0.06851
1367.35220	0.05877
1365.42363	0.05357
1363.49507	0.05204
1361.56650	0.05261
1359.63794	0.05318
1357.70937	0.05201
1355.78081	0.04887
1353.85225	0.04501
1351.92368	0.04166
1349.99512	0.03918
1348.06655	0.03735
1346.13799	0.03594
1344.20942	0.03493
1342.28086	0.03428
1340.35229	0.03391
1338.42373	0.03376
1336.49517	0.03380
1334.56660	0.03405
1332.63804	0.03440
1330.70947	0.03469
1328.78091	0.03475
1326.85234	0.03453
1324.92378	0.03407
1322.99521	0.03351
1321.06665	0.03304
1319.13809	0.03268
1317.20952	0.03241
1315.28096	0.03221
1313.35239	0.03216
1311.42383	0.03239
1309.49526	0.03311
1307.56670	0.03438
1305.63813	0.03566
1303.70957	0.03621
1301.78101	0.03597
1299.85244	0.03556
1297.92388	0.03541
1295.99531	0.03538
1294.06675	0.03523
1292.13818	0.03488
1290.20962	0.03444
1288.28105	0.03406
1286.35249	0.03379
1284.42393	0.03357
1282.49536	0.03338
1280.56680	0.03330
1278.63823	0.03327
1276.70967	0.03325
1274.78110	0.03328
1272.85254	0.03336
1270.92397	0.03348
1268.99541	0.03368
1267.06685	0.03399
1265.13828	0.03441
1263.20972	0.03497
1261.28115	0.03569
1259.35259	0.03660
1257.42402	0.03754
1255.49546	0.03805
1253.56689	0.03782
1251.63833	0.03712
1249.70977	0.03648
1247.78120	0.03609
1245.85264	0.03586
1243.92407	0.03566
1241.99551	0.03542
1240.06694	0.03512
1238.13838	0.03474
1236.20981	0.03430
1234.28125	0.03386
1232.35269	0.03355
1230.42412	0.03339
1228.49556	0.03343
1226.56699	0.03371
1224.63843	0.03420
1222.70986	0.03467
1220.78130	0.03476
1218.85273	0.03439
1216.92417	0.03401
1214.99561	0.03396
1213.06704	0.03404
1211.13848	0.03404
1209.20991	0.03396
1207.28135	0.03386
1205.35278	0.03384
1203.42422	0.03395
1201.49565	0.03414
1199.56709	0.03445
1197.63853	0.03480
1195.70996	0.03517
1193.78140	0.03551
1191.85283	0.03584
1189.92427	0.03616
1187.99570	0.03648
1186.06714	0.03682
1184.13857	0.03723
1182.21001	0.03779
1180.28145	0.03867
1178.35288	0.03997
1176.42432	0.04174
1174.49575	0.04413
1172.56719	0.04713
1170.63862	0.05025
1168.71006	0.05265
1166.78149	0.05356
1164.85293	0.05294
1162.92437	0.05151
1160.99580	0.05008
1159.06724	0.04901
1157.13867	0.04827
1155.21011	0.04768
1153.28154	0.04705
1151.35298	0.04621
1149.42441	0.04511
1147.49585	0.04384
1145.56729	0.04255
1143.63872	0.04130
1141.71016	0.04016
1139.78159	0.03925
1137.85303	0.03863
1135.92446	0.03819
1133.99590	0.03788
1132.06733	0.03762
1130.13877	0.03740
1128.21021	0.03723
1126.28164	0.03710
1124.35308	0.03700
1122.42451	0.03698
1120.49595	0.03699
1118.56738	0.03693
1116.63882	0.03684
1114.71025	0.03679
1112.78169	0.03687
1110.85312	0.03713
1108.92456	0.03753
1106.99600	0.03801
1105.06743	0.03851
1103.13887	0.03887
1101.21030	0.03885
1099.28174	0.03844
1097.35317	0.03785
1095.42461	0.03730
1093.49604	0.03686
1091.56748	0.03652
1089.63892	0.03626
1087.71035	0.03610
1085.78179	0.03602
1083.85322	0.03596
1081.92466	0.03587
1079.99609	0.03573
1078.06753	0.03560
1076.13896	0.03554
1074.21040	0.03550
1072.28184	0.03540
1070.35327	0.03528
1068.42471	0.03526
1066.49614	0.03531
1064.56758	0.03536
1062.63901	0.03545
1060.71045	0.03561
1058.78188	0.03583
1056.85332	0.03616
1054.92476	0.03659
1052.99619	0.03698
1051.06763	0.03734
1049.13906	0.03768
1047.21050	0.03796
1045.28193	0.03808
1043.35337	0.03796
1041.42480	0.03767
1039.49624	0.03732
1037.56768	0.03692
1035.63911	0.03650
1033.71055	0.03617
1031.78198	0.03598
1029.85342	0.03586
1027.92485	0.03577
1025.99629	0.03566
1024.06772	0.03558
1022.13916	0.03548
1020.21060	0.03533
1018.28203	0.03518
1016.35347	0.03503
1014.42490	0.03482
1012.49634	0.03466
1010.56777	0.03476
1008.63921	0.03529
1006.71064	0.03642
1004.78208	0.03856
1002.85352	0.04211
1000.92495	0.04675
998.99639	0.05069
997.06782	0.05138
995.13926	0.04832
993.21069	0.04376
991.28213	0.03990
989.35356	0.03743
987.42500	0.03626
985.49644	0.03618
983.56787	0.03708
981.63931	0.03914
979.71074	0.04260
977.78218	0.04728
975.85361	0.05215
973.92505	0.05527
971.99648	0.05472
970.06792	0.05066
968.13936	0.04553
966.21079	0.04139
964.28223	0.03866
962.35366	0.03696
960.42510	0.03579
958.49653	0.03494
956.56797	0.03444
954.63940	0.03422
952.71084	0.03412
950.78228	0.03404
948.85371	0.03403
946.92515	0.03413
944.99658	0.03431
943.06802	0.03445
941.13945	0.03440
939.21089	0.03401
937.28232	0.03329
935.35376	0.03243
933.42520	0.03165
931.49663	0.03101
929.56807	0.03049
927.63950	0.03001
925.71094	0.02953
923.78237	0.02916
921.85381	0.02904
919.92524	0.02902
917.99668	0.02895
916.06812	0.02889
914.13955	0.02911
912.21099	0.02968
910.28242	0.03039
908.35386	0.03111
906.42529	0.03220
904.49673	0.03401
902.56816	0.03627
900.63960	0.03797
898.71104	0.03803
896.78247	0.03636
894.85391	0.03399
892.92534	0.03199
890.99678	0.03079
889.06821	0.03017
887.13965	0.02976
885.21108	0.02932
883.28252	0.02884
881.35396	0.02846
879.42539	0.02832
877.49683	0.02829
875.56826	0.02817
873.63970	0.02788
871.71113	0.02756
869.78257	0.02743
867.85400	0.02752
865.92544	0.02763
863.99687	0.02770
862.06831	0.02781
860.13975	0.02792
858.21118	0.02810
856.28262	0.02846
854.35405	0.02890
852.42549	0.02953
850.49692	0.03072
848.56836	0.03283
846.63979	0.03630
844.71123	0.04137
842.78267	0.04618
840.85410	0.04697
838.92554	0.04282
836.99697	0.03725
835.06841	0.03335
833.13984	0.03125
831.21128	0.03010
829.28271	0.02937
827.35415	0.02884
825.42559	0.02848
823.49702	0.02844
821.56846	0.02885
819.63989	0.02965
817.71133	0.03078
815.78276	0.03238
813.85420	0.03450
811.92563	0.03662
809.99707	0.03768
808.06851	0.03694
806.13994	0.03474
804.21138	0.03213
802.28281	0.03004
800.35425	0.02872
798.42568	0.02781
796.49712	0.02701
794.56855	0.02638
792.63999	0.02587
790.71143	0.02524
788.78286	0.02459
786.85430	0.02405
784.92573	0.02363
782.99717	0.02337
781.06860	0.02331
779.14004	0.02340
777.21147	0.02341
775.28291	0.02328
773.35435	0.02321
771.42578	0.02325
769.49722	0.02312
767.56865	0.02280
765.64009	0.02255
763.71152	0.02241
761.78296	0.02224
759.85439	0.02195
757.92583	0.02161
755.99727	0.02138
754.06870	0.02129
752.14014	0.02119
750.21157	0.02100
748.28301	0.02081
746.35444	0.02076
744.42588	0.02081
742.49731	0.02082
740.56875	0.02076
738.64019	0.02066
736.71162	0.02060
734.78306	0.02069
732.85449	0.02098
730.92593	0.02132
728.99736	0.02160
727.06880	0.02181
725.14023	0.02194
723.21167	0.02216
721.28311	0.02224
719.35454	0.02226
717.42598	0.02231
715.49741	0.02231
713.56885	0.02231
711.64028	0.02230
709.71172	0.02232
707.78315	0.02230
705.85459	0.02221
703.92603	0.02220
701.99746	0.02242
700.06890	0.02269
698.14033	0.02274
696.21177	0.02267
694.28320	0.02273
692.35464	0.02290
690.42607	0.02286
688.49751	0.02246
686.56895	0.02224
684.64038	0.02266
682.71182	0.02365
680.78325	0.02444
678.85469	0.02440
676.92612	0.02416
674.99756	0.02450
673.06899	0.02500
671.14043	0.02419
669.21187	0.02222
667.28330	0.02398
665.35474	0.02429
663.42617	0.02451
661.49761	0.02504
659.56904	0.02545
657.64048	0.02508
655.71191	0.02462
653.78335	0.02491
651.85479	0.02536
649.92622	0.02550
647.99766	0.02588
646.06909	0.02653
644.14053	0.02663
642.21196	0.02625
640.28340	0.02647
638.35483	0.02755
636.42627	0.02876
634.49771	0.02968
632.56914	0.03031
630.64058	0.03042
628.71201	0.02982
626.78345	0.02878
624.85488	0.02807
622.92632	0.02784
620.99775	0.02780
619.06919	0.02767
617.14062	0.02726
615.21206	0.02707
613.28350	0.02760
611.35493	0.02838
609.42637	0.02873
607.49780	0.02846
605.56924	0.02776
603.64067	0.02722
601.71211	0.02785
599.78354	0.02942
