3997.91411	0.00992
3995.98555	0.00991
3994.05698	0.00980
3992.12842	0.00969
3990.19985	0.00968
3988.27129	0.00969
3986.34272	0.00964
3984.41416	0.00964
3982.48560	0.00973
3980.55703	0.00975
3978.62847	0.00962
3976.69990	0.00953
3974.77134	0.00958
3972.84277	0.00966
3970.91421	0.00973
3968.98564	0.00976
3967.05708	0.00971
3965.12852	0.00962
3963.19995	0.00962
3961.27139	0.00969
3959.34282	0.00978
3957.41426	0.00979
3955.48569	0.00971
3953.55713	0.00968
3951.62856	0.00975
3949.70000	0.00983
3947.77144	0.00980
3945.84287	0.00967
3943.91431	0.00960
3941.98574	0.00962
3940.05718	0.00968
3938.12861	0.00975
3936.20005	0.00987
3934.27148	0.00999
3932.34292	0.00998
3930.41436	0.00985
3928.48579	0.00974
3926.55723	0.00970
3924.62866	0.00971
3922.70010	0.00973
3920.77153	0.00975
3918.84297	0.00976
3916.91440	0.00973
3914.98584	0.00967
3913.05728	0.00959
3911.12871	0.00951
3909.20015	0.00944
3907.27158	0.00947
3905.34302	0.00967
3903.41445	0.00989
3901.48589	0.00997
3899.55732	0.00993
3897.62876	0.00991
3895.70020	0.00989
3893.77163	0.00985
3891.84307	0.00978
3889.91450	0.00971
3887.98594	0.00973
3886.05737	0.00994
3884.12881	0.01013
3882.20024	0.01012
3880.27168	0.01001
3878.34312	0.00979
3876.41455	0.00946
3874.48599	0.00927
3872.55742	0.00938
3870.62886	0.00955
3868.70029	0.00959
3866.77173	0.00959
3864.84316	0.00965
3862.91460	0.00972
3860.98604	0.00968
3859.05747	0.00957
3857.12891	0.00941
3855.20034	0.00922
3853.27178	0.00926
3851.34321	0.00953
3849.41465	0.00964
3847.48608	0.00949
3845.55752	0.00930
3843.62896	0.00923
3841.70039	0.00923
3839.77183	0.00926
3837.84326	0.00930
3835.91470	0.00935
3833.98613	0.00940
3832.05757	0.00946
3830.12900	0.00945
3828.20044	0.00937
3826.27187	0.00932
3824.34331	0.00930
3822.41475	0.00929
3820.48618	0.00931
3818.55762	0.00925
3816.62905	0.00920
3814.70049	0.00923
3812.77192	0.00917
3810.84336	0.00901
3808.91479	0.00896
3806.98623	0.00905
3805.05767	0.00907
3803.12910	0.00896
3801.20054	0.00893
3799.27197	0.00901
3797.34341	0.00913
3795.41484	0.00923
3793.48628	0.00922
3791.55771	0.00916
3789.62915	0.00914
3787.70059	0.00918
3785.77202	0.00921
3783.84346	0.00917
3781.91489	0.00906
3779.98633	0.00901
3778.05776	0.00914
3776.12920	0.00926
3774.20063	0.00920
3772.27207	0.00903
3770.34351	0.00898
3768.41494	0.00910
3766.48638	0.00922
3764.55781	0.00924
3762.62925	0.00918
3760.70068	0.00915
3758.77212	0.00922
3756.84355	0.00931
3754.91499	0.00929
3752.98643	0.00926
3751.05786	0.00937
3749.12930	0.00947
3747.20073	0.00941
3745.27217	0.00943
3743.34360	0.00958
3741.41504	0.00958
3739.48647	0.00945
3737.55791	0.00952
3735.62935	0.00978
3733.70078	0.00990
3731.77222	0.00980
3729.84365	0.00964
3727.91509	0.00955
3725.98652	0.00963
3724.05796	0.00978
3722.12939	0.00985
3720.20083	0.00984
3718.27227	0.00979
3716.34370	0.00964
3714.41514	0.00938
3712.48657	0.00915
3710.55801	0.00913
3708.62944	0.00932
3706.70088	0.00954
3704.77231	0.00966
3702.84375	0.00974
3700.91519	0.00982
3698.98662	0.00985
3697.05806	0.00988
3695.12949	0.00991
3693.20093	0.00989
3691.27236	0.00986
3689.34380	0.01001
3687.41523	0.01032
3685.48667	0.01053
3683.55811	0.01063
3681.62954	0.01078
3679.70098	0.01098
3677.77241	0.01116
3675.84385	0.01139
3673.91528	0.01172
3671.98672	0.01204
3670.05815	0.01244
3668.12959	0.01285
3666.20103	0.01311
3664.27246	0.01330
3662.34390	0.01355
3660.41533	0.01383
3658.48677	0.01411
3656.55820	0.01438
3654.62964	0.01461
3652.70107	0.01478
3650.77251	0.01507
3648.84395	0.01561
3646.91538	0.01616
3644.98682	0.01651
3643.05825	0.01675
3641.12969	0.01701
3639.20112	0.01730
3637.27256	0.01769
3635.34399	0.01820
3633.41543	0.01868
3631.48687	0.01899
3629.55830	0.01932
3627.62974	0.01979
3625.70117	0.02015
3623.77261	0.02030
3621.84404	0.02041
3619.91548	0.02066
3617.98691	0.02097
3616.05835	0.02125
3614.12979	0.02161
3612.20122	0.02208
3610.27266	0.02254
3608.34409	0.02300
3606.41553	0.02339
3604.48696	0.02360
3602.55840	0.02370
3600.62983	0.02391
3598.70127	0.02430
3596.77271	0.02479
3594.84414	0.02522
3592.91558	0.02543
3590.98701	0.02559
3589.05845	0.02597
3587.12988	0.02644
3585.20132	0.02668
3583.27275	0.02682
3581.34419	0.02724
3579.41562	0.02781
3577.48706	0.02818
3575.55850	0.02835
3573.62993	0.02857
3571.70137	0.02905
3569.77280	0.02978
3567.84424	0.03048
3565.91567	0.03080
3563.98711	0.03077
3562.05854	0.03075
3560.12998	0.03095
3558.20142	0.03132
3556.27285	0.03173
3554.34429	0.03212
3552.41572	0.03247
3550.48716	0.03278
3548.55859	0.03318
3546.63003	0.03375
3544.70146	0.03425
3542.77290	0.03444
3540.84434	0.03437
3538.91577	0.03448
3536.98721	0.03496
3535.05864	0.03543
3533.13008	0.03561
3531.20151	0.03569
3529.27295	0.03594
3527.34438	0.03645
3525.41582	0.03704
3523.48726	0.03742
3521.55869	0.03760
3519.63013	0.03779
3517.70156	0.03799
3515.77300	0.03807
3513.84443	0.03821
3511.91587	0.03863
3509.98730	0.03917
3508.05874	0.03952
3506.13018	0.03970
3504.20161	0.04005
3502.27305	0.04059
3500.34448	0.04096
3498.41592	0.04107
3496.48735	0.04110
3494.55879	0.04113
3492.63022	0.04117
3490.70166	0.04128
3488.77310	0.04151
3486.84453	0.04196
3484.91597	0.04250
3482.98740	0.04289
3481.05884	0.04309
3479.13027	0.04322
3477.20171	0.04344
3475.27314	0.04376
3473.34458	0.04407
3471.41602	0.04439
3469.48745	0.04474
3467.55889	0.04499
3465.63032	0.04519
3463.70176	0.04560
3461.77319	0.04607
3459.84463	0.04623
3457.91606	0.04616
3455.98750	0.04620
3454.05894	0.04647
3452.13037	0.04678
3450.20181	0.04704
3448.27324	0.04739
3446.34468	0.04782
3444.41611	0.04815
3442.48755	0.04822
3440.55898	0.04810
3438.63042	0.04808
3436.70186	0.04834
3434.77329	0.04871
3432.84473	0.04893
3430.91616	0.04910
3428.98760	0.04933
3427.05903	0.04963
3425.13047	0.05002
3423.20190	0.05036
3421.27334	0.05051
3419.34478	0.05056
3417.41621	0.05059
3415.48765	0.05074
3413.55908	0.05120
3411.63052	0.05171
3409.70195	0.05191
3407.77339	0.05186
3405.84482	0.05180
3403.91626	0.05182
3401.98770	0.05194
3400.05913	0.05210
3398.13057	0.05224
3396.20200	0.05235
3394.27344	0.05250
3392.34487	0.05263
3390.41631	0.05264
3388.48774	0.05271
3386.55918	0.05294
3384.63062	0.05321
3382.70205	0.05339
3380.77349	0.05348
3378.84492	0.05356
3376.91636	0.05363
3374.98779	0.05360
3373.05923	0.05356
3371.13066	0.05368
3369.20210	0.05392
3367.27354	0.05410
3365.34497	0.05419
3363.41641	0.05427
3361.48784	0.05432
3359.55928	0.05432
3357.63071	0.05437
3355.70215	0.05457
3353.77358	0.05485
3351.84502	0.05500
3349.91646	0.05496
3347.98789	0.05491
3346.05933	0.05494
3344.13076	0.05494
3342.20220	0.05487
3340.27363	0.05479
3338.34507	0.05474
3336.41650	0.05476
3334.48794	0.05487
3332.55937	0.05501
3330.63081	0.05503
3328.70225	0.05506
3326.77368	0.05534
3324.84512	0.05565
3322.91655	0.05569
3320.98799	0.05552
3319.05942	0.05540
3317.13086	0.05542
3315.20229	0.05545
3313.27373	0.05541
3311.34517	0.05545
3309.41660	0.05559
3307.48804	0.05575
3305.55947	0.05585
3303.63091	0.05588
3301.70234	0.05589
3299.77378	0.05582
3297.84521	0.05565
3295.91665	0.05557
3293.98809	0.05569
3292.05952	0.05585
3290.13096	0.05592
3288.20239	0.05587
3286.27383	0.05576
3284.34526	0.05576
3282.41670	0.05591
3280.48813	0.05594
3278.55957	0.05583
3276.63101	0.05587
3274.70244	0.05605
3272.77388	0.05613
3270.84531	0.05601
3268.91675	0.05587
3266.98818	0.05578
3265.05962	0.05568
3263.13105	0.05566
3261.20249	0.05572
3259.27393	0.05573
3257.34536	0.05564
3255.41680	0.05558
3253.48823	0.05552
3251.55967	0.05530
3249.63110	0.05496
3247.70254	0.05466
3245.77397	0.05444
3243.84541	0.05439
3241.91685	0.05441
3239.98828	0.05432
3238.05972	0.05416
3236.13115	0.05401
3234.20259	0.05384
3232.27402	0.05366
3230.34546	0.05358
3228.41689	0.05356
3226.48833	0.05349
3224.55977	0.05339
3222.63120	0.05333
3220.70264	0.05320
3218.77407	0.05291
3216.84551	0.05259
3214.91694	0.05247
3212.98838	0.05243
3211.05981	0.05224
3209.13125	0.05202
3207.20269	0.05192
3205.27412	0.05193
3203.34556	0.05200
3201.41699	0.05202
3199.48843	0.05189
3197.55986	0.05165
3195.63130	0.05132
3193.70273	0.05091
3191.77417	0.05048
3189.84561	0.05007
3187.91704	0.04978
3185.98848	0.04973
3184.05991	0.04976
3182.13135	0.04964
3180.20278	0.04930
3178.27422	0.04892
3176.34565	0.04873
3174.41709	0.04866
3172.48853	0.04847
3170.55996	0.04818
3168.63140	0.04788
3166.70283	0.04758
3164.77427	0.04725
3162.84570	0.04700
3160.91714	0.04679
3158.98857	0.04654
3157.06001	0.04628
3155.13145	0.04604
3153.20288	0.04577
3151.27432	0.04548
3149.34575	0.04522
3147.41719	0.04507
3145.48862	0.04503
3143.56006	0.04499
3141.63149	0.04477
3139.70293	0.04440
3137.77437	0.04406
3135.84580	0.04376
3133.91724	0.04339
3131.98867	0.04302
3130.06011	0.04284
3128.13154	0.04278
3126.20298	0.04262
3124.27441	0.04237
3122.34585	0.04214
3120.41729	0.04193
3118.48872	0.04167
3116.56016	0.04134
3114.63159	0.04105
3112.70303	0.04090
3110.77446	0.04084
3108.84590	0.04076
3106.91733	0.04060
3104.98877	0.04041
3103.06021	0.04027
3101.13164	0.04017
3099.20308	0.03999
3097.27451	0.03971
3095.34595	0.03947
3093.41738	0.03931
3091.48882	0.03909
3089.56025	0.03881
3087.63169	0.03851
3085.70312	0.03817
3083.77456	0.03786
3081.84600	0.03770
3079.91743	0.03766
3077.98887	0.03759
3076.06030	0.03749
3074.13174	0.03735
3072.20317	0.03714
3070.27461	0.03685
3068.34604	0.03657
3066.41748	0.03640
3064.48892	0.03628
3062.56035	0.03615
3060.63179	0.03593
3058.70322	0.03567
3056.77466	0.03543
3054.84609	0.03520
3052.91753	0.03493
3050.98896	0.03465
3049.06040	0.03434
3047.13184	0.03401
3045.20327	0.03372
3043.27471	0.03354
3041.34614	0.03343
3039.41758	0.03329
3037.48901	0.03309
3035.56045	0.03284
3033.63188	0.03259
3031.70332	0.03237
3029.77476	0.03222
3027.84619	0.03209
3025.91763	0.03189
3023.98906	0.03166
3022.06050	0.03149
3020.13193	0.03131
3018.20337	0.03104
3016.27480	0.03080
3014.34624	0.03072
3012.41768	0.03068
3010.48911	0.03052
3008.56055	0.03029
3006.63198	0.03017
3004.70342	0.03012
3002.77485	0.03000
3000.84629	0.02984
2998.91772	0.02977
2996.98916	0.02976
2995.06060	0.02980
2993.13203	0.02992
2991.20347	0.03008
2989.27490	0.03017
2987.34634	0.03013
2985.41777	0.03000
2983.48921	0.02997
2981.56064	0.03013
2979.63208	0.03029
2977.70352	0.03032
2975.77495	0.03036
2973.84639	0.03050
2971.91782	0.03061
2969.98926	0.03068
2968.06069	0.03080
2966.13213	0.03104
2964.20356	0.03124
2962.27500	0.03131
2960.34644	0.03137
2958.41787	0.03151
2956.48931	0.03162
2954.56074	0.03159
2952.63218	0.03153
2950.70361	0.03152
2948.77505	0.03163
2946.84648	0.03188
2944.91792	0.03218
2942.98936	0.03240
2941.06079	0.03253
2939.13223	0.03265
2937.20366	0.03281
2935.27510	0.03299
2933.34653	0.03310
2931.41797	0.03320
2929.48940	0.03334
2927.56084	0.03352
2925.63228	0.03370
2923.70371	0.03390
2921.77515	0.03411
2919.84658	0.03415
2917.91802	0.03389
2915.98945	0.03343
2914.06089	0.03288
2912.13232	0.03234
2910.20376	0.03195
2908.27520	0.03171
2906.34663	0.03148
2904.41807	0.03121
2902.48950	0.03094
2900.56094	0.03078
2898.63237	0.03070
2896.70381	0.03058
2894.77524	0.03040
2892.84668	0.03024
2890.91812	0.03010
2888.98955	0.02993
2887.06099	0.02972
2885.13242	0.02954
2883.20386	0.02951
2881.27529	0.02955
2879.34673	0.02942
2877.41816	0.02911
2875.48960	0.02886
2873.56104	0.02872
2871.63247	0.02859
2869.70391	0.02843
2867.77534	0.02830
2865.84678	0.02821
2863.91821	0.02815
2861.98965	0.02814
2860.06108	0.02818
2858.13252	0.02824
2856.20396	0.02838
2854.27539	0.02860
2852.34683	0.02873
2850.41826	0.02854
2848.48970	0.02805
2846.56113	0.02746
2844.63257	0.02695
2842.70400	0.02654
2840.77544	0.02618
2838.84687	0.02584
2836.91831	0.02551
2834.98975	0.02524
2833.06118	0.02511
2831.13262	0.02502
2829.20405	0.02487
2827.27549	0.02468
2825.34692	0.02451
2823.41836	0.02434
2821.48979	0.02417
2819.56123	0.02403
2817.63267	0.02392
2815.70410	0.02378
2813.77554	0.02357
2811.84697	0.02336
2809.91841	0.02328
2807.98984	0.02328
2806.06128	0.02323
2804.13271	0.02310
2802.20415	0.02292
2800.27559	0.02280
2798.34702	0.02276
2796.41846	0.02271
2794.48989	0.02263
2792.56133	0.02251
2790.63276	0.02235
2788.70420	0.02224
2786.77563	0.02226
2784.84707	0.02227
2782.91851	0.02223
2780.98994	0.02217
2779.06138	0.02213
2777.13281	0.02208
2775.20425	0.02199
2773.27568	0.02186
2771.34712	0.02173
2769.41855	0.02163
2767.48999	0.02155
2765.56143	0.02148
2763.63286	0.02143
2761.70430	0.02139
2759.77573	0.02128
2757.84717	0.02110
2755.91860	0.02098
2753.99004	0.02097
2752.06147	0.02098
2750.13291	0.02095
2748.20435	0.02088
2746.27578	0.02078
2744.34722	0.02072
2742.41865	0.02071
2740.49009	0.02073
2738.56152	0.02075
2736.63296	0.02071
2734.70439	0.02062
2732.77583	0.02053
2730.84727	0.02045
2728.91870	0.02038
2726.99014	0.02029
2725.06157	0.02026
2723.13301	0.02026
2721.20444	0.02022
2719.27588	0.02016
2717.34731	0.02007
2715.41875	0.01997
2713.49019	0.01992
2711.56162	0.01989
2709.63306	0.01981
2707.70449	0.01973
2705.77593	0.01971
2703.84736	0.01973
2701.91880	0.01975
2699.99023	0.01971
2698.06167	0.01963
2696.13311	0.01956
2694.20454	0.01944
2692.27598	0.01933
2690.34741	0.01925
2688.41885	0.01921
2686.49028	0.01919
2684.56172	0.01919
2682.63315	0.01918
2680.70459	0.01914
2678.77603	0.01910
2676.84746	0.01902
2674.91890	0.01891
2672.99033	0.01889
2671.06177	0.01893
2669.13320	0.01896
2667.20464	0.01898
2665.27607	0.01907
2663.34751	0.01929
2661.41895	0.01958
2659.49038	0.01985
2657.56182	0.02001
2655.63325	0.02006
2653.70469	0.02006
2651.77612	0.02005
2649.84756	0.02000
2647.91899	0.01986
2645.99043	0.01973
2644.06187	0.01971
2642.13330	0.01970
2640.20474	0.01960
2638.27617	0.01948
2636.34761	0.01936
2634.41904	0.01923
2632.49048	0.01909
2630.56191	0.01896
2628.63335	0.01889
2626.70479	0.01891
2624.77622	0.01887
2622.84766	0.01869
2620.91909	0.01849
2618.99053	0.01843
2617.06196	0.01835
2615.13340	0.01810
2613.20483	0.01789
2611.27627	0.01787
2609.34771	0.01789
2607.41914	0.01782
2605.49058	0.01772
2603.56201	0.01757
2601.63345	0.01737
2599.70488	0.01723
2597.77632	0.01716
2595.84775	0.01707
2593.91919	0.01697
2591.99062	0.01692
2590.06206	0.01682
2588.13350	0.01672
2586.20493	0.01672
2584.27637	0.01665
2582.34780	0.01654
2580.41924	0.01658
2578.49067	0.01660
2576.56211	0.01641
2574.63354	0.01617
2572.70498	0.01602
2570.77642	0.01595
2568.84785	0.01592
2566.91929	0.01592
2564.99072	0.01589
2563.06216	0.01578
2561.13359	0.01566
2559.20503	0.01557
2557.27646	0.01545
2555.34790	0.01534
2553.41934	0.01528
2551.49077	0.01520
2549.56221	0.01512
2547.63364	0.01510
2545.70508	0.01504
2543.77651	0.01496
2541.84795	0.01503
2539.91938	0.01512
2537.99082	0.01506
2536.06226	0.01497
2534.13369	0.01490
2532.20513	0.01480
2530.27656	0.01470
2528.34800	0.01468
2526.41943	0.01469
2524.49087	0.01473
2522.56230	0.01481
2520.63374	0.01490
2518.70518	0.01492
2516.77661	0.01487
2514.84805	0.01478
2512.91948	0.01463
2510.99092	0.01449
2509.06235	0.01444
2507.13379	0.01439
2505.20522	0.01432
2503.27666	0.01424
2501.34810	0.01423
2499.41953	0.01427
2497.49097	0.01429
2495.56240	0.01430
2493.63384	0.01434
2491.70527	0.01438
2489.77671	0.01434
2487.84814	0.01417
2485.91958	0.01392
2483.99102	0.01379
2482.06245	0.01394
2480.13389	0.01419
2478.20532	0.01425
2476.27676	0.01411
2474.34819	0.01401
2472.41963	0.01401
2470.49106	0.01407
2468.56250	0.01407
2466.63394	0.01397
2464.70537	0.01392
2462.77681	0.01399
2460.84824	0.01405
2458.91968	0.01409
2456.99111	0.01417
2455.06255	0.01419
2453.13398	0.01411
2451.20542	0.01405
2449.27686	0.01407
2447.34829	0.01406
2445.41973	0.01398
2443.49116	0.01385
2441.56260	0.01373
2439.63403	0.01360
2437.70547	0.01349
2435.77690	0.01344
2433.84834	0.01341
2431.91978	0.01337
2429.99121	0.01333
2428.06265	0.01325
2426.13408	0.01311
2424.20552	0.01302
2422.27695	0.01305
2420.34839	0.01313
2418.41982	0.01313
2416.49126	0.01306
2414.56270	0.01301
2412.63413	0.01301
2410.70557	0.01303
2408.77700	0.01293
2406.84844	0.01267
2404.91987	0.01245
2402.99131	0.01238
2401.06274	0.01238
2399.13418	0.01214
2397.20562	0.01213
2395.27705	0.01224
2393.34849	0.01237
2391.41992	0.01245
2389.49136	0.01246
2387.56279	0.01251
2385.63423	0.01273
2383.70566	0.01307
2381.77710	0.01342
2379.84854	0.01373
2377.91997	0.01397
2375.99141	0.01409
2374.06284	0.01412
2372.13428	0.01408
2370.20571	0.01399
2368.27715	0.01398
2366.34858	0.01430
2364.42002	0.01490
2362.49146	0.01538
2360.56289	0.01565
2358.63433	0.01598
2356.70576	0.01632
2354.77720	0.01650
2352.84863	0.01670
2350.92007	0.01693
2348.99150	0.01697
2347.06294	0.01663
2345.13437	0.01636
2343.20581	0.01629
2341.27725	0.01624
2339.34868	0.01611
2337.42012	0.01600
2335.49155	0.01597
2333.56299	0.01613
2331.63442	0.01653
2329.70586	0.01740
2327.77729	0.01915
2325.84873	0.02115
2323.92017	0.02192
2321.99160	0.02113
2320.06304	0.01990
2318.13447	0.01907
2316.20591	0.01861
2314.27734	0.01831
2312.34878	0.01806
2310.42021	0.01784
2308.49165	0.01768
2306.56309	0.01745
2304.63452	0.01713
2302.70596	0.01688
2300.77739	0.01678
2298.84883	0.01677
2296.92026	0.01682
2294.99170	0.01692
2293.06313	0.01718
2291.13457	0.01755
2289.20601	0.01785
2287.27744	0.01796
2285.34888	0.01773
2283.42031	0.01714
2281.49175	0.01648
2279.56318	0.01602
2277.63462	0.01578
2275.70605	0.01566
2273.77749	0.01556
2271.84893	0.01535
2269.92036	0.01505
2267.99180	0.01477
2266.06323	0.01461
2264.13467	0.01459
2262.20610	0.01472
2260.27754	0.01496
2258.34897	0.01503
2256.42041	0.01460
2254.49185	0.01394
2252.56328	0.01363
2250.63472	0.01367
2248.70615	0.01373
2246.77759	0.01400
2244.84902	0.01415
2242.92046	0.01408
2240.99189	0.01388
2239.06333	0.01380
2237.13477	0.01398
2235.20620	0.01423
2233.27764	0.01439
2231.34907	0.01438
2229.42051	0.01417
2227.49194	0.01394
2225.56338	0.01381
2223.63481	0.01372
2221.70625	0.01360
2219.77769	0.01348
2217.84912	0.01334
2215.92056	0.01323
2213.99199	0.01337
2212.06343	0.01358
2210.13486	0.01340
2208.20630	0.01312
2206.27773	0.01324
2204.34917	0.01351
2202.42061	0.01344
2200.49204	0.01317
2198.56348	0.01319
2196.63491	0.01350
2194.70635	0.01378
2192.77778	0.01408
2190.84922	0.01443
2188.92065	0.01460
2186.99209	0.01447
2185.06353	0.01388
2183.13496	0.01279
2181.20640	0.01198
2179.27783	0.01186
2177.34927	0.01160
2175.42070	0.01110
2173.49214	0.01137
2171.56357	0.01260
2169.63501	0.01417
2167.70645	0.01535
2165.77788	0.01581
2163.84932	0.01623
2161.92075	0.01514
2159.99219	0.00927
2158.06362	0.00252
2156.13506	0.00112
2154.20649	0.00305
2152.27793	0.00473
2150.34937	0.00561
2148.42080	0.00592
2146.49224	0.00602
2144.56367	0.00629
2142.63511	0.00659
2140.70654	0.00675
2138.77798	0.00670
2136.84941	0.00593
2134.92085	0.00464
2132.99229	0.00427
2131.06372	0.00530
2129.13516	0.00663
2127.20659	0.00748
2125.27803	0.00805
2123.34946	0.00868
2121.42090	0.00932
2119.49233	0.00989
2117.56377	0.01062
2115.63521	0.01146
2113.70664	0.01196
2111.77808	0.01185
2109.84951	0.01144
2107.92095	0.01128
2105.99238	0.01155
2104.06382	0.01187
2102.13525	0.01182
2100.20669	0.01145
2098.27812	0.01086
2096.34956	0.01014
2094.42100	0.00968
2092.49243	0.01006
2090.56387	0.01094
2088.63530	0.01143
2086.70674	0.01143
2084.77817	0.01159
2082.84961	0.01205
2080.92104	0.01238
2078.99248	0.01237
2077.06392	0.01225
2075.13535	0.01210
2073.20679	0.01185
2071.27822	0.01154
2069.34966	0.01128
2067.42109	0.01118
2065.49253	0.01111
2063.56396	0.01086
2061.63540	0.01074
2059.70684	0.01113
2057.77827	0.01172
2055.84971	0.01216
2053.92114	0.01300
2051.99258	0.01444
2050.06401	0.01475
2048.13545	0.01317
2046.20688	0.01152
2044.27832	0.01105
2042.34976	0.01143
2040.42119	0.01203
2038.49263	0.01231
2036.56406	0.01191
2034.63550	0.01071
2032.70693	0.00936
2030.77837	0.00881
2028.84980	0.00896
2026.92124	0.00890
2024.99268	0.00837
2023.06411	0.00797
2021.13555	0.00803
2019.20698	0.00820
2017.27842	0.00818
2015.34985	0.00807
2013.42129	0.00807
2011.49272	0.00814
2009.56416	0.00790
2007.63560	0.00712
2005.70703	0.00648
2003.77847	0.00656
2001.84990	0.00701
1999.92134	0.00747
1997.99277	0.00803
1996.06421	0.00883
1994.13564	0.00968
1992.20708	0.01022
1990.27852	0.01043
1988.34995	0.01063
1986.42139	0.01084
1984.49282	0.01128
1982.56426	0.01240
1980.63569	0.01301
1978.70713	0.01121
1976.77856	0.00814
1974.85000	0.00635
1972.92144	0.00607
1970.99287	0.00628
1969.06431	0.00641
1967.13574	0.00633
1965.20718	0.00627
1963.27861	0.00623
1961.35005	0.00577
1959.42148	0.00506
1957.49292	0.00505
1955.56436	0.00588
1953.63579	0.00670
1951.70723	0.00689
1949.77866	0.00665
1947.85010	0.00652
1945.92153	0.00669
1943.99297	0.00695
1942.06440	0.00715
1940.13584	0.00729
1938.20728	0.00736
1936.27871	0.00739
1934.35015	0.00744
1932.42158	0.00744
1930.49302	0.00742
1928.56445	0.00738
1926.63589	0.00731
1924.70732	0.00738
1922.77876	0.00773
1920.85020	0.00813
1918.92163	0.00835
1916.99307	0.00832
1915.06450	0.00819
1913.13594	0.00813
1911.20737	0.00813
1909.27881	0.00807
1907.35024	0.00804
1905.42168	0.00819
1903.49312	0.00845
1901.56455	0.00858
1899.63599	0.00853
1897.70742	0.00853
1895.77886	0.00872
1893.85029	0.00896
1891.92173	0.00907
1889.99316	0.00912
1888.06460	0.00916
1886.13604	0.00908
1884.20747	0.00896
1882.27891	0.00896
1880.35034	0.00911
1878.42178	0.00920
1876.49321	0.00914
1874.56465	0.00900
1872.63608	0.00900
1870.70752	0.00922
1868.77896	0.00949
1866.85039	0.00952
1864.92183	0.00935
1862.99326	0.00925
1861.06470	0.00930
1859.13613	0.00935
1857.20757	0.00934
1855.27900	0.00932
1853.35044	0.00931
1851.42187	0.00931
1849.49331	0.00936
1847.56475	0.00948
1845.63618	0.00962
1843.70762	0.00965
1841.77905	0.00957
1839.85049	0.00947
1837.92192	0.00939
1835.99336	0.00932
1834.06479	0.00932
1832.13623	0.00942
1830.20767	0.00957
1828.27910	0.00973
1826.35054	0.00987
1824.42197	0.00997
1822.49341	0.00997
1820.56484	0.00981
1818.63628	0.00950
1816.70771	0.00926
1814.77915	0.00931
1812.85059	0.00956
1810.92202	0.00983
1808.99346	0.01004
1807.06489	0.01021
1805.13633	0.01038
1803.20776	0.01056
1801.27920	0.01065
1799.35063	0.01064
1797.42207	0.01062
1795.49351	0.01063
1793.56494	0.01070
1791.63638	0.01078
1789.70781	0.01078
1787.77925	0.01074
1785.85068	0.01076
1783.92212	0.01079
1781.99355	0.01076
1780.06499	0.01070
1778.13643	0.01062
1776.20786	0.01046
1774.27930	0.01028
1772.35073	0.01028
1770.42217	0.01050
1768.49360	0.01070
1766.56504	0.01068
1764.63647	0.01058
1762.70791	0.01057
1760.77935	0.01068
1758.85078	0.01081
1756.92222	0.01089
1754.99365	0.01096
1753.06509	0.01113
1751.13652	0.01143
1749.20796	0.01171
1747.27939	0.01186
1745.35083	0.01196
1743.42227	0.01204
1741.49370	0.01215
1739.56514	0.01236
1737.63657	0.01267
1735.70801	0.01308
1733.77944	0.01362
1731.85088	0.01409
1729.92231	0.01434
1727.99375	0.01450
1726.06519	0.01471
1724.13662	0.01498
1722.20806	0.01523
1720.27949	0.01545
1718.35093	0.01584
1716.42236	0.01646
1714.49380	0.01707
1712.56523	0.01751
1710.63667	0.01788
1708.70811	0.01830
1706.77954	0.01888
1704.85098	0.01965
1702.92241	0.02052
1700.99385	0.02155
1699.06528	0.02277
1697.13672	0.02401
1695.20815	0.02524
1693.27959	0.02634
1691.35103	0.02732
1689.42246	0.02832
1687.49390	0.02929
1685.56533	0.03034
1683.63677	0.03171
1681.70820	0.03303
1679.77964	0.03402
1677.85107	0.03484
1675.92251	0.03579
1673.99395	0.03685
1672.06538	0.03792
1670.13682	0.03917
1668.20825	0.04053
1666.27969	0.04165
1664.35112	0.04261
1662.42256	0.04368
1660.49399	0.04479
1658.56543	0.04570
1656.63687	0.04639
1654.70830	0.04711
1652.77974	0.04808
1650.85117	0.04899
1648.92261	0.04971
1646.99404	0.05051
1645.06548	0.05130
1643.13691	0.05179
1641.20835	0.05209
1639.27979	0.05230
1637.35122	0.05252
1635.42266	0.05285
1633.49409	0.05322
1631.56553	0.05337
1629.63696	0.05324
1627.70840	0.05284
1625.77983	0.05218
1623.85127	0.05133
1621.92271	0.05037
1619.99414	0.04927
1618.06558	0.04794
1616.13701	0.04650
1614.20845	0.04520
1612.27988	0.04401
1610.35132	0.04283
1608.42275	0.04172
1606.49419	0.04070
1604.56562	0.03974
1602.63706	0.03880
1600.70850	0.03787
1598.77993	0.03701
1596.85137	0.03626
1594.92280	0.03562
1592.99424	0.03502
1591.06567	0.03442
1589.13711	0.03383
1587.20854	0.03331
1585.27998	0.03289
1583.35142	0.03255
1581.42285	0.03222
1579.49429	0.03185
1577.56572	0.03147
1575.63716	0.03126
1573.70859	0.03120
1571.78003	0.03113
1569.85146	0.03107
1567.92290	0.03110
1565.99434	0.03118
1564.06577	0.03122
1562.13721	0.03120
1560.20864	0.03125
1558.28008	0.03161
1556.35151	0.03213
1554.42295	0.03255
1552.49438	0.03281
1550.56582	0.03296
1548.63726	0.03302
1546.70869	0.03304
1544.78013	0.03297
1542.85156	0.03277
1540.92300	0.03257
1538.99443	0.03257
1537.06587	0.03256
1535.13730	0.03242
1533.20874	0.03218
1531.28018	0.03191
1529.35161	0.03163
1527.42305	0.03135
1525.49448	0.03100
1523.56592	0.03058
1521.63735	0.03022
1519.70879	0.02991
1517.78022	0.02953
1515.85166	0.02908
1513.92310	0.02862
1511.99453	0.02818
1510.06597	0.02769
1508.13740	0.02696
1506.20884	0.02602
1504.28027	0.02526
1502.35171	0.02477
1500.42314	0.02436
1498.49458	0.02396
1496.56602	0.02356
1494.63745	0.02319
1492.70889	0.02292
1490.78032	0.02279
1488.85176	0.02270
1486.92319	0.02257
1484.99463	0.02247
1483.06606	0.02252
1481.13750	0.02274
1479.20894	0.02306
1477.28037	0.02350
1475.35181	0.02408
1473.42324	0.02469
1471.49468	0.02522
1469.56611	0.02561
1467.63755	0.02592
1465.70898	0.02625
1463.78042	0.02659
1461.85186	0.02690
1459.92329	0.02722
1457.99473	0.02767
1456.06616	0.02810
1454.13760	0.02828
1452.20903	0.02830
1450.28047	0.02835
1448.35190	0.02844
1446.42334	0.02850
1444.49478	0.02853
1442.56621	0.02857
1440.63765	0.02868
1438.70908	0.02894
1436.78052	0.02933
1434.85195	0.02961
1432.92339	0.02970
1430.99482	0.02977
1429.06626	0.02992
1427.13770	0.03015
1425.20913	0.03042
1423.28057	0.03067
1421.35200	0.03090
1419.42344	0.03116
1417.49487	0.03135
1415.56631	0.03130
1413.63774	0.03113
1411.70918	0.03102
1409.78062	0.03091
1407.85205	0.03074
1405.92349	0.03055
1403.99492	0.03035
1402.06636	0.03019
1400.13779	0.03012
1398.20923	0.03009
1396.28066	0.02996
1394.35210	0.02969
1392.42354	0.02936
1390.49497	0.02912
1388.56641	0.02906
1386.63784	0.02908
1384.70928	0.02902
1382.78071	0.02891
1380.85215	0.02889
1378.92358	0.02900
1376.99502	0.02919
1375.06646	0.02940
1373.13789	0.02951
1371.20933	0.02948
1369.28076	0.02942
1367.35220	0.02943
1365.42363	0.02956
1363.49507	0.02981
1361.56650	0.02999
1359.63794	0.03001
1357.70937	0.02996
1355.78081	0.02993
1353.85225	0.02993
1351.92368	0.02990
1349.99512	0.02988
1348.06655	0.02987
1346.13799	0.02983
1344.20942	0.02975
1342.28086	0.02976
1340.35229	0.02978
1338.42373	0.02958
1336.49517	0.02910
1334.56660	0.02856
1332.63804	0.02817
1330.70947	0.02795
1328.78091	0.02789
1326.85234	0.02789
1324.92378	0.02791
1322.99521	0.02795
1321.06665	0.02804
1319.13809	0.02818
1317.20952	0.02829
1315.28096	0.02835
1313.35239	0.02838
1311.42383	0.02840
1309.49526	0.02843
1307.56670	0.02856
1305.63813	0.02874
1303.70957	0.02891
1301.78101	0.02915
1299.85244	0.02948
1297.92388	0.02983
1295.99531	0.03022
1294.06675	0.03073
1292.13818	0.03139
1290.20962	0.03214
1288.28105	0.03299
1286.35249	0.03393
1284.42393	0.03495
1282.49536	0.03604
1280.56680	0.03721
1278.63823	0.03846
1276.70967	0.03981
1274.78110	0.04124
1272.85254	0.04276
1270.92397	0.04437
1268.99541	0.04600
1267.06685	0.04758
1265.13828	0.04912
1263.20972	0.05065
1261.28115	0.05225
1259.35259	0.05395
1257.42402	0.05573
1255.49546	0.05752
1253.56689	0.05931
1251.63833	0.06116
1249.70977	0.06319
1247.78120	0.06537
1245.85264	0.06757
1243.92407	0.06978
1241.99551	0.07210
1240.06694	0.07456
1238.13838	0.07707
1236.20981	0.07961
1234.28125	0.08224
1232.35269	0.08497
1230.42412	0.08776
1228.49556	0.09066
1226.56699	0.09369
1224.63843	0.09674
1222.70986	0.09966
1220.78130	0.10238
1218.85273	0.10499
1216.92417	0.10764
1214.99561	0.11031
1213.06704	0.11292
1211.13848	0.11535
1209.20991	0.11758
1207.28135	0.11963
1205.35278	0.12147
1203.42422	0.12310
1201.49565	0.12455
1199.56709	0.12581
1197.63853	0.12693
1195.70996	0.12799
1193.78140	0.12896
1191.85283	0.12973
1189.92427	0.13033
1187.99570	0.13094
1186.06714	0.13168
1184.13857	0.13259
1182.21001	0.13363
1180.28145	0.13476
1178.35288	0.13605
1176.42432	0.13754
1174.49575	0.13920
1172.56719	0.14100
1170.63862	0.14287
1168.71006	0.14480
1166.78149	0.14680
1164.85293	0.14889
1162.92437	0.15106
1160.99580	0.15327
1159.06724	0.15552
1157.13867	0.15785
1155.21011	0.16021
1153.28154	0.16256
1151.35298	0.16492
1149.42441	0.16731
1147.49585	0.16965
1145.56729	0.17184
1143.63872	0.17383
1141.71016	0.17559
1139.78159	0.17710
1137.85303	0.17845
1135.92446	0.17978
1133.99590	0.18123
1132.06733	0.18280
1130.13877	0.18448
1128.21021	0.18638
1126.28164	0.18851
1124.35308	0.19069
1122.42451	0.19284
1120.49595	0.19510
1118.56738	0.19750
1116.63882	0.19999
1114.71025	0.20265
1112.78169	0.20561
1110.85312	0.20886
1108.92456	0.21241
1106.99600	0.21631
1105.06743	0.22068
1103.13887	0.22556
1101.21030	0.23092
1099.28174	0.23684
1097.35317	0.24330
1095.42461	0.25020
1093.49604	0.25744
1091.56748	0.26487
1089.63892	0.27240
1087.71035	0.27992
1085.78179	0.28736
1083.85322	0.29468
1081.92466	0.30188
1079.99609	0.30907
1078.06753	0.31624
1076.13896	0.32316
1074.21040	0.32973
1072.28184	0.33601
1070.35327	0.34189
1068.42471	0.34724
1066.49614	0.35229
1064.56758	0.35733
1062.63901	0.36243
1060.71045	0.36766
1058.78188	0.37321
1056.85332	0.37898
1054.92476	0.38488
1052.99619	0.39103
1051.06763	0.39731
1049.13906	0.40331
1047.21050	0.40884
1045.28193	0.41381
1043.35337	0.41814
1041.42480	0.42196
1039.49624	0.42552
1037.56768	0.42897
1035.63911	0.43237
1033.71055	0.43569
1031.78198	0.43881
1029.85342	0.44170
1027.92485	0.44452
1025.99629	0.44725
1024.06772	0.44959
1022.13916	0.45158
1020.21060	0.45349
1018.28203	0.45532
1016.35347	0.45693
1014.42490	0.45832
1012.49634	0.45935
1010.56777	0.45990
1008.63921	0.46008
1006.71064	0.45982
1004.78208	0.45901
1002.85352	0.45775
1000.92495	0.45598
998.99639	0.45375
997.06782	0.45124
995.13926	0.44840
993.21069	0.44503
991.28213	0.44117
989.35356	0.43714
987.42500	0.43312
985.49644	0.42897
983.56787	0.42472
981.63931	0.42059
979.71074	0.41660
977.78218	0.41261
975.85361	0.40859
973.92505	0.40427
971.99648	0.39933
970.06792	0.39370
968.13936	0.38750
966.21079	0.38082
964.28223	0.37381
962.35366	0.36680
960.42510	0.35994
958.49653	0.35312
956.56797	0.34628
954.63940	0.33946
952.71084	0.33276
950.78228	0.32638
948.85371	0.32037
946.92515	0.31470
944.99658	0.30942
943.06802	0.30454
941.13945	0.29983
939.21089	0.29513
937.28232	0.29053
935.35376	0.28597
933.42520	0.28130
931.49663	0.27642
929.56807	0.27130
927.63950	0.26597
925.71094	0.26047
923.78237	0.25486
921.85381	0.24914
919.92524	0.24326
917.99668	0.23710
916.06812	0.23064
914.13955	0.22409
912.21099	0.21766
910.28242	0.21145
908.35386	0.20567
906.42529	0.20039
904.49673	0.19549
902.56816	0.19092
900.63960	0.18655
898.71104	0.18225
896.78247	0.17800
894.85391	0.17381
892.92534	0.16971
890.99678	0.16573
889.06821	0.16193
887.13965	0.15840
885.21108	0.15510
883.28252	0.15195
881.35396	0.14896
879.42539	0.14621
877.49683	0.14365
875.56826	0.14112
873.63970	0.13859
871.71113	0.13621
869.78257	0.13413
867.85400	0.13241
865.92544	0.13092
863.99687	0.12949
862.06831	0.12814
860.13975	0.12699
858.21118	0.12621
856.28262	0.12588
854.35405	0.12585
852.42549	0.12591
850.49692	0.12607
848.56836	0.12639
846.63979	0.12678
844.71123	0.12719
842.78267	0.12779
840.85410	0.12873
838.92554	0.12989
836.99697	0.13123
835.06841	0.13284
833.13984	0.13484
831.21128	0.13719
829.28271	0.13976
827.35415	0.14256
825.42559	0.14565
823.49702	0.14894
821.56846	0.15225
819.63989	0.15540
817.71133	0.15841
815.78276	0.16140
813.85420	0.16428
811.92563	0.16693
809.99707	0.16966
808.06851	0.17276
806.13994	0.17611
804.21138	0.17944
802.28281	0.18268
800.35425	0.18577
798.42568	0.18844
796.49712	0.19056
794.56855	0.19210
792.63999	0.19301
790.71143	0.19358
788.78286	0.19417
786.85430	0.19463
784.92573	0.19481
782.99717	0.19475
781.06860	0.19446
779.14004	0.19410
777.21147	0.19385
775.28291	0.19359
773.35435	0.19324
771.42578	0.19283
769.49722	0.19223
767.56865	0.19149
765.64009	0.19082
763.71152	0.19013
761.78296	0.18927
759.85439	0.18831
757.92583	0.18741
755.99727	0.18679
754.06870	0.18658
752.14014	0.18669
750.21157	0.18692
748.28301	0.18719
746.35444	0.18748
744.42588	0.18774
742.49731	0.18798
740.56875	0.18825
738.64019	0.18859
736.71162	0.18888
734.78306	0.18894
732.85449	0.18894
730.92593	0.18908
728.99736	0.18937
727.06880	0.18963
725.14023	0.18975
723.21167	0.19010
721.28311	0.19073
719.35454	0.19137
717.42598	0.19188
715.49741	0.19249
713.56885	0.19328
711.64028	0.19396
709.71172	0.19436
707.78315	0.19459
705.85459	0.19469
703.92603	0.19457
701.99746	0.19453
700.06890	0.19487
698.14033	0.19518
696.21177	0.19509
694.28320	0.19499
692.35464	0.19513
690.42607	0.19506
688.49751	0.19459
686.56895	0.19387
684.64038	0.19286
682.71182	0.19167
680.78325	0.19071
678.85469	0.19015
676.92612	0.18982
674.99756	0.18965
673.06899	0.18961
671.14043	0.18938
669.21187	0.18854
667.28330	0.18750
665.35474	0.18668
663.42617	0.18640
661.49761	0.18631
659.56904	0.18613
657.64048	0.18584
655.71191	0.18583
653.78335	0.18607
651.85479	0.18618
649.92622	0.18613
647.99766	0.18610
646.06909	0.18604
644.14053	0.18584
642.21196	0.18558
640.28340	0.18547
638.35483	0.18546
636.42627	0.18534
634.49771	0.18517
632.56914	0.18536
630.64058	0.18617
628.71201	0.18737
626.78345	0.18824
624.85488	0.18846
622.92632	0.18870
620.99775	0.18939
619.06919	0.19036
617.14062	0.19197
615.21206	0.19418
613.28350	0.19612
611.35493	0.19800
609.42637	0.20067
607.49780	0.20309
605.56924	0.20346
603.64067	0.20243
601.71211	0.20219
599.78354	0.20317
