3997.91411	0.01979
3995.98555	0.01974
3994.05698	0.01968
3992.12842	0.01969
3990.19985	0.01979
3988.27129	0.01984
3986.34272	0.01984
3984.41416	0.01985
3982.48560	0.01990
3980.55703	0.01993
3978.62847	0.02000
3976.69990	0.02011
3974.77134	0.02017
3972.84277	0.02010
3970.91421	0.02003
3968.98564	0.01999
3967.05708	0.01998
3965.12852	0.02000
3963.19995	0.02005
3961.27139	0.02005
3959.34282	0.01996
3957.41426	0.01985
3955.48569	0.01981
3953.55713	0.01984
3951.62856	0.01989
3949.70000	0.02000
3947.77144	0.02014
3945.84287	0.02024
3943.91431	0.02026
3941.98574	0.02022
3940.05718	0.02015
3938.12861	0.02014
3936.20005	0.02022
3934.27148	0.02037
3932.34292	0.02044
3930.41436	0.02029
3928.48579	0.02007
3926.55723	0.01999
3924.62866	0.02003
3922.70010	0.02013
3920.77153	0.02028
3918.84297	0.02042
3916.91440	0.02045
3914.98584	0.02036
3913.05728	0.02026
3911.12871	0.02015
3909.20015	0.02006
3907.27158	0.02007
3905.34302	0.02028
3903.41445	0.02053
3901.48589	0.02061
3899.55732	0.02051
3897.62876	0.02039
3895.70020	0.02028
3893.77163	0.02021
3891.84307	0.02023
3889.91450	0.02031
3887.98594	0.02039
3886.05737	0.02052
3884.12881	0.02066
3882.20024	0.02069
3880.27168	0.02063
3878.34312	0.02055
3876.41455	0.02045
3874.48599	0.02041
3872.55742	0.02044
3870.62886	0.02043
3868.70029	0.02034
3866.77173	0.02030
3864.84316	0.02040
3862.91460	0.02060
3860.98604	0.02076
3859.05747	0.02071
3857.12891	0.02044
3855.20034	0.02017
3853.27178	0.02007
3851.34321	0.02009
3849.41465	0.02011
3847.48608	0.02016
3845.55752	0.02027
3843.62896	0.02039
3841.70039	0.02039
3839.77183	0.02027
3837.84326	0.02016
3835.91470	0.02015
3833.98613	0.02015
3832.05757	0.02012
3830.12900	0.02015
3828.20044	0.02024
3826.27187	0.02027
3824.34331	0.02018
3822.41475	0.02013
3820.48618	0.02023
3818.55762	0.02025
3816.62905	0.02013
3814.70049	0.02010
3812.77192	0.02017
3810.84336	0.02023
3808.91479	0.02022
3806.98623	0.02021
3805.05767	0.02014
3803.12910	0.01998
3801.20054	0.01984
3799.27197	0.01982
3797.34341	0.01984
3795.41484	0.01985
3793.48628	0.01983
3791.55771	0.01982
3789.62915	0.01981
3787.70059	0.01977
3785.77202	0.01968
3783.84346	0.01967
3781.91489	0.01971
3779.98633	0.01974
3778.05776	0.01979
3776.12920	0.01983
3774.20063	0.01977
3772.27207	0.01957
3770.34351	0.01941
3768.41494	0.01951
3766.48638	0.01975
3764.55781	0.01983
3762.62925	0.01968
3760.70068	0.01953
3758.77212	0.01953
3756.84355	0.01955
3754.91499	0.01950
3752.98643	0.01951
3751.05786	0.01962
3749.12930	0.01974
3747.20073	0.01988
3745.27217	0.02017
3743.34360	0.02041
3741.41504	0.02036
3739.48647	0.02019
3737.55791	0.02011
3735.62935	0.02009
3733.70078	0.01998
3731.77222	0.01984
3729.84365	0.01989
3727.91509	0.02005
3725.98652	0.02025
3724.05796	0.02017
3722.12939	0.01993
3720.20083	0.01980
3718.27227	0.01968
3716.34370	0.01961
3714.41514	0.01961
3712.48657	0.01970
3710.55801	0.01989
3708.62944	0.02013
3706.70088	0.02026
3704.77231	0.02014
3702.84375	0.01994
3700.91519	0.01992
3698.98662	0.02001
3697.05806	0.01998
3695.12949	0.01980
3693.20093	0.01964
3691.27236	0.01961
3689.34380	0.01975
3687.41523	0.01986
3685.48667	0.01985
3683.55811	0.01982
3681.62954	0.01987
3679.70098	0.01988
3677.77241	0.01974
3675.84385	0.01958
3673.91528	0.01963
3671.98672	0.01986
3670.05815	0.02008
3668.12959	0.02015
3666.20103	0.02007
3664.27246	0.02005
3662.34390	0.02023
3660.41533	0.02049
3658.48677	0.02066
3656.55820	0.02079
3654.62964	0.02093
3652.70107	0.02103
3650.77251	0.02120
3648.84395	0.02148
3646.91538	0.02163
3644.98682	0.02169
3643.05825	0.02178
3641.12969	0.02181
3639.20112	0.02173
3637.27256	0.02164
3635.34399	0.02176
3633.41543	0.02202
3631.48687	0.02224
3629.55830	0.02246
3627.62974	0.02269
3625.70117	0.02282
3623.77261	0.02272
3621.84404	0.02250
3619.91548	0.02259
3617.98691	0.02299
3616.05835	0.02337
3614.12979	0.02359
3612.20122	0.02371
3610.27266	0.02382
3608.34409	0.02396
3606.41553	0.02411
3604.48696	0.02417
3602.55840	0.02411
3600.62983	0.02399
3598.70127	0.02398
3596.77271	0.02410
3594.84414	0.02420
3592.91558	0.02421
3590.98701	0.02424
3589.05845	0.02443
3587.12988	0.02464
3585.20132	0.02471
3583.27275	0.02460
3581.34419	0.02440
3579.41562	0.02424
3577.48706	0.02425
3575.55850	0.02441
3573.62993	0.02464
3571.70137	0.02501
3569.77280	0.02555
3567.84424	0.02601
3565.91567	0.02604
3563.98711	0.02579
3562.05854	0.02560
3560.12998	0.02550
3558.20142	0.02539
3556.27285	0.02539
3554.34429	0.02564
3552.41572	0.02602
3550.48716	0.02630
3548.55859	0.02648
3546.63003	0.02658
3544.70146	0.02663
3542.77290	0.02663
3540.84434	0.02659
3538.91577	0.02666
3536.98721	0.02688
3535.05864	0.02717
3533.13008	0.02742
3531.20151	0.02757
3529.27295	0.02764
3527.34438	0.02769
3525.41582	0.02769
3523.48726	0.02767
3521.55869	0.02776
3519.63013	0.02804
3517.70156	0.02832
3515.77300	0.02833
3513.84443	0.02817
3511.91587	0.02817
3509.98730	0.02842
3508.05874	0.02872
3506.13018	0.02882
3504.20161	0.02879
3502.27305	0.02882
3500.34448	0.02888
3498.41592	0.02897
3496.48735	0.02909
3494.55879	0.02918
3492.63022	0.02937
3490.70166	0.02975
3488.77310	0.03000
3486.84453	0.02993
3484.91597	0.02968
3482.98740	0.02939
3481.05884	0.02928
3479.13027	0.02952
3477.20171	0.02996
3475.27314	0.03028
3473.34458	0.03038
3471.41602	0.03032
3469.48745	0.03036
3467.55889	0.03066
3465.63032	0.03103
3463.70176	0.03115
3461.77319	0.03101
3459.84463	0.03094
3457.91606	0.03117
3455.98750	0.03149
3454.05894	0.03157
3452.13037	0.03149
3450.20181	0.03151
3448.27324	0.03157
3446.34468	0.03153
3444.41611	0.03144
3442.48755	0.03140
3440.55898	0.03146
3438.63042	0.03157
3436.70186	0.03167
3434.77329	0.03180
3432.84473	0.03197
3430.91616	0.03205
3428.98760	0.03196
3427.05903	0.03184
3425.13047	0.03187
3423.20190	0.03211
3421.27334	0.03240
3419.34478	0.03236
3417.41621	0.03214
3415.48765	0.03211
3413.55908	0.03216
3411.63052	0.03209
3409.70195	0.03197
3407.77339	0.03188
3405.84482	0.03186
3403.91626	0.03189
3401.98770	0.03187
3400.05913	0.03182
3398.13057	0.03185
3396.20200	0.03172
3394.27344	0.03148
3392.34487	0.03126
3390.41631	0.03115
3388.48774	0.03123
3386.55918	0.03148
3384.63062	0.03171
3382.70205	0.03185
3380.77349	0.03195
3378.84492	0.03191
3376.91636	0.03177
3374.98779	0.03176
3373.05923	0.03194
3371.13066	0.03215
3369.20210	0.03229
3367.27354	0.03242
3365.34497	0.03251
3363.41641	0.03238
3361.48784	0.03220
3359.55928	0.03222
3357.63071	0.03242
3355.70215	0.03248
3353.77358	0.03227
3351.84502	0.03212
3349.91646	0.03229
3347.98789	0.03255
3346.05933	0.03256
3344.13076	0.03243
3342.20220	0.03256
3340.27363	0.03279
3338.34507	0.03275
3336.41650	0.03262
3334.48794	0.03256
3332.55937	0.03246
3330.63081	0.03231
3328.70225	0.03215
3326.77368	0.03199
3324.84512	0.03189
3322.91655	0.03201
3320.98799	0.03236
3319.05942	0.03271
3317.13086	0.03280
3315.20229	0.03263
3313.27373	0.03239
3311.34517	0.03220
3309.41660	0.03205
3307.48804	0.03193
3305.55947	0.03191
3303.63091	0.03203
3301.70234	0.03220
3299.77378	0.03230
3297.84521	0.03228
3295.91665	0.03213
3293.98809	0.03196
3292.05952	0.03191
3290.13096	0.03196
3288.20239	0.03195
3286.27383	0.03188
3284.34526	0.03179
3282.41670	0.03170
3280.48813	0.03166
3278.55957	0.03163
3276.63101	0.03154
3274.70244	0.03143
3272.77388	0.03136
3270.84531	0.03140
3268.91675	0.03146
3266.98818	0.03128
3265.05962	0.03097
3263.13105	0.03083
3261.20249	0.03078
3259.27393	0.03059
3257.34536	0.03035
3255.41680	0.03022
3253.48823	0.03017
3251.55967	0.03003
3249.63110	0.02984
3247.70254	0.02975
3245.77397	0.02968
3243.84541	0.02946
3241.91685	0.02922
3239.98828	0.02914
3238.05972	0.02910
3236.13115	0.02894
3234.20259	0.02881
3232.27402	0.02875
3230.34546	0.02866
3228.41689	0.02858
3226.48833	0.02861
3224.55977	0.02862
3222.63120	0.02846
3220.70264	0.02827
3218.77407	0.02815
3216.84551	0.02800
3214.91694	0.02782
3212.98838	0.02768
3211.05981	0.02756
3209.13125	0.02744
3207.20269	0.02725
3205.27412	0.02695
3203.34556	0.02669
3201.41699	0.02662
3199.48843	0.02661
3197.55986	0.02653
3195.63130	0.02639
3193.70273	0.02629
3191.77417	0.02626
3189.84561	0.02622
3187.91704	0.02610
3185.98848	0.02596
3184.05991	0.02589
3182.13135	0.02579
3180.20278	0.02564
3178.27422	0.02553
3176.34565	0.02543
3174.41709	0.02532
3172.48853	0.02525
3170.55996	0.02516
3168.63140	0.02502
3166.70283	0.02485
3164.77427	0.02468
3162.84570	0.02452
3160.91714	0.02435
3158.98857	0.02418
3157.06001	0.02409
3155.13145	0.02408
3153.20288	0.02406
3151.27432	0.02401
3149.34575	0.02393
3147.41719	0.02382
3145.48862	0.02367
3143.56006	0.02347
3141.63149	0.02324
3139.70293	0.02305
3137.77437	0.02300
3135.84580	0.02299
3133.91724	0.02287
3131.98867	0.02271
3130.06011	0.02267
3128.13154	0.02275
3126.20298	0.02273
3124.27441	0.02249
3122.34585	0.02221
3120.41729	0.02201
3118.48872	0.02191
3116.56016	0.02196
3114.63159	0.02209
3112.70303	0.02211
3110.77446	0.02198
3108.84590	0.02191
3106.91733	0.02190
3104.98877	0.02175
3103.06021	0.02153
3101.13164	0.02144
3099.20308	0.02154
3097.27451	0.02167
3095.34595	0.02170
3093.41738	0.02168
3091.48882	0.02169
3089.56025	0.02165
3087.63169	0.02155
3085.70312	0.02144
3083.77456	0.02143
3081.84600	0.02146
3079.91743	0.02141
3077.98887	0.02128
3076.06030	0.02118
3074.13174	0.02109
3072.20317	0.02095
3070.27461	0.02080
3068.34604	0.02071
3066.41748	0.02063
3064.48892	0.02045
3062.56035	0.02021
3060.63179	0.02003
3058.70322	0.01993
3056.77466	0.01987
3054.84609	0.01984
3052.91753	0.01984
3050.98896	0.01977
3049.06040	0.01961
3047.13184	0.01946
3045.20327	0.01931
3043.27471	0.01915
3041.34614	0.01904
3039.41758	0.01895
3037.48901	0.01881
3035.56045	0.01861
3033.63188	0.01846
3031.70332	0.01841
3029.77476	0.01829
3027.84619	0.01805
3025.91763	0.01787
3023.98906	0.01777
3022.06050	0.01753
3020.13193	0.01716
3018.20337	0.01688
3016.27480	0.01675
3014.34624	0.01659
3012.41768	0.01633
3010.48911	0.01600
3008.56055	0.01570
3006.63198	0.01551
3004.70342	0.01537
3002.77485	0.01519
3000.84629	0.01495
2998.91772	0.01471
2996.98916	0.01454
2995.06060	0.01446
2993.13203	0.01438
2991.20347	0.01421
2989.27490	0.01407
2987.34634	0.01406
2985.41777	0.01413
2983.48921	0.01428
2981.56064	0.01446
2979.63208	0.01457
2977.70352	0.01464
2975.77495	0.01475
2973.84639	0.01502
2971.91782	0.01552
2969.98926	0.01620
2968.06069	0.01691
2966.13213	0.01759
2964.20356	0.01824
2962.27500	0.01892
2960.34644	0.01973
2958.41787	0.02071
2956.48931	0.02179
2954.56074	0.02295
2952.63218	0.02433
2950.70361	0.02605
2948.77505	0.02823
2946.84648	0.03101
2944.91792	0.03465
2942.98936	0.03934
2941.06079	0.04518
2939.13223	0.05218
2937.20366	0.06049
2935.27510	0.07032
2933.34653	0.08193
2931.41797	0.09584
2929.48940	0.11274
2927.56084	0.13347
2925.63228	0.15948
2923.70371	0.19272
2921.77515	0.23446
2919.84658	0.28401
2917.91802	0.33681
2915.98945	0.38092
2914.06089	0.39963
2912.13232	0.38694
2910.20376	0.35494
2908.27520	0.31946
2906.34663	0.28875
2904.41807	0.26464
2902.48950	0.24615
2900.56094	0.23176
2898.63237	0.22019
2896.70381	0.21030
2894.77524	0.20112
2892.84668	0.19210
2890.91812	0.18297
2888.98955	0.17371
2887.06099	0.16451
2885.13242	0.15535
2883.20386	0.14595
2881.27529	0.13619
2879.34673	0.12616
2877.41816	0.11611
2875.48960	0.10648
2873.56104	0.09791
2871.63247	0.09081
2869.70391	0.08538
2867.77534	0.08164
2865.84678	0.07976
2863.91821	0.08033
2861.98965	0.08430
2860.06108	0.09297
2858.13252	0.10844
2856.20396	0.13414
2854.27539	0.17474
2852.34683	0.23353
2850.41826	0.30397
2848.48970	0.36028
2846.56113	0.37127
2844.63257	0.33772
2842.70400	0.28777
2840.77544	0.24224
2838.84687	0.20699
2836.91831	0.18086
2834.98975	0.16135
2833.06118	0.14653
2831.13262	0.13501
2829.20405	0.12582
2827.27549	0.11829
2825.34692	0.11199
2823.41836	0.10663
2821.48979	0.10205
2819.56123	0.09812
2817.63267	0.09474
2815.70410	0.09178
2813.77554	0.08909
2811.84697	0.08656
2809.91841	0.08429
2807.98984	0.08233
2806.06128	0.08057
2804.13271	0.07888
2802.20415	0.07729
2800.27559	0.07586
2798.34702	0.07453
2796.41846	0.07320
2794.48989	0.07184
2792.56133	0.07049
2790.63276	0.06921
2788.70420	0.06800
2786.77563	0.06687
2784.84707	0.06580
2782.91851	0.06476
2780.98994	0.06381
2779.06138	0.06291
2777.13281	0.06200
2775.20425	0.06112
2773.27568	0.06041
2771.34712	0.05985
2769.41855	0.05928
2767.48999	0.05862
2765.56143	0.05800
2763.63286	0.05745
2761.70430	0.05687
2759.77573	0.05632
2757.84717	0.05587
2755.91860	0.05543
2753.99004	0.05495
2752.06147	0.05448
2750.13291	0.05409
2748.20435	0.05379
2746.27578	0.05357
2744.34722	0.05337
2742.41865	0.05308
2740.49009	0.05277
2738.56152	0.05250
2736.63296	0.05220
2734.70439	0.05187
2732.77583	0.05158
2730.84727	0.05135
2728.91870	0.05109
2726.99014	0.05073
2725.06157	0.05031
2723.13301	0.04994
2721.20444	0.04965
2719.27588	0.04937
2717.34731	0.04910
2715.41875	0.04890
2713.49019	0.04872
2711.56162	0.04850
2709.63306	0.04824
2707.70449	0.04798
2705.77593	0.04781
2703.84736	0.04767
2701.91880	0.04744
2699.99023	0.04719
2698.06167	0.04697
2696.13311	0.04672
2694.20454	0.04646
2692.27598	0.04622
2690.34741	0.04602
2688.41885	0.04582
2686.49028	0.04565
2684.56172	0.04555
2682.63315	0.04545
2680.70459	0.04534
2678.77603	0.04526
2676.84746	0.04526
2674.91890	0.04531
2672.99033	0.04533
2671.06177	0.04532
2669.13320	0.04534
2667.20464	0.04542
2665.27607	0.04550
2663.34751	0.04555
2661.41895	0.04558
2659.49038	0.04554
2657.56182	0.04546
2655.63325	0.04541
2653.70469	0.04535
2651.77612	0.04521
2649.84756	0.04496
2647.91899	0.04473
2645.99043	0.04458
2644.06187	0.04450
2642.13330	0.04448
2640.20474	0.04450
2638.27617	0.04448
2636.34761	0.04440
2634.41904	0.04425
2632.49048	0.04410
2630.56191	0.04397
2628.63335	0.04378
2626.70479	0.04348
2624.77622	0.04315
2622.84766	0.04285
2620.91909	0.04255
2618.99053	0.04228
2617.06196	0.04208
2615.13340	0.04196
2613.20483	0.04177
2611.27627	0.04148
2609.34771	0.04115
2607.41914	0.04083
2605.49058	0.04054
2603.56201	0.04031
2601.63345	0.04014
2599.70488	0.03998
2597.77632	0.03981
2595.84775	0.03972
2593.91919	0.03964
2591.99062	0.03944
2590.06206	0.03917
2588.13350	0.03894
2586.20493	0.03878
2584.27637	0.03864
2582.34780	0.03851
2580.41924	0.03839
2578.49067	0.03826
2576.56211	0.03817
2574.63354	0.03812
2572.70498	0.03804
2570.77642	0.03792
2568.84785	0.03777
2566.91929	0.03757
2564.99072	0.03737
2563.06216	0.03720
2561.13359	0.03697
2559.20503	0.03673
2557.27646	0.03663
2555.34790	0.03664
2553.41934	0.03667
2551.49077	0.03668
2549.56221	0.03665
2547.63364	0.03659
2545.70508	0.03646
2543.77651	0.03627
2541.84795	0.03606
2539.91938	0.03588
2537.99082	0.03575
2536.06226	0.03570
2534.13369	0.03576
2532.20513	0.03581
2530.27656	0.03572
2528.34800	0.03560
2526.41943	0.03561
2524.49087	0.03573
2522.56230	0.03565
2520.63374	0.03530
2518.70518	0.03502
2516.77661	0.03492
2514.84805	0.03487
2512.91948	0.03481
2510.99092	0.03480
2509.06235	0.03477
2507.13379	0.03466
2505.20522	0.03451
2503.27666	0.03443
2501.34810	0.03442
2499.41953	0.03442
2497.49097	0.03442
2495.56240	0.03441
2493.63384	0.03430
2491.70527	0.03413
2489.77671	0.03405
2487.84814	0.03402
2485.91958	0.03396
2483.99102	0.03388
2482.06245	0.03384
2480.13389	0.03383
2478.20532	0.03384
2476.27676	0.03383
2474.34819	0.03378
2472.41963	0.03370
2470.49106	0.03359
2468.56250	0.03346
2466.63394	0.03336
2464.70537	0.03329
2462.77681	0.03326
2460.84824	0.03329
2458.91968	0.03336
2456.99111	0.03338
2455.06255	0.03327
2453.13398	0.03309
2451.20542	0.03293
2449.27686	0.03280
2447.34829	0.03276
2445.41973	0.03276
2443.49116	0.03270
2441.56260	0.03263
2439.63403	0.03260
2437.70547	0.03263
2435.77690	0.03268
2433.84834	0.03271
2431.91978	0.03267
2429.99121	0.03257
2428.06265	0.03253
2426.13408	0.03254
2424.20552	0.03251
2422.27695	0.03245
2420.34839	0.03248
2418.41982	0.03253
2416.49126	0.03252
2414.56270	0.03249
2412.63413	0.03246
2410.70557	0.03242
2408.77700	0.03238
2406.84844	0.03230
2404.91987	0.03222
2402.99131	0.03220
2401.06274	0.03218
2399.13418	0.03185
2397.20562	0.03169
2395.27705	0.03172
2393.34849	0.03186
2391.41992	0.03204
2389.49136	0.03220
2387.56279	0.03233
2385.63423	0.03245
2383.70566	0.03260
2381.77710	0.03277
2379.84854	0.03286
2377.91997	0.03281
2375.99141	0.03259
2374.06284	0.03228
2372.13428	0.03207
2370.20571	0.03207
2368.27715	0.03121
2366.34858	0.03024
2364.42002	0.03059
2362.49146	0.03007
2360.56289	0.03094
2358.63433	0.03275
2356.70576	0.03034
2354.77720	0.03333
2352.84863	0.03516
2350.92007	0.03366
2348.99150	0.03280
2347.06294	0.03153
2345.13437	0.03003
2343.20581	0.03204
2341.27725	0.03745
2339.34868	0.03905
2337.42012	0.03621
2335.49155	0.03141
2333.56299	0.02823
2331.63442	0.02738
2329.70586	0.02783
2327.77729	0.02924
2325.84873	0.03040
2323.92017	0.03096
2321.99160	0.03120
2320.06304	0.03110
2318.13447	0.03119
2316.20591	0.03145
2314.27734	0.03173
2312.34878	0.03221
2310.42021	0.03290
2308.49165	0.03334
2306.56309	0.03377
2304.63452	0.03391
2302.70596	0.03364
2300.77739	0.03325
2298.84883	0.03286
2296.92026	0.03258
2294.99170	0.03250
2293.06313	0.03259
2291.13457	0.03258
2289.20601	0.03256
2287.27744	0.03243
2285.34888	0.03216
2283.42031	0.03190
2281.49175	0.03172
2279.56318	0.03163
2277.63462	0.03159
2275.70605	0.03161
2273.77749	0.03165
2271.84893	0.03162
2269.92036	0.03151
2267.99180	0.03140
2266.06323	0.03131
2264.13467	0.03114
2262.20610	0.03088
2260.27754	0.03069
2258.34897	0.03062
2256.42041	0.03057
2254.49185	0.03054
2252.56328	0.03068
2250.63472	0.03090
2248.70615	0.03081
2246.77759	0.03057
2244.84902	0.03038
2242.92046	0.03044
2240.99189	0.03052
2239.06333	0.03046
2237.13477	0.03031
2235.20620	0.03012
2233.27764	0.03012
2231.34907	0.03027
2229.42051	0.03020
2227.49194	0.02989
2225.56338	0.02980
2223.63481	0.02988
2221.70625	0.02989
2219.77769	0.02999
2217.84912	0.03022
2215.92056	0.03027
2213.99199	0.03009
2212.06343	0.02991
2210.13486	0.02976
2208.20630	0.02963
2206.27773	0.02951
2204.34917	0.02940
2202.42061	0.02948
2200.49204	0.02958
2198.56348	0.02946
2196.63491	0.02930
2194.70635	0.02949
2192.77778	0.02990
2190.84922	0.03016
2188.92065	0.03021
2186.99209	0.03008
2185.06353	0.02976
2183.13496	0.02952
2181.20640	0.02964
2179.27783	0.02998
2177.34927	0.02987
2175.42070	0.02926
2173.49214	0.02908
2171.56357	0.02954
2169.63501	0.02984
2167.70645	0.02971
2165.77788	0.02978
2163.84932	0.03019
2161.92075	0.02999
2159.99219	0.02844
2158.06362	0.02677
2156.13506	0.02659
2154.20649	0.02726
2152.27793	0.02781
2150.34937	0.02816
2148.42080	0.02828
2146.49224	0.02828
2144.56367	0.02844
2142.63511	0.02859
2140.70654	0.02847
2138.77798	0.02831
2136.84941	0.02823
2134.92085	0.02813
2132.99229	0.02800
2131.06372	0.02793
2129.13516	0.02797
2127.20659	0.02809
2125.27803	0.02829
2123.34946	0.02855
2121.42090	0.02876
2119.49233	0.02884
2117.56377	0.02891
2115.63521	0.02901
2113.70664	0.02908
2111.77808	0.02915
2109.84951	0.02922
2107.92095	0.02924
2105.99238	0.02924
2104.06382	0.02921
2102.13525	0.02918
2100.20669	0.02920
2098.27812	0.02900
2096.34956	0.02871
2094.42100	0.02853
2092.49243	0.02854
2090.56387	0.02873
2088.63530	0.02895
2086.70674	0.02909
2084.77817	0.02917
2082.84961	0.02922
2080.92104	0.02923
2078.99248	0.02909
2077.06392	0.02876
2075.13535	0.02849
2073.20679	0.02842
2071.27822	0.02848
2069.34966	0.02856
2067.42109	0.02859
2065.49253	0.02864
2063.56396	0.02874
2061.63540	0.02880
2059.70684	0.02893
2057.77827	0.02918
2055.84971	0.02929
2053.92114	0.02926
2051.99258	0.02933
2050.06401	0.02928
2048.13545	0.02877
2046.20688	0.02823
2044.27832	0.02815
2042.34976	0.02840
2040.42119	0.02863
2038.49263	0.02860
2036.56406	0.02829
2034.63550	0.02791
2032.70693	0.02761
2030.77837	0.02744
2028.84980	0.02749
2026.92124	0.02773
2024.99268	0.02794
2023.06411	0.02799
2021.13555	0.02803
2019.20698	0.02818
2017.27842	0.02836
2015.34985	0.02838
2013.42129	0.02812
2011.49272	0.02774
2009.56416	0.02754
2007.63560	0.02758
2005.70703	0.02753
2003.77847	0.02735
2001.84990	0.02747
1999.92134	0.02793
1997.99277	0.02821
1996.06421	0.02813
1994.13564	0.02796
1992.20708	0.02796
1990.27852	0.02816
1988.34995	0.02844
1986.42139	0.02870
1984.49282	0.02890
1982.56426	0.02891
1980.63569	0.02840
1978.70713	0.02750
1976.77856	0.02691
1974.85000	0.02681
1972.92144	0.02670
1970.99287	0.02652
1969.06431	0.02649
1967.13574	0.02654
1965.20718	0.02673
1963.27861	0.02707
1961.35005	0.02721
1959.42148	0.02713
1957.49292	0.02725
1955.56436	0.02752
1953.63579	0.02764
1951.70723	0.02762
1949.77866	0.02759
1947.85010	0.02767
1945.92153	0.02791
1943.99297	0.02815
1942.06440	0.02820
1940.13584	0.02809
1938.20728	0.02797
1936.27871	0.02788
1934.35015	0.02778
1932.42158	0.02773
1930.49302	0.02777
1928.56445	0.02780
1926.63589	0.02784
1924.70732	0.02802
1922.77876	0.02821
1920.85020	0.02827
1918.92163	0.02824
1916.99307	0.02827
1915.06450	0.02831
1913.13594	0.02827
1911.20737	0.02823
1909.27881	0.02825
1907.35024	0.02831
1905.42168	0.02844
1903.49312	0.02867
1901.56455	0.02895
1899.63599	0.02916
1897.70742	0.02918
1895.77886	0.02909
1893.85029	0.02903
1891.92173	0.02901
1889.99316	0.02898
1888.06460	0.02896
1886.13604	0.02886
1884.20747	0.02874
1882.27891	0.02873
1880.35034	0.02876
1878.42178	0.02870
1876.49321	0.02856
1874.56465	0.02835
1872.63608	0.02824
1870.70752	0.02836
1868.77896	0.02853
1866.85039	0.02854
1864.92183	0.02851
1862.99326	0.02852
1861.06470	0.02849
1859.13613	0.02848
1857.20757	0.02853
1855.27900	0.02860
1853.35044	0.02859
1851.42187	0.02854
1849.49331	0.02849
1847.56475	0.02849
1845.63618	0.02852
1843.70762	0.02857
1841.77905	0.02863
1839.85049	0.02871
1837.92192	0.02879
1835.99336	0.02885
1834.06479	0.02886
1832.13623	0.02885
1830.20767	0.02887
1828.27910	0.02895
1826.35054	0.02906
1824.42197	0.02913
1822.49341	0.02915
1820.56484	0.02917
1818.63628	0.02925
1816.70771	0.02935
1814.77915	0.02948
1812.85059	0.02964
1810.92202	0.02986
1808.99346	0.03008
1807.06489	0.03024
1805.13633	0.03039
1803.20776	0.03064
1801.27920	0.03089
1799.35063	0.03106
1797.42207	0.03120
1795.49351	0.03142
1793.56494	0.03177
1791.63638	0.03218
1789.70781	0.03250
1787.77925	0.03275
1785.85068	0.03300
1783.92212	0.03317
1781.99355	0.03325
1780.06499	0.03338
1778.13643	0.03356
1776.20786	0.03372
1774.27930	0.03390
1772.35073	0.03427
1770.42217	0.03487
1768.49360	0.03545
1766.56504	0.03579
1764.63647	0.03596
1762.70791	0.03618
1760.77935	0.03655
1758.85078	0.03705
1756.92222	0.03762
1754.99365	0.03822
1753.06509	0.03888
1751.13652	0.03966
1749.20796	0.04050
1747.27939	0.04137
1745.35083	0.04229
1743.42227	0.04321
1741.49370	0.04410
1739.56514	0.04495
1737.63657	0.04561
1735.70801	0.04600
1733.77944	0.04625
1731.85088	0.04643
1729.92231	0.04668
1727.99375	0.04716
1726.06519	0.04795
1724.13662	0.04894
1722.20806	0.04983
1720.27949	0.05060
1718.35093	0.05164
1716.42236	0.05297
1714.49380	0.05393
1712.56523	0.05414
1710.63667	0.05370
1708.70811	0.05281
1706.77954	0.05174
1704.85098	0.05078
1702.92241	0.05012
1700.99385	0.04977
1699.06528	0.04966
1697.13672	0.04945
1695.20815	0.04890
1693.27959	0.04820
1691.35103	0.04758
1689.42246	0.04707
1687.49390	0.04662
1685.56533	0.04633
1683.63677	0.04646
1681.70820	0.04691
1679.77964	0.04724
1677.85107	0.04732
1675.92251	0.04732
1673.99395	0.04736
1672.06538	0.04741
1670.13682	0.04755
1668.20825	0.04783
1666.27969	0.04808
1664.35112	0.04823
1662.42256	0.04838
1660.49399	0.04847
1658.56543	0.04836
1656.63687	0.04790
1654.70830	0.04710
1652.77974	0.04614
1650.85117	0.04530
1648.92261	0.04448
1646.99404	0.04382
1645.06548	0.04388
1643.13691	0.04477
1641.20835	0.04591
1639.27979	0.04669
1637.35122	0.04700
1635.42266	0.04714
1633.49409	0.04727
1631.56553	0.04725
1629.63696	0.04706
1627.70840	0.04675
1625.77983	0.04638
1623.85127	0.04603
1621.92271	0.04574
1619.99414	0.04541
1618.06558	0.04502
1616.13701	0.04480
1614.20845	0.04477
1612.27988	0.04476
1610.35132	0.04466
1608.42275	0.04456
1606.49419	0.04446
1604.56562	0.04433
1602.63706	0.04421
1600.70850	0.04410
1598.77993	0.04398
1596.85137	0.04384
1594.92280	0.04366
1592.99424	0.04349
1591.06567	0.04336
1589.13711	0.04327
1587.20854	0.04322
1585.27998	0.04318
1583.35142	0.04312
1581.42285	0.04296
1579.49429	0.04263
1577.56572	0.04219
1575.63716	0.04189
1573.70859	0.04182
1571.78003	0.04172
1569.85146	0.04155
1567.92290	0.04148
1565.99434	0.04150
1564.06577	0.04147
1562.13721	0.04127
1560.20864	0.04098
1558.28008	0.04099
1556.35151	0.04140
1554.42295	0.04180
1552.49438	0.04200
1550.56582	0.04201
1548.63726	0.04188
1546.70869	0.04169
1544.78013	0.04144
1542.85156	0.04103
1540.92300	0.04051
1538.99443	0.04023
1537.06587	0.04021
1535.13730	0.04011
1533.20874	0.03985
1531.28018	0.03962
1529.35161	0.03944
1527.42305	0.03921
1525.49448	0.03885
1523.56592	0.03843
1521.63735	0.03813
1519.70879	0.03794
1517.78022	0.03775
1515.85166	0.03753
1513.92310	0.03730
1511.99453	0.03705
1510.06597	0.03672
1508.13740	0.03620
1506.20884	0.03562
1504.28027	0.03526
1502.35171	0.03508
1500.42314	0.03488
1498.49458	0.03465
1496.56602	0.03446
1494.63745	0.03430
1492.70889	0.03417
1490.78032	0.03406
1488.85176	0.03391
1486.92319	0.03379
1484.99463	0.03385
1483.06606	0.03419
1481.13750	0.03560
1479.20894	0.04171
1477.28037	0.06115
1475.35181	0.10066
1473.42324	0.14648
1471.49468	0.16564
1469.56611	0.15178
1467.63755	0.13277
1465.70898	0.13068
1463.78042	0.14417
1461.85186	0.15253
1459.92329	0.14101
1457.99473	0.11555
1456.06616	0.09286
1454.13760	0.08104
1452.20903	0.07560
1450.28047	0.07190
1448.35190	0.06888
1446.42334	0.06660
1444.49478	0.06503
1442.56621	0.06390
1440.63765	0.06298
1438.70908	0.06216
1436.78052	0.06134
1434.85195	0.06044
1432.92339	0.05938
1430.99482	0.05813
1429.06626	0.05683
1427.13770	0.05567
1425.20913	0.05473
1423.28057	0.05402
1421.35200	0.05357
1419.42344	0.05336
1417.49487	0.05323
1415.56631	0.05305
1413.63774	0.05283
1411.70918	0.05265
1409.78062	0.05246
1407.85205	0.05223
1405.92349	0.05196
1403.99492	0.05162
1402.06636	0.05121
1400.13779	0.05081
1398.20923	0.05045
1396.28066	0.05010
1394.35210	0.04975
1392.42354	0.04956
1390.49497	0.04955
1388.56641	0.04964
1386.63784	0.04974
1384.70928	0.04992
1382.78071	0.05034
1380.85215	0.05101
1378.92358	0.05177
1376.99502	0.05241
1375.06646	0.05287
1373.13789	0.05317
1371.20933	0.05337
1369.28076	0.05349
1367.35220	0.05347
1365.42363	0.05328
1363.49507	0.05297
1361.56650	0.05254
1359.63794	0.05205
1357.70937	0.05164
1355.78081	0.05141
1353.85225	0.05125
1351.92368	0.05108
1349.99512	0.05084
1348.06655	0.05053
1346.13799	0.05014
1344.20942	0.04976
1342.28086	0.04946
1340.35229	0.04922
1338.42373	0.04887
1336.49517	0.04838
1334.56660	0.04787
1332.63804	0.04752
1330.70947	0.04736
1328.78091	0.04729
1326.85234	0.04723
1324.92378	0.04722
1322.99521	0.04730
1321.06665	0.04750
1319.13809	0.04779
1317.20952	0.04812
1315.28096	0.04842
1313.35239	0.04869
1311.42383	0.04892
1309.49526	0.04910
1307.56670	0.04926
1305.63813	0.04937
1303.70957	0.04947
1301.78101	0.04962
1299.85244	0.04985
1297.92388	0.05014
1295.99531	0.05039
1294.06675	0.05054
1292.13818	0.05064
1290.20962	0.05071
1288.28105	0.05073
1286.35249	0.05075
1284.42393	0.05081
1282.49536	0.05094
1280.56680	0.05117
1278.63823	0.05142
1276.70967	0.05157
1274.78110	0.05167
1272.85254	0.05186
1270.92397	0.05225
1268.99541	0.05286
1267.06685	0.05368
1265.13828	0.05458
1263.20972	0.05524
1261.28115	0.05542
1259.35259	0.05509
1257.42402	0.05447
1255.49546	0.05383
1253.56689	0.05328
1251.63833	0.05286
1249.70977	0.05259
1247.78120	0.05247
1245.85264	0.05244
1243.92407	0.05243
1241.99551	0.05250
1240.06694	0.05269
1238.13838	0.05293
1236.20981	0.05313
1234.28125	0.05327
1232.35269	0.05337
1230.42412	0.05342
1228.49556	0.05338
1226.56699	0.05324
1224.63843	0.05306
1222.70986	0.05297
1220.78130	0.05303
1218.85273	0.05321
1216.92417	0.05330
1214.99561	0.05323
1213.06704	0.05316
1211.13848	0.05317
1209.20991	0.05325
1207.28135	0.05331
1205.35278	0.05334
1203.42422	0.05335
1201.49565	0.05339
1199.56709	0.05343
1197.63853	0.05346
1195.70996	0.05339
1193.78140	0.05328
1191.85283	0.05322
1189.92427	0.05329
1187.99570	0.05349
1186.06714	0.05378
1184.13857	0.05407
1182.21001	0.05440
1180.28145	0.05489
1178.35288	0.05547
1176.42432	0.05596
1174.49575	0.05631
1172.56719	0.05660
1170.63862	0.05691
1168.71006	0.05722
1166.78149	0.05747
1164.85293	0.05758
1162.92437	0.05761
1160.99580	0.05757
1159.06724	0.05750
1157.13867	0.05751
1155.21011	0.05760
1153.28154	0.05769
1151.35298	0.05783
1149.42441	0.05811
1147.49585	0.05843
1145.56729	0.05862
1143.63872	0.05878
1141.71016	0.05903
1139.78159	0.05936
1137.85303	0.05979
1135.92446	0.06037
1133.99590	0.06106
1132.06733	0.06177
1130.13877	0.06245
1128.21021	0.06314
1126.28164	0.06384
1124.35308	0.06453
1122.42451	0.06520
1120.49595	0.06590
1118.56738	0.06666
1116.63882	0.06749
1114.71025	0.06835
1112.78169	0.06921
1110.85312	0.07008
1108.92456	0.07107
1106.99600	0.07222
1105.06743	0.07331
1103.13887	0.07416
1101.21030	0.07484
1099.28174	0.07543
1097.35317	0.07597
1095.42461	0.07648
1093.49604	0.07693
1091.56748	0.07722
1089.63892	0.07737
1087.71035	0.07753
1085.78179	0.07773
1083.85322	0.07789
1081.92466	0.07801
1079.99609	0.07816
1078.06753	0.07829
1076.13896	0.07835
1074.21040	0.07843
1072.28184	0.07857
1070.35327	0.07870
1068.42471	0.07876
1066.49614	0.07892
1064.56758	0.07930
1062.63901	0.07973
1060.71045	0.08008
1058.78188	0.08038
1056.85332	0.08069
1054.92476	0.08108
1052.99619	0.08165
1051.06763	0.08228
1049.13906	0.08272
1047.21050	0.08295
1045.28193	0.08322
1043.35337	0.08362
1041.42480	0.08401
1039.49624	0.08428
1037.56768	0.08447
1035.63911	0.08458
1033.71055	0.08451
1031.78198	0.08424
1029.85342	0.08384
1027.92485	0.08331
1025.99629	0.08274
1024.06772	0.08217
1022.13916	0.08160
1020.21060	0.08098
1018.28203	0.08026
1016.35347	0.07945
1014.42490	0.07854
1012.49634	0.07753
1010.56777	0.07647
1008.63921	0.07541
1006.71064	0.07435
1004.78208	0.07322
1002.85352	0.07206
1000.92495	0.07094
998.99639	0.06990
997.06782	0.06896
995.13926	0.06815
993.21069	0.06744
991.28213	0.06673
989.35356	0.06589
987.42500	0.06485
985.49644	0.06367
983.56787	0.06255
981.63931	0.06159
979.71074	0.06073
977.78218	0.05989
975.85361	0.05913
973.92505	0.05851
971.99648	0.05803
970.06792	0.05757
968.13936	0.05709
966.21079	0.05666
964.28223	0.05631
962.35366	0.05596
960.42510	0.05555
958.49653	0.05517
956.56797	0.05492
954.63940	0.05479
952.71084	0.05464
950.78228	0.05447
948.85371	0.05442
946.92515	0.05456
944.99658	0.05473
943.06802	0.05478
941.13945	0.05478
939.21089	0.05482
937.28232	0.05482
935.35376	0.05477
933.42520	0.05471
931.49663	0.05461
929.56807	0.05444
927.63950	0.05426
925.71094	0.05417
923.78237	0.05417
921.85381	0.05426
919.92524	0.05436
917.99668	0.05450
916.06812	0.05490
914.13955	0.05575
912.21099	0.05705
910.28242	0.05844
908.35386	0.05907
906.42529	0.05839
904.49673	0.05683
902.56816	0.05524
900.63960	0.05404
898.71104	0.05318
896.78247	0.05245
894.85391	0.05183
892.92534	0.05140
890.99678	0.05115
889.06821	0.05101
887.13965	0.05091
885.21108	0.05075
883.28252	0.05052
881.35396	0.05022
879.42539	0.05001
877.49683	0.05000
875.56826	0.05005
873.63970	0.05001
871.71113	0.04993
869.78257	0.04985
867.85400	0.04973
865.92544	0.04958
863.99687	0.04948
862.06831	0.04944
860.13975	0.04940
858.21118	0.04937
856.28262	0.04931
854.35405	0.04920
852.42549	0.04910
850.49692	0.04902
848.56836	0.04894
846.63979	0.04893
844.71123	0.04905
842.78267	0.04924
840.85410	0.04935
838.92554	0.04944
836.99697	0.04959
835.06841	0.04975
833.13984	0.04986
831.21128	0.05003
829.28271	0.05034
827.35415	0.05079
825.42559	0.05132
823.49702	0.05179
821.56846	0.05211
819.63989	0.05236
817.71133	0.05260
815.78276	0.05278
813.85420	0.05287
811.92563	0.05290
809.99707	0.05307
808.06851	0.05354
806.13994	0.05412
804.21138	0.05461
802.28281	0.05495
800.35425	0.05506
798.42568	0.05481
796.49712	0.05421
794.56855	0.05340
792.63999	0.05244
790.71143	0.05161
788.78286	0.05106
786.85430	0.05062
784.92573	0.05032
782.99717	0.05033
781.06860	0.05045
779.14004	0.05028
777.21147	0.04981
775.28291	0.04936
773.35435	0.04899
771.42578	0.04853
769.49722	0.04811
767.56865	0.04787
765.64009	0.04774
763.71152	0.04761
761.78296	0.04746
759.85439	0.04726
757.92583	0.04704
755.99727	0.04692
754.06870	0.04694
752.14014	0.04692
750.21157	0.04675
748.28301	0.04650
746.35444	0.04627
744.42588	0.04621
742.49731	0.04642
740.56875	0.04700
738.64019	0.04849
736.71162	0.05343
734.78306	0.06945
732.85449	0.10213
730.92593	0.13477
728.99736	0.13863
727.06880	0.11979
725.14023	0.10808
723.21167	0.12123
721.28311	0.16139
719.35454	0.20804
717.42598	0.22362
715.49741	0.19787
713.56885	0.15666
711.64028	0.12363
709.71172	0.10388
707.78315	0.09284
705.85459	0.08613
703.92603	0.08185
701.99746	0.07903
700.06890	0.07683
698.14033	0.07470
696.21177	0.07267
694.28320	0.07125
692.35464	0.07053
690.42607	0.06979
688.49751	0.06844
686.56895	0.06700
684.64038	0.06618
682.71182	0.06606
680.78325	0.06597
678.85469	0.06529
676.92612	0.06454
674.99756	0.06429
673.06899	0.06420
671.14043	0.06278
669.21187	0.06013
667.28330	0.06158
665.35474	0.06169
663.42617	0.06165
661.49761	0.06154
659.56904	0.06133
657.64048	0.06095
655.71191	0.06078
653.78335	0.06125
651.85479	0.06156
649.92622	0.06117
647.99766	0.06109
646.06909	0.06163
644.14053	0.06180
642.21196	0.06155
640.28340	0.06175
638.35483	0.06241
636.42627	0.06290
634.49771	0.06274
632.56914	0.06217
630.64058	0.06193
628.71201	0.06254
626.78345	0.06377
624.85488	0.06460
622.92632	0.06454
620.99775	0.06407
619.06919	0.06356
617.14062	0.06319
615.21206	0.06313
613.28350	0.06312
611.35493	0.06348
609.42637	0.06455
607.49780	0.06546
605.56924	0.06525
603.64067	0.06407
601.71211	0.06302
599.78354	0.06324
