3997.91411	0.00087
3995.98555	0.00079
3994.05698	0.00076
3992.12842	0.00079
3990.19985	0.00082
3988.27129	0.00082
3986.34272	0.00078
3984.41416	0.00080
3982.48560	0.00092
3980.55703	0.00098
3978.62847	0.00090
3976.69990	0.00073
3974.77134	0.00058
3972.84277	0.00048
3970.91421	0.00047
3968.98564	0.00061
3967.05708	0.00079
3965.12852	0.00086
3963.19995	0.00079
3961.27139	0.00074
3959.34282	0.00071
3957.41426	0.00063
3955.48569	0.00052
3953.55713	0.00047
3951.62856	0.00046
3949.70000	0.00050
3947.77144	0.00060
3945.84287	0.00070
3943.91431	0.00077
3941.98574	0.00076
3940.05718	0.00063
3938.12861	0.00044
3936.20005	0.00029
3934.27148	0.00028
3932.34292	0.00042
3930.41436	0.00062
3928.48579	0.00077
3926.55723	0.00085
3924.62866	0.00088
3922.70010	0.00081
3920.77153	0.00062
3918.84297	0.00043
3916.91440	0.00037
3914.98584	0.00044
3913.05728	0.00052
3911.12871	0.00055
3909.20015	0.00047
3907.27158	0.00032
3905.34302	0.00014
3903.41445	0.00001
3901.48589	0.00005
3899.55732	0.00022
3897.62876	0.00031
3895.70020	0.00027
3893.77163	0.00021
3891.84307	0.00020
3889.91450	0.00017
3887.98594	0.00011
3886.05737	0.00011
3884.12881	0.00017
3882.20024	0.00020
3880.27168	0.00018
3878.34312	0.00010
3876.41455	-0.00007
3874.48599	-0.00027
3872.55742	-0.00041
3870.62886	-0.00042
3868.70029	-0.00035
3866.77173	-0.00034
3864.84316	-0.00034
3862.91460	-0.00028
3860.98604	-0.00032
3859.05747	-0.00054
3857.12891	-0.00080
3855.20034	-0.00088
3853.27178	-0.00065
3851.34321	-0.00045
3849.41465	-0.00052
3847.48608	-0.00067
3845.55752	-0.00067
3843.62896	-0.00061
3841.70039	-0.00067
3839.77183	-0.00078
3837.84326	-0.00070
3835.91470	-0.00049
3833.98613	-0.00040
3832.05757	-0.00041
3830.12900	-0.00035
3828.20044	-0.00029
3826.27187	-0.00030
3824.34331	-0.00042
3822.41475	-0.00060
3820.48618	-0.00066
3818.55762	-0.00055
3816.62905	-0.00034
3814.70049	-0.00013
3812.77192	-0.00008
3810.84336	-0.00022
3808.91479	-0.00040
3806.98623	-0.00050
3805.05767	-0.00052
3803.12910	-0.00052
3801.20054	-0.00043
3799.27197	-0.00018
3797.34341	0.00011
3795.41484	0.00033
3793.48628	0.00038
3791.55771	0.00032
3789.62915	0.00030
3787.70059	0.00034
3785.77202	0.00040
3783.84346	0.00039
3781.91489	0.00030
3779.98633	0.00021
3778.05776	0.00020
3776.12920	0.00027
3774.20063	0.00036
3772.27207	0.00036
3770.34351	0.00025
3768.41494	0.00014
3766.48638	0.00009
3764.55781	0.00006
3762.62925	-0.00002
3760.70068	-0.00013
3758.77212	-0.00024
3756.84355	-0.00038
3754.91499	-0.00066
3752.98643	-0.00104
3751.05786	-0.00131
3749.12930	-0.00138
3747.20073	-0.00135
3745.27217	-0.00133
3743.34360	-0.00122
3741.41504	-0.00120
3739.48647	-0.00136
3737.55791	-0.00151
3735.62935	-0.00155
3733.70078	-0.00153
3731.77222	-0.00154
3729.84365	-0.00158
3727.91509	-0.00159
3725.98652	-0.00158
3724.05796	-0.00149
3722.12939	-0.00133
3720.20083	-0.00113
3718.27227	-0.00098
3716.34370	-0.00097
3714.41514	-0.00102
3712.48657	-0.00094
3710.55801	-0.00081
3708.62944	-0.00067
3706.70088	-0.00064
3704.77231	-0.00061
3702.84375	-0.00052
3700.91519	-0.00048
3698.98662	-0.00053
3697.05806	-0.00061
3695.12949	-0.00067
3693.20093	-0.00065
3691.27236	-0.00065
3689.34380	-0.00056
3687.41523	-0.00038
3685.48667	-0.00029
3683.55811	-0.00035
3681.62954	-0.00040
3679.70098	-0.00046
3677.77241	-0.00059
3675.84385	-0.00063
3673.91528	-0.00060
3671.98672	-0.00059
3670.05815	-0.00040
3668.12959	-0.00011
3666.20103	0.00001
3664.27246	0.00004
3662.34390	0.00010
3660.41533	0.00010
3658.48677	-0.00000
3656.55820	-0.00008
3654.62964	-0.00012
3652.70107	-0.00022
3650.77251	-0.00032
3648.84395	-0.00024
3646.91538	-0.00000
3644.98682	0.00007
3643.05825	0.00002
3641.12969	0.00002
3639.20112	0.00012
3637.27256	0.00022
3635.34399	0.00023
3633.41543	0.00015
3631.48687	0.00003
3629.55830	-0.00011
3627.62974	-0.00018
3625.70117	-0.00010
3623.77261	0.00000
3621.84404	0.00018
3619.91548	0.00033
3617.98691	0.00031
3616.05835	0.00017
3614.12979	0.00013
3612.20122	0.00025
3610.27266	0.00040
3608.34409	0.00044
3606.41553	0.00041
3604.48696	0.00047
3602.55840	0.00067
3600.62983	0.00086
3598.70127	0.00095
3596.77271	0.00108
3594.84414	0.00123
3592.91558	0.00130
3590.98701	0.00121
3589.05845	0.00118
3587.12988	0.00131
3585.20132	0.00148
3583.27275	0.00160
3581.34419	0.00176
3579.41562	0.00198
3577.48706	0.00218
3575.55850	0.00229
3573.62993	0.00229
3571.70137	0.00221
3569.77280	0.00211
3567.84424	0.00215
3565.91567	0.00235
3563.98711	0.00256
3562.05854	0.00272
3560.12998	0.00289
3558.20142	0.00309
3556.27285	0.00330
3554.34429	0.00349
3552.41572	0.00361
3550.48716	0.00365
3548.55859	0.00362
3546.63003	0.00353
3544.70146	0.00355
3542.77290	0.00375
3540.84434	0.00400
3538.91577	0.00416
3536.98721	0.00418
3535.05864	0.00411
3533.13008	0.00406
3531.20151	0.00414
3529.27295	0.00426
3527.34438	0.00427
3525.41582	0.00421
3523.48726	0.00425
3521.55869	0.00442
3519.63013	0.00467
3517.70156	0.00488
3515.77300	0.00496
3513.84443	0.00489
3511.91587	0.00475
3509.98730	0.00468
3508.05874	0.00473
3506.13018	0.00479
3504.20161	0.00486
3502.27305	0.00498
3500.34448	0.00510
3498.41592	0.00518
3496.48735	0.00532
3494.55879	0.00549
3492.63022	0.00559
3490.70166	0.00563
3488.77310	0.00575
3486.84453	0.00585
3484.91597	0.00577
3482.98740	0.00561
3481.05884	0.00563
3479.13027	0.00577
3477.20171	0.00578
3475.27314	0.00583
3473.34458	0.00608
3471.41602	0.00625
3469.48745	0.00614
3467.55889	0.00609
3465.63032	0.00627
3463.70176	0.00650
3461.77319	0.00674
3459.84463	0.00688
3457.91606	0.00684
3455.98750	0.00674
3454.05894	0.00677
3452.13037	0.00693
3450.20181	0.00702
3448.27324	0.00695
3446.34468	0.00690
3444.41611	0.00695
3442.48755	0.00696
3440.55898	0.00689
3438.63042	0.00687
3436.70186	0.00701
3434.77329	0.00727
3432.84473	0.00745
3430.91616	0.00740
3428.98760	0.00719
3427.05903	0.00702
3425.13047	0.00695
3423.20190	0.00689
3421.27334	0.00696
3419.34478	0.00725
3417.41621	0.00743
3415.48765	0.00725
3413.55908	0.00693
3411.63052	0.00683
3409.70195	0.00693
3407.77339	0.00706
3405.84482	0.00716
3403.91626	0.00733
3401.98770	0.00752
3400.05913	0.00750
3398.13057	0.00728
3396.20200	0.00737
3394.27344	0.00740
3392.34487	0.00730
3390.41631	0.00725
3388.48774	0.00727
3386.55918	0.00732
3384.63062	0.00735
3382.70205	0.00730
3380.77349	0.00727
3378.84492	0.00725
3376.91636	0.00715
3374.98779	0.00713
3373.05923	0.00735
3371.13066	0.00758
3369.20210	0.00757
3367.27354	0.00745
3365.34497	0.00744
3363.41641	0.00751
3361.48784	0.00752
3359.55928	0.00747
3357.63071	0.00740
3355.70215	0.00732
3353.77358	0.00731
3351.84502	0.00742
3349.91646	0.00756
3347.98789	0.00769
3346.05933	0.00777
3344.13076	0.00773
3342.20220	0.00762
3340.27363	0.00755
3338.34507	0.00747
3336.41650	0.00742
3334.48794	0.00742
3332.55937	0.00744
3330.63081	0.00753
3328.70225	0.00768
3326.77368	0.00768
3324.84512	0.00754
3322.91655	0.00745
3320.98799	0.00744
3319.05942	0.00736
3317.13086	0.00726
3315.20229	0.00730
3313.27373	0.00734
3311.34517	0.00721
3309.41660	0.00705
3307.48804	0.00699
3305.55947	0.00702
3303.63091	0.00718
3301.70234	0.00740
3299.77378	0.00751
3297.84521	0.00745
3295.91665	0.00730
3293.98809	0.00723
3292.05952	0.00724
3290.13096	0.00719
3288.20239	0.00713
3286.27383	0.00722
3284.34526	0.00741
3282.41670	0.00746
3280.48813	0.00726
3278.55957	0.00692
3276.63101	0.00673
3274.70244	0.00677
3272.77388	0.00694
3270.84531	0.00713
3268.91675	0.00725
3266.98818	0.00723
3265.05962	0.00709
3263.13105	0.00690
3261.20249	0.00672
3259.27393	0.00656
3257.34536	0.00647
3255.41680	0.00650
3253.48823	0.00653
3251.55967	0.00643
3249.63110	0.00629
3247.70254	0.00615
3245.77397	0.00604
3243.84541	0.00607
3241.91685	0.00612
3239.98828	0.00607
3238.05972	0.00604
3236.13115	0.00602
3234.20259	0.00594
3232.27402	0.00595
3230.34546	0.00608
3228.41689	0.00618
3226.48833	0.00628
3224.55977	0.00644
3222.63120	0.00654
3220.70264	0.00644
3218.77407	0.00622
3216.84551	0.00604
3214.91694	0.00596
3212.98838	0.00595
3211.05981	0.00596
3209.13125	0.00596
3207.20269	0.00590
3205.27412	0.00581
3203.34556	0.00584
3201.41699	0.00605
3199.48843	0.00634
3197.55986	0.00654
3195.63130	0.00645
3193.70273	0.00617
3191.77417	0.00600
3189.84561	0.00600
3187.91704	0.00611
3185.98848	0.00620
3184.05991	0.00613
3182.13135	0.00595
3180.20278	0.00581
3178.27422	0.00570
3176.34565	0.00563
3174.41709	0.00561
3172.48853	0.00559
3170.55996	0.00557
3168.63140	0.00559
3166.70283	0.00563
3164.77427	0.00559
3162.84570	0.00546
3160.91714	0.00531
3158.98857	0.00517
3157.06001	0.00513
3155.13145	0.00519
3153.20288	0.00521
3151.27432	0.00515
3149.34575	0.00502
3147.41719	0.00483
3145.48862	0.00478
3143.56006	0.00485
3141.63149	0.00482
3139.70293	0.00468
3137.77437	0.00452
3135.84580	0.00437
3133.91724	0.00431
3131.98867	0.00438
3130.06011	0.00447
3128.13154	0.00452
3126.20298	0.00453
3124.27441	0.00452
3122.34585	0.00445
3120.41729	0.00427
3118.48872	0.00406
3116.56016	0.00389
3114.63159	0.00382
3112.70303	0.00385
3110.77446	0.00390
3108.84590	0.00389
3106.91733	0.00387
3104.98877	0.00389
3103.06021	0.00387
3101.13164	0.00382
3099.20308	0.00381
3097.27451	0.00379
3095.34595	0.00371
3093.41738	0.00364
3091.48882	0.00366
3089.56025	0.00375
3087.63169	0.00379
3085.70312	0.00367
3083.77456	0.00348
3081.84600	0.00340
3079.91743	0.00352
3077.98887	0.00369
3076.06030	0.00373
3074.13174	0.00363
3072.20317	0.00346
3070.27461	0.00331
3068.34604	0.00325
3066.41748	0.00324
3064.48892	0.00322
3062.56035	0.00318
3060.63179	0.00316
3058.70322	0.00317
3056.77466	0.00319
3054.84609	0.00318
3052.91753	0.00310
3050.98896	0.00299
3049.06040	0.00292
3047.13184	0.00294
3045.20327	0.00297
3043.27471	0.00297
3041.34614	0.00295
3039.41758	0.00297
3037.48901	0.00298
3035.56045	0.00290
3033.63188	0.00274
3031.70332	0.00261
3029.77476	0.00256
3027.84619	0.00255
3025.91763	0.00256
3023.98906	0.00258
3022.06050	0.00258
3020.13193	0.00264
3018.20337	0.00280
3016.27480	0.00296
3014.34624	0.00304
3012.41768	0.00309
3010.48911	0.00318
3008.56055	0.00329
3006.63198	0.00349
3004.70342	0.00383
3002.77485	0.00421
3000.84629	0.00456
2998.91772	0.00487
2996.98916	0.00515
2995.06060	0.00547
2993.13203	0.00596
2991.20347	0.00667
2989.27490	0.00749
2987.34634	0.00837
2985.41777	0.00939
2983.48921	0.01060
2981.56064	0.01206
2979.63208	0.01387
2977.70352	0.01614
2975.77495	0.01908
2973.84639	0.02300
2971.91782	0.02812
2969.98926	0.03454
2968.06069	0.04230
2966.13213	0.05137
2964.20356	0.06108
2962.27500	0.06958
2960.34644	0.07477
2958.41787	0.07707
2956.48931	0.08014
2954.56074	0.08747
2952.63218	0.09846
2950.70361	0.10805
2948.77505	0.11033
2946.84648	0.10330
2944.91792	0.09027
2942.98936	0.07661
2941.06079	0.06609
2939.13223	0.06000
2937.20366	0.05822
2935.27510	0.06034
2933.34653	0.06594
2931.41797	0.07447
2929.48940	0.08506
2927.56084	0.09649
2925.63228	0.10750
2923.70371	0.11758
2921.77515	0.12700
2919.84658	0.13525
2917.91802	0.13987
2915.98945	0.13836
2914.06089	0.13146
2912.13232	0.12286
2910.20376	0.11547
2908.27520	0.10961
2906.34663	0.10420
2904.41807	0.09831
2902.48950	0.09186
2900.56094	0.08543
2898.63237	0.07953
2896.70381	0.07449
2894.77524	0.07061
2892.84668	0.06812
2890.91812	0.06699
2888.98955	0.06702
2887.06099	0.06783
2885.13242	0.06909
2883.20386	0.07087
2881.27529	0.07329
2879.34673	0.07595
2877.41816	0.07777
2875.48960	0.07814
2873.56104	0.07785
2871.63247	0.07839
2869.70391	0.08056
2867.77534	0.08359
2865.84678	0.08486
2863.91821	0.08160
2861.98965	0.07377
2860.06108	0.06420
2858.13252	0.05572
2856.20396	0.04945
2854.27539	0.04524
2852.34683	0.04270
2850.41826	0.04197
2848.48970	0.04387
2846.56113	0.04892
2844.63257	0.05661
2842.70400	0.06572
2840.77544	0.07426
2838.84687	0.07963
2836.91831	0.07972
2834.98975	0.07451
2833.06118	0.06624
2831.13262	0.05787
2829.20405	0.05108
2827.27549	0.04592
2825.34692	0.04197
2823.41836	0.03896
2821.48979	0.03662
2819.56123	0.03477
2817.63267	0.03331
2815.70410	0.03210
2813.77554	0.03110
2811.84697	0.03022
2809.91841	0.02933
2807.98984	0.02840
2806.06128	0.02742
2804.13271	0.02635
2802.20415	0.02538
2800.27559	0.02462
2798.34702	0.02397
2796.41846	0.02337
2794.48989	0.02285
2792.56133	0.02236
2790.63276	0.02181
2788.70420	0.02124
2786.77563	0.02064
2784.84707	0.02002
2782.91851	0.01945
2780.98994	0.01897
2779.06138	0.01853
2777.13281	0.01811
2775.20425	0.01771
2773.27568	0.01741
2771.34712	0.01724
2769.41855	0.01712
2767.48999	0.01694
2765.56143	0.01669
2763.63286	0.01648
2761.70430	0.01629
2759.77573	0.01606
2757.84717	0.01586
2755.91860	0.01574
2753.99004	0.01561
2752.06147	0.01543
2750.13291	0.01530
2748.20435	0.01527
2746.27578	0.01530
2744.34722	0.01536
2742.41865	0.01541
2740.49009	0.01546
2738.56152	0.01553
2736.63296	0.01563
2734.70439	0.01578
2732.77583	0.01599
2730.84727	0.01630
2728.91870	0.01666
2726.99014	0.01709
2725.06157	0.01755
2723.13301	0.01787
2721.20444	0.01789
2719.27588	0.01763
2717.34731	0.01722
2715.41875	0.01670
2713.49019	0.01612
2711.56162	0.01557
2709.63306	0.01513
2707.70449	0.01480
2705.77593	0.01454
2703.84736	0.01428
2701.91880	0.01406
2699.99023	0.01391
2698.06167	0.01374
2696.13311	0.01353
2694.20454	0.01341
2692.27598	0.01339
2690.34741	0.01341
2688.41885	0.01343
2686.49028	0.01340
2684.56172	0.01330
2682.63315	0.01322
2680.70459	0.01326
2678.77603	0.01338
2676.84746	0.01344
2674.91890	0.01338
2672.99033	0.01330
2671.06177	0.01329
2669.13320	0.01328
2667.20464	0.01327
2665.27607	0.01330
2663.34751	0.01336
2661.41895	0.01343
2659.49038	0.01347
2657.56182	0.01338
2655.63325	0.01321
2653.70469	0.01303
2651.77612	0.01288
2649.84756	0.01272
2647.91899	0.01258
2645.99043	0.01245
2644.06187	0.01228
2642.13330	0.01208
2640.20474	0.01192
2638.27617	0.01184
2636.34761	0.01178
2634.41904	0.01172
2632.49048	0.01170
2630.56191	0.01172
2628.63335	0.01176
2626.70479	0.01181
2624.77622	0.01183
2622.84766	0.01180
2620.91909	0.01174
2618.99053	0.01168
2617.06196	0.01166
2615.13340	0.01169
2613.20483	0.01169
2611.27627	0.01163
2609.34771	0.01144
2607.41914	0.01112
2605.49058	0.01085
2603.56201	0.01070
2601.63345	0.01061
2599.70488	0.01051
2597.77632	0.01044
2595.84775	0.01045
2593.91919	0.01049
2591.99062	0.01056
2590.06206	0.01073
2588.13350	0.01096
2586.20493	0.01120
2584.27637	0.01143
2582.34780	0.01152
2580.41924	0.01140
2578.49067	0.01118
2576.56211	0.01098
2574.63354	0.01081
2572.70498	0.01064
2570.77642	0.01042
2568.84785	0.01011
2566.91929	0.00976
2564.99072	0.00950
2563.06216	0.00938
2561.13359	0.00931
2559.20503	0.00929
2557.27646	0.00926
2555.34790	0.00923
2553.41934	0.00922
2551.49077	0.00921
2549.56221	0.00913
2547.63364	0.00904
2545.70508	0.00894
2543.77651	0.00877
2541.84795	0.00860
2539.91938	0.00853
2537.99082	0.00846
2536.06226	0.00836
2534.13369	0.00827
2532.20513	0.00818
2530.27656	0.00814
2528.34800	0.00820
2526.41943	0.00822
2524.49087	0.00810
2522.56230	0.00798
2520.63374	0.00792
2518.70518	0.00789
2516.77661	0.00783
2514.84805	0.00772
2512.91948	0.00753
2510.99092	0.00736
2509.06235	0.00732
2507.13379	0.00736
2505.20522	0.00733
2503.27666	0.00730
2501.34810	0.00735
2499.41953	0.00739
2497.49097	0.00740
2495.56240	0.00740
2493.63384	0.00739
2491.70527	0.00738
2489.77671	0.00740
2487.84814	0.00743
2485.91958	0.00737
2483.99102	0.00719
2482.06245	0.00701
2480.13389	0.00697
2478.20532	0.00701
2476.27676	0.00701
2474.34819	0.00693
2472.41963	0.00686
2470.49106	0.00684
2468.56250	0.00682
2466.63394	0.00674
2464.70537	0.00667
2462.77681	0.00671
2460.84824	0.00681
2458.91968	0.00688
2456.99111	0.00690
2455.06255	0.00697
2453.13398	0.00711
2451.20542	0.00713
2449.27686	0.00694
2447.34829	0.00677
2445.41973	0.00670
2443.49116	0.00661
2441.56260	0.00654
2439.63403	0.00660
2437.70547	0.00668
2435.77690	0.00668
2433.84834	0.00665
2431.91978	0.00668
2429.99121	0.00680
2428.06265	0.00695
2426.13408	0.00702
2424.20552	0.00700
2422.27695	0.00696
2420.34839	0.00690
2418.41982	0.00681
2416.49126	0.00675
2414.56270	0.00674
2412.63413	0.00668
2410.70557	0.00661
2408.77700	0.00654
2406.84844	0.00647
2404.91987	0.00641
2402.99131	0.00635
2401.06274	0.00640
2399.13418	0.00871
2397.20562	0.00904
2395.27705	0.00808
2393.34849	0.00701
2391.41992	0.00591
2389.49136	0.00466
2387.56279	0.00325
2385.63423	0.00180
2383.70566	0.00051
2381.77710	-0.00039
2379.84854	-0.00069
2377.91997	-0.00017
2375.99141	0.00099
2374.06284	0.00224
2372.13428	0.00297
2370.20571	0.00290
2368.27715	0.00307
2366.34858	0.00315
2364.42002	0.00225
2362.49146	0.00236
2360.56289	0.00143
2358.63433	-0.00031
2356.70576	0.00122
2354.77720	-0.00195
2352.84863	-0.00613
2350.92007	-0.00851
2348.99150	-0.00947
2347.06294	-0.00575
2345.13437	-0.00097
2343.20581	-0.00083
2341.27725	-0.00471
2339.34868	-0.00599
2337.42012	-0.00403
2335.49155	-0.00041
2333.56299	0.00199
2331.63442	0.00219
2329.70586	0.00113
2327.77729	-0.00043
2325.84873	-0.00024
2323.92017	0.00159
2321.99160	0.00315
2320.06304	0.00395
2318.13447	0.00395
2316.20591	0.00350
2314.27734	0.00288
2312.34878	0.00215
2310.42021	0.00164
2308.49165	0.00155
2306.56309	0.00162
2304.63452	0.00179
2302.70596	0.00214
2300.77739	0.00255
2298.84883	0.00292
2296.92026	0.00320
2294.99170	0.00347
2293.06313	0.00386
2291.13457	0.00444
2289.20601	0.00498
2287.27744	0.00558
2285.34888	0.00629
2283.42031	0.00686
2281.49175	0.00720
2279.56318	0.00736
2277.63462	0.00729
2275.70605	0.00705
2273.77749	0.00683
2271.84893	0.00669
2269.92036	0.00648
2267.99180	0.00616
2266.06323	0.00579
2264.13467	0.00543
2262.20610	0.00520
2260.27754	0.00524
2258.34897	0.00547
2256.42041	0.00551
2254.49185	0.00512
2252.56328	0.00430
2250.63472	0.00388
2248.70615	0.00544
2246.77759	0.00552
2244.84902	0.00534
2242.92046	0.00507
2240.99189	0.00489
2239.06333	0.00493
2237.13477	0.00509
2235.20620	0.00515
2233.27764	0.00509
2231.34907	0.00507
2229.42051	0.00519
2227.49194	0.00544
2225.56338	0.00554
2223.63481	0.00535
2221.70625	0.00511
2219.77769	0.00505
2217.84912	0.00529
2215.92056	0.00564
2213.99199	0.00575
2212.06343	0.00563
2210.13486	0.00546
2208.20630	0.00547
2206.27773	0.00559
2204.34917	0.00546
2202.42061	0.00508
2200.49204	0.00494
2198.56348	0.00530
2196.63491	0.00570
2194.70635	0.00549
2192.77778	0.00487
2190.84922	0.00471
2188.92065	0.00514
2186.99209	0.00554
2185.06353	0.00550
2183.13496	0.00511
2181.20640	0.00483
2179.27783	0.00492
2177.34927	0.00496
2175.42070	0.00483
2173.49214	0.00492
2171.56357	0.00531
2169.63501	0.00579
2167.70645	0.00623
2165.77788	0.00640
2163.84932	0.00629
2161.92075	0.00586
2159.99219	0.00429
2158.06362	0.00214
2156.13506	0.00145
2154.20649	0.00212
2152.27793	0.00283
2150.34937	0.00317
2148.42080	0.00319
2146.49224	0.00297
2144.56367	0.00281
2142.63511	0.00295
2140.70654	0.00312
2138.77798	0.00320
2136.84941	0.00326
2134.92085	0.00314
2132.99229	0.00292
2131.06372	0.00293
2129.13516	0.00327
2127.20659	0.00366
2125.27803	0.00383
2123.34946	0.00388
2121.42090	0.00395
2119.49233	0.00399
2117.56377	0.00403
2115.63521	0.00410
2113.70664	0.00412
2111.77808	0.00411
2109.84951	0.00413
2107.92095	0.00416
2105.99238	0.00419
2104.06382	0.00431
2102.13525	0.00451
2100.20669	0.00466
2098.27812	0.00479
2096.34956	0.00464
2094.42100	0.00432
2092.49243	0.00410
2090.56387	0.00402
2088.63530	0.00406
2086.70674	0.00428
2084.77817	0.00453
2082.84961	0.00478
2080.92104	0.00498
2078.99248	0.00510
2077.06392	0.00517
2075.13535	0.00523
2073.20679	0.00528
2071.27822	0.00536
2069.34966	0.00541
2067.42109	0.00537
2065.49253	0.00519
2063.56396	0.00491
2061.63540	0.00456
2059.70684	0.00423
2057.77827	0.00421
2055.84971	0.00449
2053.92114	0.00491
2051.99258	0.00553
2050.06401	0.00610
2048.13545	0.00619
2046.20688	0.00601
2044.27832	0.00580
2042.34976	0.00548
2040.42119	0.00521
2038.49263	0.00513
2036.56406	0.00510
2034.63550	0.00497
2032.70693	0.00486
2030.77837	0.00474
2028.84980	0.00430
2026.92124	0.00366
2024.99268	0.00342
2023.06411	0.00359
2021.13555	0.00360
2019.20698	0.00336
2017.27842	0.00319
2015.34985	0.00314
2013.42129	0.00343
2011.49272	0.00425
2009.56416	0.00502
2007.63560	0.00493
2005.70703	0.00407
2003.77847	0.00328
2001.84990	0.00311
1999.92134	0.00330
1997.99277	0.00344
1996.06421	0.00348
1994.13564	0.00352
1992.20708	0.00357
1990.27852	0.00360
1988.34995	0.00377
1986.42139	0.00410
1984.49282	0.00448
1982.56426	0.00518
1980.63569	0.00626
1978.70713	0.00686
1976.77856	0.00647
1974.85000	0.00577
1972.92144	0.00515
1970.99287	0.00446
1969.06431	0.00392
1967.13574	0.00381
1965.20718	0.00391
1963.27861	0.00403
1961.35005	0.00393
1959.42148	0.00349
1957.49292	0.00308
1955.56436	0.00305
1953.63579	0.00327
1951.70723	0.00346
1949.77866	0.00359
1947.85010	0.00385
1945.92153	0.00409
1943.99297	0.00408
1942.06440	0.00401
1940.13584	0.00411
1938.20728	0.00413
1936.27871	0.00390
1934.35015	0.00376
1932.42158	0.00391
1930.49302	0.00410
1928.56445	0.00420
1926.63589	0.00429
1924.70732	0.00438
1922.77876	0.00443
1920.85020	0.00449
1918.92163	0.00458
1916.99307	0.00459
1915.06450	0.00451
1913.13594	0.00452
1911.20737	0.00470
1909.27881	0.00484
1907.35024	0.00481
1905.42168	0.00482
1903.49312	0.00500
1901.56455	0.00518
1899.63599	0.00522
1897.70742	0.00512
1895.77886	0.00501
1893.85029	0.00493
1891.92173	0.00497
1889.99316	0.00507
1888.06460	0.00505
1886.13604	0.00494
1884.20747	0.00488
1882.27891	0.00483
1880.35034	0.00475
1878.42178	0.00470
1876.49321	0.00476
1874.56465	0.00486
1872.63608	0.00492
1870.70752	0.00489
1868.77896	0.00484
1866.85039	0.00479
1864.92183	0.00476
1862.99326	0.00479
1861.06470	0.00491
1859.13613	0.00509
1857.20757	0.00524
1855.27900	0.00528
1853.35044	0.00524
1851.42187	0.00520
1849.49331	0.00514
1847.56475	0.00502
1845.63618	0.00495
1843.70762	0.00501
1841.77905	0.00510
1839.85049	0.00521
1837.92192	0.00531
1835.99336	0.00534
1834.06479	0.00531
1832.13623	0.00538
1830.20767	0.00550
1828.27910	0.00562
1826.35054	0.00578
1824.42197	0.00601
1822.49341	0.00621
1820.56484	0.00624
1818.63628	0.00604
1816.70771	0.00575
1814.77915	0.00563
1812.85059	0.00573
1810.92202	0.00592
1808.99346	0.00606
1807.06489	0.00615
1805.13633	0.00626
1803.20776	0.00641
1801.27920	0.00664
1799.35063	0.00691
1797.42207	0.00718
1795.49351	0.00745
1793.56494	0.00786
1791.63638	0.00845
1789.70781	0.00904
1787.77925	0.00948
1785.85068	0.00988
1783.92212	0.01041
1781.99355	0.01106
1780.06499	0.01164
1778.13643	0.01204
1776.20786	0.01226
1774.27930	0.01243
1772.35073	0.01265
1770.42217	0.01287
1768.49360	0.01308
1766.56504	0.01335
1764.63647	0.01363
1762.70791	0.01389
1760.77935	0.01416
1758.85078	0.01442
1756.92222	0.01468
1754.99365	0.01493
1753.06509	0.01517
1751.13652	0.01545
1749.20796	0.01582
1747.27939	0.01625
1745.35083	0.01671
1743.42227	0.01714
1741.49370	0.01753
1739.56514	0.01788
1737.63657	0.01815
1735.70801	0.01845
1733.77944	0.01890
1731.85088	0.01936
1729.92231	0.01969
1727.99375	0.01999
1726.06519	0.02038
1724.13662	0.02080
1722.20806	0.02114
1720.27949	0.02143
1718.35093	0.02176
1716.42236	0.02217
1714.49380	0.02256
1712.56523	0.02281
1710.63667	0.02297
1708.70811	0.02303
1706.77954	0.02291
1704.85098	0.02258
1702.92241	0.02215
1700.99385	0.02164
1699.06528	0.02106
1697.13672	0.02045
1695.20815	0.01992
1693.27959	0.01950
1691.35103	0.01912
1689.42246	0.01878
1687.49390	0.01847
1685.56533	0.01826
1683.63677	0.01819
1681.70820	0.01813
1679.77964	0.01805
1677.85107	0.01804
1675.92251	0.01808
1673.99395	0.01806
1672.06538	0.01799
1670.13682	0.01800
1668.20825	0.01806
1666.27969	0.01808
1664.35112	0.01817
1662.42256	0.01833
1660.49399	0.01837
1658.56543	0.01830
1656.63687	0.01820
1654.70830	0.01811
1652.77974	0.01808
1650.85117	0.01807
1648.92261	0.01795
1646.99404	0.01781
1645.06548	0.01774
1643.13691	0.01768
1641.20835	0.01756
1639.27979	0.01741
1637.35122	0.01729
1635.42266	0.01726
1633.49409	0.01722
1631.56553	0.01704
1629.63696	0.01679
1627.70840	0.01657
1625.77983	0.01636
1623.85127	0.01616
1621.92271	0.01591
1619.99414	0.01562
1618.06558	0.01533
1616.13701	0.01507
1614.20845	0.01486
1612.27988	0.01466
1610.35132	0.01446
1608.42275	0.01427
1606.49419	0.01405
1604.56562	0.01385
1602.63706	0.01371
1600.70850	0.01361
1598.77993	0.01348
1596.85137	0.01332
1594.92280	0.01316
1592.99424	0.01302
1591.06567	0.01290
1589.13711	0.01281
1587.20854	0.01270
1585.27998	0.01256
1583.35142	0.01239
1581.42285	0.01221
1579.49429	0.01202
1577.56572	0.01186
1575.63716	0.01176
1573.70859	0.01168
1571.78003	0.01159
1569.85146	0.01155
1567.92290	0.01149
1565.99434	0.01138
1564.06577	0.01128
1562.13721	0.01128
1560.20864	0.01136
1558.28008	0.01142
1556.35151	0.01137
1554.42295	0.01129
1552.49438	0.01127
1550.56582	0.01131
1548.63726	0.01129
1546.70869	0.01123
1544.78013	0.01115
1542.85156	0.01096
1540.92300	0.01077
1538.99443	0.01074
1537.06587	0.01078
1535.13730	0.01081
1533.20874	0.01081
1531.28018	0.01074
1529.35161	0.01067
1527.42305	0.01062
1525.49448	0.01047
1523.56592	0.01021
1521.63735	0.01000
1519.70879	0.00995
1517.78022	0.01005
1515.85166	0.01011
1513.92310	0.01005
1511.99453	0.00998
1510.06597	0.00996
1508.13740	0.00994
1506.20884	0.00995
1504.28027	0.00996
1502.35171	0.00994
1500.42314	0.00998
1498.49458	0.01015
1496.56602	0.01042
1494.63745	0.01067
1492.70889	0.01091
1490.78032	0.01121
1488.85176	0.01161
1486.92319	0.01211
1484.99463	0.01270
1483.06606	0.01346
1481.13750	0.01446
1479.20894	0.01573
1477.28037	0.01744
1475.35181	0.02012
1473.42324	0.02471
1471.49468	0.03136
1469.56611	0.03898
1467.63755	0.04746
1465.70898	0.05741
1463.78042	0.06721
1461.85186	0.07426
1459.92329	0.07853
1457.99473	0.08158
1456.06616	0.08400
1454.13760	0.08560
1452.20903	0.08638
1450.28047	0.08547
1448.35190	0.08092
1446.42334	0.07234
1444.49478	0.06232
1442.56621	0.05388
1440.63765	0.04866
1438.70908	0.04693
1436.78052	0.04720
1434.85195	0.04630
1432.92339	0.04241
1430.99482	0.03689
1429.06626	0.03205
1427.13770	0.02899
1425.20913	0.02728
1423.28057	0.02618
1421.35200	0.02539
1419.42344	0.02482
1417.49487	0.02440
1415.56631	0.02406
1413.63774	0.02380
1411.70918	0.02359
1409.78062	0.02335
1407.85205	0.02308
1405.92349	0.02279
1403.99492	0.02245
1402.06636	0.02214
1400.13779	0.02193
1398.20923	0.02179
1396.28066	0.02168
1394.35210	0.02172
1392.42354	0.02203
1390.49497	0.02281
1388.56641	0.02452
1386.63784	0.02785
1384.70928	0.03370
1382.78071	0.04400
1380.85215	0.06204
1378.92358	0.08886
1376.99502	0.11682
1375.06646	0.13058
1373.13789	0.12177
1371.20933	0.09926
1369.28076	0.07692
1367.35220	0.06151
1365.42363	0.05369
1363.49507	0.05184
1361.56650	0.05369
1359.63794	0.05612
1357.70937	0.05602
1355.78081	0.05241
1353.85225	0.04685
1351.92368	0.04155
1349.99512	0.03750
1348.06655	0.03456
1346.13799	0.03236
1344.20942	0.03072
1342.28086	0.02956
1340.35229	0.02874
1338.42373	0.02819
1336.49517	0.02797
1334.56660	0.02828
1332.63804	0.02907
1330.70947	0.02991
1328.78091	0.03021
1326.85234	0.02978
1324.92378	0.02886
1322.99521	0.02780
1321.06665	0.02692
1319.13809	0.02635
1317.20952	0.02595
1315.28096	0.02560
1313.35239	0.02538
1311.42383	0.02546
1309.49526	0.02610
1307.56670	0.02735
1305.63813	0.02869
1303.70957	0.02932
1301.78101	0.02918
1299.85244	0.02904
1297.92388	0.02928
1295.99531	0.02950
1294.06675	0.02924
1292.13818	0.02849
1290.20962	0.02759
1288.28105	0.02684
1286.35249	0.02632
1284.42393	0.02597
1282.49536	0.02574
1280.56680	0.02557
1278.63823	0.02542
1276.70967	0.02534
1274.78110	0.02536
1272.85254	0.02550
1270.92397	0.02577
1268.99541	0.02617
1267.06685	0.02668
1265.13828	0.02722
1263.20972	0.02771
1261.28115	0.02821
1259.35259	0.02887
1257.42402	0.02963
1255.49546	0.02996
1253.56689	0.02944
1251.63833	0.02841
1249.70977	0.02756
1247.78120	0.02709
1245.85264	0.02690
1243.92407	0.02684
1241.99551	0.02686
1240.06694	0.02693
1238.13838	0.02699
1236.20981	0.02700
1234.28125	0.02698
1232.35269	0.02697
1230.42412	0.02704
1228.49556	0.02720
1226.56699	0.02754
1224.63843	0.02813
1222.70986	0.02900
1220.78130	0.02985
1218.85273	0.03020
1216.92417	0.02993
1214.99561	0.02932
1213.06704	0.02870
1211.13848	0.02827
1209.20991	0.02803
1207.28135	0.02786
1205.35278	0.02773
1203.42422	0.02767
1201.49565	0.02769
1199.56709	0.02778
1197.63853	0.02782
1195.70996	0.02785
1193.78140	0.02793
1191.85283	0.02803
1189.92427	0.02814
1187.99570	0.02825
1186.06714	0.02839
1184.13857	0.02856
1182.21001	0.02885
1180.28145	0.02933
1178.35288	0.03002
1176.42432	0.03117
1174.49575	0.03328
1172.56719	0.03663
1170.63862	0.04063
1168.71006	0.04378
1166.78149	0.04456
1164.85293	0.04299
1162.92437	0.04047
1160.99580	0.03829
1159.06724	0.03689
1157.13867	0.03620
1155.21011	0.03603
1153.28154	0.03601
1151.35298	0.03561
1149.42441	0.03459
1147.49585	0.03325
1145.56729	0.03203
1143.63872	0.03106
1141.71016	0.03028
1139.78159	0.02967
1137.85303	0.02924
1135.92446	0.02891
1133.99590	0.02869
1132.06733	0.02860
1130.13877	0.02860
1128.21021	0.02859
1126.28164	0.02852
1124.35308	0.02844
1122.42451	0.02841
1120.49595	0.02850
1118.56738	0.02869
1116.63882	0.02887
1114.71025	0.02902
1112.78169	0.02924
1110.85312	0.02967
1108.92456	0.03043
1106.99600	0.03167
1105.06743	0.03322
1103.13887	0.03437
1101.21030	0.03445
1099.28174	0.03354
1097.35317	0.03234
1095.42461	0.03139
1093.49604	0.03080
1091.56748	0.03044
1089.63892	0.03021
1087.71035	0.03003
1085.78179	0.02991
1083.85322	0.02981
1081.92466	0.02970
1079.99609	0.02957
1078.06753	0.02943
1076.13896	0.02925
1074.21040	0.02904
1072.28184	0.02881
1070.35327	0.02861
1068.42471	0.02851
1066.49614	0.02849
1064.56758	0.02853
1062.63901	0.02863
1060.71045	0.02865
1058.78188	0.02862
1056.85332	0.02873
1054.92476	0.02899
1052.99619	0.02921
1051.06763	0.02937
1049.13906	0.02963
1047.21050	0.03003
1045.28193	0.03031
1043.35337	0.03020
1041.42480	0.02979
1039.49624	0.02936
1037.56768	0.02903
1035.63911	0.02871
1033.71055	0.02834
1031.78198	0.02790
1029.85342	0.02747
1027.92485	0.02714
1025.99629	0.02690
1024.06772	0.02665
1022.13916	0.02639
1020.21060	0.02617
1018.28203	0.02595
1016.35347	0.02569
1014.42490	0.02547
1012.49634	0.02536
1010.56777	0.02542
1008.63921	0.02578
1006.71064	0.02669
1004.78208	0.02854
1002.85352	0.03205
1000.92495	0.03752
998.99639	0.04287
997.06782	0.04433
995.13926	0.04087
993.21069	0.03550
991.28213	0.03124
989.35356	0.02864
987.42500	0.02714
985.49644	0.02651
983.56787	0.02674
981.63931	0.02786
979.71074	0.03010
977.78218	0.03394
975.85361	0.03938
973.92505	0.04449
971.99648	0.04580
970.06792	0.04212
968.13936	0.03639
966.21079	0.03185
964.28223	0.02911
962.35366	0.02743
960.42510	0.02629
958.49653	0.02553
956.56797	0.02503
954.63940	0.02469
952.71084	0.02446
950.78228	0.02442
948.85371	0.02459
946.92515	0.02498
944.99658	0.02571
943.06802	0.02687
941.13945	0.02792
939.21089	0.02782
937.28232	0.02640
935.35376	0.02461
933.42520	0.02325
931.49663	0.02242
929.56807	0.02184
927.63950	0.02141
925.71094	0.02110
923.78237	0.02082
921.85381	0.02054
919.92524	0.02035
917.99668	0.02031
916.06812	0.02039
914.13955	0.02056
912.21099	0.02080
910.28242	0.02119
908.35386	0.02190
906.42529	0.02336
904.49673	0.02626
902.56816	0.03072
900.63960	0.03494
898.71104	0.03610
896.78247	0.03333
894.85391	0.02865
892.92534	0.02471
890.99678	0.02241
889.06821	0.02126
887.13965	0.02058
885.21108	0.02008
883.28252	0.01970
881.35396	0.01942
879.42539	0.01918
877.49683	0.01896
875.56826	0.01885
873.63970	0.01884
871.71113	0.01883
869.78257	0.01881
867.85400	0.01882
865.92544	0.01889
863.99687	0.01891
862.06831	0.01885
860.13975	0.01886
858.21118	0.01895
856.28262	0.01910
854.35405	0.01935
852.42549	0.01977
850.49692	0.02047
848.56836	0.02173
846.63979	0.02449
844.71123	0.03029
842.78267	0.03860
840.85410	0.04376
838.92554	0.04059
836.99697	0.03258
835.06841	0.02631
833.13984	0.02324
831.21128	0.02180
829.28271	0.02101
827.35415	0.02062
825.42559	0.02061
823.49702	0.02083
821.56846	0.02116
819.63989	0.02174
817.71133	0.02292
815.78276	0.02519
813.85420	0.02921
811.92563	0.03480
809.99707	0.03941
808.06851	0.03977
806.13994	0.03576
804.21138	0.03048
802.28281	0.02637
800.35425	0.02374
798.42568	0.02215
796.49712	0.02122
794.56855	0.02059
792.63999	0.01994
790.71143	0.01914
788.78286	0.01843
786.85430	0.01795
784.92573	0.01764
782.99717	0.01744
781.06860	0.01723
779.14004	0.01690
777.21147	0.01660
775.28291	0.01636
773.35435	0.01623
771.42578	0.01630
769.49722	0.01641
767.56865	0.01636
765.64009	0.01620
763.71152	0.01613
761.78296	0.01609
759.85439	0.01589
757.92583	0.01558
755.99727	0.01531
754.06870	0.01511
752.14014	0.01497
750.21157	0.01479
748.28301	0.01453
746.35444	0.01432
744.42588	0.01416
742.49731	0.01407
740.56875	0.01414
738.64019	0.01425
736.71162	0.01423
734.78306	0.01415
732.85449	0.01412
730.92593	0.01409
728.99736	0.01414
727.06880	0.01439
725.14023	0.01461
723.21167	0.01387
721.28311	0.01398
719.35454	0.01416
717.42598	0.01428
715.49741	0.01460
713.56885	0.01485
711.64028	0.01484
709.71172	0.01465
707.78315	0.01455
705.85459	0.01469
703.92603	0.01479
701.99746	0.01465
700.06890	0.01429
698.14033	0.01397
696.21177	0.01381
694.28320	0.01362
692.35464	0.01325
690.42607	0.01287
688.49751	0.01269
686.56895	0.01254
684.64038	0.01231
682.71182	0.01202
680.78325	0.01198
678.85469	0.01237
676.92612	0.01251
674.99756	0.01199
673.06899	0.01209
671.14043	0.01638
669.21187	0.02401
667.28330	0.02289
665.35474	0.01918
663.42617	0.01559
661.49761	0.01510
659.56904	0.01566
657.64048	0.01607
655.71191	0.01611
653.78335	0.01579
651.85479	0.01581
649.92622	0.01634
647.99766	0.01680
646.06909	0.01709
644.14053	0.01759
642.21196	0.01821
640.28340	0.01878
638.35483	0.01964
636.42627	0.02093
634.49771	0.02221
632.56914	0.02302
630.64058	0.02324
628.71201	0.02293
626.78345	0.02250
624.85488	0.02189
622.92632	0.02143
620.99775	0.02139
619.06919	0.02111
617.14062	0.02069
615.21206	0.02107
613.28350	0.02185
611.35493	0.02209
609.42637	0.02199
607.49780	0.02189
605.56924	0.02157
603.64067	0.02138
601.71211	0.02164
599.78354	0.02174
