3997.91411	0.01374
3995.98555	0.01360
3994.05698	0.01351
3992.12842	0.01352
3990.19985	0.01364
3988.27129	0.01371
3986.34272	0.01364
3984.41416	0.01361
3982.48560	0.01372
3980.55703	0.01385
3978.62847	0.01386
3976.69990	0.01375
3974.77134	0.01357
3972.84277	0.01339
3970.91421	0.01337
3968.98564	0.01358
3967.05708	0.01387
3965.12852	0.01400
3963.19995	0.01398
3961.27139	0.01393
3959.34282	0.01392
3957.41426	0.01388
3955.48569	0.01375
3953.55713	0.01359
3951.62856	0.01352
3949.70000	0.01361
3947.77144	0.01376
3945.84287	0.01387
3943.91431	0.01393
3941.98574	0.01392
3940.05718	0.01379
3938.12861	0.01356
3936.20005	0.01339
3934.27148	0.01341
3932.34292	0.01359
3930.41436	0.01379
3928.48579	0.01387
3926.55723	0.01392
3924.62866	0.01397
3922.70010	0.01389
3920.77153	0.01369
3918.84297	0.01354
3916.91440	0.01357
3914.98584	0.01367
3913.05728	0.01369
3911.12871	0.01360
3909.20015	0.01351
3907.27158	0.01356
3905.34302	0.01363
3903.41445	0.01361
3901.48589	0.01361
3899.55732	0.01369
3897.62876	0.01364
3895.70020	0.01345
3893.77163	0.01333
3891.84307	0.01334
3889.91450	0.01333
3887.98594	0.01323
3886.05737	0.01322
3884.12881	0.01329
3882.20024	0.01328
3880.27168	0.01316
3878.34312	0.01298
3876.41455	0.01284
3874.48599	0.01275
3872.55742	0.01264
3870.62886	0.01256
3868.70029	0.01255
3866.77173	0.01257
3864.84316	0.01264
3862.91460	0.01268
3860.98604	0.01253
3859.05747	0.01226
3857.12891	0.01205
3855.20034	0.01206
3853.27178	0.01241
3851.34321	0.01269
3849.41465	0.01254
3847.48608	0.01223
3845.55752	0.01208
3843.62896	0.01206
3841.70039	0.01199
3839.77183	0.01194
3837.84326	0.01212
3835.91470	0.01242
3833.98613	0.01255
3832.05757	0.01249
3830.12900	0.01238
3828.20044	0.01230
3826.27187	0.01221
3824.34331	0.01212
3822.41475	0.01215
3820.48618	0.01233
3818.55762	0.01247
3816.62905	0.01250
3814.70049	0.01250
3812.77192	0.01245
3810.84336	0.01235
3808.91479	0.01226
3806.98623	0.01222
3805.05767	0.01221
3803.12910	0.01224
3801.20054	0.01232
3799.27197	0.01243
3797.34341	0.01255
3795.41484	0.01269
3793.48628	0.01274
3791.55771	0.01273
3789.62915	0.01276
3787.70059	0.01284
3785.77202	0.01286
3783.84346	0.01280
3781.91489	0.01275
3779.98633	0.01277
3778.05776	0.01275
3776.12920	0.01265
3774.20063	0.01247
3772.27207	0.01229
3770.34351	0.01218
3768.41494	0.01219
3766.48638	0.01225
3764.55781	0.01223
3762.62925	0.01209
3760.70068	0.01196
3758.77212	0.01185
3756.84355	0.01167
3754.91499	0.01138
3752.98643	0.01107
3751.05786	0.01089
3749.12930	0.01081
3747.20073	0.01076
3745.27217	0.01083
3743.34360	0.01108
3741.41504	0.01111
3739.48647	0.01093
3737.55791	0.01097
3735.62935	0.01125
3733.70078	0.01142
3731.77222	0.01133
3729.84365	0.01120
3727.91509	0.01119
3725.98652	0.01128
3724.05796	0.01135
3722.12939	0.01140
3720.20083	0.01143
3718.27227	0.01134
3716.34370	0.01117
3714.41514	0.01119
3712.48657	0.01155
3710.55801	0.01198
3708.62944	0.01216
3706.70088	0.01213
3704.77231	0.01210
3702.84375	0.01214
3700.91519	0.01219
3698.98662	0.01225
3697.05806	0.01228
3695.12949	0.01221
3693.20093	0.01210
3691.27236	0.01201
3689.34380	0.01203
3687.41523	0.01218
3685.48667	0.01227
3683.55811	0.01222
3681.62954	0.01216
3679.70098	0.01215
3677.77241	0.01225
3675.84385	0.01247
3673.91528	0.01250
3671.98672	0.01236
3670.05815	0.01254
3668.12959	0.01291
3666.20103	0.01307
3664.27246	0.01311
3662.34390	0.01315
3660.41533	0.01314
3658.48677	0.01307
3656.55820	0.01307
3654.62964	0.01313
3652.70107	0.01322
3650.77251	0.01343
3648.84395	0.01373
3646.91538	0.01390
3644.98682	0.01382
3643.05825	0.01372
3641.12969	0.01371
3639.20112	0.01376
3637.27256	0.01378
3635.34399	0.01373
3633.41543	0.01365
3631.48687	0.01367
3629.55830	0.01386
3627.62974	0.01405
3625.70117	0.01409
3623.77261	0.01414
3621.84404	0.01435
3619.91548	0.01463
3617.98691	0.01476
3616.05835	0.01475
3614.12979	0.01489
3612.20122	0.01520
3610.27266	0.01547
3608.34409	0.01564
3606.41553	0.01571
3604.48696	0.01581
3602.55840	0.01602
3600.62983	0.01623
3598.70127	0.01630
3596.77271	0.01631
3594.84414	0.01630
3592.91558	0.01625
3590.98701	0.01617
3589.05845	0.01616
3587.12988	0.01619
3585.20132	0.01614
3583.27275	0.01604
3581.34419	0.01613
3579.41562	0.01640
3577.48706	0.01668
3575.55850	0.01679
3573.62993	0.01674
3571.70137	0.01670
3569.77280	0.01680
3567.84424	0.01704
3565.91567	0.01721
3563.98711	0.01721
3562.05854	0.01729
3560.12998	0.01756
3558.20142	0.01772
3556.27285	0.01767
3554.34429	0.01774
3552.41572	0.01803
3550.48716	0.01827
3548.55859	0.01832
3546.63003	0.01836
3544.70146	0.01853
3542.77290	0.01872
3540.84434	0.01883
3538.91577	0.01894
3536.98721	0.01911
3535.05864	0.01929
3533.13008	0.01938
3531.20151	0.01942
3529.27295	0.01953
3527.34438	0.01968
3525.41582	0.01980
3523.48726	0.01989
3521.55869	0.02001
3519.63013	0.02014
3517.70156	0.02020
3515.77300	0.02014
3513.84443	0.02006
3511.91587	0.02011
3509.98730	0.02037
3508.05874	0.02066
3506.13018	0.02073
3504.20161	0.02069
3502.27305	0.02075
3500.34448	0.02095
3498.41592	0.02122
3496.48735	0.02149
3494.55879	0.02159
3492.63022	0.02151
3490.70166	0.02137
3488.77310	0.02132
3486.84453	0.02141
3484.91597	0.02161
3482.98740	0.02184
3481.05884	0.02198
3479.13027	0.02206
3477.20171	0.02218
3475.27314	0.02244
3473.34458	0.02272
3471.41602	0.02282
3469.48745	0.02274
3467.55889	0.02270
3465.63032	0.02267
3463.70176	0.02256
3461.77319	0.02259
3459.84463	0.02286
3457.91606	0.02307
3455.98750	0.02306
3454.05894	0.02302
3452.13037	0.02314
3450.20181	0.02336
3448.27324	0.02355
3446.34468	0.02357
3444.41611	0.02349
3442.48755	0.02347
3440.55898	0.02348
3438.63042	0.02346
3436.70186	0.02349
3434.77329	0.02365
3432.84473	0.02381
3430.91616	0.02380
3428.98760	0.02365
3427.05903	0.02353
3425.13047	0.02351
3423.20190	0.02357
3421.27334	0.02371
3419.34478	0.02394
3417.41621	0.02402
3415.48765	0.02378
3413.55908	0.02351
3411.63052	0.02351
3409.70195	0.02364
3407.77339	0.02373
3405.84482	0.02374
3403.91626	0.02376
3401.98770	0.02383
3400.05913	0.02386
3398.13057	0.02370
3396.20200	0.02387
3394.27344	0.02399
3392.34487	0.02392
3390.41631	0.02389
3388.48774	0.02404
3386.55918	0.02423
3384.63062	0.02425
3382.70205	0.02409
3380.77349	0.02400
3378.84492	0.02403
3376.91636	0.02401
3374.98779	0.02396
3373.05923	0.02393
3371.13066	0.02391
3369.20210	0.02390
3367.27354	0.02388
3365.34497	0.02387
3363.41641	0.02390
3361.48784	0.02393
3359.55928	0.02399
3357.63071	0.02410
3355.70215	0.02409
3353.77358	0.02392
3351.84502	0.02377
3349.91646	0.02377
3347.98789	0.02382
3346.05933	0.02381
3344.13076	0.02371
3342.20220	0.02363
3340.27363	0.02359
3338.34507	0.02354
3336.41650	0.02357
3334.48794	0.02366
3332.55937	0.02366
3330.63081	0.02365
3328.70225	0.02362
3326.77368	0.02346
3324.84512	0.02333
3322.91655	0.02341
3320.98799	0.02354
3319.05942	0.02352
3317.13086	0.02339
3315.20229	0.02332
3313.27373	0.02329
3311.34517	0.02319
3309.41660	0.02301
3307.48804	0.02282
3305.55947	0.02278
3303.63091	0.02295
3301.70234	0.02314
3299.77378	0.02315
3297.84521	0.02306
3295.91665	0.02306
3293.98809	0.02318
3292.05952	0.02323
3290.13096	0.02313
3288.20239	0.02304
3286.27383	0.02302
3284.34526	0.02301
3282.41670	0.02297
3280.48813	0.02278
3278.55957	0.02248
3276.63101	0.02230
3274.70244	0.02226
3272.77388	0.02226
3270.84531	0.02230
3268.91675	0.02235
3266.98818	0.02228
3265.05962	0.02219
3263.13105	0.02213
3261.20249	0.02199
3259.27393	0.02181
3257.34536	0.02167
3255.41680	0.02151
3253.48823	0.02126
3251.55967	0.02102
3249.63110	0.02090
3247.70254	0.02090
3245.77397	0.02089
3243.84541	0.02084
3241.91685	0.02081
3239.98828	0.02083
3238.05972	0.02086
3236.13115	0.02080
3234.20259	0.02064
3232.27402	0.02050
3230.34546	0.02034
3228.41689	0.02015
3226.48833	0.02011
3224.55977	0.02029
3222.63120	0.02041
3220.70264	0.02021
3218.77407	0.01980
3216.84551	0.01943
3214.91694	0.01924
3212.98838	0.01925
3211.05981	0.01928
3209.13125	0.01921
3207.20269	0.01913
3205.27412	0.01913
3203.34556	0.01925
3201.41699	0.01939
3199.48843	0.01944
3197.55986	0.01941
3195.63130	0.01926
3193.70273	0.01906
3191.77417	0.01895
3189.84561	0.01896
3187.91704	0.01898
3185.98848	0.01893
3184.05991	0.01880
3182.13135	0.01862
3180.20278	0.01844
3178.27422	0.01827
3176.34565	0.01808
3174.41709	0.01794
3172.48853	0.01794
3170.55996	0.01803
3168.63140	0.01804
3166.70283	0.01788
3164.77427	0.01767
3162.84570	0.01747
3160.91714	0.01733
3158.98857	0.01730
3157.06001	0.01722
3155.13145	0.01698
3153.20288	0.01673
3151.27432	0.01668
3149.34575	0.01668
3147.41719	0.01655
3145.48862	0.01642
3143.56006	0.01634
3141.63149	0.01622
3139.70293	0.01610
3137.77437	0.01594
3135.84580	0.01578
3133.91724	0.01576
3131.98867	0.01588
3130.06011	0.01590
3128.13154	0.01581
3126.20298	0.01574
3124.27441	0.01569
3122.34585	0.01553
3120.41729	0.01528
3118.48872	0.01508
3116.56016	0.01504
3114.63159	0.01511
3112.70303	0.01521
3110.77446	0.01527
3108.84590	0.01524
3106.91733	0.01517
3104.98877	0.01518
3103.06021	0.01524
3101.13164	0.01534
3099.20308	0.01545
3097.27451	0.01550
3095.34595	0.01543
3093.41738	0.01528
3091.48882	0.01519
3089.56025	0.01525
3087.63169	0.01537
3085.70312	0.01540
3083.77456	0.01530
3081.84600	0.01517
3079.91743	0.01518
3077.98887	0.01531
3076.06030	0.01545
3074.13174	0.01553
3072.20317	0.01545
3070.27461	0.01521
3068.34604	0.01495
3066.41748	0.01482
3064.48892	0.01482
3062.56035	0.01479
3060.63179	0.01474
3058.70322	0.01472
3056.77466	0.01470
3054.84609	0.01460
3052.91753	0.01446
3050.98896	0.01434
3049.06040	0.01425
3047.13184	0.01423
3045.20327	0.01430
3043.27471	0.01436
3041.34614	0.01437
3039.41758	0.01433
3037.48901	0.01425
3035.56045	0.01412
3033.63188	0.01396
3031.70332	0.01385
3029.77476	0.01381
3027.84619	0.01374
3025.91763	0.01362
3023.98906	0.01350
3022.06050	0.01341
3020.13193	0.01335
3018.20337	0.01333
3016.27480	0.01329
3014.34624	0.01321
3012.41768	0.01319
3010.48911	0.01328
3008.56055	0.01333
3006.63198	0.01337
3004.70342	0.01354
3002.77485	0.01379
3000.84629	0.01397
2998.91772	0.01407
2996.98916	0.01414
2995.06060	0.01425
2993.13203	0.01447
2991.20347	0.01485
2989.27490	0.01533
2987.34634	0.01583
2985.41777	0.01637
2983.48921	0.01706
2981.56064	0.01797
2979.63208	0.01901
2977.70352	0.02011
2975.77495	0.02138
2973.84639	0.02299
2971.91782	0.02492
2969.98926	0.02707
2968.06069	0.02940
2966.13213	0.03187
2964.20356	0.03435
2962.27500	0.03678
2960.34644	0.03915
2958.41787	0.04135
2956.48931	0.04335
2954.56074	0.04528
2952.63218	0.04725
2950.70361	0.04963
2948.77505	0.05289
2946.84648	0.05743
2944.91792	0.06360
2942.98936	0.07167
2941.06079	0.08164
2939.13223	0.09338
2937.20366	0.10694
2935.27510	0.12259
2933.34653	0.14070
2931.41797	0.16177
2929.48940	0.18646
2927.56084	0.21587
2925.63228	0.25145
2923.70371	0.29467
2921.77515	0.34609
2919.84658	0.40368
2917.91802	0.45937
2915.98945	0.49734
2914.06089	0.50293
2912.13232	0.47729
2910.20376	0.43571
2908.27520	0.39307
2906.34663	0.35666
2904.41807	0.32766
2902.48950	0.30478
2900.56094	0.28642
2898.63237	0.27111
2896.70381	0.25750
2894.77524	0.24458
2892.84668	0.23179
2890.91812	0.21892
2888.98955	0.20605
2887.06099	0.19337
2885.13242	0.18113
2883.20386	0.16947
2881.27529	0.15821
2879.34673	0.14731
2877.41816	0.13728
2875.48960	0.12868
2873.56104	0.12173
2871.63247	0.11647
2869.70391	0.11296
2867.77534	0.11146
2865.84678	0.11260
2863.91821	0.11747
2861.98965	0.12744
2860.06108	0.14408
2858.13252	0.16984
2856.20396	0.20864
2854.27539	0.26537
2852.34683	0.34150
2850.41826	0.42300
2848.48970	0.47111
2846.56113	0.45447
2844.63257	0.39278
2842.70400	0.32407
2840.77544	0.26665
2838.84687	0.22330
2836.91831	0.19163
2834.98975	0.16842
2833.06118	0.15101
2831.13262	0.13773
2829.20405	0.12735
2827.27549	0.11883
2825.34692	0.11166
2823.41836	0.10572
2821.48979	0.10078
2819.56123	0.09650
2817.63267	0.09268
2815.70410	0.08926
2813.77554	0.08625
2811.84697	0.08353
2809.91841	0.08106
2807.98984	0.07889
2806.06128	0.07689
2804.13271	0.07492
2802.20415	0.07308
2800.27559	0.07144
2798.34702	0.06991
2796.41846	0.06839
2794.48989	0.06692
2792.56133	0.06553
2790.63276	0.06420
2788.70420	0.06293
2786.77563	0.06174
2784.84707	0.06059
2782.91851	0.05943
2780.98994	0.05830
2779.06138	0.05725
2777.13281	0.05634
2775.20425	0.05549
2773.27568	0.05466
2771.34712	0.05391
2769.41855	0.05320
2767.48999	0.05250
2765.56143	0.05181
2763.63286	0.05124
2761.70430	0.05075
2759.77573	0.05021
2757.84717	0.04963
2755.91860	0.04911
2753.99004	0.04867
2752.06147	0.04830
2750.13291	0.04797
2748.20435	0.04766
2746.27578	0.04742
2744.34722	0.04721
2742.41865	0.04695
2740.49009	0.04667
2738.56152	0.04639
2736.63296	0.04608
2734.70439	0.04573
2732.77583	0.04538
2730.84727	0.04505
2728.91870	0.04471
2726.99014	0.04437
2725.06157	0.04412
2723.13301	0.04389
2721.20444	0.04359
2719.27588	0.04328
2717.34731	0.04303
2715.41875	0.04276
2713.49019	0.04238
2711.56162	0.04198
2709.63306	0.04169
2707.70449	0.04151
2705.77593	0.04137
2703.84736	0.04115
2701.91880	0.04088
2699.99023	0.04061
2698.06167	0.04039
2696.13311	0.04022
2694.20454	0.04010
2692.27598	0.03997
2690.34741	0.03986
2688.41885	0.03982
2686.49028	0.03977
2684.56172	0.03967
2682.63315	0.03960
2680.70459	0.03959
2678.77603	0.03958
2676.84746	0.03955
2674.91890	0.03951
2672.99033	0.03948
2671.06177	0.03948
2669.13320	0.03949
2667.20464	0.03955
2665.27607	0.03962
2663.34751	0.03964
2661.41895	0.03967
2659.49038	0.03966
2657.56182	0.03959
2655.63325	0.03949
2653.70469	0.03940
2651.77612	0.03931
2649.84756	0.03918
2647.91899	0.03902
2645.99043	0.03888
2644.06187	0.03879
2642.13330	0.03872
2640.20474	0.03862
2638.27617	0.03856
2636.34761	0.03854
2634.41904	0.03847
2632.49048	0.03827
2630.56191	0.03799
2628.63335	0.03770
2626.70479	0.03742
2624.77622	0.03714
2622.84766	0.03680
2620.91909	0.03638
2618.99053	0.03600
2617.06196	0.03574
2615.13340	0.03549
2613.20483	0.03515
2611.27627	0.03485
2609.34771	0.03457
2607.41914	0.03427
2605.49058	0.03402
2603.56201	0.03383
2601.63345	0.03364
2599.70488	0.03346
2597.77632	0.03330
2595.84775	0.03308
2593.91919	0.03276
2591.99062	0.03250
2590.06206	0.03238
2588.13350	0.03223
2586.20493	0.03199
2584.27637	0.03180
2582.34780	0.03162
2580.41924	0.03143
2578.49067	0.03126
2576.56211	0.03113
2574.63354	0.03105
2572.70498	0.03103
2570.77642	0.03095
2568.84785	0.03068
2566.91929	0.03032
2564.99072	0.03000
2563.06216	0.02979
2561.13359	0.02971
2559.20503	0.02970
2557.27646	0.02968
2555.34790	0.02959
2553.41934	0.02945
2551.49077	0.02935
2549.56221	0.02928
2547.63364	0.02912
2545.70508	0.02887
2543.77651	0.02864
2541.84795	0.02853
2539.91938	0.02852
2537.99082	0.02847
2536.06226	0.02837
2534.13369	0.02824
2532.20513	0.02807
2530.27656	0.02793
2528.34800	0.02785
2526.41943	0.02778
2524.49087	0.02770
2522.56230	0.02759
2520.63374	0.02743
2518.70518	0.02729
2516.77661	0.02721
2514.84805	0.02712
2512.91948	0.02697
2510.99092	0.02683
2509.06235	0.02673
2507.13379	0.02658
2505.20522	0.02636
2503.27666	0.02630
2501.34810	0.02640
2499.41953	0.02645
2497.49097	0.02638
2495.56240	0.02622
2493.63384	0.02607
2491.70527	0.02599
2489.77671	0.02593
2487.84814	0.02590
2485.91958	0.02581
2483.99102	0.02558
2482.06245	0.02536
2480.13389	0.02532
2478.20532	0.02541
2476.27676	0.02545
2474.34819	0.02540
2472.41963	0.02534
2470.49106	0.02534
2468.56250	0.02527
2466.63394	0.02506
2464.70537	0.02484
2462.77681	0.02473
2460.84824	0.02470
2458.91968	0.02469
2456.99111	0.02466
2455.06255	0.02467
2453.13398	0.02477
2451.20542	0.02473
2449.27686	0.02444
2447.34829	0.02417
2445.41973	0.02409
2443.49116	0.02401
2441.56260	0.02385
2439.63403	0.02375
2437.70547	0.02377
2435.77690	0.02380
2433.84834	0.02375
2431.91978	0.02366
2429.99121	0.02363
2428.06265	0.02367
2426.13408	0.02373
2424.20552	0.02375
2422.27695	0.02381
2420.34839	0.02391
2418.41982	0.02394
2416.49126	0.02385
2414.56270	0.02373
2412.63413	0.02364
2410.70557	0.02359
2408.77700	0.02350
2406.84844	0.02336
2404.91987	0.02320
2402.99131	0.02305
2401.06274	0.02302
2399.13418	0.02393
2397.20562	0.02406
2395.27705	0.02366
2393.34849	0.02323
2391.41992	0.02281
2389.49136	0.02233
2387.56279	0.02177
2385.63423	0.02122
2383.70566	0.02080
2381.77710	0.02050
2379.84854	0.02037
2377.91997	0.02055
2375.99141	0.02103
2374.06284	0.02150
2372.13428	0.02171
2370.20571	0.02163
2368.27715	0.02145
2366.34858	0.02120
2364.42002	0.02092
2362.49146	0.02079
2360.56289	0.02080
2358.63433	0.02090
2356.70576	0.02101
2354.77720	0.02091
2352.84863	0.01999
2350.92007	0.01862
2348.99150	0.01793
2347.06294	0.01915
2345.13437	0.02078
2343.20581	0.02159
2341.27725	0.02174
2339.34868	0.02171
2337.42012	0.02163
2335.49155	0.02157
2333.56299	0.02147
2331.63442	0.02122
2329.70586	0.02101
2327.77729	0.02113
2325.84873	0.02201
2323.92017	0.02316
2321.99160	0.02378
2320.06304	0.02383
2318.13447	0.02359
2316.20591	0.02330
2314.27734	0.02307
2312.34878	0.02285
2310.42021	0.02277
2308.49165	0.02281
2306.56309	0.02286
2304.63452	0.02279
2302.70596	0.02270
2300.77739	0.02269
2298.84883	0.02269
2296.92026	0.02267
2294.99170	0.02277
2293.06313	0.02304
2291.13457	0.02339
2289.20601	0.02365
2287.27744	0.02379
2285.34888	0.02394
2283.42031	0.02417
2281.49175	0.02429
2279.56318	0.02418
2277.63462	0.02394
2275.70605	0.02373
2273.77749	0.02353
2271.84893	0.02332
2269.92036	0.02302
2267.99180	0.02269
2266.06323	0.02236
2264.13467	0.02198
2262.20610	0.02168
2260.27754	0.02162
2258.34897	0.02170
2256.42041	0.02163
2254.49185	0.02143
2252.56328	0.02120
2250.63472	0.02114
2248.70615	0.02177
2246.77759	0.02181
2244.84902	0.02170
2242.92046	0.02141
2240.99189	0.02102
2239.06333	0.02080
2237.13477	0.02085
2235.20620	0.02092
2233.27764	0.02095
2231.34907	0.02101
2229.42051	0.02108
2227.49194	0.02119
2225.56338	0.02121
2223.63481	0.02099
2221.70625	0.02079
2219.77769	0.02084
2217.84912	0.02096
2215.92056	0.02105
2213.99199	0.02117
2212.06343	0.02119
2210.13486	0.02097
2208.20630	0.02077
2206.27773	0.02076
2204.34917	0.02085
2202.42061	0.02087
2200.49204	0.02077
2198.56348	0.02078
2196.63491	0.02090
2194.70635	0.02073
2192.77778	0.02030
2190.84922	0.02013
2188.92065	0.02044
2186.99209	0.02099
2185.06353	0.02118
2183.13496	0.02070
2181.20640	0.02019
2179.27783	0.02018
2177.34927	0.02018
2175.42070	0.01994
2173.49214	0.01988
2171.56357	0.02017
2169.63501	0.02069
2167.70645	0.02126
2165.77788	0.02158
2163.84932	0.02171
2161.92075	0.02134
2159.99219	0.01936
2158.06362	0.01660
2156.13506	0.01552
2154.20649	0.01613
2152.27793	0.01708
2150.34937	0.01774
2148.42080	0.01786
2146.49224	0.01757
2144.56367	0.01732
2142.63511	0.01734
2140.70654	0.01750
2138.77798	0.01768
2136.84941	0.01762
2134.92085	0.01719
2132.99229	0.01691
2131.06372	0.01716
2129.13516	0.01771
2127.20659	0.01828
2125.27803	0.01874
2123.34946	0.01903
2121.42090	0.01917
2119.49233	0.01923
2117.56377	0.01936
2115.63521	0.01954
2113.70664	0.01964
2111.77808	0.01968
2109.84951	0.01974
2107.92095	0.01975
2105.99238	0.01971
2104.06382	0.01978
2102.13525	0.02001
2100.20669	0.02013
2098.27812	0.02012
2096.34956	0.01977
2094.42100	0.01937
2092.49243	0.01919
2090.56387	0.01933
2088.63530	0.01969
2086.70674	0.02008
2084.77817	0.02030
2082.84961	0.02047
2080.92104	0.02064
2078.99248	0.02086
2077.06392	0.02118
2075.13535	0.02142
2073.20679	0.02138
2071.27822	0.02112
2069.34966	0.02090
2067.42109	0.02080
2065.49253	0.02070
2063.56396	0.02048
2061.63540	0.02018
2059.70684	0.02005
2057.77827	0.02020
2055.84971	0.02043
2053.92114	0.02086
2051.99258	0.02181
2050.06401	0.02264
2048.13545	0.02253
2046.20688	0.02187
2044.27832	0.02143
2042.34976	0.02134
2040.42119	0.02131
2038.49263	0.02140
2036.56406	0.02167
2034.63550	0.02171
2032.70693	0.02139
2030.77837	0.02105
2028.84980	0.02066
2026.92124	0.02014
2024.99268	0.01993
2023.06411	0.02018
2021.13555	0.02031
2019.20698	0.02015
2017.27842	0.02012
2015.34985	0.02029
2013.42129	0.02058
2011.49272	0.02101
2009.56416	0.02117
2007.63560	0.02050
2005.70703	0.01927
2003.77847	0.01834
2001.84990	0.01815
1999.92134	0.01833
1997.99277	0.01833
1996.06421	0.01824
1994.13564	0.01838
1992.20708	0.01860
1990.27852	0.01863
1988.34995	0.01886
1986.42139	0.01952
1984.49282	0.02032
1982.56426	0.02126
1980.63569	0.02223
1978.70713	0.02256
1976.77856	0.02207
1974.85000	0.02121
1972.92144	0.02017
1970.99287	0.01933
1969.06431	0.01899
1967.13574	0.01874
1965.20718	0.01844
1963.27861	0.01844
1961.35005	0.01847
1959.42148	0.01810
1957.49292	0.01759
1955.56436	0.01742
1953.63579	0.01768
1951.70723	0.01812
1949.77866	0.01847
1947.85010	0.01875
1945.92153	0.01898
1943.99297	0.01900
1942.06440	0.01889
1940.13584	0.01886
1938.20728	0.01886
1936.27871	0.01884
1934.35015	0.01897
1932.42158	0.01916
1930.49302	0.01912
1928.56445	0.01894
1926.63589	0.01886
1924.70732	0.01891
1922.77876	0.01900
1920.85020	0.01905
1918.92163	0.01915
1916.99307	0.01932
1915.06450	0.01944
1913.13594	0.01951
1911.20737	0.01963
1909.27881	0.01972
1907.35024	0.01973
1905.42168	0.01983
1903.49312	0.02008
1901.56455	0.02027
1899.63599	0.02024
1897.70742	0.02004
1895.77886	0.01993
1893.85029	0.02000
1891.92173	0.02013
1889.99316	0.02008
1888.06460	0.01980
1886.13604	0.01953
1884.20747	0.01945
1882.27891	0.01941
1880.35034	0.01934
1878.42178	0.01925
1876.49321	0.01922
1874.56465	0.01923
1872.63608	0.01929
1870.70752	0.01935
1868.77896	0.01934
1866.85039	0.01921
1864.92183	0.01906
1862.99326	0.01902
1861.06470	0.01905
1859.13613	0.01907
1857.20757	0.01908
1855.27900	0.01912
1853.35044	0.01915
1851.42187	0.01917
1849.49331	0.01922
1847.56475	0.01925
1845.63618	0.01920
1843.70762	0.01911
1841.77905	0.01900
1839.85049	0.01890
1837.92192	0.01888
1835.99336	0.01891
1834.06479	0.01900
1832.13623	0.01924
1830.20767	0.01954
1828.27910	0.01975
1826.35054	0.01993
1824.42197	0.02017
1822.49341	0.02035
1820.56484	0.02035
1818.63628	0.02017
1816.70771	0.01994
1814.77915	0.01990
1812.85059	0.02010
1810.92202	0.02033
1808.99346	0.02045
1807.06489	0.02051
1805.13633	0.02061
1803.20776	0.02077
1801.27920	0.02104
1799.35063	0.02144
1797.42207	0.02190
1795.49351	0.02237
1793.56494	0.02293
1791.63638	0.02357
1789.70781	0.02409
1787.77925	0.02443
1785.85068	0.02471
1783.92212	0.02508
1781.99355	0.02548
1780.06499	0.02575
1778.13643	0.02582
1776.20786	0.02581
1774.27930	0.02590
1772.35073	0.02621
1770.42217	0.02655
1768.49360	0.02677
1766.56504	0.02696
1764.63647	0.02721
1762.70791	0.02755
1760.77935	0.02792
1758.85078	0.02830
1756.92222	0.02874
1754.99365	0.02928
1753.06509	0.03003
1751.13652	0.03105
1749.20796	0.03230
1747.27939	0.03369
1745.35083	0.03522
1743.42227	0.03687
1741.49370	0.03848
1739.56514	0.03984
1737.63657	0.04074
1735.70801	0.04132
1733.77944	0.04182
1731.85088	0.04222
1729.92231	0.04261
1727.99375	0.04339
1726.06519	0.04489
1724.13662	0.04699
1722.20806	0.04917
1720.27949	0.05117
1718.35093	0.05333
1716.42236	0.05567
1714.49380	0.05758
1712.56523	0.05859
1710.63667	0.05875
1708.70811	0.05814
1706.77954	0.05676
1704.85098	0.05485
1702.92241	0.05291
1700.99385	0.05102
1699.06528	0.04908
1697.13672	0.04711
1695.20815	0.04508
1693.27959	0.04325
1691.35103	0.04182
1689.42246	0.04075
1687.49390	0.04001
1685.56533	0.03967
1683.63677	0.03951
1681.70820	0.03917
1679.77964	0.03877
1677.85107	0.03859
1675.92251	0.03863
1673.99395	0.03867
1672.06538	0.03870
1670.13682	0.03880
1668.20825	0.03884
1666.27969	0.03880
1664.35112	0.03887
1662.42256	0.03905
1660.49399	0.03908
1658.56543	0.03897
1656.63687	0.03894
1654.70830	0.03901
1652.77974	0.03904
1650.85117	0.03894
1648.92261	0.03884
1646.99404	0.03890
1645.06548	0.03905
1643.13691	0.03912
1641.20835	0.03907
1639.27979	0.03902
1637.35122	0.03906
1635.42266	0.03909
1633.49409	0.03893
1631.56553	0.03864
1629.63696	0.03836
1627.70840	0.03810
1625.77983	0.03783
1623.85127	0.03758
1621.92271	0.03727
1619.99414	0.03689
1618.06558	0.03649
1616.13701	0.03607
1614.20845	0.03562
1612.27988	0.03519
1610.35132	0.03484
1608.42275	0.03456
1606.49419	0.03434
1604.56562	0.03421
1602.63706	0.03413
1600.70850	0.03402
1598.77993	0.03386
1596.85137	0.03372
1594.92280	0.03366
1592.99424	0.03363
1591.06567	0.03362
1589.13711	0.03360
1587.20854	0.03354
1585.27998	0.03347
1583.35142	0.03339
1581.42285	0.03328
1579.49429	0.03314
1577.56572	0.03304
1575.63716	0.03296
1573.70859	0.03285
1571.78003	0.03277
1569.85146	0.03274
1567.92290	0.03263
1565.99434	0.03242
1564.06577	0.03225
1562.13721	0.03232
1560.20864	0.03265
1558.28008	0.03293
1556.35151	0.03275
1554.42295	0.03243
1552.49438	0.03226
1550.56582	0.03221
1548.63726	0.03209
1546.70869	0.03200
1544.78013	0.03201
1542.85156	0.03193
1540.92300	0.03163
1538.99443	0.03117
1537.06587	0.03068
1535.13730	0.03033
1533.20874	0.03006
1531.28018	0.02969
1529.35161	0.02934
1527.42305	0.02908
1525.49448	0.02877
1523.56592	0.02843
1521.63735	0.02810
1519.70879	0.02785
1517.78022	0.02771
1515.85166	0.02749
1513.92310	0.02718
1511.99453	0.02698
1510.06597	0.02699
1508.13740	0.02701
1506.20884	0.02679
1504.28027	0.02637
1502.35171	0.02605
1500.42314	0.02597
1498.49458	0.02608
1496.56602	0.02620
1494.63745	0.02628
1492.70889	0.02646
1490.78032	0.02681
1488.85176	0.02718
1486.92319	0.02753
1484.99463	0.02810
1483.06606	0.02930
1481.13750	0.03209
1479.20894	0.03992
1477.28037	0.06092
1475.35181	0.10254
1473.42324	0.15553
1471.49468	0.19009
1469.56611	0.19204
1467.63755	0.17940
1465.70898	0.16913
1463.78042	0.16204
1461.85186	0.15173
1459.92329	0.13593
1457.99473	0.11803
1456.06616	0.10336
1454.13760	0.09377
1452.20903	0.08689
1450.28047	0.08117
1448.35190	0.07664
1446.42334	0.07335
1444.49478	0.07102
1442.56621	0.06930
1440.63765	0.06790
1438.70908	0.06657
1436.78052	0.06500
1434.85195	0.06311
1432.92339	0.06112
1430.99482	0.05905
1429.06626	0.05687
1427.13770	0.05484
1425.20913	0.05324
1423.28057	0.05211
1421.35200	0.05137
1419.42344	0.05100
1417.49487	0.05087
1415.56631	0.05086
1413.63774	0.05091
1411.70918	0.05088
1409.78062	0.05060
1407.85205	0.05004
1405.92349	0.04925
1403.99492	0.04826
1402.06636	0.04729
1400.13779	0.04649
1398.20923	0.04577
1396.28066	0.04506
1394.35210	0.04443
1392.42354	0.04398
1390.49497	0.04384
1388.56641	0.04413
1386.63784	0.04489
1384.70928	0.04608
1382.78071	0.04778
1380.85215	0.04995
1378.92358	0.05203
1376.99502	0.05328
1375.06646	0.05350
1373.13789	0.05314
1371.20933	0.05274
1369.28076	0.05245
1367.35220	0.05205
1365.42363	0.05147
1363.49507	0.05078
1361.56650	0.05005
1359.63794	0.04943
1357.70937	0.04905
1355.78081	0.04892
1353.85225	0.04888
1351.92368	0.04877
1349.99512	0.04848
1348.06655	0.04802
1346.13799	0.04743
1344.20942	0.04684
1342.28086	0.04637
1340.35229	0.04595
1338.42373	0.04537
1336.49517	0.04467
1334.56660	0.04413
1332.63804	0.04379
1330.70947	0.04359
1328.78091	0.04354
1326.85234	0.04368
1324.92378	0.04390
1322.99521	0.04420
1321.06665	0.04465
1319.13809	0.04527
1317.20952	0.04589
1315.28096	0.04639
1313.35239	0.04673
1311.42383	0.04694
1309.49526	0.04715
1307.56670	0.04740
1305.63813	0.04767
1303.70957	0.04796
1301.78101	0.04825
1299.85244	0.04850
1297.92388	0.04868
1295.99531	0.04877
1294.06675	0.04879
1292.13818	0.04878
1290.20962	0.04880
1288.28105	0.04885
1286.35249	0.04893
1284.42393	0.04902
1282.49536	0.04908
1280.56680	0.04915
1278.63823	0.04927
1276.70967	0.04943
1274.78110	0.04960
1272.85254	0.04984
1270.92397	0.05018
1268.99541	0.05058
1267.06685	0.05106
1265.13828	0.05158
1263.20972	0.05198
1261.28115	0.05216
1259.35259	0.05212
1257.42402	0.05195
1255.49546	0.05173
1253.56689	0.05147
1251.63833	0.05124
1249.70977	0.05110
1247.78120	0.05104
1245.85264	0.05102
1243.92407	0.05102
1241.99551	0.05105
1240.06694	0.05110
1238.13838	0.05111
1236.20981	0.05108
1234.28125	0.05100
1232.35269	0.05083
1230.42412	0.05065
1228.49556	0.05049
1226.56699	0.05038
1224.63843	0.05032
1222.70986	0.05027
1220.78130	0.05017
1218.85273	0.05005
1216.92417	0.04998
1214.99561	0.04991
1213.06704	0.04973
1211.13848	0.04955
1209.20991	0.04945
1207.28135	0.04940
1205.35278	0.04936
1203.42422	0.04935
1201.49565	0.04935
1199.56709	0.04946
1197.63853	0.04957
1195.70996	0.04968
1193.78140	0.04976
1191.85283	0.04986
1189.92427	0.04994
1187.99570	0.05001
1186.06714	0.05017
1184.13857	0.05044
1182.21001	0.05073
1180.28145	0.05102
1178.35288	0.05127
1176.42432	0.05148
1174.49575	0.05171
1172.56719	0.05200
1170.63862	0.05224
1168.71006	0.05234
1166.78149	0.05236
1164.85293	0.05230
1162.92437	0.05216
1160.99580	0.05199
1159.06724	0.05179
1157.13867	0.05151
1155.21011	0.05120
1153.28154	0.05087
1151.35298	0.05053
1149.42441	0.05022
1147.49585	0.04997
1145.56729	0.04977
1143.63872	0.04952
1141.71016	0.04927
1139.78159	0.04912
1137.85303	0.04904
1135.92446	0.04901
1133.99590	0.04912
1132.06733	0.04938
1130.13877	0.04967
1128.21021	0.04996
1126.28164	0.05022
1124.35308	0.05045
1122.42451	0.05070
1120.49595	0.05100
1118.56738	0.05135
1116.63882	0.05174
1114.71025	0.05214
1112.78169	0.05250
1110.85312	0.05281
1108.92456	0.05311
1106.99600	0.05343
1105.06743	0.05377
1103.13887	0.05411
1101.21030	0.05443
1099.28174	0.05470
1097.35317	0.05493
1095.42461	0.05522
1093.49604	0.05561
1091.56748	0.05604
1089.63892	0.05642
1087.71035	0.05673
1085.78179	0.05702
1083.85322	0.05732
1081.92466	0.05762
1079.99609	0.05789
1078.06753	0.05805
1076.13896	0.05810
1074.21040	0.05810
1072.28184	0.05804
1070.35327	0.05797
1068.42471	0.05801
1066.49614	0.05812
1064.56758	0.05822
1062.63901	0.05826
1060.71045	0.05815
1058.78188	0.05804
1056.85332	0.05813
1054.92476	0.05840
1052.99619	0.05858
1051.06763	0.05860
1049.13906	0.05858
1047.21050	0.05846
1045.28193	0.05822
1043.35337	0.05805
1041.42480	0.05800
1039.49624	0.05795
1037.56768	0.05781
1035.63911	0.05767
1033.71055	0.05756
1031.78198	0.05740
1029.85342	0.05715
1027.92485	0.05689
1025.99629	0.05658
1024.06772	0.05617
1022.13916	0.05567
1020.21060	0.05516
1018.28203	0.05469
1016.35347	0.05424
1014.42490	0.05379
1012.49634	0.05332
1010.56777	0.05283
1008.63921	0.05232
1006.71064	0.05178
1004.78208	0.05128
1002.85352	0.05083
1000.92495	0.05041
998.99639	0.05009
997.06782	0.04989
995.13926	0.04968
993.21069	0.04942
991.28213	0.04913
989.35356	0.04862
987.42500	0.04782
985.49644	0.04699
983.56787	0.04636
981.63931	0.04584
979.71074	0.04537
977.78218	0.04500
975.85361	0.04471
973.92505	0.04439
971.99648	0.04407
970.06792	0.04387
968.13936	0.04382
966.21079	0.04380
964.28223	0.04370
962.35366	0.04348
960.42510	0.04317
958.49653	0.04293
956.56797	0.04279
954.63940	0.04265
952.71084	0.04249
950.78228	0.04245
948.85371	0.04257
946.92515	0.04275
944.99658	0.04288
943.06802	0.04291
941.13945	0.04286
939.21089	0.04280
937.28232	0.04275
935.35376	0.04263
933.42520	0.04246
931.49663	0.04228
929.56807	0.04210
927.63950	0.04192
925.71094	0.04172
923.78237	0.04145
921.85381	0.04126
919.92524	0.04132
917.99668	0.04166
916.06812	0.04221
914.13955	0.04307
912.21099	0.04436
910.28242	0.04573
908.35386	0.04639
906.42529	0.04575
904.49673	0.04413
902.56816	0.04238
900.63960	0.04108
898.71104	0.04025
896.78247	0.03964
894.85391	0.03910
892.92534	0.03866
890.99678	0.03826
889.06821	0.03782
887.13965	0.03743
885.21108	0.03728
883.28252	0.03725
881.35396	0.03718
879.42539	0.03715
877.49683	0.03721
875.56826	0.03721
873.63970	0.03705
871.71113	0.03677
869.78257	0.03636
867.85400	0.03590
865.92544	0.03552
863.99687	0.03524
862.06831	0.03501
860.13975	0.03482
858.21118	0.03467
856.28262	0.03450
854.35405	0.03430
852.42549	0.03409
850.49692	0.03394
848.56836	0.03388
846.63979	0.03380
844.71123	0.03371
842.78267	0.03370
840.85410	0.03376
838.92554	0.03383
836.99697	0.03387
835.06841	0.03391
833.13984	0.03395
831.21128	0.03402
829.28271	0.03426
827.35415	0.03462
825.42559	0.03501
823.49702	0.03540
821.56846	0.03569
819.63989	0.03585
817.71133	0.03590
815.78276	0.03595
813.85420	0.03619
811.92563	0.03661
809.99707	0.03702
808.06851	0.03738
806.13994	0.03771
804.21138	0.03796
802.28281	0.03810
800.35425	0.03809
798.42568	0.03803
796.49712	0.03806
794.56855	0.03821
792.63999	0.03834
790.71143	0.03839
788.78286	0.03860
786.85430	0.03917
784.92573	0.03980
782.99717	0.04025
781.06860	0.04054
779.14004	0.04078
777.21147	0.04100
775.28291	0.04113
773.35435	0.04119
771.42578	0.04138
769.49722	0.04179
767.56865	0.04224
765.64009	0.04264
763.71152	0.04310
761.78296	0.04366
759.85439	0.04427
757.92583	0.04491
755.99727	0.04559
754.06870	0.04629
752.14014	0.04701
750.21157	0.04779
748.28301	0.04863
746.35444	0.04951
744.42588	0.05053
742.49731	0.05190
740.56875	0.05372
738.64019	0.05614
736.71162	0.06054
734.78306	0.07062
732.85449	0.08797
730.92593	0.10468
728.99736	0.11130
727.06880	0.11187
725.14023	0.11737
723.21167	0.13424
721.28311	0.16450
719.35454	0.19994
717.42598	0.22108
715.49741	0.21224
713.56885	0.17985
711.64028	0.14476
709.71172	0.11964
707.78315	0.10452
705.85459	0.09552
703.92603	0.08973
701.99746	0.08558
700.06890	0.08238
698.14033	0.07999
696.21177	0.07834
694.28320	0.07709
692.35464	0.07597
690.42607	0.07500
688.49751	0.07431
686.56895	0.07385
684.64038	0.07337
682.71182	0.07294
680.78325	0.07276
678.85469	0.07269
676.92612	0.07246
674.99756	0.07206
673.06899	0.07190
671.14043	0.07307
669.21187	0.07544
667.28330	0.07524
665.35474	0.07345
663.42617	0.07183
661.49761	0.07182
659.56904	0.07216
657.64048	0.07220
655.71191	0.07209
653.78335	0.07183
651.85479	0.07152
649.92622	0.07133
647.99766	0.07123
646.06909	0.07112
644.14053	0.07108
642.21196	0.07140
640.28340	0.07198
638.35483	0.07246
636.42627	0.07291
634.49771	0.07363
632.56914	0.07413
630.64058	0.07393
628.71201	0.07333
626.78345	0.07278
624.85488	0.07198
622.92632	0.07151
620.99775	0.07206
619.06919	0.07247
617.14062	0.07192
615.21206	0.07169
613.28350	0.07223
611.35493	0.07262
609.42637	0.07249
607.49780	0.07216
605.56924	0.07201
603.64067	0.07216
601.71211	0.07226
599.78354	0.07157
