3997.91411	0.01690
3995.98555	0.01686
3994.05698	0.01692
3992.12842	0.01699
3990.19985	0.01701
3988.27129	0.01697
3986.34272	0.01690
3984.41416	0.01686
3982.48560	0.01684
3980.55703	0.01679
3978.62847	0.01677
3976.69990	0.01683
3974.77134	0.01696
3972.84277	0.01709
3970.91421	0.01712
3968.98564	0.01702
3967.05708	0.01684
3965.12852	0.01676
3963.19995	0.01694
3961.27139	0.01703
3959.34282	0.01684
3957.41426	0.01674
3955.48569	0.01684
3953.55713	0.01694
3951.62856	0.01714
3949.70000	0.01746
3947.77144	0.01756
3945.84287	0.01742
3943.91431	0.01733
3941.98574	0.01721
3940.05718	0.01697
3938.12861	0.01689
3936.20005	0.01710
3934.27148	0.01751
3932.34292	0.01784
3930.41436	0.01783
3928.48579	0.01773
3926.55723	0.01782
3924.62866	0.01787
3922.70010	0.01772
3920.77153	0.01768
3918.84297	0.01788
3916.91440	0.01803
3914.98584	0.01789
3913.05728	0.01760
3911.12871	0.01741
3909.20015	0.01743
3907.27158	0.01783
3905.34302	0.01856
3903.41445	0.01906
3901.48589	0.01905
3899.55732	0.01874
3897.62876	0.01825
3895.70020	0.01784
3893.77163	0.01788
3891.84307	0.01820
3889.91450	0.01820
3887.98594	0.01813
3886.05737	0.01835
3884.12881	0.01838
3882.20024	0.01829
3880.27168	0.01836
3878.34312	0.01816
3876.41455	0.01799
3874.48599	0.01830
3872.55742	0.01877
3870.62886	0.01898
3868.70029	0.01876
3866.77173	0.01837
3864.84316	0.01821
3862.91460	0.01806
3860.98604	0.01772
3859.05747	0.01756
3857.12891	0.01783
3855.20034	0.01862
3853.27178	0.01945
3851.34321	0.01896
3849.41465	0.01793
3847.48608	0.01730
3845.55752	0.01726
3843.62896	0.01767
3841.70039	0.01822
3839.77183	0.01875
3837.84326	0.01891
3835.91470	0.01847
3833.98613	0.01791
3832.05757	0.01755
3830.12900	0.01735
3828.20044	0.01734
3826.27187	0.01750
3824.34331	0.01771
3822.41475	0.01824
3820.48618	0.01876
3818.55762	0.01862
3816.62905	0.01824
3814.70049	0.01776
3812.77192	0.01724
3810.84336	0.01700
3808.91479	0.01716
3806.98623	0.01763
3805.05767	0.01798
3803.12910	0.01822
3801.20054	0.01827
3799.27197	0.01785
3797.34341	0.01745
3795.41484	0.01714
3793.48628	0.01682
3791.55771	0.01669
3789.62915	0.01668
3787.70059	0.01663
3785.77202	0.01660
3783.84346	0.01661
3781.91489	0.01669
3779.98633	0.01691
3778.05776	0.01701
3776.12920	0.01680
3774.20063	0.01659
3772.27207	0.01664
3770.34351	0.01696
3768.41494	0.01733
3766.48638	0.01744
3764.55781	0.01714
3762.62925	0.01678
3760.70068	0.01692
3758.77212	0.01731
3756.84355	0.01741
3754.91499	0.01754
3752.98643	0.01819
3751.05786	0.01906
3749.12930	0.01911
3747.20073	0.01876
3745.27217	0.01889
3743.34360	0.01911
3741.41504	0.01885
3739.48647	0.01887
3737.55791	0.01985
3735.62935	0.02120
3733.70078	0.02139
3731.77222	0.02066
3729.84365	0.02020
3727.91509	0.02033
3725.98652	0.02064
3724.05796	0.02050
3722.12939	0.01985
3720.20083	0.01900
3718.27227	0.01820
3716.34370	0.01777
3714.41514	0.01799
3712.48657	0.01897
3710.55801	0.01980
3708.62944	0.01963
3706.70088	0.01923
3704.77231	0.01906
3702.84375	0.01911
3700.91519	0.01916
3698.98662	0.01904
3697.05806	0.01885
3695.12949	0.01881
3693.20093	0.01899
3691.27236	0.01927
3689.34380	0.01938
3687.41523	0.01889
3685.48667	0.01809
3683.55811	0.01753
3681.62954	0.01748
3679.70098	0.01788
3677.77241	0.01862
3675.84385	0.01919
3673.91528	0.01877
3671.98672	0.01843
3670.05815	0.01866
3668.12959	0.01825
3666.20103	0.01739
3664.27246	0.01691
3662.34390	0.01678
3660.41533	0.01682
3658.48677	0.01705
3656.55820	0.01732
3654.62964	0.01728
3652.70107	0.01730
3650.77251	0.01818
3648.84395	0.01936
3646.91538	0.01898
3644.98682	0.01790
3643.05825	0.01726
3641.12969	0.01707
3639.20112	0.01706
3637.27256	0.01718
3635.34399	0.01747
3633.41543	0.01799
3631.48687	0.01875
3629.55830	0.01957
3627.62974	0.01946
3625.70117	0.01856
3623.77261	0.01787
3621.84404	0.01771
3619.91548	0.01799
3617.98691	0.01819
3616.05835	0.01802
3614.12979	0.01775
3612.20122	0.01750
3610.27266	0.01755
3608.34409	0.01784
3606.41553	0.01781
3604.48696	0.01757
3602.55840	0.01751
3600.62983	0.01731
3598.70127	0.01673
3596.77271	0.01623
3594.84414	0.01592
3592.91558	0.01548
3590.98701	0.01521
3589.05845	0.01548
3587.12988	0.01555
3585.20132	0.01472
3583.27275	0.01378
3581.34419	0.01334
3579.41562	0.01320
3577.48706	0.01305
3575.55850	0.01286
3573.62993	0.01269
3571.70137	0.01266
3569.77280	0.01311
3567.84424	0.01396
3565.91567	0.01410
3563.98711	0.01318
3562.05854	0.01219
3560.12998	0.01163
3558.20142	0.01135
3556.27285	0.01125
3554.34429	0.01134
3552.41572	0.01133
3550.48716	0.01108
3548.55859	0.01096
3546.63003	0.01116
3544.70146	0.01133
3542.77290	0.01121
3540.84434	0.01091
3538.91577	0.01079
3536.98721	0.01100
3535.05864	0.01117
3533.13008	0.01103
3531.20151	0.01081
3529.27295	0.01067
3527.34438	0.01059
3525.41582	0.01060
3523.48726	0.01055
3521.55869	0.01025
3519.63013	0.00994
3517.70156	0.00988
3515.77300	0.00992
3513.84443	0.00991
3511.91587	0.01001
3509.98730	0.01016
3508.05874	0.01006
3506.13018	0.00993
3504.20161	0.00990
3502.27305	0.00964
3500.34448	0.00911
3498.41592	0.00875
3496.48735	0.00881
3494.55879	0.00909
3492.63022	0.00922
3490.70166	0.00908
3488.77310	0.00885
3486.84453	0.00869
3484.91597	0.00868
3482.98740	0.00874
3481.05884	0.00872
3479.13027	0.00861
3477.20171	0.00848
3475.27314	0.00838
3473.34458	0.00838
3471.41602	0.00844
3469.48745	0.00835
3467.55889	0.00812
3465.63032	0.00803
3463.70176	0.00814
3461.77319	0.00821
3459.84463	0.00804
3457.91606	0.00763
3455.98750	0.00728
3454.05894	0.00742
3452.13037	0.00795
3450.20181	0.00831
3448.27324	0.00821
3446.34468	0.00776
3444.41611	0.00735
3442.48755	0.00719
3440.55898	0.00722
3438.63042	0.00725
3436.70186	0.00703
3434.77329	0.00675
3432.84473	0.00685
3430.91616	0.00715
3428.98760	0.00714
3427.05903	0.00698
3425.13047	0.00705
3423.20190	0.00718
3421.27334	0.00700
3419.34478	0.00663
3417.41621	0.00653
3415.48765	0.00682
3413.55908	0.00707
3411.63052	0.00696
3409.70195	0.00672
3407.77339	0.00664
3405.84482	0.00665
3403.91626	0.00670
3401.98770	0.00674
3400.05913	0.00667
3398.13057	0.00641
3396.20200	0.00618
3394.27344	0.00627
3392.34487	0.00652
3390.41631	0.00653
3388.48774	0.00648
3386.55918	0.00664
3384.63062	0.00672
3382.70205	0.00653
3380.77349	0.00644
3378.84492	0.00653
3376.91636	0.00654
3374.98779	0.00647
3373.05923	0.00637
3371.13066	0.00624
3369.20210	0.00618
3367.27354	0.00625
3365.34497	0.00637
3363.41641	0.00641
3361.48784	0.00634
3359.55928	0.00626
3357.63071	0.00611
3355.70215	0.00584
3353.77358	0.00561
3351.84502	0.00553
3349.91646	0.00554
3347.98789	0.00559
3346.05933	0.00566
3344.13076	0.00573
3342.20220	0.00570
3340.27363	0.00557
3338.34507	0.00544
3336.41650	0.00542
3334.48794	0.00551
3332.55937	0.00556
3330.63081	0.00560
3328.70225	0.00572
3326.77368	0.00585
3324.84512	0.00590
3322.91655	0.00588
3320.98799	0.00578
3319.05942	0.00559
3317.13086	0.00540
3315.20229	0.00532
3313.27373	0.00541
3311.34517	0.00554
3309.41660	0.00560
3307.48804	0.00557
3305.55947	0.00532
3303.63091	0.00489
3301.70234	0.00465
3299.77378	0.00478
3297.84521	0.00504
3295.91665	0.00512
3293.98809	0.00522
3292.05952	0.00539
3290.13096	0.00540
3288.20239	0.00534
3286.27383	0.00533
3284.34526	0.00529
3282.41670	0.00515
3280.48813	0.00499
3278.55957	0.00500
3276.63101	0.00514
3274.70244	0.00522
3272.77388	0.00520
3270.84531	0.00519
3268.91675	0.00527
3266.98818	0.00532
3265.05962	0.00520
3263.13105	0.00502
3261.20249	0.00506
3259.27393	0.00527
3257.34536	0.00528
3255.41680	0.00498
3253.48823	0.00476
3251.55967	0.00483
3249.63110	0.00487
3247.70254	0.00467
3245.77397	0.00449
3243.84541	0.00450
3241.91685	0.00461
3239.98828	0.00470
3238.05972	0.00475
3236.13115	0.00475
3234.20259	0.00463
3232.27402	0.00442
3230.34546	0.00428
3228.41689	0.00429
3226.48833	0.00443
3224.55977	0.00468
3222.63120	0.00480
3220.70264	0.00461
3218.77407	0.00438
3216.84551	0.00430
3214.91694	0.00432
3212.98838	0.00437
3211.05981	0.00443
3209.13125	0.00452
3207.20269	0.00465
3205.27412	0.00472
3203.34556	0.00471
3201.41699	0.00464
3199.48843	0.00452
3197.55986	0.00453
3195.63130	0.00471
3193.70273	0.00484
3191.77417	0.00490
3189.84561	0.00482
3187.91704	0.00463
3185.98848	0.00458
3184.05991	0.00467
3182.13135	0.00465
3180.20278	0.00459
3178.27422	0.00454
3176.34565	0.00442
3174.41709	0.00439
3172.48853	0.00452
3170.55996	0.00458
3168.63140	0.00444
3166.70283	0.00428
3164.77427	0.00426
3162.84570	0.00433
3160.91714	0.00430
3158.98857	0.00419
3157.06001	0.00417
3155.13145	0.00416
3153.20288	0.00412
3151.27432	0.00411
3149.34575	0.00404
3147.41719	0.00398
3145.48862	0.00402
3143.56006	0.00400
3141.63149	0.00391
3139.70293	0.00389
3137.77437	0.00392
3135.84580	0.00388
3133.91724	0.00393
3131.98867	0.00409
3130.06011	0.00414
3128.13154	0.00394
3126.20298	0.00377
3124.27441	0.00381
3122.34585	0.00386
3120.41729	0.00384
3118.48872	0.00393
3116.56016	0.00415
3114.63159	0.00436
3112.70303	0.00445
3110.77446	0.00447
3108.84590	0.00444
3106.91733	0.00441
3104.98877	0.00454
3103.06021	0.00481
3101.13164	0.00499
3099.20308	0.00507
3097.27451	0.00524
3095.34595	0.00544
3093.41738	0.00549
3091.48882	0.00549
3089.56025	0.00550
3087.63169	0.00539
3085.70312	0.00528
3083.77456	0.00535
3081.84600	0.00550
3079.91743	0.00553
3077.98887	0.00549
3076.06030	0.00548
3074.13174	0.00544
3072.20317	0.00534
3070.27461	0.00521
3068.34604	0.00516
3066.41748	0.00521
3064.48892	0.00528
3062.56035	0.00533
3060.63179	0.00528
3058.70322	0.00519
3056.77466	0.00525
3054.84609	0.00540
3052.91753	0.00544
3050.98896	0.00534
3049.06040	0.00522
3047.13184	0.00518
3045.20327	0.00517
3043.27471	0.00517
3041.34614	0.00526
3039.41758	0.00536
3037.48901	0.00543
3035.56045	0.00547
3033.63188	0.00542
3031.70332	0.00529
3029.77476	0.00518
3027.84619	0.00513
3025.91763	0.00503
3023.98906	0.00487
3022.06050	0.00475
3020.13193	0.00470
3018.20337	0.00462
3016.27480	0.00451
3014.34624	0.00448
3012.41768	0.00455
3010.48911	0.00456
3008.56055	0.00443
3006.63198	0.00437
3004.70342	0.00445
3002.77485	0.00445
3000.84629	0.00430
2998.91772	0.00416
2996.98916	0.00419
2995.06060	0.00437
2993.13203	0.00458
2991.20347	0.00492
2989.27490	0.00537
2987.34634	0.00575
2985.41777	0.00614
2983.48921	0.00675
2981.56064	0.00752
2979.63208	0.00837
2977.70352	0.00947
2975.77495	0.01108
2973.84639	0.01318
2971.91782	0.01561
2969.98926	0.01848
2968.06069	0.02205
2966.13213	0.02641
2964.20356	0.03161
2962.27500	0.03759
2960.34644	0.04355
2958.41787	0.04816
2956.48931	0.05030
2954.56074	0.04939
2952.63218	0.04574
2950.70361	0.04097
2948.77505	0.03739
2946.84648	0.03673
2944.91792	0.03950
2942.98936	0.04533
2941.06079	0.05368
2939.13223	0.06446
2937.20366	0.07821
2935.27510	0.09563
2933.34653	0.11715
2931.41797	0.14321
2929.48940	0.17466
2927.56084	0.21295
2925.63228	0.25963
2923.70371	0.31512
2921.77515	0.37731
2919.84658	0.44038
2917.91802	0.49307
2915.98945	0.52002
2914.06089	0.51211
2912.13232	0.47642
2910.20376	0.42986
2908.27520	0.38597
2906.34663	0.35010
2904.41807	0.32233
2902.48950	0.30112
2900.56094	0.28466
2898.63237	0.27097
2896.70381	0.25843
2894.77524	0.24627
2892.84668	0.23426
2890.91812	0.22222
2888.98955	0.21007
2887.06099	0.19772
2885.13242	0.18503
2883.20386	0.17199
2881.27529	0.15883
2879.34673	0.14620
2877.41816	0.13507
2875.48960	0.12615
2873.56104	0.11941
2871.63247	0.11392
2869.70391	0.10862
2867.77534	0.10373
2865.84678	0.10109
2863.91821	0.10289
2861.98965	0.11092
2860.06108	0.12693
2858.13252	0.15389
2856.20396	0.19720
2854.27539	0.26383
2852.34683	0.35548
2850.41826	0.45265
2848.48970	0.50485
2846.56113	0.47678
2844.63257	0.40053
2842.70400	0.32356
2840.77544	0.26430
2838.84687	0.22223
2836.91831	0.19252
2834.98975	0.17101
2833.06118	0.15482
2831.13262	0.14220
2829.20405	0.13208
2827.27549	0.12364
2825.34692	0.11644
2823.41836	0.11030
2821.48979	0.10508
2819.56123	0.10057
2817.63267	0.09660
2815.70410	0.09312
2813.77554	0.09010
2811.84697	0.08738
2809.91841	0.08485
2807.98984	0.08249
2806.06128	0.08032
2804.13271	0.07842
2802.20415	0.07672
2800.27559	0.07512
2798.34702	0.07359
2796.41846	0.07207
2794.48989	0.07053
2792.56133	0.06905
2790.63276	0.06765
2788.70420	0.06636
2786.77563	0.06509
2784.84707	0.06378
2782.91851	0.06250
2780.98994	0.06134
2779.06138	0.06025
2777.13281	0.05918
2775.20425	0.05810
2773.27568	0.05709
2771.34712	0.05620
2769.41855	0.05542
2767.48999	0.05467
2765.56143	0.05394
2763.63286	0.05326
2761.70430	0.05263
2759.77573	0.05201
2757.84717	0.05135
2755.91860	0.05065
2753.99004	0.05006
2752.06147	0.04965
2750.13291	0.04926
2748.20435	0.04889
2746.27578	0.04860
2744.34722	0.04835
2742.41865	0.04809
2740.49009	0.04786
2738.56152	0.04764
2736.63296	0.04735
2734.70439	0.04703
2732.77583	0.04676
2730.84727	0.04644
2728.91870	0.04602
2726.99014	0.04557
2725.06157	0.04518
2723.13301	0.04478
2721.20444	0.04435
2719.27588	0.04395
2717.34731	0.04359
2715.41875	0.04321
2713.49019	0.04281
2711.56162	0.04245
2709.63306	0.04215
2707.70449	0.04178
2705.77593	0.04142
2703.84736	0.04115
2701.91880	0.04088
2699.99023	0.04052
2698.06167	0.04014
2696.13311	0.03981
2694.20454	0.03951
2692.27598	0.03925
2690.34741	0.03897
2688.41885	0.03866
2686.49028	0.03844
2684.56172	0.03831
2682.63315	0.03818
2680.70459	0.03806
2678.77603	0.03802
2676.84746	0.03811
2674.91890	0.03831
2672.99033	0.03852
2671.06177	0.03873
2669.13320	0.03896
2667.20464	0.03924
2665.27607	0.03953
2663.34751	0.03973
2661.41895	0.03978
2659.49038	0.03976
2657.56182	0.03972
2655.63325	0.03965
2653.70469	0.03954
2651.77612	0.03934
2649.84756	0.03909
2647.91899	0.03890
2645.99043	0.03882
2644.06187	0.03879
2642.13330	0.03885
2640.20474	0.03901
2638.27617	0.03923
2636.34761	0.03932
2634.41904	0.03920
2632.49048	0.03901
2630.56191	0.03881
2628.63335	0.03847
2626.70479	0.03797
2624.77622	0.03747
2622.84766	0.03704
2620.91909	0.03662
2618.99053	0.03623
2617.06196	0.03591
2615.13340	0.03559
2613.20483	0.03519
2611.27627	0.03478
2609.34771	0.03446
2607.41914	0.03426
2605.49058	0.03403
2603.56201	0.03370
2601.63345	0.03333
2599.70488	0.03304
2597.77632	0.03290
2595.84775	0.03279
2593.91919	0.03257
2591.99062	0.03226
2590.06206	0.03196
2588.13350	0.03169
2586.20493	0.03145
2584.27637	0.03127
2582.34780	0.03113
2580.41924	0.03094
2578.49067	0.03066
2576.56211	0.03042
2574.63354	0.03029
2572.70498	0.03023
2570.77642	0.03013
2568.84785	0.02991
2566.91929	0.02970
2564.99072	0.02954
2563.06216	0.02937
2561.13359	0.02925
2559.20503	0.02919
2557.27646	0.02910
2555.34790	0.02894
2553.41934	0.02873
2551.49077	0.02858
2549.56221	0.02849
2547.63364	0.02834
2545.70508	0.02805
2543.77651	0.02771
2541.84795	0.02751
2539.91938	0.02745
2537.99082	0.02737
2536.06226	0.02730
2534.13369	0.02731
2532.20513	0.02734
2530.27656	0.02741
2528.34800	0.02749
2526.41943	0.02744
2524.49087	0.02725
2522.56230	0.02709
2520.63374	0.02695
2518.70518	0.02680
2516.77661	0.02663
2514.84805	0.02649
2512.91948	0.02647
2510.99092	0.02646
2509.06235	0.02635
2507.13379	0.02624
2505.20522	0.02616
2503.27666	0.02608
2501.34810	0.02601
2499.41953	0.02601
2497.49097	0.02610
2495.56240	0.02617
2493.63384	0.02610
2491.70527	0.02592
2489.77671	0.02572
2487.84814	0.02563
2485.91958	0.02562
2483.99102	0.02560
2482.06245	0.02566
2480.13389	0.02582
2478.20532	0.02583
2476.27676	0.02559
2474.34819	0.02539
2472.41963	0.02534
2470.49106	0.02525
2468.56250	0.02507
2466.63394	0.02495
2464.70537	0.02492
2462.77681	0.02489
2460.84824	0.02484
2458.91968	0.02485
2456.99111	0.02486
2455.06255	0.02484
2453.13398	0.02480
2451.20542	0.02469
2449.27686	0.02451
2447.34829	0.02433
2445.41973	0.02424
2443.49116	0.02430
2441.56260	0.02442
2439.63403	0.02447
2437.70547	0.02444
2435.77690	0.02438
2433.84834	0.02435
2431.91978	0.02435
2429.99121	0.02434
2428.06265	0.02434
2426.13408	0.02442
2424.20552	0.02459
2422.27695	0.02473
2420.34839	0.02480
2418.41982	0.02480
2416.49126	0.02472
2414.56270	0.02463
2412.63413	0.02458
2410.70557	0.02457
2408.77700	0.02450
2406.84844	0.02432
2404.91987	0.02406
2402.99131	0.02388
2401.06274	0.02377
2399.13418	0.02024
2397.20562	0.01994
2395.27705	0.02141
2393.34849	0.02291
2391.41992	0.02449
2389.49136	0.02632
2387.56279	0.02837
2385.63423	0.03049
2383.70566	0.03238
2381.77710	0.03357
2379.84854	0.03367
2377.91997	0.03248
2375.99141	0.03037
2374.06284	0.02823
2372.13428	0.02692
2370.20571	0.02658
2368.27715	0.02515
2366.34858	0.02383
2364.42002	0.02563
2362.49146	0.02514
2360.56289	0.02745
2358.63433	0.03233
2356.70576	0.02825
2354.77720	0.03627
2352.84863	0.04430
2350.92007	0.04616
2348.99150	0.04669
2347.06294	0.03961
2345.13437	0.03095
2343.20581	0.03325
2341.27725	0.04515
2339.34868	0.04870
2337.42012	0.04285
2335.49155	0.03263
2333.56299	0.02595
2331.63442	0.02497
2329.70586	0.02726
2327.77729	0.03166
2325.84873	0.03259
2323.92017	0.03005
2321.99160	0.02764
2320.06304	0.02620
2318.13447	0.02606
2316.20591	0.02682
2314.27734	0.02784
2312.34878	0.02943
2310.42021	0.03130
2308.49165	0.03224
2306.56309	0.03269
2304.63452	0.03242
2302.70596	0.03148
2300.77739	0.03043
2298.84883	0.02954
2296.92026	0.02894
2294.99170	0.02863
2293.06313	0.02840
2291.13457	0.02767
2289.20601	0.02679
2287.27744	0.02582
2285.34888	0.02468
2283.42031	0.02370
2281.49175	0.02294
2279.56318	0.02240
2277.63462	0.02223
2275.70605	0.02255
2273.77749	0.02305
2271.84893	0.02314
2269.92036	0.02288
2267.99180	0.02266
2266.06323	0.02293
2264.13467	0.02364
2262.20610	0.02425
2260.27754	0.02425
2258.34897	0.02380
2256.42041	0.02351
2254.49185	0.02393
2252.56328	0.02505
2250.63472	0.02559
2248.70615	0.02315
2246.77759	0.02293
2244.84902	0.02305
2242.92046	0.02318
2240.99189	0.02307
2239.06333	0.02280
2237.13477	0.02251
2235.20620	0.02228
2233.27764	0.02210
2231.34907	0.02196
2229.42051	0.02198
2227.49194	0.02219
2225.56338	0.02239
2223.63481	0.02242
2221.70625	0.02233
2219.77769	0.02211
2217.84912	0.02184
2215.92056	0.02159
2213.99199	0.02138
2212.06343	0.02140
2210.13486	0.02167
2208.20630	0.02186
2206.27773	0.02169
2204.34917	0.02148
2202.42061	0.02173
2200.49204	0.02212
2198.56348	0.02215
2196.63491	0.02210
2194.70635	0.02219
2192.77778	0.02216
2190.84922	0.02206
2188.92065	0.02217
2186.99209	0.02234
2185.06353	0.02205
2183.13496	0.02137
2181.20640	0.02105
2179.27783	0.02124
2177.34927	0.02144
2175.42070	0.02149
2173.49214	0.02158
2171.56357	0.02198
2169.63501	0.02263
2167.70645	0.02315
2165.77788	0.02342
2163.84932	0.02342
2161.92075	0.02227
2159.99219	0.01974
2158.06362	0.01811
2156.13506	0.01833
2154.20649	0.01913
2152.27793	0.01986
2150.34937	0.02036
2148.42080	0.02042
2146.49224	0.02017
2144.56367	0.02001
2142.63511	0.01998
2140.70654	0.01996
2138.77798	0.01995
2136.84941	0.01990
2134.92085	0.01993
2132.99229	0.02014
2131.06372	0.02032
2129.13516	0.02041
2127.20659	0.02057
2125.27803	0.02075
2123.34946	0.02094
2121.42090	0.02110
2119.49233	0.02120
2117.56377	0.02136
2115.63521	0.02153
2113.70664	0.02167
2111.77808	0.02178
2109.84951	0.02174
2107.92095	0.02167
2105.99238	0.02180
2104.06382	0.02191
2102.13525	0.02180
2100.20669	0.02154
2098.27812	0.02124
2096.34956	0.02098
2094.42100	0.02090
2092.49243	0.02102
2090.56387	0.02124
2088.63530	0.02146
2086.70674	0.02163
2084.77817	0.02172
2082.84961	0.02172
2080.92104	0.02168
2078.99248	0.02161
2077.06392	0.02157
2075.13535	0.02165
2073.20679	0.02177
2071.27822	0.02170
2069.34966	0.02148
2067.42109	0.02126
2065.49253	0.02121
2063.56396	0.02136
2061.63540	0.02150
2059.70684	0.02156
2057.77827	0.02165
2055.84971	0.02166
2053.92114	0.02182
2051.99258	0.02219
2050.06401	0.02217
2048.13545	0.02174
2046.20688	0.02134
2044.27832	0.02120
2042.34976	0.02159
2040.42119	0.02242
2038.49263	0.02328
2036.56406	0.02383
2034.63550	0.02376
2032.70693	0.02339
2030.77837	0.02312
2028.84980	0.02286
2026.92124	0.02280
2024.99268	0.02301
2023.06411	0.02311
2021.13555	0.02315
2019.20698	0.02346
2017.27842	0.02378
2015.34985	0.02362
2013.42129	0.02310
2011.49272	0.02249
2009.56416	0.02187
2007.63560	0.02145
2005.70703	0.02119
2003.77847	0.02083
2001.84990	0.02056
1999.92134	0.02060
1997.99277	0.02084
1996.06421	0.02105
1994.13564	0.02117
1992.20708	0.02123
1990.27852	0.02126
1988.34995	0.02135
1986.42139	0.02163
1984.49282	0.02228
1982.56426	0.02324
1980.63569	0.02361
1978.70713	0.02273
1976.77856	0.02162
1974.85000	0.02139
1972.92144	0.02146
1970.99287	0.02122
1969.06431	0.02107
1967.13574	0.02111
1965.20718	0.02099
1963.27861	0.02085
1961.35005	0.02081
1959.42148	0.02071
1957.49292	0.02068
1955.56436	0.02081
1953.63579	0.02098
1951.70723	0.02109
1949.77866	0.02106
1947.85010	0.02103
1945.92153	0.02134
1943.99297	0.02187
1942.06440	0.02202
1940.13584	0.02178
1938.20728	0.02171
1936.27871	0.02181
1934.35015	0.02174
1932.42158	0.02160
1930.49302	0.02159
1928.56445	0.02163
1926.63589	0.02177
1924.70732	0.02210
1922.77876	0.02239
1920.85020	0.02253
1918.92163	0.02275
1916.99307	0.02292
1915.06450	0.02286
1913.13594	0.02278
1911.20737	0.02281
1909.27881	0.02293
1907.35024	0.02310
1905.42168	0.02331
1903.49312	0.02364
1901.56455	0.02399
1899.63599	0.02424
1897.70742	0.02436
1895.77886	0.02432
1893.85029	0.02413
1891.92173	0.02411
1889.99316	0.02423
1888.06460	0.02392
1886.13604	0.02332
1884.20747	0.02299
1882.27891	0.02299
1880.35034	0.02304
1878.42178	0.02303
1876.49321	0.02291
1874.56465	0.02275
1872.63608	0.02278
1870.70752	0.02318
1868.77896	0.02361
1866.85039	0.02347
1864.92183	0.02298
1862.99326	0.02267
1861.06470	0.02257
1859.13613	0.02255
1857.20757	0.02257
1855.27900	0.02267
1853.35044	0.02278
1851.42187	0.02284
1849.49331	0.02293
1847.56475	0.02321
1845.63618	0.02360
1843.70762	0.02373
1841.77905	0.02353
1839.85049	0.02331
1837.92192	0.02318
1835.99336	0.02309
1834.06479	0.02316
1832.13623	0.02353
1830.20767	0.02400
1828.27910	0.02417
1826.35054	0.02413
1824.42197	0.02400
1822.49341	0.02373
1820.56484	0.02355
1818.63628	0.02357
1816.70771	0.02363
1814.77915	0.02373
1812.85059	0.02398
1810.92202	0.02422
1808.99346	0.02422
1807.06489	0.02407
1805.13633	0.02410
1803.20776	0.02439
1801.27920	0.02469
1799.35063	0.02469
1797.42207	0.02462
1795.49351	0.02480
1793.56494	0.02526
1791.63638	0.02550
1789.70781	0.02515
1787.77925	0.02480
1785.85068	0.02478
1783.92212	0.02494
1781.99355	0.02513
1780.06499	0.02523
1778.13643	0.02517
1776.20786	0.02523
1774.27930	0.02563
1772.35073	0.02609
1770.42217	0.02615
1768.49360	0.02588
1766.56504	0.02551
1764.63647	0.02535
1762.70791	0.02553
1760.77935	0.02565
1758.85078	0.02559
1756.92222	0.02552
1754.99365	0.02544
1753.06509	0.02575
1751.13652	0.02660
1749.20796	0.02715
1747.27939	0.02711
1745.35083	0.02721
1743.42227	0.02776
1741.49370	0.02883
1739.56514	0.03006
1737.63657	0.03031
1735.70801	0.02920
1733.77944	0.02669
1731.85088	0.02399
1729.92231	0.02228
1727.99375	0.02126
1726.06519	0.02062
1724.13662	0.02005
1722.20806	0.01951
1720.27949	0.01943
1718.35093	0.01980
1716.42236	0.01967
1714.49380	0.01911
1712.56523	0.01926
1710.63667	0.02021
1708.70811	0.02152
1706.77954	0.02289
1704.85098	0.02390
1702.92241	0.02443
1700.99385	0.02501
1699.06528	0.02563
1697.13672	0.02568
1695.20815	0.02506
1693.27959	0.02430
1691.35103	0.02404
1689.42246	0.02415
1687.49390	0.02437
1685.56533	0.02494
1683.63677	0.02533
1681.70820	0.02450
1679.77964	0.02352
1677.85107	0.02310
1675.92251	0.02321
1673.99395	0.02340
1672.06538	0.02346
1670.13682	0.02346
1668.20825	0.02303
1666.27969	0.02252
1664.35112	0.02242
1662.42256	0.02238
1660.49399	0.02205
1658.56543	0.02186
1656.63687	0.02220
1654.70830	0.02316
1652.77974	0.02371
1650.85117	0.02312
1648.92261	0.02300
1646.99404	0.02319
1645.06548	0.02253
1643.13691	0.02165
1641.20835	0.02133
1639.27979	0.02158
1637.35122	0.02216
1635.42266	0.02233
1633.49409	0.02170
1631.56553	0.02112
1629.63696	0.02090
1627.70840	0.02089
1625.77983	0.02102
1623.85127	0.02116
1621.92271	0.02101
1619.99414	0.02084
1618.06558	0.02103
1616.13701	0.02120
1614.20845	0.02086
1612.27988	0.02057
1610.35132	0.02061
1608.42275	0.02076
1606.49419	0.02086
1604.56562	0.02095
1602.63706	0.02099
1600.70850	0.02089
1598.77993	0.02076
1596.85137	0.02074
1594.92280	0.02076
1592.99424	0.02075
1591.06567	0.02068
1589.13711	0.02056
1587.20854	0.02040
1585.27998	0.02017
1583.35142	0.01986
1581.42285	0.01959
1579.49429	0.01956
1577.56572	0.01973
1575.63716	0.01952
1573.70859	0.01890
1571.78003	0.01872
1569.85146	0.01900
1567.92290	0.01905
1565.99434	0.01892
1564.06577	0.01895
1562.13721	0.01931
1560.20864	0.02033
1558.28008	0.02114
1556.35151	0.02040
1554.42295	0.01958
1552.49438	0.01918
1550.56582	0.01896
1548.63726	0.01868
1546.70869	0.01864
1544.78013	0.01915
1542.85156	0.01979
1540.92300	0.01987
1538.99443	0.01878
1537.06587	0.01781
1535.13730	0.01778
1533.20874	0.01802
1531.28018	0.01785
1529.35161	0.01785
1527.42305	0.01837
1525.49448	0.01894
1523.56592	0.01935
1521.63735	0.01966
1519.70879	0.01952
1517.78022	0.01930
1515.85166	0.01907
1513.92310	0.01879
1511.99453	0.01900
1510.06597	0.01989
1508.13740	0.02116
1506.20884	0.02095
1504.28027	0.01946
1502.35171	0.01875
1500.42314	0.01886
1498.49458	0.01934
1496.56602	0.01941
1494.63745	0.01914
1492.70889	0.01935
1490.78032	0.02021
1488.85176	0.02066
1486.92319	0.02025
1484.99463	0.02020
1483.06606	0.02161
1481.13750	0.02593
1479.20894	0.03763
1477.28037	0.06838
1475.35181	0.12833
1473.42324	0.19239
1471.49468	0.19425
1469.56611	0.15423
1467.63755	0.12687
1465.70898	0.13067
1463.78042	0.16464
1461.85186	0.18718
1459.92329	0.17246
1457.99473	0.13060
1456.06616	0.09272
1454.13760	0.07575
1452.20903	0.06586
1450.28047	0.05724
1448.35190	0.04958
1446.42334	0.04312
1444.49478	0.03832
1442.56621	0.03493
1440.63765	0.03260
1438.70908	0.03110
1436.78052	0.02940
1434.85195	0.02702
1432.92339	0.02475
1430.99482	0.02256
1429.06626	0.02017
1427.13770	0.01800
1425.20913	0.01647
1423.28057	0.01538
1421.35200	0.01470
1419.42344	0.01415
1417.49487	0.01305
1415.56631	0.01188
1413.63774	0.01136
1411.70918	0.01132
1409.78062	0.01120
1407.85205	0.01096
1405.92349	0.01075
1403.99492	0.01038
1402.06636	0.01013
1400.13779	0.01047
1398.20923	0.01121
1396.28066	0.01169
1394.35210	0.01169
1392.42354	0.01143
1390.49497	0.01161
1388.56641	0.01274
1386.63784	0.01479
1384.70928	0.01772
1382.78071	0.02197
1380.85215	0.02739
1378.92358	0.03211
1376.99502	0.03388
1375.06646	0.03192
1373.13789	0.02778
1371.20933	0.02403
1369.28076	0.02120
1367.35220	0.01886
1365.42363	0.01697
1363.49507	0.01529
1361.56650	0.01357
1359.63794	0.01235
1357.70937	0.01200
1355.78081	0.01220
1353.85225	0.01245
1351.92368	0.01252
1349.99512	0.01247
1348.06655	0.01236
1346.13799	0.01226
1344.20942	0.01234
1342.28086	0.01267
1340.35229	0.01299
1338.42373	0.01268
1336.49517	0.01172
1334.56660	0.01078
1332.63804	0.01022
1330.70947	0.00993
1328.78091	0.00972
1326.85234	0.00951
1324.92378	0.00930
1322.99521	0.00919
1321.06665	0.00925
1319.13809	0.00933
1317.20952	0.00944
1315.28096	0.00971
1313.35239	0.01015
1311.42383	0.01057
1309.49526	0.01091
1307.56670	0.01116
1305.63813	0.01126
1303.70957	0.01120
1301.78101	0.01101
1299.85244	0.01074
1297.92388	0.01042
1295.99531	0.00999
1294.06675	0.00941
1292.13818	0.00878
1290.20962	0.00823
1288.28105	0.00775
1286.35249	0.00724
1284.42393	0.00662
1282.49536	0.00590
1280.56680	0.00513
1278.63823	0.00438
1276.70967	0.00370
1274.78110	0.00309
1272.85254	0.00257
1270.92397	0.00214
1268.99541	0.00176
1267.06685	0.00148
1265.13828	0.00139
1263.20972	0.00157
1261.28115	0.00206
1259.35259	0.00271
1257.42402	0.00327
1255.49546	0.00365
1253.56689	0.00385
1251.63833	0.00386
1249.70977	0.00370
1247.78120	0.00351
1245.85264	0.00360
1243.92407	0.00402
1241.99551	0.00438
1240.06694	0.00446
1238.13838	0.00435
1236.20981	0.00418
1234.28125	0.00389
1232.35269	0.00350
1230.42412	0.00308
1228.49556	0.00279
1226.56699	0.00273
1224.63843	0.00294
1222.70986	0.00333
1220.78130	0.00377
1218.85273	0.00410
1216.92417	0.00430
1214.99561	0.00446
1213.06704	0.00462
1211.13848	0.00471
1209.20991	0.00475
1207.28135	0.00478
1205.35278	0.00485
1203.42422	0.00495
1201.49565	0.00502
1199.56709	0.00508
1197.63853	0.00518
1195.70996	0.00524
1193.78140	0.00523
1191.85283	0.00521
1189.92427	0.00517
1187.99570	0.00505
1186.06714	0.00478
1184.13857	0.00433
1182.21001	0.00389
1180.28145	0.00382
1178.35288	0.00406
1176.42432	0.00409
1174.49575	0.00398
1172.56719	0.00440
1170.63862	0.00555
1168.71006	0.00713
1166.78149	0.00869
1164.85293	0.00986
1162.92437	0.01044
1160.99580	0.01031
1159.06724	0.00947
1157.13867	0.00824
1155.21011	0.00707
1153.28154	0.00613
1151.35298	0.00532
1149.42441	0.00460
1147.49585	0.00398
1145.56729	0.00347
1143.63872	0.00314
1141.71016	0.00302
1139.78159	0.00314
1137.85303	0.00359
1135.92446	0.00460
1133.99590	0.00597
1132.06733	0.00696
1130.13877	0.00689
1128.21021	0.00586
1126.28164	0.00467
1124.35308	0.00384
1122.42451	0.00334
1120.49595	0.00305
1118.56738	0.00285
1116.63882	0.00263
1114.71025	0.00240
1112.78169	0.00225
1110.85312	0.00218
1108.92456	0.00212
1106.99600	0.00208
1105.06743	0.00203
1103.13887	0.00185
1101.21030	0.00155
1099.28174	0.00129
1097.35317	0.00109
1095.42461	0.00094
1093.49604	0.00087
1091.56748	0.00092
1089.63892	0.00111
1087.71035	0.00132
1085.78179	0.00149
1083.85322	0.00159
1081.92466	0.00167
1079.99609	0.00176
1078.06753	0.00178
1076.13896	0.00162
1074.21040	0.00131
1072.28184	0.00091
1070.35327	0.00057
1068.42471	0.00059
1066.49614	0.00092
1064.56758	0.00113
1062.63901	0.00106
1060.71045	0.00094
1058.78188	0.00088
1056.85332	0.00079
1054.92476	0.00072
1052.99619	0.00094
1051.06763	0.00116
1049.13906	0.00062
1047.21050	-0.00067
1045.28193	-0.00180
1043.35337	-0.00231
1041.42480	-0.00248
1039.49624	-0.00257
1037.56768	-0.00261
1035.63911	-0.00265
1033.71055	-0.00274
1031.78198	-0.00284
1029.85342	-0.00294
1027.92485	-0.00306
1025.99629	-0.00327
1024.06772	-0.00349
1022.13916	-0.00364
1020.21060	-0.00378
1018.28203	-0.00389
1016.35347	-0.00394
1014.42490	-0.00399
1012.49634	-0.00404
1010.56777	-0.00403
1008.63921	-0.00404
1006.71064	-0.00411
1004.78208	-0.00420
1002.85352	-0.00428
1000.92495	-0.00440
998.99639	-0.00454
997.06782	-0.00476
995.13926	-0.00512
993.21069	-0.00549
991.28213	-0.00560
989.35356	-0.00542
987.42500	-0.00520
985.49644	-0.00494
983.56787	-0.00448
981.63931	-0.00379
979.71074	-0.00308
977.78218	-0.00251
975.85361	-0.00211
973.92505	-0.00187
971.99648	-0.00173
970.06792	-0.00162
968.13936	-0.00156
966.21079	-0.00153
964.28223	-0.00152
962.35366	-0.00158
960.42510	-0.00175
958.49653	-0.00183
956.56797	-0.00158
954.63940	-0.00101
952.71084	-0.00035
950.78228	0.00022
948.85371	0.00053
946.92515	0.00048
944.99658	0.00019
943.06802	-0.00010
941.13945	-0.00027
939.21089	-0.00029
937.28232	-0.00026
935.35376	-0.00021
933.42520	-0.00016
931.49663	-0.00017
929.56807	-0.00025
927.63950	-0.00036
925.71094	-0.00051
923.78237	-0.00061
921.85381	-0.00056
919.92524	-0.00044
917.99668	-0.00039
916.06812	-0.00032
914.13955	-0.00023
912.21099	-0.00015
910.28242	-0.00005
908.35386	0.00002
906.42529	0.00005
904.49673	0.00017
902.56816	0.00043
900.63960	0.00082
898.71104	0.00155
896.78247	0.00279
894.85391	0.00456
892.92534	0.00694
890.99678	0.00955
889.06821	0.01079
887.13965	0.00931
885.21108	0.00601
883.28252	0.00296
881.35396	0.00092
879.42539	-0.00046
877.49683	-0.00144
875.56826	-0.00213
873.63970	-0.00267
871.71113	-0.00305
869.78257	-0.00330
867.85400	-0.00350
865.92544	-0.00357
863.99687	-0.00335
862.06831	-0.00298
860.13975	-0.00271
858.21118	-0.00257
856.28262	-0.00248
854.35405	-0.00239
852.42549	-0.00234
850.49692	-0.00244
848.56836	-0.00260
846.63979	-0.00266
844.71123	-0.00276
842.78267	-0.00310
840.85410	-0.00358
838.92554	-0.00399
836.99697	-0.00435
835.06841	-0.00479
833.13984	-0.00521
831.21128	-0.00558
829.28271	-0.00595
827.35415	-0.00633
825.42559	-0.00686
823.49702	-0.00760
821.56846	-0.00840
819.63989	-0.00915
817.71133	-0.01008
815.78276	-0.01135
813.85420	-0.01278
811.92563	-0.01421
809.99707	-0.01575
808.06851	-0.01763
806.13994	-0.01995
804.21138	-0.02259
802.28281	-0.02537
800.35425	-0.02838
798.42568	-0.03171
796.49712	-0.03522
794.56855	-0.03883
792.63999	-0.04268
790.71143	-0.04622
788.78286	-0.04880
786.85430	-0.05088
784.92573	-0.05289
782.99717	-0.05464
781.06860	-0.05594
779.14004	-0.05675
777.21147	-0.05705
775.28291	-0.05668
773.35435	-0.05567
771.42578	-0.05429
769.49722	-0.05287
767.56865	-0.05152
765.64009	-0.05002
763.71152	-0.04830
761.78296	-0.04662
759.85439	-0.04500
757.92583	-0.04316
755.99727	-0.04105
754.06870	-0.03884
752.14014	-0.03656
750.21157	-0.03411
748.28301	-0.03148
746.35444	-0.02873
744.42588	-0.02565
742.49731	-0.02152
740.56875	-0.01506
738.64019	-0.00311
736.71162	0.02044
734.78306	0.06012
732.85449	0.10481
730.92593	0.12446
728.99736	0.10661
727.06880	0.07820
725.14023	0.06803
723.21167	0.09087
721.28311	0.14348
719.35454	0.19604
717.42598	0.20211
715.49741	0.15868
713.56885	0.10229
711.64028	0.05840
709.71172	0.03177
707.78315	0.01722
705.85459	0.00877
703.92603	0.00329
701.99746	-0.00051
700.06890	-0.00320
698.14033	-0.00503
696.21177	-0.00608
694.28320	-0.00665
692.35464	-0.00701
690.42607	-0.00770
688.49751	-0.00908
686.56895	-0.01008
684.64038	-0.01003
682.71182	-0.00943
680.78325	-0.00946
678.85469	-0.01072
676.92612	-0.01185
674.99756	-0.01137
673.06899	-0.01102
671.14043	-0.01887
669.21187	-0.03423
667.28330	-0.02892
665.35474	-0.02304
663.42617	-0.01671
661.49761	-0.01491
659.56904	-0.01553
657.64048	-0.01660
655.71191	-0.01693
653.78335	-0.01601
651.85479	-0.01547
649.92622	-0.01615
647.99766	-0.01658
646.06909	-0.01631
644.14053	-0.01653
642.21196	-0.01695
640.28340	-0.01685
638.35483	-0.01743
636.42627	-0.01960
634.49771	-0.02217
632.56914	-0.02417
630.64058	-0.02557
628.71201	-0.02614
626.78345	-0.02514
624.85488	-0.02311
622.92632	-0.02091
620.99775	-0.01920
619.06919	-0.01781
617.14062	-0.01658
615.21206	-0.01610
613.28350	-0.01609
611.35493	-0.01572
609.42637	-0.01548
607.49780	-0.01583
605.56924	-0.01598
603.64067	-0.01522
601.71211	-0.01390
599.78354	-0.01301
