3997.91411	0.01378
3995.98555	0.01374
3994.05698	0.01368
3992.12842	0.01355
3990.19985	0.01339
3988.27129	0.01339
3986.34272	0.01357
3984.41416	0.01364
3982.48560	0.01359
3980.55703	0.01360
3978.62847	0.01366
3976.69990	0.01364
3974.77134	0.01355
3972.84277	0.01340
3970.91421	0.01331
3968.98564	0.01335
3967.05708	0.01338
3965.12852	0.01334
3963.19995	0.01327
3961.27139	0.01322
3959.34282	0.01326
3957.41426	0.01343
3955.48569	0.01356
3953.55713	0.01352
3951.62856	0.01339
3949.70000	0.01324
3947.77144	0.01315
3945.84287	0.01306
3943.91431	0.01296
3941.98574	0.01309
3940.05718	0.01344
3938.12861	0.01362
3936.20005	0.01343
3934.27148	0.01309
3932.34292	0.01291
3930.41436	0.01302
3928.48579	0.01318
3926.55723	0.01317
3924.62866	0.01312
3922.70010	0.01321
3920.77153	0.01327
3918.84297	0.01314
3916.91440	0.01311
3914.98584	0.01342
3913.05728	0.01384
3911.12871	0.01401
3909.20015	0.01385
3907.27158	0.01349
3905.34302	0.01301
3903.41445	0.01258
3901.48589	0.01237
3899.55732	0.01239
3897.62876	0.01263
3895.70020	0.01286
3893.77163	0.01288
3891.84307	0.01275
3889.91450	0.01266
3887.98594	0.01250
3886.05737	0.01229
3884.12881	0.01232
3882.20024	0.01228
3880.27168	0.01217
3878.34312	0.01246
3876.41455	0.01264
3874.48599	0.01229
3872.55742	0.01180
3870.62886	0.01174
3868.70029	0.01215
3866.77173	0.01229
3864.84316	0.01193
3862.91460	0.01183
3860.98604	0.01226
3859.05747	0.01253
3857.12891	0.01233
3855.20034	0.01170
3853.27178	0.01110
3851.34321	0.01144
3849.41465	0.01217
3847.48608	0.01265
3845.55752	0.01259
3843.62896	0.01200
3841.70039	0.01123
3839.77183	0.01064
3837.84326	0.01047
3835.91470	0.01079
3833.98613	0.01133
3832.05757	0.01185
3830.12900	0.01224
3828.20044	0.01242
3826.27187	0.01237
3824.34331	0.01205
3822.41475	0.01142
3820.48618	0.01112
3818.55762	0.01145
3816.62905	0.01177
3814.70049	0.01223
3812.77192	0.01279
3810.84336	0.01296
3808.91479	0.01262
3806.98623	0.01209
3805.05767	0.01165
3803.12910	0.01113
3801.20054	0.01088
3799.27197	0.01118
3797.34341	0.01148
3795.41484	0.01183
3793.48628	0.01240
3791.55771	0.01282
3789.62915	0.01287
3787.70059	0.01268
3785.77202	0.01253
3783.84346	0.01249
3781.91489	0.01223
3779.98633	0.01183
3778.05776	0.01194
3776.12920	0.01238
3774.20063	0.01252
3772.27207	0.01224
3770.34351	0.01189
3768.41494	0.01186
3766.48638	0.01198
3764.55781	0.01207
3762.62925	0.01206
3760.70068	0.01188
3758.77212	0.01174
3756.84355	0.01177
3754.91499	0.01159
3752.98643	0.01097
3751.05786	0.01026
3749.12930	0.01018
3747.20073	0.01035
3745.27217	0.01047
3743.34360	0.01096
3741.41504	0.01165
3739.48647	0.01201
3737.55791	0.01186
3735.62935	0.01161
3733.70078	0.01213
3731.77222	0.01321
3729.84365	0.01397
3727.91509	0.01421
3725.98652	0.01408
3724.05796	0.01377
3722.12939	0.01353
3720.20083	0.01341
3718.27227	0.01324
3716.34370	0.01287
3714.41514	0.01229
3712.48657	0.01186
3710.55801	0.01235
3708.62944	0.01359
3706.70088	0.01458
3704.77231	0.01486
3702.84375	0.01453
3700.91519	0.01435
3698.98662	0.01465
3697.05806	0.01491
3695.12949	0.01488
3693.20093	0.01447
3691.27236	0.01361
3689.34380	0.01300
3687.41523	0.01336
3685.48667	0.01392
3683.55811	0.01411
3681.62954	0.01399
3679.70098	0.01359
3677.77241	0.01275
3675.84385	0.01191
3673.91528	0.01208
3671.98672	0.01267
3670.05815	0.01323
3668.12959	0.01416
3666.20103	0.01508
3664.27246	0.01561
3662.34390	0.01579
3660.41533	0.01580
3658.48677	0.01570
3656.55820	0.01573
3654.62964	0.01607
3652.70107	0.01611
3650.77251	0.01546
3648.84395	0.01513
3646.91538	0.01624
3644.98682	0.01763
3643.05825	0.01848
3641.12969	0.01892
3639.20112	0.01930
3637.27256	0.01975
3635.34399	0.02026
3633.41543	0.02067
3631.48687	0.02079
3629.55830	0.02084
3627.62974	0.02137
3625.70117	0.02213
3623.77261	0.02263
3621.84404	0.02273
3619.91548	0.02255
3617.98691	0.02264
3616.05835	0.02297
3614.12979	0.02322
3612.20122	0.02366
3610.27266	0.02441
3608.34409	0.02516
3606.41553	0.02579
3604.48696	0.02631
3602.55840	0.02666
3600.62983	0.02692
3598.70127	0.02719
3596.77271	0.02756
3594.84414	0.02790
3592.91558	0.02806
3590.98701	0.02790
3589.05845	0.02738
3587.12988	0.02716
3585.20132	0.02784
3583.27275	0.02886
3581.34419	0.02966
3579.41562	0.02996
3577.48706	0.02995
3575.55850	0.03007
3573.62993	0.03032
3571.70137	0.03055
3569.77280	0.03064
3567.84424	0.03062
3565.91567	0.03109
3563.98711	0.03211
3562.05854	0.03286
3560.12998	0.03317
3558.20142	0.03355
3556.27285	0.03409
3554.34429	0.03431
3552.41572	0.03426
3550.48716	0.03443
3548.55859	0.03477
3546.63003	0.03497
3544.70146	0.03519
3542.77290	0.03568
3540.84434	0.03637
3538.91577	0.03707
3536.98721	0.03765
3535.05864	0.03816
3533.13008	0.03859
3531.20151	0.03875
3529.27295	0.03873
3527.34438	0.03890
3525.41582	0.03930
3523.48726	0.03957
3521.55869	0.03983
3519.63013	0.04053
3517.70156	0.04139
3515.77300	0.04196
3513.84443	0.04218
3511.91587	0.04229
3509.98730	0.04258
3508.05874	0.04302
3506.13018	0.04323
3504.20161	0.04335
3502.27305	0.04381
3500.34448	0.04439
3498.41592	0.04473
3496.48735	0.04498
3494.55879	0.04530
3492.63022	0.04566
3490.70166	0.04594
3488.77310	0.04619
3486.84453	0.04639
3484.91597	0.04649
3482.98740	0.04673
3481.05884	0.04721
3479.13027	0.04760
3477.20171	0.04774
3475.27314	0.04782
3473.34458	0.04816
3471.41602	0.04874
3469.48745	0.04916
3467.55889	0.04933
3465.63032	0.04954
3463.70176	0.04994
3461.77319	0.05028
3459.84463	0.05039
3457.91606	0.05047
3455.98750	0.05084
3454.05894	0.05139
3452.13037	0.05164
3450.20181	0.05158
3448.27324	0.05160
3446.34468	0.05171
3444.41611	0.05188
3442.48755	0.05205
3440.55898	0.05221
3438.63042	0.05239
3436.70186	0.05258
3434.77329	0.05274
3432.84473	0.05282
3430.91616	0.05274
3428.98760	0.05259
3427.05903	0.05267
3425.13047	0.05306
3423.20190	0.05337
3421.27334	0.05352
3419.34478	0.05387
3417.41621	0.05439
3415.48765	0.05480
3413.55908	0.05499
3411.63052	0.05491
3409.70195	0.05463
3407.77339	0.05452
3405.84482	0.05471
3403.91626	0.05482
3401.98770	0.05458
3400.05913	0.05429
3398.13057	0.05428
3396.20200	0.05446
3394.27344	0.05459
3392.34487	0.05461
3390.41631	0.05477
3388.48774	0.05509
3386.55918	0.05522
3384.63062	0.05510
3382.70205	0.05500
3380.77349	0.05497
3378.84492	0.05500
3376.91636	0.05496
3374.98779	0.05466
3373.05923	0.05421
3371.13066	0.05389
3369.20210	0.05375
3367.27354	0.05377
3365.34497	0.05387
3363.41641	0.05375
3361.48784	0.05356
3359.55928	0.05369
3357.63071	0.05390
3355.70215	0.05384
3353.77358	0.05376
3351.84502	0.05384
3349.91646	0.05382
3347.98789	0.05360
3346.05933	0.05332
3344.13076	0.05314
3342.20220	0.05315
3340.27363	0.05312
3338.34507	0.05277
3336.41650	0.05224
3334.48794	0.05185
3332.55937	0.05162
3330.63081	0.05146
3328.70225	0.05141
3326.77368	0.05147
3324.84512	0.05152
3322.91655	0.05140
3320.98799	0.05107
3319.05942	0.05070
3317.13086	0.05046
3315.20229	0.05028
3313.27373	0.05009
3311.34517	0.05003
3309.41660	0.05017
3307.48804	0.05037
3305.55947	0.05041
3303.63091	0.05016
3301.70234	0.04973
3299.77378	0.04941
3297.84521	0.04933
3295.91665	0.04930
3293.98809	0.04922
3292.05952	0.04913
3290.13096	0.04896
3288.20239	0.04866
3286.27383	0.04832
3284.34526	0.04793
3282.41670	0.04750
3280.48813	0.04723
3278.55957	0.04712
3276.63101	0.04703
3274.70244	0.04698
3272.77388	0.04698
3270.84531	0.04693
3268.91675	0.04680
3266.98818	0.04667
3265.05962	0.04651
3263.13105	0.04616
3261.20249	0.04573
3259.27393	0.04540
3257.34536	0.04523
3255.41680	0.04512
3253.48823	0.04495
3251.55967	0.04471
3249.63110	0.04449
3247.70254	0.04426
3245.77397	0.04397
3243.84541	0.04365
3241.91685	0.04339
3239.98828	0.04324
3238.05972	0.04297
3236.13115	0.04250
3234.20259	0.04216
3232.27402	0.04211
3230.34546	0.04212
3228.41689	0.04191
3226.48833	0.04152
3224.55977	0.04110
3222.63120	0.04072
3220.70264	0.04043
3218.77407	0.04025
3216.84551	0.04024
3214.91694	0.04041
3212.98838	0.04050
3211.05981	0.04031
3209.13125	0.03994
3207.20269	0.03950
3205.27412	0.03905
3203.34556	0.03865
3201.41699	0.03828
3199.48843	0.03776
3197.55986	0.03727
3195.63130	0.03704
3193.70273	0.03685
3191.77417	0.03650
3189.84561	0.03612
3187.91704	0.03588
3185.98848	0.03574
3184.05991	0.03547
3182.13135	0.03508
3180.20278	0.03473
3178.27422	0.03440
3176.34565	0.03409
3174.41709	0.03381
3172.48853	0.03348
3170.55996	0.03311
3168.63140	0.03277
3166.70283	0.03244
3164.77427	0.03213
3162.84570	0.03184
3160.91714	0.03164
3158.98857	0.03148
3157.06001	0.03116
3155.13145	0.03078
3153.20288	0.03057
3151.27432	0.03049
3149.34575	0.03029
3147.41719	0.02987
3145.48862	0.02947
3143.56006	0.02916
3141.63149	0.02889
3139.70293	0.02866
3137.77437	0.02846
3135.84580	0.02833
3133.91724	0.02826
3131.98867	0.02811
3130.06011	0.02789
3128.13154	0.02753
3126.20298	0.02704
3124.27441	0.02666
3122.34585	0.02648
3120.41729	0.02628
3118.48872	0.02593
3116.56016	0.02564
3114.63159	0.02565
3112.70303	0.02583
3110.77446	0.02580
3108.84590	0.02559
3106.91733	0.02547
3104.98877	0.02535
3103.06021	0.02507
3101.13164	0.02486
3099.20308	0.02492
3097.27451	0.02500
3095.34595	0.02482
3093.41738	0.02449
3091.48882	0.02424
3089.56025	0.02415
3087.63169	0.02418
3085.70312	0.02420
3083.77456	0.02401
3081.84600	0.02370
3079.91743	0.02350
3077.98887	0.02344
3076.06030	0.02334
3074.13174	0.02310
3072.20317	0.02282
3070.27461	0.02257
3068.34604	0.02223
3066.41748	0.02195
3064.48892	0.02186
3062.56035	0.02187
3060.63179	0.02181
3058.70322	0.02154
3056.77466	0.02116
3054.84609	0.02085
3052.91753	0.02056
3050.98896	0.02027
3049.06040	0.02012
3047.13184	0.02017
3045.20327	0.02017
3043.27471	0.01994
3041.34614	0.01967
3039.41758	0.01953
3037.48901	0.01939
3035.56045	0.01923
3033.63188	0.01920
3031.70332	0.01924
3029.77476	0.01915
3027.84619	0.01895
3025.91763	0.01873
3023.98906	0.01853
3022.06050	0.01845
3020.13193	0.01849
3018.20337	0.01838
3016.27480	0.01802
3014.34624	0.01769
3012.41768	0.01758
3010.48911	0.01763
3008.56055	0.01761
3006.63198	0.01745
3004.70342	0.01731
3002.77485	0.01731
3000.84629	0.01750
2998.91772	0.01775
2996.98916	0.01788
2995.06060	0.01798
2993.13203	0.01812
2991.20347	0.01830
2989.27490	0.01848
2987.34634	0.01875
2985.41777	0.01921
2983.48921	0.01971
2981.56064	0.02008
2979.63208	0.02047
2977.70352	0.02109
2975.77495	0.02196
2973.84639	0.02297
2971.91782	0.02401
2969.98926	0.02505
2968.06069	0.02617
2966.13213	0.02745
2964.20356	0.02884
2962.27500	0.03031
2960.34644	0.03189
2958.41787	0.03362
2956.48931	0.03536
2954.56074	0.03701
2952.63218	0.03878
2950.70361	0.04110
2948.77505	0.04427
2946.84648	0.04844
2944.91792	0.05377
2942.98936	0.06041
2941.06079	0.06847
2939.13223	0.07803
2937.20366	0.08944
2935.27510	0.10296
2933.34653	0.11871
2931.41797	0.13719
2929.48940	0.15914
2927.56084	0.18513
2925.63228	0.21561
2923.70371	0.25095
2921.77515	0.29031
2919.84658	0.33032
2917.91802	0.36379
2915.98945	0.38125
2914.06089	0.37800
2912.13232	0.35884
2910.20376	0.33320
2908.27520	0.30795
2906.34663	0.28585
2904.41807	0.26735
2902.48950	0.25204
2900.56094	0.23932
2898.63237	0.22856
2896.70381	0.21893
2894.77524	0.20969
2892.84668	0.20057
2890.91812	0.19143
2888.98955	0.18215
2887.06099	0.17279
2885.13242	0.16348
2883.20386	0.15420
2881.27529	0.14494
2879.34673	0.13557
2877.41816	0.12608
2875.48960	0.11710
2873.56104	0.10946
2871.63247	0.10343
2869.70391	0.09899
2867.77534	0.09641
2865.84678	0.09629
2863.91821	0.09953
2861.98965	0.10732
2860.06108	0.12125
2858.13252	0.14351
2856.20396	0.17677
2854.27539	0.22271
2852.34683	0.27833
2850.41826	0.33077
2848.48970	0.35849
2846.56113	0.34896
2844.63257	0.31258
2842.70400	0.26840
2840.77544	0.22812
2838.84687	0.19558
2836.91831	0.17065
2834.98975	0.15177
2833.06118	0.13730
2831.13262	0.12599
2829.20405	0.11697
2827.27549	0.10961
2825.34692	0.10351
2823.41836	0.09832
2821.48979	0.09384
2819.56123	0.08991
2817.63267	0.08640
2815.70410	0.08327
2813.77554	0.08050
2811.84697	0.07803
2809.91841	0.07580
2807.98984	0.07378
2806.06128	0.07194
2804.13271	0.07023
2802.20415	0.06859
2800.27559	0.06703
2798.34702	0.06560
2796.41846	0.06429
2794.48989	0.06308
2792.56133	0.06193
2790.63276	0.06078
2788.70420	0.05963
2786.77563	0.05852
2784.84707	0.05747
2782.91851	0.05640
2780.98994	0.05531
2779.06138	0.05436
2777.13281	0.05358
2775.20425	0.05277
2773.27568	0.05195
2771.34712	0.05121
2769.41855	0.05054
2767.48999	0.04989
2765.56143	0.04930
2763.63286	0.04873
2761.70430	0.04812
2759.77573	0.04752
2757.84717	0.04706
2755.91860	0.04672
2753.99004	0.04632
2752.06147	0.04581
2750.13291	0.04527
2748.20435	0.04485
2746.27578	0.04461
2744.34722	0.04437
2742.41865	0.04399
2740.49009	0.04361
2738.56152	0.04330
2736.63296	0.04306
2734.70439	0.04285
2732.77583	0.04258
2730.84727	0.04224
2728.91870	0.04189
2726.99014	0.04151
2725.06157	0.04109
2723.13301	0.04076
2721.20444	0.04049
2719.27588	0.04015
2717.34731	0.03979
2715.41875	0.03953
2713.49019	0.03927
2711.56162	0.03895
2709.63306	0.03866
2707.70449	0.03844
2705.77593	0.03827
2703.84736	0.03800
2701.91880	0.03762
2699.99023	0.03727
2698.06167	0.03703
2696.13311	0.03683
2694.20454	0.03664
2692.27598	0.03648
2690.34741	0.03631
2688.41885	0.03612
2686.49028	0.03595
2684.56172	0.03585
2682.63315	0.03578
2680.70459	0.03577
2678.77603	0.03580
2676.84746	0.03583
2674.91890	0.03586
2672.99033	0.03588
2671.06177	0.03587
2669.13320	0.03589
2667.20464	0.03595
2665.27607	0.03604
2663.34751	0.03615
2661.41895	0.03625
2659.49038	0.03627
2657.56182	0.03614
2655.63325	0.03592
2653.70469	0.03577
2651.77612	0.03572
2649.84756	0.03568
2647.91899	0.03557
2645.99043	0.03545
2644.06187	0.03539
2642.13330	0.03544
2640.20474	0.03558
2638.27617	0.03570
2636.34761	0.03563
2634.41904	0.03539
2632.49048	0.03507
2630.56191	0.03476
2628.63335	0.03452
2626.70479	0.03427
2624.77622	0.03392
2622.84766	0.03350
2620.91909	0.03305
2618.99053	0.03261
2617.06196	0.03224
2615.13340	0.03197
2613.20483	0.03179
2611.27627	0.03159
2609.34771	0.03134
2607.41914	0.03108
2605.49058	0.03082
2603.56201	0.03061
2601.63345	0.03039
2599.70488	0.03000
2597.77632	0.02955
2595.84775	0.02930
2593.91919	0.02926
2591.99062	0.02920
2590.06206	0.02900
2588.13350	0.02877
2586.20493	0.02854
2584.27637	0.02828
2582.34780	0.02800
2580.41924	0.02775
2578.49067	0.02751
2576.56211	0.02730
2574.63354	0.02705
2572.70498	0.02676
2570.77642	0.02655
2568.84785	0.02644
2566.91929	0.02637
2564.99072	0.02629
2563.06216	0.02618
2561.13359	0.02606
2559.20503	0.02597
2557.27646	0.02592
2555.34790	0.02583
2553.41934	0.02568
2551.49077	0.02555
2549.56221	0.02548
2547.63364	0.02539
2545.70508	0.02515
2543.77651	0.02478
2541.84795	0.02448
2539.91938	0.02436
2537.99082	0.02443
2536.06226	0.02453
2534.13369	0.02446
2532.20513	0.02423
2530.27656	0.02401
2528.34800	0.02386
2526.41943	0.02373
2524.49087	0.02360
2522.56230	0.02348
2520.63374	0.02336
2518.70518	0.02332
2516.77661	0.02336
2514.84805	0.02327
2512.91948	0.02299
2510.99092	0.02274
2509.06235	0.02275
2507.13379	0.02292
2505.20522	0.02301
2503.27666	0.02296
2501.34810	0.02282
2499.41953	0.02268
2497.49097	0.02267
2495.56240	0.02264
2493.63384	0.02244
2491.70527	0.02220
2489.77671	0.02210
2487.84814	0.02212
2485.91958	0.02213
2483.99102	0.02208
2482.06245	0.02211
2480.13389	0.02215
2478.20532	0.02216
2476.27676	0.02220
2474.34819	0.02222
2472.41963	0.02203
2470.49106	0.02171
2468.56250	0.02148
2466.63394	0.02143
2464.70537	0.02150
2462.77681	0.02157
2460.84824	0.02158
2458.91968	0.02152
2456.99111	0.02144
2455.06255	0.02134
2453.13398	0.02124
2451.20542	0.02120
2449.27686	0.02111
2447.34829	0.02091
2445.41973	0.02071
2443.49116	0.02053
2441.56260	0.02040
2439.63403	0.02039
2437.70547	0.02040
2435.77690	0.02034
2433.84834	0.02027
2431.91978	0.02026
2429.99121	0.02024
2428.06265	0.02020
2426.13408	0.02027
2424.20552	0.02047
2422.27695	0.02065
2420.34839	0.02076
2418.41982	0.02075
2416.49126	0.02056
2414.56270	0.02039
2412.63413	0.02036
2410.70557	0.02036
2408.77700	0.02025
2406.84844	0.02003
2404.91987	0.01992
2402.99131	0.02004
2401.06274	0.02007
2399.13418	0.01724
2397.20562	0.01669
2395.27705	0.01773
2393.34849	0.01895
2391.41992	0.02014
2389.49136	0.02138
2387.56279	0.02282
2385.63423	0.02436
2383.70566	0.02568
2381.77710	0.02641
2379.84854	0.02645
2377.91997	0.02564
2375.99141	0.02417
2374.06284	0.02252
2372.13428	0.02117
2370.20571	0.02037
2368.27715	0.02019
2366.34858	0.02063
2364.42002	0.02144
2362.49146	0.02209
2360.56289	0.02273
2358.63433	0.02336
2356.70576	0.02421
2354.77720	0.02624
2352.84863	0.03115
2350.92007	0.03683
2348.99150	0.03957
2347.06294	0.03544
2345.13437	0.03007
2343.20581	0.02774
2341.27725	0.02758
2339.34868	0.02791
2337.42012	0.02850
2335.49155	0.02884
2333.56299	0.02910
2331.63442	0.03006
2329.70586	0.03202
2327.77729	0.03476
2325.84873	0.03555
2323.92017	0.03338
2321.99160	0.03022
2320.06304	0.02808
2318.13447	0.02737
2316.20591	0.02734
2314.27734	0.02726
2312.34878	0.02712
2310.42021	0.02677
2308.49165	0.02635
2306.56309	0.02571
2304.63452	0.02523
2302.70596	0.02493
2300.77739	0.02478
2298.84883	0.02488
2296.92026	0.02499
2294.99170	0.02488
2293.06313	0.02465
2291.13457	0.02438
2289.20601	0.02392
2287.27744	0.02310
2285.34888	0.02196
2283.42031	0.02093
2281.49175	0.02030
2279.56318	0.01999
2277.63462	0.01986
2275.70605	0.01991
2273.77749	0.02006
2271.84893	0.02003
2269.92036	0.01978
2267.99180	0.01957
2266.06323	0.01965
2264.13467	0.02008
2262.20610	0.02056
2260.27754	0.02069
2258.34897	0.02048
2256.42041	0.02022
2254.49185	0.02028
2252.56328	0.02088
2250.63472	0.02112
2248.70615	0.01922
2246.77759	0.01915
2244.84902	0.01936
2242.92046	0.01954
2240.99189	0.01943
2239.06333	0.01927
2237.13477	0.01935
2235.20620	0.01944
2233.27764	0.01941
2231.34907	0.01941
2229.42051	0.01948
2227.49194	0.01941
2225.56338	0.01915
2223.63481	0.01889
2221.70625	0.01870
2219.77769	0.01843
2217.84912	0.01815
2215.92056	0.01817
2213.99199	0.01851
2212.06343	0.01883
2210.13486	0.01884
2208.20630	0.01852
2206.27773	0.01820
2204.34917	0.01815
2202.42061	0.01818
2200.49204	0.01821
2198.56348	0.01833
2196.63491	0.01840
2194.70635	0.01851
2192.77778	0.01867
2190.84922	0.01852
2188.92065	0.01829
2186.99209	0.01856
2185.06353	0.01888
2183.13496	0.01843
2181.20640	0.01782
2179.27783	0.01799
2177.34927	0.01830
2175.42070	0.01825
2173.49214	0.01868
2171.56357	0.01951
2169.63501	0.01982
2167.70645	0.01974
2165.77788	0.01981
2163.84932	0.01985
2161.92075	0.01869
2159.99219	0.01546
2158.06362	0.01252
2156.13506	0.01214
2154.20649	0.01306
2152.27793	0.01378
2150.34937	0.01395
2148.42080	0.01390
2146.49224	0.01412
2144.56367	0.01451
2142.63511	0.01471
2140.70654	0.01477
2138.77798	0.01472
2136.84941	0.01423
2134.92085	0.01361
2132.99229	0.01355
2131.06372	0.01408
2129.13516	0.01477
2127.20659	0.01536
2125.27803	0.01587
2123.34946	0.01632
2121.42090	0.01663
2119.49233	0.01679
2117.56377	0.01712
2115.63521	0.01775
2113.70664	0.01827
2111.77808	0.01836
2109.84951	0.01815
2107.92095	0.01791
2105.99238	0.01778
2104.06382	0.01777
2102.13525	0.01779
2100.20669	0.01768
2098.27812	0.01742
2096.34956	0.01708
2094.42100	0.01673
2092.49243	0.01655
2090.56387	0.01670
2088.63530	0.01700
2086.70674	0.01733
2084.77817	0.01768
2082.84961	0.01795
2080.92104	0.01813
2078.99248	0.01833
2077.06392	0.01855
2075.13535	0.01862
2073.20679	0.01840
2071.27822	0.01802
2069.34966	0.01783
2067.42109	0.01792
2065.49253	0.01806
2063.56396	0.01800
2061.63540	0.01781
2059.70684	0.01775
2057.77827	0.01773
2055.84971	0.01767
2053.92114	0.01816
2051.99258	0.01911
2050.06401	0.01923
2048.13545	0.01844
2046.20688	0.01792
2044.27832	0.01774
2042.34976	0.01745
2040.42119	0.01723
2038.49263	0.01757
2036.56406	0.01808
2034.63550	0.01787
2032.70693	0.01718
2030.77837	0.01684
2028.84980	0.01679
2026.92124	0.01668
2024.99268	0.01652
2023.06411	0.01639
2021.13555	0.01631
2019.20698	0.01645
2017.27842	0.01682
2015.34985	0.01719
2013.42129	0.01736
2011.49272	0.01724
2009.56416	0.01670
2007.63560	0.01584
2005.70703	0.01533
2003.77847	0.01568
2001.84990	0.01644
1999.92134	0.01693
1997.99277	0.01693
1996.06421	0.01654
1994.13564	0.01620
1992.20708	0.01621
1990.27852	0.01662
1988.34995	0.01745
1986.42139	0.01841
1984.49282	0.01919
1982.56426	0.01997
1980.63569	0.02016
1978.70713	0.01867
1976.77856	0.01637
1974.85000	0.01504
1972.92144	0.01482
1970.99287	0.01510
1969.06431	0.01546
1967.13574	0.01562
1965.20718	0.01558
1963.27861	0.01557
1961.35005	0.01535
1959.42148	0.01479
1957.49292	0.01439
1955.56436	0.01458
1953.63579	0.01506
1951.70723	0.01537
1949.77866	0.01539
1947.85010	0.01525
1945.92153	0.01515
1943.99297	0.01513
1942.06440	0.01514
1940.13584	0.01530
1938.20728	0.01562
1936.27871	0.01597
1934.35015	0.01622
1932.42158	0.01621
1930.49302	0.01604
1928.56445	0.01593
1926.63589	0.01584
1924.70732	0.01569
1922.77876	0.01576
1920.85020	0.01612
1918.92163	0.01640
1916.99307	0.01661
1915.06450	0.01680
1913.13594	0.01690
1911.20737	0.01700
1909.27881	0.01712
1907.35024	0.01724
1905.42168	0.01746
1903.49312	0.01775
1901.56455	0.01795
1899.63599	0.01806
1897.70742	0.01811
1895.77886	0.01807
1893.85029	0.01795
1891.92173	0.01781
1889.99316	0.01764
1888.06460	0.01746
1886.13604	0.01731
1884.20747	0.01720
1882.27891	0.01719
1880.35034	0.01723
1878.42178	0.01727
1876.49321	0.01726
1874.56465	0.01714
1872.63608	0.01688
1870.70752	0.01646
1868.77896	0.01616
1866.85039	0.01637
1864.92183	0.01681
1862.99326	0.01702
1861.06470	0.01697
1859.13613	0.01685
1857.20757	0.01681
1855.27900	0.01686
1853.35044	0.01694
1851.42187	0.01698
1849.49331	0.01695
1847.56475	0.01679
1845.63618	0.01658
1843.70762	0.01661
1841.77905	0.01695
1839.85049	0.01715
1837.92192	0.01720
1835.99336	0.01733
1834.06479	0.01737
1832.13623	0.01707
1830.20767	0.01679
1828.27910	0.01698
1826.35054	0.01735
1824.42197	0.01769
1822.49341	0.01804
1820.56484	0.01822
1818.63628	0.01809
1816.70771	0.01789
1814.77915	0.01788
1812.85059	0.01800
1810.92202	0.01817
1808.99346	0.01843
1807.06489	0.01873
1805.13633	0.01894
1803.20776	0.01893
1801.27920	0.01875
1799.35063	0.01872
1797.42207	0.01886
1795.49351	0.01889
1793.56494	0.01879
1791.63638	0.01910
1789.70781	0.01987
1787.77925	0.02049
1785.85068	0.02073
1783.92212	0.02081
1781.99355	0.02085
1780.06499	0.02095
1778.13643	0.02120
1776.20786	0.02134
1774.27930	0.02121
1772.35073	0.02122
1770.42217	0.02184
1768.49360	0.02268
1766.56504	0.02331
1764.63647	0.02368
1762.70791	0.02400
1760.77935	0.02461
1758.85078	0.02539
1756.92222	0.02623
1754.99365	0.02712
1753.06509	0.02784
1751.13652	0.02852
1749.20796	0.02959
1747.27939	0.03102
1745.35083	0.03242
1743.42227	0.03355
1741.49370	0.03422
1739.56514	0.03448
1737.63657	0.03444
1735.70801	0.03401
1733.77944	0.03363
1731.85088	0.03400
1729.92231	0.03463
1727.99375	0.03513
1726.06519	0.03540
1724.13662	0.03551
1722.20806	0.03550
1720.27949	0.03512
1718.35093	0.03445
1716.42236	0.03454
1714.49380	0.03553
1712.56523	0.03636
1710.63667	0.03674
1708.70811	0.03672
1706.77954	0.03652
1704.85098	0.03649
1702.92241	0.03653
1700.99385	0.03637
1699.06528	0.03642
1697.13672	0.03710
1695.20815	0.03839
1693.27959	0.03972
1691.35103	0.04046
1689.42246	0.04081
1687.49390	0.04093
1685.56533	0.04086
1683.63677	0.04152
1681.70820	0.04314
1679.77964	0.04450
1677.85107	0.04529
1675.92251	0.04583
1673.99395	0.04650
1672.06538	0.04702
1670.13682	0.04757
1668.20825	0.04884
1666.27969	0.05012
1664.35112	0.05078
1662.42256	0.05134
1660.49399	0.05222
1658.56543	0.05293
1656.63687	0.05304
1654.70830	0.05246
1652.77974	0.05219
1650.85117	0.05289
1648.92261	0.05315
1646.99404	0.05334
1645.06548	0.05440
1643.13691	0.05551
1641.20835	0.05602
1639.27979	0.05593
1637.35122	0.05555
1635.42266	0.05587
1633.49409	0.05694
1631.56553	0.05752
1629.63696	0.05754
1627.70840	0.05738
1625.77983	0.05717
1623.85127	0.05695
1621.92271	0.05709
1619.99414	0.05727
1618.06558	0.05708
1616.13701	0.05721
1614.20845	0.05798
1612.27988	0.05851
1610.35132	0.05867
1608.42275	0.05885
1606.49419	0.05934
1604.56562	0.05996
1602.63706	0.06058
1600.70850	0.06111
1598.77993	0.06145
1596.85137	0.06165
1594.92280	0.06191
1592.99424	0.06223
1591.06567	0.06249
1589.13711	0.06278
1587.20854	0.06313
1585.27998	0.06343
1583.35142	0.06349
1581.42285	0.06315
1579.49429	0.06230
1577.56572	0.06095
1575.63716	0.05965
1573.70859	0.05889
1571.78003	0.05789
1569.85146	0.05646
1567.92290	0.05551
1565.99434	0.05501
1564.06577	0.05437
1562.13721	0.05341
1560.20864	0.05172
1558.28008	0.05031
1556.35151	0.05073
1554.42295	0.05123
1552.49438	0.05132
1550.56582	0.05129
1548.63726	0.05130
1546.70869	0.05097
1544.78013	0.04990
1542.85156	0.04815
1540.92300	0.04608
1538.99443	0.04486
1537.06587	0.04439
1535.13730	0.04319
1533.20874	0.04127
1531.28018	0.03983
1529.35161	0.03871
1527.42305	0.03729
1525.49448	0.03588
1523.56592	0.03465
1521.63735	0.03363
1519.70879	0.03319
1517.78022	0.03306
1515.85166	0.03312
1513.92310	0.03322
1511.99453	0.03287
1510.06597	0.03176
1508.13740	0.03015
1506.20884	0.02970
1504.28027	0.03081
1502.35171	0.03141
1500.42314	0.03130
1498.49458	0.03115
1496.56602	0.03174
1494.63745	0.03273
1492.70889	0.03300
1490.78032	0.03256
1488.85176	0.03254
1486.92319	0.03360
1484.99463	0.03513
1483.06606	0.03724
1481.13750	0.04126
1479.20894	0.05015
1477.28037	0.07051
1475.35181	0.10894
1473.42324	0.16041
1471.49468	0.19544
1469.56611	0.19838
1467.63755	0.18841
1465.70898	0.17579
1463.78042	0.16195
1461.85186	0.14707
1459.92329	0.13011
1457.99473	0.11107
1456.06616	0.09646
1454.13760	0.08958
1452.20903	0.08482
1450.28047	0.08022
1448.35190	0.07628
1446.42334	0.07356
1444.49478	0.07198
1442.56621	0.07088
1440.63765	0.06978
1438.70908	0.06854
1436.78052	0.06726
1434.85195	0.06635
1432.92339	0.06541
1430.99482	0.06394
1429.06626	0.06230
1427.13770	0.06092
1425.20913	0.05960
1423.28057	0.05832
1421.35200	0.05721
1419.42344	0.05614
1417.49487	0.05554
1415.56631	0.05544
1413.63774	0.05517
1411.70918	0.05453
1409.78062	0.05376
1407.85205	0.05297
1405.92349	0.05215
1403.99492	0.05154
1402.06636	0.05109
1400.13779	0.05042
1398.20923	0.04961
1396.28066	0.04901
1394.35210	0.04874
1392.42354	0.04868
1390.49497	0.04851
1388.56641	0.04818
1386.63784	0.04817
1384.70928	0.04883
1382.78071	0.05000
1380.85215	0.05150
1378.92358	0.05291
1376.99502	0.05354
1375.06646	0.05332
1373.13789	0.05303
1371.20933	0.05309
1369.28076	0.05306
1367.35220	0.05266
1365.42363	0.05176
1363.49507	0.05036
1361.56650	0.04903
1359.63794	0.04822
1357.70937	0.04766
1355.78081	0.04715
1353.85225	0.04676
1351.92368	0.04634
1349.99512	0.04570
1348.06655	0.04490
1346.13799	0.04406
1344.20942	0.04323
1342.28086	0.04225
1340.35229	0.04118
1338.42373	0.04035
1336.49517	0.03989
1334.56660	0.03962
1332.63804	0.03943
1330.70947	0.03942
1328.78091	0.03958
1326.85234	0.03987
1324.92378	0.04024
1322.99521	0.04067
1321.06665	0.04100
1319.13809	0.04122
1317.20952	0.04140
1315.28096	0.04154
1313.35239	0.04167
1311.42383	0.04182
1309.49526	0.04194
1307.56670	0.04194
1305.63813	0.04181
1303.70957	0.04160
1301.78101	0.04136
1299.85244	0.04109
1297.92388	0.04076
1295.99531	0.04038
1294.06675	0.03996
1292.13818	0.03956
1290.20962	0.03927
1288.28105	0.03910
1286.35249	0.03905
1284.42393	0.03904
1282.49536	0.03905
1280.56680	0.03915
1278.63823	0.03940
1276.70967	0.03965
1274.78110	0.03977
1272.85254	0.03984
1270.92397	0.03994
1268.99541	0.04005
1267.06685	0.04013
1265.13828	0.04020
1263.20972	0.04020
1261.28115	0.04014
1259.35259	0.04008
1257.42402	0.04004
1255.49546	0.03998
1253.56689	0.03992
1251.63833	0.03985
1249.70977	0.03977
1247.78120	0.03969
1245.85264	0.03968
1243.92407	0.03972
1241.99551	0.03969
1240.06694	0.03957
1238.13838	0.03942
1236.20981	0.03921
1234.28125	0.03895
1232.35269	0.03864
1230.42412	0.03828
1228.49556	0.03799
1226.56699	0.03777
1224.63843	0.03762
1222.70986	0.03753
1220.78130	0.03748
1218.85273	0.03752
1216.92417	0.03763
1214.99561	0.03771
1213.06704	0.03778
1211.13848	0.03797
1209.20991	0.03827
1207.28135	0.03869
1205.35278	0.03929
1203.42422	0.04006
1201.49565	0.04091
1199.56709	0.04173
1197.63853	0.04225
1195.70996	0.04225
1193.78140	0.04177
1191.85283	0.04116
1189.92427	0.04068
1187.99570	0.04041
1186.06714	0.04034
1184.13857	0.04043
1182.21001	0.04066
1180.28145	0.04100
1178.35288	0.04142
1176.42432	0.04179
1174.49575	0.04206
1172.56719	0.04232
1170.63862	0.04267
1168.71006	0.04315
1166.78149	0.04378
1164.85293	0.04448
1162.92437	0.04513
1160.99580	0.04572
1159.06724	0.04625
1157.13867	0.04669
1155.21011	0.04702
1153.28154	0.04716
1151.35298	0.04713
1149.42441	0.04711
1147.49585	0.04728
1145.56729	0.04754
1143.63872	0.04775
1141.71016	0.04784
1139.78159	0.04778
1137.85303	0.04764
1135.92446	0.04765
1133.99590	0.04803
1132.06733	0.04882
1130.13877	0.04979
1128.21021	0.05060
1126.28164	0.05099
1124.35308	0.05092
1122.42451	0.05056
1120.49595	0.05014
1118.56738	0.04979
1116.63882	0.04955
1114.71025	0.04949
1112.78169	0.04967
1110.85312	0.05004
1108.92456	0.05058
1106.99600	0.05131
1105.06743	0.05222
1103.13887	0.05324
1101.21030	0.05418
1099.28174	0.05486
1097.35317	0.05519
1095.42461	0.05520
1093.49604	0.05494
1091.56748	0.05453
1089.63892	0.05414
1087.71035	0.05385
1085.78179	0.05369
1083.85322	0.05366
1081.92466	0.05359
1079.99609	0.05335
1078.06753	0.05307
1076.13896	0.05289
1074.21040	0.05269
1072.28184	0.05236
1070.35327	0.05203
1068.42471	0.05186
1066.49614	0.05187
1064.56758	0.05194
1062.63901	0.05194
1060.71045	0.05183
1058.78188	0.05174
1056.85332	0.05179
1054.92476	0.05188
1052.99619	0.05193
1051.06763	0.05197
1049.13906	0.05198
1047.21050	0.05182
1045.28193	0.05147
1043.35337	0.05103
1041.42480	0.05059
1039.49624	0.05015
1037.56768	0.04970
1035.63911	0.04929
1033.71055	0.04896
1031.78198	0.04861
1029.85342	0.04807
1027.92485	0.04733
1025.99629	0.04656
1024.06772	0.04592
1022.13916	0.04531
1020.21060	0.04461
1018.28203	0.04392
1016.35347	0.04326
1014.42490	0.04251
1012.49634	0.04169
1010.56777	0.04088
1008.63921	0.04010
1006.71064	0.03937
1004.78208	0.03869
1002.85352	0.03806
1000.92495	0.03749
998.99639	0.03694
997.06782	0.03641
995.13926	0.03596
993.21069	0.03560
991.28213	0.03528
989.35356	0.03497
987.42500	0.03467
985.49644	0.03442
983.56787	0.03427
981.63931	0.03416
979.71074	0.03409
977.78218	0.03400
975.85361	0.03383
973.92505	0.03367
971.99648	0.03365
970.06792	0.03360
968.13936	0.03338
966.21079	0.03300
964.28223	0.03241
962.35366	0.03159
960.42510	0.03070
958.49653	0.02989
956.56797	0.02924
954.63940	0.02875
952.71084	0.02839
950.78228	0.02813
948.85371	0.02790
946.92515	0.02773
944.99658	0.02769
943.06802	0.02773
941.13945	0.02785
939.21089	0.02802
937.28232	0.02807
935.35376	0.02802
933.42520	0.02806
931.49663	0.02808
929.56807	0.02793
927.63950	0.02766
925.71094	0.02742
923.78237	0.02729
921.85381	0.02722
919.92524	0.02715
917.99668	0.02708
916.06812	0.02702
914.13955	0.02705
912.21099	0.02715
910.28242	0.02707
908.35386	0.02664
906.42529	0.02597
904.49673	0.02524
902.56816	0.02460
900.63960	0.02409
898.71104	0.02364
896.78247	0.02331
894.85391	0.02323
892.92534	0.02332
890.99678	0.02343
889.06821	0.02346
887.13965	0.02347
885.21108	0.02347
883.28252	0.02347
881.35396	0.02353
879.42539	0.02361
877.49683	0.02373
875.56826	0.02393
873.63970	0.02417
871.71113	0.02433
869.78257	0.02446
867.85400	0.02467
865.92544	0.02496
863.99687	0.02520
862.06831	0.02531
860.13975	0.02526
858.21118	0.02507
856.28262	0.02484
854.35405	0.02469
852.42549	0.02460
850.49692	0.02452
848.56836	0.02444
846.63979	0.02426
844.71123	0.02398
842.78267	0.02377
840.85410	0.02374
838.92554	0.02382
836.99697	0.02377
835.06841	0.02355
833.13984	0.02336
831.21128	0.02324
829.28271	0.02300
827.35415	0.02259
825.42559	0.02204
823.49702	0.02148
821.56846	0.02100
819.63989	0.02049
817.71133	0.01987
815.78276	0.01901
813.85420	0.01789
811.92563	0.01666
809.99707	0.01546
808.06851	0.01423
806.13994	0.01287
804.21138	0.01126
802.28281	0.00932
800.35425	0.00707
798.42568	0.00446
796.49712	0.00140
794.56855	-0.00197
792.63999	-0.00561
790.71143	-0.00949
788.78286	-0.01340
786.85430	-0.01707
784.92573	-0.02038
782.99717	-0.02318
781.06860	-0.02541
779.14004	-0.02707
777.21147	-0.02809
775.28291	-0.02844
773.35435	-0.02816
771.42578	-0.02738
769.49722	-0.02625
767.56865	-0.02487
765.64009	-0.02320
763.71152	-0.02119
761.78296	-0.01882
759.85439	-0.01612
757.92583	-0.01318
755.99727	-0.01024
754.06870	-0.00737
752.14014	-0.00457
750.21157	-0.00200
748.28301	0.00027
746.35444	0.00227
744.42588	0.00419
742.49731	0.00625
740.56875	0.00878
738.64019	0.01249
736.71162	0.01881
734.78306	0.02938
732.85449	0.04305
730.92593	0.05519
728.99736	0.06409
727.06880	0.07371
725.14023	0.08801
723.21167	0.10957
721.28311	0.13757
719.35454	0.16883
717.42598	0.18998
715.49741	0.18630
713.56885	0.15893
711.64028	0.12445
709.71172	0.09715
707.78315	0.08015
705.85459	0.07075
703.92603	0.06600
701.99746	0.06355
700.06890	0.06171
698.14033	0.05917
696.21177	0.05549
694.28320	0.05129
692.35464	0.04762
690.42607	0.04505
688.49751	0.04362
686.56895	0.04292
684.64038	0.04266
682.71182	0.04267
680.78325	0.04276
678.85469	0.04287
676.92612	0.04308
674.99756	0.04343
673.06899	0.04306
671.14043	0.03797
669.21187	0.02873
667.28330	0.02989
665.35474	0.03566
663.42617	0.04157
661.49761	0.04274
659.56904	0.04194
657.64048	0.04120
655.71191	0.04075
653.78335	0.04064
651.85479	0.04066
649.92622	0.04086
647.99766	0.04113
646.06909	0.04087
644.14053	0.03971
642.21196	0.03782
640.28340	0.03557
638.35483	0.03248
636.42627	0.02756
634.49771	0.02162
632.56914	0.01765
630.64058	0.01791
628.71201	0.02127
626.78345	0.02626
624.85488	0.03085
622.92632	0.03382
620.99775	0.03561
619.06919	0.03744
617.14062	0.03913
615.21206	0.03990
613.28350	0.04017
611.35493	0.04016
609.42637	0.03964
607.49780	0.03941
605.56924	0.03982
603.64067	0.03980
601.71211	0.03913
599.78354	0.03898
