3997.91411	0.01538
3995.98555	0.01522
3994.05698	0.01513
3992.12842	0.01500
3990.19985	0.01502
3988.27129	0.01521
3986.34272	0.01535
3984.41416	0.01534
3982.48560	0.01534
3980.55703	0.01540
3978.62847	0.01539
3976.69990	0.01529
3974.77134	0.01519
3972.84277	0.01519
3970.91421	0.01527
3968.98564	0.01532
3967.05708	0.01536
3965.12852	0.01537
3963.19995	0.01532
3961.27139	0.01528
3959.34282	0.01522
3957.41426	0.01514
3955.48569	0.01516
3953.55713	0.01517
3951.62856	0.01501
3949.70000	0.01479
3947.77144	0.01482
3945.84287	0.01505
3943.91431	0.01522
3941.98574	0.01530
3940.05718	0.01530
3938.12861	0.01526
3936.20005	0.01523
3934.27148	0.01512
3932.34292	0.01489
3930.41436	0.01476
3928.48579	0.01479
3926.55723	0.01481
3924.62866	0.01479
3922.70010	0.01484
3920.77153	0.01493
3918.84297	0.01490
3916.91440	0.01476
3914.98584	0.01480
3913.05728	0.01504
3911.12871	0.01525
3909.20015	0.01528
3907.27158	0.01489
3905.34302	0.01416
3903.41445	0.01377
3901.48589	0.01384
3899.55732	0.01401
3897.62876	0.01435
3895.70020	0.01473
3893.77163	0.01477
3891.84307	0.01447
3889.91450	0.01433
3887.98594	0.01438
3886.05737	0.01440
3884.12881	0.01435
3882.20024	0.01413
3880.27168	0.01396
3878.34312	0.01416
3876.41455	0.01421
3874.48599	0.01396
3872.55742	0.01373
3870.62886	0.01348
3868.70029	0.01324
3866.77173	0.01310
3864.84316	0.01304
3862.91460	0.01346
3860.98604	0.01411
3859.05747	0.01425
3857.12891	0.01372
3855.20034	0.01268
3853.27178	0.01199
3851.34321	0.01271
3849.41465	0.01376
3847.48608	0.01432
3845.55752	0.01424
3843.62896	0.01367
3841.70039	0.01295
3839.77183	0.01225
3837.84326	0.01197
3835.91470	0.01233
3833.98613	0.01285
3832.05757	0.01325
3830.12900	0.01355
3828.20044	0.01369
3826.27187	0.01371
3824.34331	0.01351
3822.41475	0.01304
3820.48618	0.01284
3818.55762	0.01306
3816.62905	0.01328
3814.70049	0.01375
3812.77192	0.01425
3810.84336	0.01424
3808.91479	0.01370
3806.98623	0.01314
3805.05767	0.01282
3803.12910	0.01238
3801.20054	0.01224
3799.27197	0.01281
3797.34341	0.01340
3795.41484	0.01381
3793.48628	0.01406
3791.55771	0.01413
3789.62915	0.01409
3787.70059	0.01389
3785.77202	0.01360
3783.84346	0.01345
3781.91489	0.01334
3779.98633	0.01320
3778.05776	0.01352
3776.12920	0.01410
3774.20063	0.01425
3772.27207	0.01393
3770.34351	0.01345
3768.41494	0.01314
3766.48638	0.01307
3764.55781	0.01318
3762.62925	0.01318
3760.70068	0.01293
3758.77212	0.01274
3756.84355	0.01277
3754.91499	0.01260
3752.98643	0.01184
3751.05786	0.01073
3749.12930	0.01046
3747.20073	0.01085
3745.27217	0.01114
3743.34360	0.01119
3741.41504	0.01094
3739.48647	0.01011
3737.55791	0.00856
3735.62935	0.00709
3733.70078	0.00693
3731.77222	0.00746
3729.84365	0.00766
3727.91509	0.00746
3725.98652	0.00748
3724.05796	0.00815
3722.12939	0.00900
3720.20083	0.00968
3718.27227	0.01038
3716.34370	0.01106
3714.41514	0.01113
3712.48657	0.01013
3710.55801	0.00900
3708.62944	0.00891
3706.70088	0.00905
3704.77231	0.00879
3702.84375	0.00846
3700.91519	0.00851
3698.98662	0.00874
3697.05806	0.00886
3695.12949	0.00881
3693.20093	0.00837
3691.27236	0.00763
3689.34380	0.00768
3687.41523	0.00894
3685.48667	0.01012
3683.55811	0.01073
3681.62954	0.01090
3679.70098	0.01063
3677.77241	0.00981
3675.84385	0.00905
3673.91528	0.00931
3671.98672	0.00970
3670.05815	0.00991
3668.12959	0.01059
3666.20103	0.01138
3664.27246	0.01184
3662.34390	0.01204
3660.41533	0.01201
3658.48677	0.01171
3656.55820	0.01150
3654.62964	0.01165
3652.70107	0.01141
3650.77251	0.01054
3648.84395	0.01030
3646.91538	0.01139
3644.98682	0.01237
3643.05825	0.01268
3641.12969	0.01264
3639.20112	0.01258
3637.27256	0.01243
3635.34399	0.01213
3633.41543	0.01164
3631.48687	0.01080
3629.55830	0.00994
3627.62974	0.01024
3625.70117	0.01112
3623.77261	0.01148
3621.84404	0.01159
3619.91548	0.01209
3617.98691	0.01293
3616.05835	0.01342
3614.12979	0.01357
3612.20122	0.01382
3610.27266	0.01402
3608.34409	0.01388
3606.41553	0.01373
3604.48696	0.01374
3602.55840	0.01362
3600.62983	0.01351
3598.70127	0.01376
3596.77271	0.01397
3594.84414	0.01380
3592.91558	0.01368
3590.98701	0.01357
3589.05845	0.01323
3587.12988	0.01321
3585.20132	0.01380
3583.27275	0.01443
3581.34419	0.01489
3579.41562	0.01510
3577.48706	0.01504
3575.55850	0.01512
3573.62993	0.01564
3571.70137	0.01606
3569.77280	0.01565
3567.84424	0.01485
3565.91567	0.01489
3563.98711	0.01562
3562.05854	0.01621
3560.12998	0.01639
3558.20142	0.01633
3556.27285	0.01650
3554.34429	0.01690
3552.41572	0.01718
3550.48716	0.01720
3548.55859	0.01713
3546.63003	0.01715
3544.70146	0.01716
3542.77290	0.01713
3540.84434	0.01723
3538.91577	0.01733
3536.98721	0.01730
3535.05864	0.01736
3533.13008	0.01768
3531.20151	0.01795
3529.27295	0.01799
3527.34438	0.01797
3525.41582	0.01802
3523.48726	0.01817
3521.55869	0.01854
3519.63013	0.01885
3517.70156	0.01882
3515.77300	0.01869
3513.84443	0.01861
3511.91587	0.01860
3509.98730	0.01877
3508.05874	0.01896
3506.13018	0.01888
3504.20161	0.01867
3502.27305	0.01866
3500.34448	0.01869
3498.41592	0.01853
3496.48735	0.01849
3494.55879	0.01873
3492.63022	0.01896
3490.70166	0.01920
3488.77310	0.01951
3486.84453	0.01957
3484.91597	0.01938
3482.98740	0.01908
3481.05884	0.01888
3479.13027	0.01900
3477.20171	0.01934
3475.27314	0.01975
3473.34458	0.02006
3471.41602	0.02002
3469.48745	0.01971
3467.55889	0.01942
3465.63032	0.01932
3463.70176	0.01941
3461.77319	0.01957
3459.84463	0.01971
3457.91606	0.01995
3455.98750	0.02019
3454.05894	0.02011
3452.13037	0.01992
3450.20181	0.01985
3448.27324	0.01983
3446.34468	0.01994
3444.41611	0.02018
3442.48755	0.02030
3440.55898	0.02023
3438.63042	0.02006
3436.70186	0.01996
3434.77329	0.01989
3432.84473	0.01970
3430.91616	0.01954
3428.98760	0.01955
3427.05903	0.01962
3425.13047	0.01958
3423.20190	0.01956
3421.27334	0.01982
3419.34478	0.02017
3417.41621	0.02039
3415.48765	0.02046
3413.55908	0.02037
3411.63052	0.02018
3409.70195	0.02010
3407.77339	0.02014
3405.84482	0.02016
3403.91626	0.02004
3401.98770	0.01991
3400.05913	0.01984
3398.13057	0.01982
3396.20200	0.01986
3394.27344	0.01982
3392.34487	0.01974
3390.41631	0.01981
3388.48774	0.01988
3386.55918	0.01974
3384.63062	0.01961
3382.70205	0.01962
3380.77349	0.01967
3378.84492	0.01971
3376.91636	0.01985
3374.98779	0.02005
3373.05923	0.02007
3371.13066	0.01986
3369.20210	0.01964
3367.27354	0.01958
3365.34497	0.01967
3363.41641	0.01974
3361.48784	0.01957
3359.55928	0.01918
3357.63071	0.01891
3355.70215	0.01894
3353.77358	0.01907
3351.84502	0.01907
3349.91646	0.01908
3347.98789	0.01913
3346.05933	0.01896
3344.13076	0.01864
3342.20220	0.01840
3340.27363	0.01826
3338.34507	0.01833
3336.41650	0.01867
3334.48794	0.01887
3332.55937	0.01869
3330.63081	0.01844
3328.70225	0.01846
3326.77368	0.01860
3324.84512	0.01854
3322.91655	0.01834
3320.98799	0.01834
3319.05942	0.01848
3317.13086	0.01842
3315.20229	0.01816
3313.27373	0.01789
3311.34517	0.01773
3309.41660	0.01773
3307.48804	0.01783
3305.55947	0.01791
3303.63091	0.01792
3301.70234	0.01785
3299.77378	0.01772
3297.84521	0.01757
3295.91665	0.01762
3293.98809	0.01783
3292.05952	0.01785
3290.13096	0.01781
3288.20239	0.01794
3286.27383	0.01808
3284.34526	0.01804
3282.41670	0.01784
3280.48813	0.01749
3278.55957	0.01712
3276.63101	0.01691
3274.70244	0.01694
3272.77388	0.01705
3270.84531	0.01707
3268.91675	0.01714
3266.98818	0.01739
3265.05962	0.01748
3263.13105	0.01714
3261.20249	0.01679
3259.27393	0.01682
3257.34536	0.01690
3255.41680	0.01668
3253.48823	0.01654
3251.55967	0.01675
3249.63110	0.01691
3247.70254	0.01674
3245.77397	0.01656
3243.84541	0.01665
3241.91685	0.01666
3239.98828	0.01638
3238.05972	0.01618
3236.13115	0.01634
3234.20259	0.01654
3232.27402	0.01647
3230.34546	0.01622
3228.41689	0.01598
3226.48833	0.01587
3224.55977	0.01594
3222.63120	0.01608
3220.70264	0.01605
3218.77407	0.01589
3216.84551	0.01580
3214.91694	0.01568
3212.98838	0.01547
3211.05981	0.01526
3209.13125	0.01525
3207.20269	0.01540
3205.27412	0.01545
3203.34556	0.01534
3201.41699	0.01537
3199.48843	0.01552
3197.55986	0.01557
3195.63130	0.01555
3193.70273	0.01549
3191.77417	0.01531
3189.84561	0.01514
3187.91704	0.01509
3185.98848	0.01503
3184.05991	0.01495
3182.13135	0.01496
3180.20278	0.01504
3178.27422	0.01502
3176.34565	0.01481
3174.41709	0.01458
3172.48853	0.01450
3170.55996	0.01457
3168.63140	0.01477
3166.70283	0.01500
3164.77427	0.01496
3162.84570	0.01467
3160.91714	0.01447
3158.98857	0.01439
3157.06001	0.01429
3155.13145	0.01428
3153.20288	0.01433
3151.27432	0.01420
3149.34575	0.01398
3147.41719	0.01398
3145.48862	0.01415
3143.56006	0.01415
3141.63149	0.01383
3139.70293	0.01354
3137.77437	0.01352
3135.84580	0.01361
3133.91724	0.01366
3131.98867	0.01363
3130.06011	0.01351
3128.13154	0.01338
3126.20298	0.01325
3124.27441	0.01306
3122.34585	0.01302
3120.41729	0.01316
3118.48872	0.01328
3116.56016	0.01336
3114.63159	0.01345
3112.70303	0.01347
3110.77446	0.01338
3108.84590	0.01318
3106.91733	0.01302
3104.98877	0.01303
3103.06021	0.01315
3101.13164	0.01325
3099.20308	0.01336
3097.27451	0.01342
3095.34595	0.01340
3093.41738	0.01344
3091.48882	0.01359
3089.56025	0.01365
3087.63169	0.01361
3085.70312	0.01358
3083.77456	0.01351
3081.84600	0.01350
3079.91743	0.01365
3077.98887	0.01386
3076.06030	0.01400
3074.13174	0.01404
3072.20317	0.01400
3070.27461	0.01388
3068.34604	0.01364
3066.41748	0.01345
3064.48892	0.01355
3062.56035	0.01378
3060.63179	0.01374
3058.70322	0.01347
3056.77466	0.01334
3054.84609	0.01335
3052.91753	0.01340
3050.98896	0.01347
3049.06040	0.01352
3047.13184	0.01353
3045.20327	0.01353
3043.27471	0.01346
3041.34614	0.01328
3039.41758	0.01312
3037.48901	0.01299
3035.56045	0.01279
3033.63188	0.01255
3031.70332	0.01222
3029.77476	0.01181
3027.84619	0.01145
3025.91763	0.01125
3023.98906	0.01106
3022.06050	0.01069
3020.13193	0.01022
3018.20337	0.00983
3016.27480	0.00966
3014.34624	0.00950
3012.41768	0.00901
3010.48911	0.00838
3008.56055	0.00798
3006.63198	0.00772
3004.70342	0.00737
3002.77485	0.00700
3000.84629	0.00673
2998.91772	0.00656
2996.98916	0.00653
2995.06060	0.00672
2993.13203	0.00682
2991.20347	0.00650
2989.27490	0.00626
2987.34634	0.00680
2985.41777	0.00789
2983.48921	0.00898
2981.56064	0.01002
2979.63208	0.01123
2977.70352	0.01267
2975.77495	0.01425
2973.84639	0.01594
2971.91782	0.01796
2969.98926	0.02056
2968.06069	0.02377
2966.13213	0.02738
2964.20356	0.03100
2962.27500	0.03439
2960.34644	0.03758
2958.41787	0.04070
2956.48931	0.04357
2954.56074	0.04588
2952.63218	0.04781
2950.70361	0.05003
2948.77505	0.05322
2946.84648	0.05796
2944.91792	0.06467
2942.98936	0.07358
2941.06079	0.08470
2939.13223	0.09794
2937.20366	0.11339
2935.27510	0.13146
2933.34653	0.15268
2931.41797	0.17775
2929.48940	0.20759
2927.56084	0.24360
2925.63228	0.28790
2923.70371	0.34285
2921.77515	0.40927
2919.84658	0.48319
2917.91802	0.55138
2915.98945	0.59080
2914.06089	0.58425
2912.13232	0.54048
2910.20376	0.48377
2908.27520	0.43122
2906.34663	0.38838
2904.41807	0.35477
2902.48950	0.32818
2900.56094	0.30684
2898.63237	0.28944
2896.70381	0.27422
2894.77524	0.25955
2892.84668	0.24488
2890.91812	0.23034
2888.98955	0.21596
2887.06099	0.20175
2885.13242	0.18803
2883.20386	0.17511
2881.27529	0.16297
2879.34673	0.15155
2877.41816	0.14125
2875.48960	0.13256
2873.56104	0.12563
2871.63247	0.12043
2869.70391	0.11715
2867.77534	0.11616
2865.84678	0.11821
2863.91821	0.12468
2861.98965	0.13721
2860.06108	0.15755
2858.13252	0.18857
2856.20396	0.23540
2854.27539	0.30484
2852.34683	0.39985
2850.41826	0.50160
2848.48970	0.55374
2846.56113	0.51677
2844.63257	0.43068
2842.70400	0.34654
2840.77544	0.28086
2838.84687	0.23275
2836.91831	0.19809
2834.98975	0.17292
2833.06118	0.15420
2831.13262	0.13993
2829.20405	0.12877
2827.27549	0.11974
2825.34692	0.11233
2823.41836	0.10616
2821.48979	0.10081
2819.56123	0.09607
2817.63267	0.09193
2815.70410	0.08839
2813.77554	0.08533
2811.84697	0.08254
2809.91841	0.07997
2807.98984	0.07765
2806.06128	0.07551
2804.13271	0.07343
2802.20415	0.07147
2800.27559	0.06970
2798.34702	0.06809
2796.41846	0.06664
2794.48989	0.06530
2792.56133	0.06391
2790.63276	0.06248
2788.70420	0.06111
2786.77563	0.05986
2784.84707	0.05867
2782.91851	0.05748
2780.98994	0.05639
2779.06138	0.05538
2777.13281	0.05435
2775.20425	0.05331
2773.27568	0.05242
2771.34712	0.05178
2769.41855	0.05128
2767.48999	0.05070
2765.56143	0.05005
2763.63286	0.04937
2761.70430	0.04874
2759.77573	0.04810
2757.84717	0.04746
2755.91860	0.04694
2753.99004	0.04661
2752.06147	0.04633
2750.13291	0.04605
2748.20435	0.04578
2746.27578	0.04547
2744.34722	0.04511
2742.41865	0.04478
2740.49009	0.04452
2738.56152	0.04433
2736.63296	0.04423
2734.70439	0.04407
2732.77583	0.04372
2730.84727	0.04335
2728.91870	0.04303
2726.99014	0.04266
2725.06157	0.04230
2723.13301	0.04197
2721.20444	0.04164
2719.27588	0.04131
2717.34731	0.04105
2715.41875	0.04081
2713.49019	0.04051
2711.56162	0.04013
2709.63306	0.03981
2707.70449	0.03962
2705.77593	0.03947
2703.84736	0.03929
2701.91880	0.03909
2699.99023	0.03885
2698.06167	0.03860
2696.13311	0.03841
2694.20454	0.03825
2692.27598	0.03810
2690.34741	0.03797
2688.41885	0.03787
2686.49028	0.03779
2684.56172	0.03770
2682.63315	0.03763
2680.70459	0.03767
2678.77603	0.03774
2676.84746	0.03774
2674.91890	0.03774
2672.99033	0.03779
2671.06177	0.03788
2669.13320	0.03795
2667.20464	0.03798
2665.27607	0.03797
2663.34751	0.03798
2661.41895	0.03800
2659.49038	0.03801
2657.56182	0.03797
2655.63325	0.03786
2653.70469	0.03765
2651.77612	0.03738
2649.84756	0.03716
2647.91899	0.03705
2645.99043	0.03704
2644.06187	0.03708
2642.13330	0.03711
2640.20474	0.03712
2638.27617	0.03706
2636.34761	0.03696
2634.41904	0.03685
2632.49048	0.03660
2630.56191	0.03616
2628.63335	0.03571
2626.70479	0.03536
2624.77622	0.03516
2622.84766	0.03504
2620.91909	0.03479
2618.99053	0.03441
2617.06196	0.03404
2615.13340	0.03373
2613.20483	0.03339
2611.27627	0.03303
2609.34771	0.03269
2607.41914	0.03242
2605.49058	0.03211
2603.56201	0.03175
2601.63345	0.03148
2599.70488	0.03127
2597.77632	0.03112
2595.84775	0.03109
2593.91919	0.03099
2591.99062	0.03067
2590.06206	0.03025
2588.13350	0.02989
2586.20493	0.02968
2584.27637	0.02959
2582.34780	0.02948
2580.41924	0.02930
2578.49067	0.02909
2576.56211	0.02897
2574.63354	0.02894
2572.70498	0.02886
2570.77642	0.02866
2568.84785	0.02847
2566.91929	0.02828
2564.99072	0.02806
2563.06216	0.02789
2561.13359	0.02782
2559.20503	0.02771
2557.27646	0.02745
2555.34790	0.02724
2553.41934	0.02727
2551.49077	0.02732
2549.56221	0.02715
2547.63364	0.02685
2545.70508	0.02664
2543.77651	0.02654
2541.84795	0.02649
2539.91938	0.02640
2537.99082	0.02618
2536.06226	0.02589
2534.13369	0.02577
2532.20513	0.02580
2530.27656	0.02578
2528.34800	0.02563
2526.41943	0.02547
2524.49087	0.02539
2522.56230	0.02532
2520.63374	0.02510
2518.70518	0.02477
2516.77661	0.02452
2514.84805	0.02445
2512.91948	0.02444
2510.99092	0.02434
2509.06235	0.02416
2507.13379	0.02399
2505.20522	0.02389
2503.27666	0.02391
2501.34810	0.02396
2499.41953	0.02388
2497.49097	0.02378
2495.56240	0.02376
2493.63384	0.02375
2491.70527	0.02373
2489.77671	0.02372
2487.84814	0.02371
2485.91958	0.02362
2483.99102	0.02341
2482.06245	0.02315
2480.13389	0.02304
2478.20532	0.02317
2476.27676	0.02333
2474.34819	0.02330
2472.41963	0.02308
2470.49106	0.02280
2468.56250	0.02252
2466.63394	0.02235
2464.70537	0.02236
2462.77681	0.02230
2460.84824	0.02204
2458.91968	0.02186
2456.99111	0.02186
2455.06255	0.02192
2453.13398	0.02198
2451.20542	0.02195
2449.27686	0.02176
2447.34829	0.02146
2445.41973	0.02130
2443.49116	0.02147
2441.56260	0.02180
2439.63403	0.02193
2437.70547	0.02185
2435.77690	0.02171
2433.84834	0.02158
2431.91978	0.02146
2429.99121	0.02135
2428.06265	0.02131
2426.13408	0.02139
2424.20552	0.02149
2422.27695	0.02146
2420.34839	0.02134
2418.41982	0.02129
2416.49126	0.02137
2414.56270	0.02144
2412.63413	0.02139
2410.70557	0.02119
2408.77700	0.02090
2406.84844	0.02063
2404.91987	0.02057
2402.99131	0.02068
2401.06274	0.02076
2399.13418	0.02362
2397.20562	0.02396
2395.27705	0.02274
2393.34849	0.02137
2391.41992	0.01989
2389.49136	0.01826
2387.56279	0.01652
2385.63423	0.01472
2383.70566	0.01319
2381.77710	0.01248
2379.84854	0.01284
2377.91997	0.01404
2375.99141	0.01529
2374.06284	0.01592
2372.13428	0.01585
2370.20571	0.01553
2368.27715	0.01531
2366.34858	0.01498
2364.42002	0.01386
2362.49146	0.01343
2360.56289	0.01249
2358.63433	0.01123
2356.70576	0.01209
2354.77720	0.00896
2352.84863	0.00480
2350.92007	0.00255
2348.99150	0.00201
2347.06294	0.00643
2345.13437	0.01151
2343.20581	0.01102
2341.27725	0.00623
2339.34868	0.00432
2337.42012	0.00644
2335.49155	0.01055
2333.56299	0.01364
2331.63442	0.01426
2329.70586	0.01308
2327.77729	0.01120
2325.84873	0.01180
2323.92017	0.01460
2321.99160	0.01715
2320.06304	0.01836
2318.13447	0.01841
2316.20591	0.01787
2314.27734	0.01738
2312.34878	0.01665
2310.42021	0.01570
2308.49165	0.01504
2306.56309	0.01469
2304.63452	0.01470
2302.70596	0.01514
2300.77739	0.01575
2298.84883	0.01622
2296.92026	0.01651
2294.99170	0.01671
2293.06313	0.01703
2291.13457	0.01780
2289.20601	0.01878
2287.27744	0.01966
2285.34888	0.02033
2283.42031	0.02077
2281.49175	0.02111
2279.56318	0.02129
2277.63462	0.02119
2275.70605	0.02083
2273.77749	0.02029
2271.84893	0.01978
2269.92036	0.01944
2267.99180	0.01919
2266.06323	0.01888
2264.13467	0.01845
2262.20610	0.01788
2260.27754	0.01746
2258.34897	0.01738
2256.42041	0.01739
2254.49185	0.01703
2252.56328	0.01619
2250.63472	0.01580
2248.70615	0.01764
2246.77759	0.01797
2244.84902	0.01807
2242.92046	0.01795
2240.99189	0.01780
2239.06333	0.01763
2237.13477	0.01751
2235.20620	0.01763
2233.27764	0.01779
2231.34907	0.01793
2229.42051	0.01815
2227.49194	0.01826
2225.56338	0.01816
2223.63481	0.01798
2221.70625	0.01771
2219.77769	0.01738
2217.84912	0.01720
2215.92056	0.01736
2213.99199	0.01767
2212.06343	0.01762
2210.13486	0.01728
2208.20630	0.01700
2206.27773	0.01692
2204.34917	0.01721
2202.42061	0.01769
2200.49204	0.01770
2198.56348	0.01739
2196.63491	0.01722
2194.70635	0.01709
2192.77778	0.01706
2190.84922	0.01730
2188.92065	0.01737
2186.99209	0.01710
2185.06353	0.01691
2183.13496	0.01685
2181.20640	0.01680
2179.27783	0.01678
2177.34927	0.01652
2175.42070	0.01614
2173.49214	0.01621
2171.56357	0.01667
2169.63501	0.01722
2167.70645	0.01762
2165.77788	0.01754
2163.84932	0.01749
2161.92075	0.01771
2159.99219	0.01679
2158.06362	0.01463
2156.13506	0.01326
2154.20649	0.01338
2152.27793	0.01420
2150.34937	0.01468
2148.42080	0.01473
2146.49224	0.01489
2144.56367	0.01519
2142.63511	0.01545
2140.70654	0.01561
2138.77798	0.01542
2136.84941	0.01478
2134.92085	0.01421
2132.99229	0.01420
2131.06372	0.01459
2129.13516	0.01496
2127.20659	0.01522
2125.27803	0.01540
2123.34946	0.01552
2121.42090	0.01577
2119.49233	0.01627
2117.56377	0.01689
2115.63521	0.01725
2113.70664	0.01716
2111.77808	0.01688
2109.84951	0.01682
2107.92095	0.01701
2105.99238	0.01717
2104.06382	0.01712
2102.13525	0.01692
2100.20669	0.01661
2098.27812	0.01630
2096.34956	0.01605
2094.42100	0.01597
2092.49243	0.01619
2090.56387	0.01637
2088.63530	0.01645
2086.70674	0.01673
2084.77817	0.01696
2082.84961	0.01674
2080.92104	0.01638
2078.99248	0.01621
2077.06392	0.01623
2075.13535	0.01631
2073.20679	0.01638
2071.27822	0.01631
2069.34966	0.01602
2067.42109	0.01579
2065.49253	0.01583
2063.56396	0.01599
2061.63540	0.01602
2059.70684	0.01600
2057.77827	0.01606
2055.84971	0.01608
2053.92114	0.01622
2051.99258	0.01684
2050.06401	0.01727
2048.13545	0.01697
2046.20688	0.01663
2044.27832	0.01660
2042.34976	0.01656
2040.42119	0.01654
2038.49263	0.01650
2036.56406	0.01606
2034.63550	0.01530
2032.70693	0.01515
2030.77837	0.01595
2028.84980	0.01674
2026.92124	0.01668
2024.99268	0.01629
2023.06411	0.01643
2021.13555	0.01678
2019.20698	0.01660
2017.27842	0.01621
2015.34985	0.01625
2013.42129	0.01629
2011.49272	0.01599
2009.56416	0.01583
2007.63560	0.01583
2005.70703	0.01562
2003.77847	0.01537
2001.84990	0.01525
1999.92134	0.01539
1997.99277	0.01576
1996.06421	0.01604
1994.13564	0.01617
1992.20708	0.01628
1990.27852	0.01621
1988.34995	0.01593
1986.42139	0.01588
1984.49282	0.01629
1982.56426	0.01687
1980.63569	0.01735
1978.70713	0.01741
1976.77856	0.01689
1974.85000	0.01624
1972.92144	0.01577
1970.99287	0.01522
1969.06431	0.01445
1967.13574	0.01393
1965.20718	0.01395
1963.27861	0.01416
1961.35005	0.01426
1959.42148	0.01428
1957.49292	0.01427
1955.56436	0.01422
1953.63579	0.01432
1951.70723	0.01465
1949.77866	0.01514
1947.85010	0.01553
1945.92153	0.01556
1943.99297	0.01532
1942.06440	0.01523
1940.13584	0.01545
1938.20728	0.01568
1936.27871	0.01584
1934.35015	0.01591
1932.42158	0.01586
1930.49302	0.01581
1928.56445	0.01572
1926.63589	0.01555
1924.70732	0.01543
1922.77876	0.01544
1920.85020	0.01542
1918.92163	0.01533
1916.99307	0.01551
1915.06450	0.01589
1913.13594	0.01615
1911.20737	0.01636
1909.27881	0.01664
1907.35024	0.01690
1905.42168	0.01703
1903.49312	0.01708
1901.56455	0.01709
1899.63599	0.01712
1897.70742	0.01717
1895.77886	0.01717
1893.85029	0.01713
1891.92173	0.01694
1889.99316	0.01663
1888.06460	0.01650
1886.13604	0.01658
1884.20747	0.01664
1882.27891	0.01659
1880.35034	0.01645
1878.42178	0.01641
1876.49321	0.01644
1874.56465	0.01648
1872.63608	0.01642
1870.70752	0.01609
1868.77896	0.01578
1866.85039	0.01594
1864.92183	0.01626
1862.99326	0.01639
1861.06470	0.01640
1859.13613	0.01641
1857.20757	0.01648
1855.27900	0.01659
1853.35044	0.01666
1851.42187	0.01664
1849.49331	0.01654
1847.56475	0.01638
1845.63618	0.01616
1843.70762	0.01608
1841.77905	0.01634
1839.85049	0.01662
1837.92192	0.01676
1835.99336	0.01686
1834.06479	0.01688
1832.13623	0.01671
1830.20767	0.01656
1828.27910	0.01683
1826.35054	0.01730
1824.42197	0.01760
1822.49341	0.01779
1820.56484	0.01796
1818.63628	0.01805
1816.70771	0.01813
1814.77915	0.01832
1812.85059	0.01848
1810.92202	0.01855
1808.99346	0.01869
1807.06489	0.01905
1805.13633	0.01953
1803.20776	0.01984
1801.27920	0.02001
1799.35063	0.02036
1797.42207	0.02091
1795.49351	0.02130
1793.56494	0.02172
1791.63638	0.02278
1789.70781	0.02414
1787.77925	0.02509
1785.85068	0.02575
1783.92212	0.02622
1781.99355	0.02642
1780.06499	0.02660
1778.13643	0.02683
1776.20786	0.02680
1774.27930	0.02639
1772.35073	0.02621
1770.42217	0.02692
1768.49360	0.02790
1766.56504	0.02855
1764.63647	0.02877
1762.70791	0.02881
1760.77935	0.02912
1758.85078	0.02959
1756.92222	0.03012
1754.99365	0.03081
1753.06509	0.03143
1751.13652	0.03214
1749.20796	0.03353
1747.27939	0.03553
1745.35083	0.03760
1743.42227	0.03946
1741.49370	0.04115
1739.56514	0.04277
1737.63657	0.04378
1735.70801	0.04374
1733.77944	0.04321
1731.85088	0.04335
1729.92231	0.04397
1727.99375	0.04477
1726.06519	0.04570
1724.13662	0.04672
1722.20806	0.04765
1720.27949	0.04825
1718.35093	0.04924
1716.42236	0.05201
1714.49380	0.05548
1712.56523	0.05794
1710.63667	0.05888
1708.70811	0.05830
1706.77954	0.05644
1704.85098	0.05397
1702.92241	0.05151
1700.99385	0.04841
1699.06528	0.04510
1697.13672	0.04286
1695.20815	0.04109
1693.27959	0.03977
1691.35103	0.03838
1689.42246	0.03659
1687.49390	0.03478
1685.56533	0.03281
1683.63677	0.03138
1681.70820	0.03154
1679.77964	0.03182
1677.85107	0.03150
1675.92251	0.03077
1673.99395	0.03014
1672.06538	0.02965
1670.13682	0.02928
1668.20825	0.02944
1666.27969	0.02970
1664.35112	0.02945
1662.42256	0.02915
1660.49399	0.02935
1658.56543	0.02954
1656.63687	0.02912
1654.70830	0.02790
1652.77974	0.02714
1650.85117	0.02778
1648.92261	0.02799
1646.99404	0.02822
1645.06548	0.02938
1643.13691	0.03032
1641.20835	0.03041
1639.27979	0.02973
1637.35122	0.02854
1635.42266	0.02805
1633.49409	0.02887
1631.56553	0.02941
1629.63696	0.02929
1627.70840	0.02892
1625.77983	0.02848
1623.85127	0.02808
1621.92271	0.02803
1619.99414	0.02798
1618.06558	0.02758
1616.13701	0.02753
1614.20845	0.02807
1612.27988	0.02838
1610.35132	0.02835
1608.42275	0.02831
1606.49419	0.02833
1604.56562	0.02829
1602.63706	0.02825
1600.70850	0.02827
1598.77993	0.02828
1596.85137	0.02824
1594.92280	0.02824
1592.99424	0.02832
1591.06567	0.02837
1589.13711	0.02838
1587.20854	0.02834
1585.27998	0.02827
1583.35142	0.02821
1581.42285	0.02815
1579.49429	0.02783
1577.56572	0.02704
1575.63716	0.02657
1573.70859	0.02684
1571.78003	0.02673
1569.85146	0.02615
1567.92290	0.02598
1565.99434	0.02614
1564.06577	0.02605
1562.13721	0.02539
1560.20864	0.02379
1558.28008	0.02273
1556.35151	0.02378
1554.42295	0.02479
1552.49438	0.02532
1550.56582	0.02550
1548.63726	0.02546
1546.70869	0.02512
1544.78013	0.02426
1542.85156	0.02296
1540.92300	0.02185
1538.99443	0.02233
1537.06587	0.02316
1535.13730	0.02319
1533.20874	0.02293
1531.28018	0.02292
1529.35161	0.02275
1527.42305	0.02220
1525.49448	0.02154
1523.56592	0.02087
1521.63735	0.02043
1519.70879	0.02058
1517.78022	0.02091
1515.85166	0.02141
1513.92310	0.02190
1511.99453	0.02186
1510.06597	0.02110
1508.13740	0.01992
1506.20884	0.01988
1504.28027	0.02124
1502.35171	0.02203
1500.42314	0.02200
1498.49458	0.02163
1496.56602	0.02172
1494.63745	0.02234
1492.70889	0.02262
1490.78032	0.02250
1488.85176	0.02285
1486.92319	0.02415
1484.99463	0.02579
1483.06606	0.02790
1481.13750	0.03183
1479.20894	0.04059
1477.28037	0.06190
1475.35181	0.10547
1473.42324	0.16670
1471.49468	0.20513
1469.56611	0.20328
1467.63755	0.19077
1465.70898	0.18096
1463.78042	0.17218
1461.85186	0.15865
1459.92329	0.13946
1457.99473	0.11720
1456.06616	0.10004
1454.13760	0.09132
1452.20903	0.08468
1450.28047	0.07829
1448.35190	0.07304
1446.42334	0.06953
1444.49478	0.06737
1442.56621	0.06566
1440.63765	0.06399
1438.70908	0.06217
1436.78052	0.05999
1434.85195	0.05800
1432.92339	0.05614
1430.99482	0.05379
1429.06626	0.05118
1427.13770	0.04884
1425.20913	0.04669
1423.28057	0.04480
1421.35200	0.04337
1419.42344	0.04220
1417.49487	0.04167
1415.56631	0.04163
1413.63774	0.04132
1411.70918	0.04064
1409.78062	0.03982
1407.85205	0.03892
1405.92349	0.03788
1403.99492	0.03700
1402.06636	0.03637
1400.13779	0.03570
1398.20923	0.03488
1396.28066	0.03379
1394.35210	0.03303
1392.42354	0.03342
1390.49497	0.03420
1388.56641	0.03464
1386.63784	0.03518
1384.70928	0.03646
1382.78071	0.03855
1380.85215	0.04132
1378.92358	0.04385
1376.99502	0.04502
1375.06646	0.04483
1373.13789	0.04448
1371.20933	0.04458
1369.28076	0.04468
1367.35220	0.04448
1365.42363	0.04390
1363.49507	0.04303
1361.56650	0.04229
1359.63794	0.04198
1357.70937	0.04189
1355.78081	0.04188
1353.85225	0.04203
1351.92368	0.04211
1349.99512	0.04190
1348.06655	0.04149
1346.13799	0.04103
1344.20942	0.04052
1342.28086	0.03987
1340.35229	0.03913
1338.42373	0.03852
1336.49517	0.03809
1334.56660	0.03776
1332.63804	0.03746
1330.70947	0.03720
1328.78091	0.03713
1326.85234	0.03734
1324.92378	0.03765
1322.99521	0.03795
1321.06665	0.03825
1319.13809	0.03859
1317.20952	0.03904
1315.28096	0.03957
1313.35239	0.04014
1311.42383	0.04066
1309.49526	0.04108
1307.56670	0.04150
1305.63813	0.04195
1303.70957	0.04241
1301.78101	0.04282
1299.85244	0.04312
1297.92388	0.04333
1295.99531	0.04346
1294.06675	0.04340
1292.13818	0.04319
1290.20962	0.04300
1288.28105	0.04288
1286.35249	0.04281
1284.42393	0.04277
1282.49536	0.04274
1280.56680	0.04262
1278.63823	0.04246
1276.70967	0.04236
1274.78110	0.04227
1272.85254	0.04209
1270.92397	0.04190
1268.99541	0.04177
1267.06685	0.04166
1265.13828	0.04152
1263.20972	0.04134
1261.28115	0.04117
1259.35259	0.04107
1257.42402	0.04098
1255.49546	0.04088
1253.56689	0.04081
1251.63833	0.04074
1249.70977	0.04077
1247.78120	0.04102
1245.85264	0.04128
1243.92407	0.04127
1241.99551	0.04117
1240.06694	0.04127
1238.13838	0.04145
1236.20981	0.04142
1234.28125	0.04117
1232.35269	0.04094
1230.42412	0.04083
1228.49556	0.04077
1226.56699	0.04078
1224.63843	0.04090
1222.70986	0.04107
1220.78130	0.04129
1218.85273	0.04154
1216.92417	0.04183
1214.99561	0.04214
1213.06704	0.04240
1211.13848	0.04258
1209.20991	0.04273
1207.28135	0.04295
1205.35278	0.04320
1203.42422	0.04347
1201.49565	0.04377
1199.56709	0.04406
1197.63853	0.04439
1195.70996	0.04484
1193.78140	0.04529
1191.85283	0.04560
1189.92427	0.04591
1187.99570	0.04630
1186.06714	0.04666
1184.13857	0.04698
1182.21001	0.04733
1180.28145	0.04773
1178.35288	0.04812
1176.42432	0.04838
1174.49575	0.04851
1172.56719	0.04855
1170.63862	0.04851
1168.71006	0.04840
1166.78149	0.04820
1164.85293	0.04790
1162.92437	0.04754
1160.99580	0.04712
1159.06724	0.04662
1157.13867	0.04600
1155.21011	0.04530
1153.28154	0.04462
1151.35298	0.04410
1149.42441	0.04373
1147.49585	0.04347
1145.56729	0.04322
1143.63872	0.04295
1141.71016	0.04273
1139.78159	0.04261
1137.85303	0.04251
1135.92446	0.04243
1133.99590	0.04244
1132.06733	0.04256
1130.13877	0.04272
1128.21021	0.04273
1126.28164	0.04255
1124.35308	0.04233
1122.42451	0.04218
1120.49595	0.04204
1118.56738	0.04191
1116.63882	0.04180
1114.71025	0.04168
1112.78169	0.04146
1110.85312	0.04104
1108.92456	0.04057
1106.99600	0.04032
1105.06743	0.04023
1103.13887	0.04008
1101.21030	0.03985
1099.28174	0.03966
1097.35317	0.03951
1095.42461	0.03932
1093.49604	0.03897
1091.56748	0.03837
1089.63892	0.03761
1087.71035	0.03680
1085.78179	0.03593
1083.85322	0.03496
1081.92466	0.03391
1079.99609	0.03289
1078.06753	0.03205
1076.13896	0.03155
1074.21040	0.03142
1072.28184	0.03149
1070.35327	0.03133
1068.42471	0.03062
1066.49614	0.02995
1064.56758	0.03019
1062.63901	0.03091
1060.71045	0.03095
1058.78188	0.03029
1056.85332	0.02970
1054.92476	0.02950
1052.99619	0.02942
1051.06763	0.02936
1049.13906	0.02936
1047.21050	0.02933
1045.28193	0.02935
1043.35337	0.02965
1041.42480	0.03007
1039.49624	0.03032
1037.56768	0.03065
1035.63911	0.03136
1033.71055	0.03223
1031.78198	0.03279
1029.85342	0.03270
1027.92485	0.03239
1025.99629	0.03265
1024.06772	0.03323
1022.13916	0.03348
1020.21060	0.03344
1018.28203	0.03338
1016.35347	0.03333
1014.42490	0.03329
1012.49634	0.03333
1010.56777	0.03347
1008.63921	0.03363
1006.71064	0.03376
1004.78208	0.03403
1002.85352	0.03453
1000.92495	0.03513
998.99639	0.03569
997.06782	0.03625
995.13926	0.03684
993.21069	0.03739
991.28213	0.03765
989.35356	0.03739
987.42500	0.03680
985.49644	0.03622
983.56787	0.03578
981.63931	0.03556
979.71074	0.03547
977.78218	0.03538
975.85361	0.03536
973.92505	0.03554
971.99648	0.03579
970.06792	0.03603
968.13936	0.03628
966.21079	0.03645
964.28223	0.03640
962.35366	0.03624
960.42510	0.03612
958.49653	0.03606
956.56797	0.03607
954.63940	0.03611
952.71084	0.03611
950.78228	0.03611
948.85371	0.03618
946.92515	0.03630
944.99658	0.03637
943.06802	0.03638
941.13945	0.03641
939.21089	0.03646
937.28232	0.03648
935.35376	0.03649
933.42520	0.03648
931.49663	0.03635
929.56807	0.03607
927.63950	0.03584
925.71094	0.03575
923.78237	0.03582
921.85381	0.03598
919.92524	0.03619
917.99668	0.03664
916.06812	0.03767
914.13955	0.03949
912.21099	0.04201
910.28242	0.04444
908.35386	0.04536
906.42529	0.04392
904.49673	0.04079
902.56816	0.03750
900.63960	0.03503
898.71104	0.03335
896.78247	0.03221
894.85391	0.03147
892.92534	0.03098
890.99678	0.03072
889.06821	0.03062
887.13965	0.03030
885.21108	0.02966
883.28252	0.02895
881.35396	0.02822
879.42539	0.02761
877.49683	0.02730
875.56826	0.02707
873.63970	0.02669
871.71113	0.02621
869.78257	0.02587
867.85400	0.02576
865.92544	0.02567
863.99687	0.02541
862.06831	0.02510
860.13975	0.02495
858.21118	0.02490
856.28262	0.02480
854.35405	0.02465
852.42549	0.02448
850.49692	0.02425
848.56836	0.02390
846.63979	0.02342
844.71123	0.02299
842.78267	0.02271
840.85410	0.02241
838.92554	0.02199
836.99697	0.02162
835.06841	0.02136
833.13984	0.02100
831.21128	0.02047
829.28271	0.01988
827.35415	0.01922
825.42559	0.01842
823.49702	0.01758
821.56846	0.01669
819.63989	0.01553
817.71133	0.01406
815.78276	0.01223
813.85420	0.01005
811.92563	0.00760
809.99707	0.00480
808.06851	0.00165
806.13994	-0.00175
804.21138	-0.00534
802.28281	-0.00891
800.35425	-0.01227
798.42568	-0.01545
796.49712	-0.01843
794.56855	-0.02102
792.63999	-0.02307
790.71143	-0.02447
788.78286	-0.02511
786.85430	-0.02497
784.92573	-0.02431
782.99717	-0.02312
781.06860	-0.02132
779.14004	-0.01911
777.21147	-0.01681
775.28291	-0.01460
773.35435	-0.01257
771.42578	-0.01056
769.49722	-0.00856
767.56865	-0.00676
765.64009	-0.00509
763.71152	-0.00348
761.78296	-0.00189
759.85439	-0.00024
757.92583	0.00140
755.99727	0.00309
754.06870	0.00507
752.14014	0.00725
750.21157	0.00914
748.28301	0.01079
746.35444	0.01253
744.42588	0.01434
742.49731	0.01640
740.56875	0.01912
738.64019	0.02296
736.71162	0.02955
734.78306	0.04214
732.85449	0.06081
730.92593	0.07773
728.99736	0.08569
727.06880	0.08981
725.14023	0.10000
723.21167	0.12097
721.28311	0.15570
719.35454	0.19292
717.42598	0.21076
715.49741	0.19397
713.56885	0.15224
711.64028	0.10993
709.71172	0.08038
707.78315	0.06244
705.85459	0.05127
703.92603	0.04358
701.99746	0.03778
700.06890	0.03316
698.14033	0.02959
696.21177	0.02688
694.28320	0.02460
692.35464	0.02266
690.42607	0.02128
688.49751	0.02035
686.56895	0.01944
684.64038	0.01844
682.71182	0.01739
680.78325	0.01641
678.85469	0.01579
676.92612	0.01524
674.99756	0.01430
673.06899	0.01475
671.14043	0.02205
669.21187	0.03340
667.28330	0.02891
665.35474	0.02336
663.42617	0.01716
661.49761	0.01503
659.56904	0.01581
657.64048	0.01670
655.71191	0.01660
653.78335	0.01578
651.85479	0.01552
649.92622	0.01600
647.99766	0.01607
646.06909	0.01557
644.14053	0.01538
642.21196	0.01558
640.28340	0.01571
638.35483	0.01560
636.42627	0.01493
634.49771	0.01311
632.56914	0.01034
630.64058	0.00830
628.71201	0.00864
626.78345	0.01119
624.85488	0.01375
622.92632	0.01539
620.99775	0.01613
619.06919	0.01623
617.14062	0.01678
615.21206	0.01812
613.28350	0.01898
611.35493	0.01892
609.42637	0.01896
607.49780	0.01978
605.56924	0.02091
603.64067	0.02132
601.71211	0.02033
599.78354	0.01867
