3997.91411	0.01959
3995.98555	0.01938
3994.05698	0.01916
3992.12842	0.01920
3990.19985	0.01941
3988.27129	0.01955
3986.34272	0.01956
3984.41416	0.01949
3982.48560	0.01940
3980.55703	0.01936
3978.62847	0.01936
3976.69990	0.01938
3974.77134	0.01945
3972.84277	0.01950
3970.91421	0.01950
3968.98564	0.01945
3967.05708	0.01940
3965.12852	0.01937
3963.19995	0.01943
3961.27139	0.01945
3959.34282	0.01936
3957.41426	0.01932
3955.48569	0.01934
3953.55713	0.01934
3951.62856	0.01940
3949.70000	0.01956
3947.77144	0.01963
3945.84287	0.01960
3943.91431	0.01959
3941.98574	0.01951
3940.05718	0.01933
3938.12861	0.01934
3936.20005	0.01960
3934.27148	0.01981
3932.34292	0.01979
3930.41436	0.01965
3928.48579	0.01957
3926.55723	0.01967
3924.62866	0.01993
3922.70010	0.02008
3920.77153	0.02002
3918.84297	0.01994
3916.91440	0.01998
3914.98584	0.02005
3913.05728	0.02002
3911.12871	0.01989
3909.20015	0.01983
3907.27158	0.01998
3905.34302	0.02025
3903.41445	0.02042
3901.48589	0.02036
3899.55732	0.02010
3897.62876	0.01985
3895.70020	0.01979
3893.77163	0.01985
3891.84307	0.01987
3889.91450	0.01992
3887.98594	0.02008
3886.05737	0.02011
3884.12881	0.01990
3882.20024	0.01980
3880.27168	0.01986
3878.34312	0.01996
3876.41455	0.02010
3874.48599	0.02020
3872.55742	0.02013
3870.62886	0.01992
3868.70029	0.01973
3866.77173	0.01963
3864.84316	0.01951
3862.91460	0.01941
3860.98604	0.01937
3859.05747	0.01940
3857.12891	0.01949
3855.20034	0.01957
3853.27178	0.01946
3851.34321	0.01919
3849.41465	0.01902
3847.48608	0.01902
3845.55752	0.01911
3843.62896	0.01913
3841.70039	0.01906
3839.77183	0.01907
3837.84326	0.01908
3835.91470	0.01900
3833.98613	0.01894
3832.05757	0.01888
3830.12900	0.01883
3828.20044	0.01891
3826.27187	0.01910
3824.34331	0.01920
3822.41475	0.01920
3820.48618	0.01928
3818.55762	0.01944
3816.62905	0.01942
3814.70049	0.01922
3812.77192	0.01916
3810.84336	0.01929
3808.91479	0.01939
3806.98623	0.01932
3805.05767	0.01925
3803.12910	0.01927
3801.20054	0.01913
3799.27197	0.01885
3797.34341	0.01867
3795.41484	0.01856
3793.48628	0.01851
3791.55771	0.01864
3789.62915	0.01880
3787.70059	0.01873
3785.77202	0.01851
3783.84346	0.01841
3781.91489	0.01846
3779.98633	0.01851
3778.05776	0.01861
3776.12920	0.01868
3774.20063	0.01865
3772.27207	0.01860
3770.34351	0.01857
3768.41494	0.01857
3766.48638	0.01850
3764.55781	0.01830
3762.62925	0.01816
3760.70068	0.01820
3758.77212	0.01831
3756.84355	0.01841
3754.91499	0.01848
3752.98643	0.01849
3751.05786	0.01850
3749.12930	0.01861
3747.20073	0.01882
3745.27217	0.01910
3743.34360	0.01919
3741.41504	0.01918
3739.48647	0.01948
3737.55791	0.02016
3735.62935	0.02073
3733.70078	0.02072
3731.77222	0.02078
3729.84365	0.02124
3727.91509	0.02179
3725.98652	0.02201
3724.05796	0.02170
3722.12939	0.02111
3720.20083	0.02052
3718.27227	0.02000
3716.34370	0.01965
3714.41514	0.01965
3712.48657	0.02005
3710.55801	0.02062
3708.62944	0.02109
3706.70088	0.02141
3704.77231	0.02161
3702.84375	0.02188
3700.91519	0.02239
3698.98662	0.02297
3697.05806	0.02348
3695.12949	0.02393
3693.20093	0.02419
3691.27236	0.02410
3689.34380	0.02377
3687.41523	0.02340
3685.48667	0.02310
3683.55811	0.02284
3681.62954	0.02256
3679.70098	0.02242
3677.77241	0.02258
3675.84385	0.02261
3673.91528	0.02224
3671.98672	0.02209
3670.05815	0.02221
3668.12959	0.02219
3666.20103	0.02212
3664.27246	0.02216
3662.34390	0.02212
3660.41533	0.02200
3658.48677	0.02195
3656.55820	0.02188
3654.62964	0.02175
3652.70107	0.02173
3650.77251	0.02180
3648.84395	0.02190
3646.91538	0.02172
3644.98682	0.02132
3643.05825	0.02105
3641.12969	0.02093
3639.20112	0.02088
3637.27256	0.02094
3635.34399	0.02112
3633.41543	0.02125
3631.48687	0.02120
3629.55830	0.02096
3627.62974	0.02076
3625.70117	0.02077
3623.77261	0.02085
3621.84404	0.02093
3619.91548	0.02080
3617.98691	0.02042
3616.05835	0.02003
3614.12979	0.01984
3612.20122	0.01991
3610.27266	0.02023
3608.34409	0.02066
3606.41553	0.02082
3604.48696	0.02069
3602.55840	0.02053
3600.62983	0.02030
3598.70127	0.01993
3596.77271	0.01952
3594.84414	0.01906
3592.91558	0.01858
3590.98701	0.01827
3589.05845	0.01821
3587.12988	0.01805
3585.20132	0.01750
3583.27275	0.01696
3581.34419	0.01676
3579.41562	0.01677
3577.48706	0.01678
3575.55850	0.01662
3573.62993	0.01634
3571.70137	0.01625
3569.77280	0.01648
3567.84424	0.01672
3565.91567	0.01651
3563.98711	0.01607
3562.05854	0.01575
3560.12998	0.01545
3558.20142	0.01523
3556.27285	0.01527
3554.34429	0.01539
3552.41572	0.01533
3550.48716	0.01520
3548.55859	0.01525
3546.63003	0.01540
3544.70146	0.01545
3542.77290	0.01537
3540.84434	0.01526
3538.91577	0.01519
3536.98721	0.01516
3535.05864	0.01511
3533.13008	0.01491
3531.20151	0.01470
3529.27295	0.01465
3527.34438	0.01459
3525.41582	0.01445
3523.48726	0.01441
3521.55869	0.01451
3519.63013	0.01457
3517.70156	0.01454
3515.77300	0.01450
3513.84443	0.01444
3511.91587	0.01444
3509.98730	0.01447
3508.05874	0.01433
3506.13018	0.01415
3504.20161	0.01408
3502.27305	0.01394
3500.34448	0.01378
3498.41592	0.01376
3496.48735	0.01373
3494.55879	0.01367
3492.63022	0.01367
3490.70166	0.01361
3488.77310	0.01344
3486.84453	0.01331
3484.91597	0.01327
3482.98740	0.01326
3481.05884	0.01335
3479.13027	0.01351
3477.20171	0.01350
3475.27314	0.01332
3473.34458	0.01330
3471.41602	0.01347
3469.48745	0.01357
3467.55889	0.01348
3465.63032	0.01321
3463.70176	0.01287
3461.77319	0.01266
3459.84463	0.01266
3457.91606	0.01273
3455.98750	0.01270
3454.05894	0.01265
3452.13037	0.01274
3450.20181	0.01292
3448.27324	0.01307
3446.34468	0.01304
3444.41611	0.01290
3442.48755	0.01273
3440.55898	0.01247
3438.63042	0.01223
3436.70186	0.01213
3434.77329	0.01209
3432.84473	0.01209
3430.91616	0.01210
3428.98760	0.01204
3427.05903	0.01204
3425.13047	0.01234
3423.20190	0.01263
3421.27334	0.01247
3419.34478	0.01214
3417.41621	0.01206
3415.48765	0.01225
3413.55908	0.01240
3411.63052	0.01225
3409.70195	0.01193
3407.77339	0.01177
3405.84482	0.01178
3403.91626	0.01175
3401.98770	0.01164
3400.05913	0.01154
3398.13057	0.01156
3396.20200	0.01169
3394.27344	0.01185
3392.34487	0.01196
3390.41631	0.01196
3388.48774	0.01191
3386.55918	0.01190
3384.63062	0.01202
3382.70205	0.01211
3380.77349	0.01197
3378.84492	0.01179
3376.91636	0.01175
3374.98779	0.01176
3373.05923	0.01164
3371.13066	0.01144
3369.20210	0.01128
3367.27354	0.01121
3365.34497	0.01129
3363.41641	0.01149
3361.48784	0.01158
3359.55928	0.01150
3357.63071	0.01137
3355.70215	0.01123
3353.77358	0.01107
3351.84502	0.01100
3349.91646	0.01109
3347.98789	0.01123
3346.05933	0.01133
3344.13076	0.01131
3342.20220	0.01115
3340.27363	0.01093
3338.34507	0.01070
3336.41650	0.01056
3334.48794	0.01060
3332.55937	0.01065
3330.63081	0.01057
3328.70225	0.01044
3326.77368	0.01047
3324.84512	0.01062
3322.91655	0.01071
3320.98799	0.01077
3319.05942	0.01086
3317.13086	0.01086
3315.20229	0.01083
3313.27373	0.01090
3311.34517	0.01096
3309.41660	0.01085
3307.48804	0.01060
3305.55947	0.01025
3303.63091	0.00991
3301.70234	0.00983
3299.77378	0.01003
3297.84521	0.01021
3295.91665	0.01019
3293.98809	0.01025
3292.05952	0.01042
3290.13096	0.01050
3288.20239	0.01062
3286.27383	0.01078
3284.34526	0.01076
3282.41670	0.01054
3280.48813	0.01034
3278.55957	0.01033
3276.63101	0.01036
3274.70244	0.01019
3272.77388	0.00991
3270.84531	0.00983
3268.91675	0.00996
3266.98818	0.01000
3265.05962	0.00982
3263.13105	0.00961
3261.20249	0.00953
3259.27393	0.00963
3257.34536	0.00967
3255.41680	0.00952
3253.48823	0.00952
3251.55967	0.00979
3249.63110	0.00996
3247.70254	0.00979
3245.77397	0.00958
3243.84541	0.00954
3241.91685	0.00955
3239.98828	0.00953
3238.05972	0.00950
3236.13115	0.00946
3234.20259	0.00946
3232.27402	0.00942
3230.34546	0.00928
3228.41689	0.00929
3226.48833	0.00949
3224.55977	0.00967
3222.63120	0.00960
3220.70264	0.00931
3218.77407	0.00909
3216.84551	0.00903
3214.91694	0.00902
3212.98838	0.00906
3211.05981	0.00914
3209.13125	0.00917
3207.20269	0.00912
3205.27412	0.00907
3203.34556	0.00904
3201.41699	0.00901
3199.48843	0.00902
3197.55986	0.00914
3195.63130	0.00929
3193.70273	0.00932
3191.77417	0.00928
3189.84561	0.00922
3187.91704	0.00906
3185.98848	0.00893
3184.05991	0.00884
3182.13135	0.00861
3180.20278	0.00836
3178.27422	0.00837
3176.34565	0.00855
3174.41709	0.00866
3172.48853	0.00873
3170.55996	0.00877
3168.63140	0.00873
3166.70283	0.00872
3164.77427	0.00870
3162.84570	0.00849
3160.91714	0.00818
3158.98857	0.00809
3157.06001	0.00828
3155.13145	0.00842
3153.20288	0.00835
3151.27432	0.00823
3149.34575	0.00808
3147.41719	0.00794
3145.48862	0.00792
3143.56006	0.00794
3141.63149	0.00795
3139.70293	0.00795
3137.77437	0.00782
3135.84580	0.00762
3133.91724	0.00768
3131.98867	0.00800
3130.06011	0.00812
3128.13154	0.00791
3126.20298	0.00777
3124.27441	0.00788
3122.34585	0.00799
3120.41729	0.00797
3118.48872	0.00795
3116.56016	0.00796
3114.63159	0.00793
3112.70303	0.00793
3110.77446	0.00802
3108.84590	0.00813
3106.91733	0.00819
3104.98877	0.00829
3103.06021	0.00853
3101.13164	0.00879
3099.20308	0.00892
3097.27451	0.00898
3095.34595	0.00913
3093.41738	0.00934
3091.48882	0.00950
3089.56025	0.00947
3087.63169	0.00928
3085.70312	0.00914
3083.77456	0.00910
3081.84600	0.00904
3079.91743	0.00900
3077.98887	0.00905
3076.06030	0.00913
3074.13174	0.00917
3072.20317	0.00910
3070.27461	0.00892
3068.34604	0.00881
3066.41748	0.00872
3064.48892	0.00867
3062.56035	0.00874
3060.63179	0.00888
3058.70322	0.00899
3056.77466	0.00908
3054.84609	0.00911
3052.91753	0.00908
3050.98896	0.00908
3049.06040	0.00914
3047.13184	0.00922
3045.20327	0.00930
3043.27471	0.00937
3041.34614	0.00945
3039.41758	0.00957
3037.48901	0.00979
3035.56045	0.01003
3033.63188	0.01018
3031.70332	0.01029
3029.77476	0.01046
3027.84619	0.01061
3025.91763	0.01069
3023.98906	0.01075
3022.06050	0.01087
3020.13193	0.01108
3018.20337	0.01132
3016.27480	0.01151
3014.34624	0.01173
3012.41768	0.01209
3010.48911	0.01255
3008.56055	0.01295
3006.63198	0.01325
3004.70342	0.01355
3002.77485	0.01389
3000.84629	0.01426
2998.91772	0.01467
2996.98916	0.01511
2995.06060	0.01540
2993.13203	0.01576
2991.20347	0.01671
2989.27490	0.01785
2987.34634	0.01847
2985.41777	0.01871
2983.48921	0.01908
2981.56064	0.01972
2979.63208	0.02059
2977.70352	0.02173
2975.77495	0.02341
2973.84639	0.02563
2971.91782	0.02813
2969.98926	0.03099
2968.06069	0.03452
2966.13213	0.03883
2964.20356	0.04414
2962.27500	0.05056
2960.34644	0.05728
2958.41787	0.06266
2956.48931	0.06532
2954.56074	0.06468
2952.63218	0.06097
2950.70361	0.05564
2948.77505	0.05120
2946.84648	0.04973
2944.91792	0.05186
2942.98936	0.05729
2941.06079	0.06547
2939.13223	0.07611
2937.20366	0.08953
2935.27510	0.10634
2933.34653	0.12725
2931.41797	0.15312
2929.48940	0.18538
2927.56084	0.22634
2925.63228	0.27893
2923.70371	0.34546
2921.77515	0.42637
2919.84658	0.51838
2917.91802	0.60906
2915.98945	0.67131
2914.06089	0.67796
2912.13232	0.63247
2910.20376	0.56430
2908.27520	0.49837
2906.34663	0.44470
2904.41807	0.40419
2902.48950	0.37409
2900.56094	0.35065
2898.63237	0.33098
2896.70381	0.31357
2894.77524	0.29741
2892.84668	0.28183
2890.91812	0.26649
2888.98955	0.25125
2887.06099	0.23597
2885.13242	0.22044
2883.20386	0.20460
2881.27529	0.18869
2879.34673	0.17326
2877.41816	0.15924
2875.48960	0.14765
2873.56104	0.13882
2871.63247	0.13187
2869.70391	0.12555
2867.77534	0.11985
2865.84678	0.11642
2863.91821	0.11753
2861.98965	0.12514
2860.06108	0.14135
2858.13252	0.16979
2856.20396	0.21735
2854.27539	0.29446
2852.34683	0.40940
2850.41826	0.54859
2848.48970	0.64355
2846.56113	0.61621
2844.63257	0.50802
2842.70400	0.39994
2840.77544	0.31948
2838.84687	0.26407
2836.91831	0.22579
2834.98975	0.19836
2833.06118	0.17792
2831.13262	0.16223
2829.20405	0.14976
2827.27549	0.13951
2825.34692	0.13091
2823.41836	0.12369
2821.48979	0.11766
2819.56123	0.11251
2817.63267	0.10795
2815.70410	0.10400
2813.77554	0.10062
2811.84697	0.09750
2809.91841	0.09452
2807.98984	0.09183
2806.06128	0.08946
2804.13271	0.08728
2802.20415	0.08526
2800.27559	0.08344
2798.34702	0.08172
2796.41846	0.08000
2794.48989	0.07827
2792.56133	0.07655
2790.63276	0.07493
2788.70420	0.07345
2786.77563	0.07208
2784.84707	0.07072
2782.91851	0.06936
2780.98994	0.06801
2779.06138	0.06670
2777.13281	0.06548
2775.20425	0.06433
2773.27568	0.06324
2771.34712	0.06223
2769.41855	0.06132
2767.48999	0.06047
2765.56143	0.05966
2763.63286	0.05896
2761.70430	0.05831
2759.77573	0.05760
2757.84717	0.05688
2755.91860	0.05626
2753.99004	0.05573
2752.06147	0.05522
2750.13291	0.05475
2748.20435	0.05434
2746.27578	0.05403
2744.34722	0.05379
2742.41865	0.05353
2740.49009	0.05325
2738.56152	0.05301
2736.63296	0.05276
2734.70439	0.05239
2732.77583	0.05198
2730.84727	0.05160
2728.91870	0.05120
2726.99014	0.05078
2725.06157	0.05034
2723.13301	0.04989
2721.20444	0.04941
2719.27588	0.04895
2717.34731	0.04858
2715.41875	0.04818
2713.49019	0.04769
2711.56162	0.04728
2709.63306	0.04696
2707.70449	0.04662
2705.77593	0.04628
2703.84736	0.04599
2701.91880	0.04562
2699.99023	0.04515
2698.06167	0.04469
2696.13311	0.04434
2694.20454	0.04405
2692.27598	0.04378
2690.34741	0.04351
2688.41885	0.04322
2686.49028	0.04297
2684.56172	0.04279
2682.63315	0.04266
2680.70459	0.04252
2678.77603	0.04242
2676.84746	0.04248
2674.91890	0.04272
2672.99033	0.04299
2671.06177	0.04324
2669.13320	0.04350
2667.20464	0.04380
2665.27607	0.04412
2663.34751	0.04430
2661.41895	0.04433
2659.49038	0.04425
2657.56182	0.04415
2655.63325	0.04403
2653.70469	0.04379
2651.77612	0.04348
2649.84756	0.04323
2647.91899	0.04315
2645.99043	0.04316
2644.06187	0.04318
2642.13330	0.04318
2640.20474	0.04323
2638.27617	0.04331
2636.34761	0.04336
2634.41904	0.04334
2632.49048	0.04322
2630.56191	0.04293
2628.63335	0.04247
2626.70479	0.04188
2624.77622	0.04128
2622.84766	0.04082
2620.91909	0.04049
2618.99053	0.04016
2617.06196	0.03972
2615.13340	0.03918
2613.20483	0.03871
2611.27627	0.03839
2609.34771	0.03816
2607.41914	0.03790
2605.49058	0.03762
2603.56201	0.03731
2601.63345	0.03702
2599.70488	0.03681
2597.77632	0.03669
2595.84775	0.03655
2593.91919	0.03630
2591.99062	0.03593
2590.06206	0.03549
2588.13350	0.03507
2586.20493	0.03482
2584.27637	0.03472
2582.34780	0.03461
2580.41924	0.03442
2578.49067	0.03417
2576.56211	0.03392
2574.63354	0.03374
2572.70498	0.03366
2570.77642	0.03353
2568.84785	0.03327
2566.91929	0.03298
2564.99072	0.03282
2563.06216	0.03277
2561.13359	0.03274
2559.20503	0.03263
2557.27646	0.03245
2555.34790	0.03227
2553.41934	0.03215
2551.49077	0.03206
2549.56221	0.03190
2547.63364	0.03171
2545.70508	0.03150
2543.77651	0.03116
2541.84795	0.03075
2539.91938	0.03047
2537.99082	0.03037
2536.06226	0.03031
2534.13369	0.03029
2532.20513	0.03037
2530.27656	0.03054
2528.34800	0.03064
2526.41943	0.03064
2524.49087	0.03052
2522.56230	0.03025
2520.63374	0.03000
2518.70518	0.02994
2516.77661	0.02995
2514.84805	0.02989
2512.91948	0.02980
2510.99092	0.02968
2509.06235	0.02953
2507.13379	0.02938
2505.20522	0.02924
2503.27666	0.02913
2501.34810	0.02905
2499.41953	0.02895
2497.49097	0.02888
2495.56240	0.02885
2493.63384	0.02884
2491.70527	0.02878
2489.77671	0.02865
2487.84814	0.02853
2485.91958	0.02851
2483.99102	0.02864
2482.06245	0.02881
2480.13389	0.02883
2478.20532	0.02871
2476.27676	0.02855
2474.34819	0.02843
2472.41963	0.02828
2470.49106	0.02804
2468.56250	0.02781
2466.63394	0.02768
2464.70537	0.02768
2462.77681	0.02771
2460.84824	0.02774
2458.91968	0.02774
2456.99111	0.02765
2455.06255	0.02756
2453.13398	0.02758
2451.20542	0.02759
2449.27686	0.02745
2447.34829	0.02725
2445.41973	0.02711
2443.49116	0.02707
2441.56260	0.02707
2439.63403	0.02700
2437.70547	0.02689
2435.77690	0.02692
2433.84834	0.02704
2431.91978	0.02715
2429.99121	0.02725
2428.06265	0.02733
2426.13408	0.02735
2424.20552	0.02738
2422.27695	0.02746
2420.34839	0.02755
2418.41982	0.02763
2416.49126	0.02772
2414.56270	0.02777
2412.63413	0.02768
2410.70557	0.02749
2408.77700	0.02733
2406.84844	0.02719
2404.91987	0.02704
2402.99131	0.02696
2401.06274	0.02687
2399.13418	0.02365
2397.20562	0.02334
2395.27705	0.02468
2393.34849	0.02606
2391.41992	0.02745
2389.49136	0.02900
2387.56279	0.03078
2385.63423	0.03271
2383.70566	0.03440
2381.77710	0.03542
2379.84854	0.03547
2377.91997	0.03438
2375.99141	0.03244
2374.06284	0.03031
2372.13428	0.02877
2370.20571	0.02831
2368.27715	0.02743
2366.34858	0.02689
2364.42002	0.02822
2362.49146	0.02797
2360.56289	0.02936
2358.63433	0.03234
2356.70576	0.03031
2354.77720	0.03589
2352.84863	0.04275
2350.92007	0.04654
2348.99150	0.04844
2347.06294	0.04274
2345.13437	0.03543
2343.20581	0.03551
2341.27725	0.04186
2339.34868	0.04391
2337.42012	0.04103
2335.49155	0.03573
2333.56299	0.03242
2331.63442	0.03248
2329.70586	0.03443
2327.77729	0.03736
2325.84873	0.03761
2323.92017	0.03508
2321.99160	0.03262
2320.06304	0.03119
2318.13447	0.03099
2316.20591	0.03135
2314.27734	0.03180
2312.34878	0.03258
2310.42021	0.03338
2308.49165	0.03369
2306.56309	0.03365
2304.63452	0.03332
2302.70596	0.03267
2300.77739	0.03192
2298.84883	0.03124
2296.92026	0.03071
2294.99170	0.03027
2293.06313	0.02988
2291.13457	0.02926
2289.20601	0.02852
2287.27744	0.02769
2285.34888	0.02686
2283.42031	0.02612
2281.49175	0.02537
2279.56318	0.02475
2277.63462	0.02457
2275.70605	0.02481
2273.77749	0.02516
2271.84893	0.02531
2269.92036	0.02530
2267.99180	0.02520
2266.06323	0.02533
2264.13467	0.02580
2262.20610	0.02626
2260.27754	0.02620
2258.34897	0.02578
2256.42041	0.02556
2254.49185	0.02602
2252.56328	0.02714
2250.63472	0.02767
2248.70615	0.02546
2246.77759	0.02519
2244.84902	0.02512
2242.92046	0.02505
2240.99189	0.02480
2239.06333	0.02447
2237.13477	0.02427
2235.20620	0.02425
2233.27764	0.02420
2231.34907	0.02407
2229.42051	0.02409
2227.49194	0.02424
2225.56338	0.02430
2223.63481	0.02426
2221.70625	0.02418
2219.77769	0.02397
2217.84912	0.02371
2215.92056	0.02356
2213.99199	0.02350
2212.06343	0.02351
2210.13486	0.02363
2208.20630	0.02365
2206.27773	0.02343
2204.34917	0.02341
2202.42061	0.02381
2200.49204	0.02411
2198.56348	0.02397
2196.63491	0.02393
2194.70635	0.02423
2192.77778	0.02436
2190.84922	0.02422
2188.92065	0.02417
2186.99209	0.02410
2185.06353	0.02375
2183.13496	0.02334
2181.20640	0.02338
2179.27783	0.02392
2177.34927	0.02443
2175.42070	0.02443
2173.49214	0.02404
2171.56357	0.02382
2169.63501	0.02391
2167.70645	0.02413
2165.77788	0.02443
2163.84932	0.02461
2161.92075	0.02413
2159.99219	0.02289
2158.06362	0.02177
2156.13506	0.02149
2154.20649	0.02219
2152.27793	0.02313
2150.34937	0.02339
2148.42080	0.02319
2146.49224	0.02302
2144.56367	0.02290
2142.63511	0.02280
2140.70654	0.02276
2138.77798	0.02286
2136.84941	0.02303
2134.92085	0.02317
2132.99229	0.02327
2131.06372	0.02320
2129.13516	0.02298
2127.20659	0.02290
2125.27803	0.02298
2123.34946	0.02318
2121.42090	0.02335
2119.49233	0.02341
2117.56377	0.02352
2115.63521	0.02369
2113.70664	0.02375
2111.77808	0.02368
2109.84951	0.02360
2107.92095	0.02364
2105.99238	0.02380
2104.06382	0.02388
2102.13525	0.02376
2100.20669	0.02361
2098.27812	0.02353
2096.34956	0.02340
2094.42100	0.02321
2092.49243	0.02313
2090.56387	0.02323
2088.63530	0.02334
2086.70674	0.02333
2084.77817	0.02323
2082.84961	0.02319
2080.92104	0.02331
2078.99248	0.02343
2077.06392	0.02344
2075.13535	0.02348
2073.20679	0.02358
2071.27822	0.02353
2069.34966	0.02325
2067.42109	0.02294
2065.49253	0.02284
2063.56396	0.02305
2061.63540	0.02337
2059.70684	0.02351
2057.77827	0.02341
2055.84971	0.02316
2053.92114	0.02297
2051.99258	0.02312
2050.06401	0.02340
2048.13545	0.02342
2046.20688	0.02319
2044.27832	0.02309
2042.34976	0.02331
2040.42119	0.02365
2038.49263	0.02399
2036.56406	0.02435
2034.63550	0.02444
2032.70693	0.02431
2030.77837	0.02410
2028.84980	0.02392
2026.92124	0.02413
2024.99268	0.02463
2023.06411	0.02493
2021.13555	0.02496
2019.20698	0.02509
2017.27842	0.02543
2015.34985	0.02562
2013.42129	0.02537
2011.49272	0.02476
2009.56416	0.02416
2007.63560	0.02364
2005.70703	0.02305
2003.77847	0.02267
2001.84990	0.02267
1999.92134	0.02280
1997.99277	0.02278
1996.06421	0.02270
1994.13564	0.02278
1992.20708	0.02286
1990.27852	0.02287
1988.34995	0.02302
1986.42139	0.02330
1984.49282	0.02384
1982.56426	0.02455
1980.63569	0.02473
1978.70713	0.02407
1976.77856	0.02331
1974.85000	0.02297
1972.92144	0.02270
1970.99287	0.02250
1969.06431	0.02275
1967.13574	0.02308
1965.20718	0.02292
1963.27861	0.02264
1961.35005	0.02269
1959.42148	0.02286
1957.49292	0.02292
1955.56436	0.02302
1953.63579	0.02324
1951.70723	0.02339
1949.77866	0.02345
1947.85010	0.02355
1945.92153	0.02359
1943.99297	0.02348
1942.06440	0.02336
1940.13584	0.02359
1938.20728	0.02410
1936.27871	0.02440
1934.35015	0.02432
1932.42158	0.02416
1930.49302	0.02405
1928.56445	0.02391
1926.63589	0.02391
1924.70732	0.02413
1922.77876	0.02438
1920.85020	0.02458
1918.92163	0.02485
1916.99307	0.02508
1915.06450	0.02514
1913.13594	0.02510
1911.20737	0.02501
1909.27881	0.02507
1907.35024	0.02536
1905.42168	0.02568
1903.49312	0.02594
1901.56455	0.02615
1899.63599	0.02630
1897.70742	0.02643
1895.77886	0.02649
1893.85029	0.02646
1891.92173	0.02642
1889.99316	0.02627
1888.06460	0.02586
1886.13604	0.02549
1884.20747	0.02538
1882.27891	0.02532
1880.35034	0.02520
1878.42178	0.02518
1876.49321	0.02525
1874.56465	0.02521
1872.63608	0.02501
1870.70752	0.02491
1868.77896	0.02497
1866.85039	0.02497
1864.92183	0.02487
1862.99326	0.02482
1861.06470	0.02480
1859.13613	0.02476
1857.20757	0.02475
1855.27900	0.02480
1853.35044	0.02488
1851.42187	0.02496
1849.49331	0.02498
1847.56475	0.02493
1845.63618	0.02494
1843.70762	0.02508
1841.77905	0.02524
1839.85049	0.02525
1837.92192	0.02510
1835.99336	0.02494
1834.06479	0.02498
1832.13623	0.02520
1830.20767	0.02541
1828.27910	0.02551
1826.35054	0.02562
1824.42197	0.02574
1822.49341	0.02572
1820.56484	0.02565
1818.63628	0.02567
1816.70771	0.02577
1814.77915	0.02585
1812.85059	0.02593
1810.92202	0.02602
1808.99346	0.02610
1807.06489	0.02616
1805.13633	0.02625
1803.20776	0.02639
1801.27920	0.02650
1799.35063	0.02640
1797.42207	0.02631
1795.49351	0.02643
1793.56494	0.02664
1791.63638	0.02678
1789.70781	0.02677
1787.77925	0.02672
1785.85068	0.02672
1783.92212	0.02677
1781.99355	0.02683
1780.06499	0.02690
1778.13643	0.02696
1776.20786	0.02701
1774.27930	0.02706
1772.35073	0.02711
1770.42217	0.02727
1768.49360	0.02739
1766.56504	0.02734
1764.63647	0.02729
1762.70791	0.02732
1760.77935	0.02733
1758.85078	0.02734
1756.92222	0.02738
1754.99365	0.02746
1753.06509	0.02767
1751.13652	0.02797
1749.20796	0.02807
1747.27939	0.02796
1745.35083	0.02787
1743.42227	0.02775
1741.49370	0.02756
1739.56514	0.02740
1737.63657	0.02727
1735.70801	0.02685
1733.77944	0.02564
1731.85088	0.02428
1729.92231	0.02366
1727.99375	0.02354
1726.06519	0.02351
1724.13662	0.02323
1722.20806	0.02279
1720.27949	0.02241
1718.35093	0.02193
1716.42236	0.02115
1714.49380	0.02084
1712.56523	0.02147
1710.63667	0.02270
1708.70811	0.02397
1706.77954	0.02500
1704.85098	0.02577
1702.92241	0.02622
1700.99385	0.02650
1699.06528	0.02670
1697.13672	0.02680
1695.20815	0.02681
1693.27959	0.02680
1691.35103	0.02680
1689.42246	0.02679
1687.49390	0.02672
1685.56533	0.02662
1683.63677	0.02651
1681.70820	0.02633
1679.77964	0.02615
1677.85107	0.02606
1675.92251	0.02609
1673.99395	0.02619
1672.06538	0.02626
1670.13682	0.02628
1668.20825	0.02623
1666.27969	0.02622
1664.35112	0.02622
1662.42256	0.02616
1660.49399	0.02612
1658.56543	0.02615
1656.63687	0.02621
1654.70830	0.02627
1652.77974	0.02620
1650.85117	0.02614
1648.92261	0.02621
1646.99404	0.02620
1645.06548	0.02604
1643.13691	0.02600
1641.20835	0.02611
1639.27979	0.02627
1637.35122	0.02636
1635.42266	0.02629
1633.49409	0.02616
1631.56553	0.02608
1629.63696	0.02600
1627.70840	0.02588
1625.77983	0.02583
1623.85127	0.02586
1621.92271	0.02585
1619.99414	0.02579
1618.06558	0.02573
1616.13701	0.02571
1614.20845	0.02575
1612.27988	0.02575
1610.35132	0.02573
1608.42275	0.02575
1606.49419	0.02583
1604.56562	0.02591
1602.63706	0.02598
1600.70850	0.02600
1598.77993	0.02596
1596.85137	0.02592
1594.92280	0.02593
1592.99424	0.02596
1591.06567	0.02597
1589.13711	0.02594
1587.20854	0.02584
1585.27998	0.02562
1583.35142	0.02532
1581.42285	0.02504
1579.49429	0.02486
1577.56572	0.02461
1575.63716	0.02423
1573.70859	0.02400
1571.78003	0.02396
1569.85146	0.02396
1567.92290	0.02399
1565.99434	0.02413
1564.06577	0.02426
1562.13721	0.02435
1560.20864	0.02437
1558.28008	0.02432
1556.35151	0.02436
1554.42295	0.02438
1552.49438	0.02440
1550.56582	0.02439
1548.63726	0.02423
1546.70869	0.02403
1544.78013	0.02392
1542.85156	0.02370
1540.92300	0.02320
1538.99443	0.02275
1537.06587	0.02267
1535.13730	0.02286
1533.20874	0.02302
1531.28018	0.02305
1529.35161	0.02315
1527.42305	0.02334
1525.49448	0.02348
1523.56592	0.02351
1521.63735	0.02349
1519.70879	0.02341
1517.78022	0.02341
1515.85166	0.02342
1513.92310	0.02343
1511.99453	0.02359
1510.06597	0.02387
1508.13740	0.02409
1506.20884	0.02384
1504.28027	0.02358
1502.35171	0.02359
1500.42314	0.02369
1498.49458	0.02385
1496.56602	0.02390
1494.63745	0.02399
1492.70889	0.02422
1490.78032	0.02453
1488.85176	0.02467
1486.92319	0.02482
1484.99463	0.02547
1483.06606	0.02726
1481.13750	0.03175
1479.20894	0.04356
1477.28037	0.07508
1475.35181	0.14094
1473.42324	0.22424
1471.49468	0.24374
1469.56611	0.19967
1467.63755	0.16192
1465.70898	0.15770
1463.78042	0.18593
1461.85186	0.20229
1459.92329	0.18150
1457.99473	0.13681
1456.06616	0.10035
1454.13760	0.08531
1452.20903	0.07649
1450.28047	0.06838
1448.35190	0.06097
1446.42334	0.05487
1444.49478	0.05049
1442.56621	0.04734
1440.63765	0.04500
1438.70908	0.04323
1436.78052	0.04122
1434.85195	0.03899
1432.92339	0.03702
1430.99482	0.03498
1429.06626	0.03280
1427.13770	0.03090
1425.20913	0.02941
1423.28057	0.02830
1421.35200	0.02761
1419.42344	0.02703
1417.49487	0.02634
1415.56631	0.02596
1413.63774	0.02612
1411.70918	0.02668
1409.78062	0.02710
1407.85205	0.02706
1405.92349	0.02660
1403.99492	0.02591
1402.06636	0.02532
1400.13779	0.02505
1398.20923	0.02521
1396.28066	0.02582
1394.35210	0.02634
1392.42354	0.02613
1390.49497	0.02579
1388.56641	0.02631
1386.63784	0.02807
1384.70928	0.03088
1382.78071	0.03473
1380.85215	0.03946
1378.92358	0.04350
1376.99502	0.04479
1375.06646	0.04273
1373.13789	0.03899
1371.20933	0.03576
1369.28076	0.03329
1367.35220	0.03116
1365.42363	0.02930
1363.49507	0.02748
1361.56650	0.02580
1359.63794	0.02482
1357.70937	0.02461
1355.78081	0.02480
1353.85225	0.02502
1351.92368	0.02507
1349.99512	0.02497
1348.06655	0.02479
1346.13799	0.02464
1344.20942	0.02462
1342.28086	0.02467
1340.35229	0.02462
1338.42373	0.02419
1336.49517	0.02345
1334.56660	0.02280
1332.63804	0.02241
1330.70947	0.02217
1328.78091	0.02196
1326.85234	0.02179
1324.92378	0.02165
1322.99521	0.02157
1321.06665	0.02161
1319.13809	0.02170
1317.20952	0.02185
1315.28096	0.02212
1313.35239	0.02251
1311.42383	0.02291
1309.49526	0.02323
1307.56670	0.02343
1305.63813	0.02355
1303.70957	0.02360
1301.78101	0.02351
1299.85244	0.02331
1297.92388	0.02302
1295.99531	0.02264
1294.06675	0.02222
1292.13818	0.02173
1290.20962	0.02121
1288.28105	0.02072
1286.35249	0.02024
1284.42393	0.01972
1282.49536	0.01918
1280.56680	0.01858
1278.63823	0.01792
1276.70967	0.01726
1274.78110	0.01670
1272.85254	0.01631
1270.92397	0.01607
1268.99541	0.01596
1267.06685	0.01596
1265.13828	0.01611
1263.20972	0.01651
1261.28115	0.01723
1259.35259	0.01811
1257.42402	0.01890
1255.49546	0.01945
1253.56689	0.01976
1251.63833	0.01984
1249.70977	0.01965
1247.78120	0.01932
1245.85264	0.01931
1243.92407	0.01983
1241.99551	0.02042
1240.06694	0.02056
1238.13838	0.02049
1236.20981	0.02062
1234.28125	0.02084
1232.35269	0.02090
1230.42412	0.02080
1228.49556	0.02070
1226.56699	0.02078
1224.63843	0.02110
1222.70986	0.02156
1220.78130	0.02198
1218.85273	0.02229
1216.92417	0.02249
1214.99561	0.02267
1213.06704	0.02285
1211.13848	0.02299
1209.20991	0.02310
1207.28135	0.02322
1205.35278	0.02335
1203.42422	0.02353
1201.49565	0.02378
1199.56709	0.02406
1197.63853	0.02432
1195.70996	0.02455
1193.78140	0.02477
1191.85283	0.02502
1189.92427	0.02528
1187.99570	0.02545
1186.06714	0.02543
1184.13857	0.02521
1182.21001	0.02486
1180.28145	0.02469
1178.35288	0.02483
1176.42432	0.02506
1174.49575	0.02540
1172.56719	0.02608
1170.63862	0.02709
1168.71006	0.02818
1166.78149	0.02911
1164.85293	0.02985
1162.92437	0.03053
1160.99580	0.03118
1159.06724	0.03176
1157.13867	0.03226
1155.21011	0.03274
1153.28154	0.03319
1151.35298	0.03358
1149.42441	0.03395
1147.49585	0.03435
1145.56729	0.03476
1143.63872	0.03521
1141.71016	0.03572
1139.78159	0.03627
1137.85303	0.03696
1135.92446	0.03787
1133.99590	0.03897
1132.06733	0.04001
1130.13877	0.04066
1128.21021	0.04085
1126.28164	0.04094
1124.35308	0.04124
1122.42451	0.04179
1120.49595	0.04257
1118.56738	0.04349
1116.63882	0.04437
1114.71025	0.04508
1112.78169	0.04568
1110.85312	0.04634
1108.92456	0.04718
1106.99600	0.04826
1105.06743	0.04943
1103.13887	0.05044
1101.21030	0.05127
1099.28174	0.05199
1097.35317	0.05260
1095.42461	0.05317
1093.49604	0.05398
1091.56748	0.05524
1089.63892	0.05669
1087.71035	0.05797
1085.78179	0.05918
1083.85322	0.06057
1081.92466	0.06209
1079.99609	0.06355
1078.06753	0.06476
1076.13896	0.06555
1074.21040	0.06594
1072.28184	0.06607
1070.35327	0.06645
1068.42471	0.06783
1066.49614	0.06968
1064.56758	0.07074
1062.63901	0.07123
1060.71045	0.07233
1058.78188	0.07414
1056.85332	0.07574
1054.92476	0.07683
1052.99619	0.07790
1051.06763	0.07906
1049.13906	0.07993
1047.21050	0.08045
1045.28193	0.08099
1043.35337	0.08173
1041.42480	0.08257
1039.49624	0.08354
1037.56768	0.08451
1035.63911	0.08517
1033.71055	0.08545
1031.78198	0.08557
1029.85342	0.08586
1027.92485	0.08609
1025.99629	0.08565
1024.06772	0.08489
1022.13916	0.08459
1020.21060	0.08478
1018.28203	0.08520
1016.35347	0.08574
1014.42490	0.08616
1012.49634	0.08632
1010.56777	0.08621
1008.63921	0.08573
1006.71064	0.08477
1004.78208	0.08345
1002.85352	0.08192
1000.92495	0.08026
998.99639	0.07851
997.06782	0.07666
995.13926	0.07466
993.21069	0.07260
991.28213	0.07079
989.35356	0.06938
987.42500	0.06813
985.49644	0.06684
983.56787	0.06559
981.63931	0.06445
979.71074	0.06335
977.78218	0.06212
975.85361	0.06070
973.92505	0.05909
971.99648	0.05729
970.06792	0.05533
968.13936	0.05333
966.21079	0.05141
964.28223	0.04946
962.35366	0.04735
960.42510	0.04519
958.49653	0.04329
956.56797	0.04190
954.63940	0.04096
952.71084	0.04028
950.78228	0.03969
948.85371	0.03917
946.92515	0.03872
944.99658	0.03842
943.06802	0.03824
941.13945	0.03800
939.21089	0.03753
937.28232	0.03685
935.35376	0.03614
933.42520	0.03554
931.49663	0.03499
929.56807	0.03452
927.63950	0.03419
925.71094	0.03398
923.78237	0.03388
921.85381	0.03392
919.92524	0.03401
917.99668	0.03410
916.06812	0.03431
914.13955	0.03452
912.21099	0.03440
910.28242	0.03376
908.35386	0.03263
906.42529	0.03134
904.49673	0.03027
902.56816	0.02945
900.63960	0.02883
898.71104	0.02856
896.78247	0.02884
894.85391	0.02973
892.92534	0.03122
890.99678	0.03308
889.06821	0.03406
887.13965	0.03268
885.21108	0.02940
883.28252	0.02607
881.35396	0.02375
879.42539	0.02218
877.49683	0.02083
875.56826	0.01957
873.63970	0.01859
871.71113	0.01796
869.78257	0.01755
867.85400	0.01713
865.92544	0.01679
863.99687	0.01667
862.06831	0.01662
860.13975	0.01653
858.21118	0.01641
856.28262	0.01620
854.35405	0.01585
852.42549	0.01545
850.49692	0.01510
848.56836	0.01480
846.63979	0.01459
844.71123	0.01438
842.78267	0.01398
840.85410	0.01341
838.92554	0.01289
836.99697	0.01243
835.06841	0.01192
833.13984	0.01147
831.21128	0.01123
829.28271	0.01101
827.35415	0.01059
825.42559	0.00990
823.49702	0.00912
821.56846	0.00844
819.63989	0.00770
817.71133	0.00669
815.78276	0.00547
813.85420	0.00419
811.92563	0.00290
809.99707	0.00150
808.06851	-0.00014
806.13994	-0.00215
804.21138	-0.00443
802.28281	-0.00682
800.35425	-0.00941
798.42568	-0.01239
796.49712	-0.01566
794.56855	-0.01885
792.63999	-0.02185
790.71143	-0.02482
788.78286	-0.02780
786.85430	-0.03059
784.92573	-0.03301
782.99717	-0.03498
781.06860	-0.03635
779.14004	-0.03717
777.21147	-0.03754
775.28291	-0.03721
773.35435	-0.03609
771.42578	-0.03445
769.49722	-0.03269
767.56865	-0.03099
765.64009	-0.02904
763.71152	-0.02679
761.78296	-0.02463
759.85439	-0.02262
757.92583	-0.02044
755.99727	-0.01815
754.06870	-0.01596
752.14014	-0.01385
750.21157	-0.01178
748.28301	-0.00982
746.35444	-0.00792
744.42588	-0.00583
742.49731	-0.00311
740.56875	0.00106
738.64019	0.00861
736.71162	0.02503
734.78306	0.05925
732.85449	0.10772
730.92593	0.13797
728.99736	0.12571
727.06880	0.09682
725.14023	0.08505
723.21167	0.10657
721.28311	0.16184
719.35454	0.22646
717.42598	0.25044
715.49741	0.21642
713.56885	0.15774
711.64028	0.10854
709.71172	0.07888
707.78315	0.06337
705.85459	0.05502
703.92603	0.05013
701.99746	0.04708
700.06890	0.04524
698.14033	0.04413
696.21177	0.04339
694.28320	0.04270
692.35464	0.04188
690.42607	0.04065
688.49751	0.03894
686.56895	0.03751
684.64038	0.03682
682.71182	0.03645
680.78325	0.03567
678.85469	0.03429
676.92612	0.03330
674.99756	0.03360
673.06899	0.03372
671.14043	0.02743
669.21187	0.01504
667.28330	0.01717
665.35474	0.02201
663.42617	0.02737
661.49761	0.02816
659.56904	0.02662
657.64048	0.02467
655.71191	0.02297
653.78335	0.02189
651.85479	0.02072
649.92622	0.01894
647.99766	0.01717
646.06909	0.01566
644.14053	0.01390
642.21196	0.01228
640.28340	0.01117
638.35483	0.00950
636.42627	0.00625
634.49771	0.00225
632.56914	-0.00087
630.64058	-0.00231
628.71201	-0.00219
626.78345	-0.00040
624.85488	0.00216
622.92632	0.00433
620.99775	0.00583
619.06919	0.00702
617.14062	0.00773
615.21206	0.00785
613.28350	0.00791
611.35493	0.00826
609.42637	0.00855
607.49780	0.00832
605.56924	0.00749
603.64067	0.00681
601.71211	0.00680
599.78354	0.00681
