3997.91411	0.01703
3995.98555	0.01699
3994.05698	0.01686
3992.12842	0.01672
3990.19985	0.01665
3988.27129	0.01662
3986.34272	0.01659
3984.41416	0.01666
3982.48560	0.01678
3980.55703	0.01687
3978.62847	0.01689
3976.69990	0.01684
3974.77134	0.01680
3972.84277	0.01682
3970.91421	0.01687
3968.98564	0.01689
3967.05708	0.01689
3965.12852	0.01687
3963.19995	0.01682
3961.27139	0.01678
3959.34282	0.01682
3957.41426	0.01691
3955.48569	0.01689
3953.55713	0.01672
3951.62856	0.01662
3949.70000	0.01667
3947.77144	0.01674
3945.84287	0.01674
3943.91431	0.01676
3941.98574	0.01678
3940.05718	0.01676
3938.12861	0.01666
3936.20005	0.01654
3934.27148	0.01649
3932.34292	0.01650
3930.41436	0.01652
3928.48579	0.01656
3926.55723	0.01662
3924.62866	0.01664
3922.70010	0.01660
3920.77153	0.01655
3918.84297	0.01653
3916.91440	0.01662
3914.98584	0.01677
3913.05728	0.01687
3911.12871	0.01687
3909.20015	0.01680
3907.27158	0.01671
3905.34302	0.01658
3903.41445	0.01647
3901.48589	0.01650
3899.55732	0.01665
3897.62876	0.01670
3895.70020	0.01656
3893.77163	0.01640
3891.84307	0.01643
3889.91450	0.01655
3887.98594	0.01657
3886.05737	0.01654
3884.12881	0.01651
3882.20024	0.01641
3880.27168	0.01634
3878.34312	0.01634
3876.41455	0.01626
3874.48599	0.01607
3872.55742	0.01592
3870.62886	0.01597
3868.70029	0.01615
3866.77173	0.01623
3864.84316	0.01620
3862.91460	0.01615
3860.98604	0.01606
3859.05747	0.01594
3857.12891	0.01582
3855.20034	0.01585
3853.27178	0.01612
3851.34321	0.01638
3849.41465	0.01634
3847.48608	0.01611
3845.55752	0.01589
3843.62896	0.01574
3841.70039	0.01560
3839.77183	0.01547
3837.84326	0.01543
3835.91470	0.01548
3833.98613	0.01555
3832.05757	0.01564
3830.12900	0.01580
3828.20044	0.01600
3826.27187	0.01607
3824.34331	0.01590
3822.41475	0.01566
3820.48618	0.01560
3818.55762	0.01570
3816.62905	0.01582
3814.70049	0.01594
3812.77192	0.01592
3810.84336	0.01577
3808.91479	0.01568
3806.98623	0.01570
3805.05767	0.01567
3803.12910	0.01558
3801.20054	0.01557
3799.27197	0.01569
3797.34341	0.01579
3795.41484	0.01586
3793.48628	0.01585
3791.55771	0.01574
3789.62915	0.01563
3787.70059	0.01559
3785.77202	0.01558
3783.84346	0.01553
3781.91489	0.01546
3779.98633	0.01545
3778.05776	0.01554
3776.12920	0.01562
3774.20063	0.01559
3772.27207	0.01550
3770.34351	0.01543
3768.41494	0.01542
3766.48638	0.01546
3764.55781	0.01554
3762.62925	0.01554
3760.70068	0.01544
3758.77212	0.01534
3756.84355	0.01527
3754.91499	0.01514
3752.98643	0.01495
3751.05786	0.01480
3749.12930	0.01469
3747.20073	0.01457
3745.27217	0.01461
3743.34360	0.01495
3741.41504	0.01519
3739.48647	0.01498
3737.55791	0.01452
3735.62935	0.01416
3733.70078	0.01401
3731.77222	0.01402
3729.84365	0.01404
3727.91509	0.01391
3725.98652	0.01382
3724.05796	0.01393
3722.12939	0.01427
3720.20083	0.01470
3718.27227	0.01501
3716.34370	0.01509
3714.41514	0.01504
3712.48657	0.01503
3710.55801	0.01503
3708.62944	0.01518
3706.70088	0.01546
3704.77231	0.01578
3702.84375	0.01613
3700.91519	0.01646
3698.98662	0.01677
3697.05806	0.01704
3695.12949	0.01717
3693.20093	0.01723
3691.27236	0.01732
3689.34380	0.01770
3687.41523	0.01834
3685.48667	0.01893
3683.55811	0.01934
3681.62954	0.01969
3679.70098	0.01993
3677.77241	0.01993
3675.84385	0.01982
3673.91528	0.01980
3671.98672	0.01986
3670.05815	0.01989
3668.12959	0.01992
3666.20103	0.01994
3664.27246	0.02000
3662.34390	0.02003
3660.41533	0.01989
3658.48677	0.01962
3656.55820	0.01947
3654.62964	0.01951
3652.70107	0.01957
3650.77251	0.01967
3648.84395	0.01991
3646.91538	0.02014
3644.98682	0.02023
3643.05825	0.02023
3641.12969	0.02024
3639.20112	0.02028
3637.27256	0.02032
3635.34399	0.02032
3633.41543	0.02025
3631.48687	0.02007
3629.55830	0.02000
3627.62974	0.02040
3625.70117	0.02102
3623.77261	0.02136
3621.84404	0.02146
3619.91548	0.02169
3617.98691	0.02196
3616.05835	0.02215
3614.12979	0.02234
3612.20122	0.02263
3610.27266	0.02294
3608.34409	0.02312
3606.41553	0.02312
3604.48696	0.02302
3602.55840	0.02298
3600.62983	0.02306
3598.70127	0.02313
3596.77271	0.02326
3594.84414	0.02354
3592.91558	0.02395
3590.98701	0.02435
3589.05845	0.02474
3587.12988	0.02502
3585.20132	0.02507
3583.27275	0.02510
3581.34419	0.02532
3579.41562	0.02570
3577.48706	0.02612
3575.55850	0.02645
3573.62993	0.02663
3571.70137	0.02667
3569.77280	0.02683
3567.84424	0.02724
3565.91567	0.02759
3563.98711	0.02768
3562.05854	0.02780
3560.12998	0.02809
3558.20142	0.02834
3556.27285	0.02855
3554.34429	0.02885
3552.41572	0.02922
3550.48716	0.02956
3548.55859	0.02974
3546.63003	0.02980
3544.70146	0.03001
3542.77290	0.03034
3540.84434	0.03060
3538.91577	0.03079
3536.98721	0.03102
3535.05864	0.03130
3533.13008	0.03148
3531.20151	0.03155
3529.27295	0.03168
3527.34438	0.03196
3525.41582	0.03236
3523.48726	0.03269
3521.55869	0.03282
3519.63013	0.03290
3517.70156	0.03297
3515.77300	0.03301
3513.84443	0.03318
3511.91587	0.03353
3509.98730	0.03382
3508.05874	0.03389
3506.13018	0.03389
3504.20161	0.03409
3502.27305	0.03445
3500.34448	0.03475
3498.41592	0.03497
3496.48735	0.03521
3494.55879	0.03553
3492.63022	0.03594
3490.70166	0.03634
3488.77310	0.03662
3486.84453	0.03681
3484.91597	0.03708
3482.98740	0.03738
3481.05884	0.03754
3479.13027	0.03767
3477.20171	0.03784
3475.27314	0.03796
3473.34458	0.03804
3471.41602	0.03815
3469.48745	0.03839
3467.55889	0.03884
3465.63032	0.03933
3463.70176	0.03955
3461.77319	0.03940
3459.84463	0.03922
3457.91606	0.03941
3455.98750	0.03993
3454.05894	0.04037
3452.13037	0.04048
3450.20181	0.04042
3448.27324	0.04047
3446.34468	0.04074
3444.41611	0.04108
3442.48755	0.04129
3440.55898	0.04140
3438.63042	0.04148
3436.70186	0.04156
3434.77329	0.04157
3432.84473	0.04144
3430.91616	0.04134
3428.98760	0.04147
3427.05903	0.04187
3425.13047	0.04228
3423.20190	0.04242
3421.27334	0.04233
3419.34478	0.04234
3417.41621	0.04254
3415.48765	0.04286
3413.55908	0.04315
3411.63052	0.04334
3409.70195	0.04344
3407.77339	0.04343
3405.84482	0.04329
3403.91626	0.04325
3401.98770	0.04345
3400.05913	0.04364
3398.13057	0.04361
3396.20200	0.04349
3394.27344	0.04342
3392.34487	0.04355
3390.41631	0.04382
3388.48774	0.04397
3386.55918	0.04402
3384.63062	0.04412
3382.70205	0.04423
3380.77349	0.04442
3378.84492	0.04464
3376.91636	0.04465
3374.98779	0.04459
3373.05923	0.04468
3371.13066	0.04472
3369.20210	0.04467
3367.27354	0.04467
3365.34497	0.04470
3363.41641	0.04480
3361.48784	0.04495
3359.55928	0.04500
3357.63071	0.04498
3355.70215	0.04506
3353.77358	0.04509
3351.84502	0.04486
3349.91646	0.04464
3347.98789	0.04469
3346.05933	0.04485
3344.13076	0.04498
3342.20220	0.04510
3340.27363	0.04511
3338.34507	0.04506
3336.41650	0.04508
3334.48794	0.04506
3332.55937	0.04495
3330.63081	0.04493
3328.70225	0.04493
3326.77368	0.04489
3324.84512	0.04491
3322.91655	0.04509
3320.98799	0.04538
3319.05942	0.04552
3317.13086	0.04535
3315.20229	0.04510
3313.27373	0.04500
3311.34517	0.04496
3309.41660	0.04489
3307.48804	0.04484
3305.55947	0.04488
3303.63091	0.04502
3301.70234	0.04515
3299.77378	0.04511
3297.84521	0.04496
3295.91665	0.04487
3293.98809	0.04487
3292.05952	0.04485
3290.13096	0.04486
3288.20239	0.04491
3286.27383	0.04486
3284.34526	0.04474
3282.41670	0.04465
3280.48813	0.04455
3278.55957	0.04440
3276.63101	0.04431
3274.70244	0.04426
3272.77388	0.04402
3270.84531	0.04362
3268.91675	0.04329
3266.98818	0.04319
3265.05962	0.04323
3263.13105	0.04318
3261.20249	0.04293
3259.27393	0.04260
3257.34536	0.04227
3255.41680	0.04194
3253.48823	0.04172
3251.55967	0.04156
3249.63110	0.04139
3247.70254	0.04125
3245.77397	0.04102
3243.84541	0.04065
3241.91685	0.04030
3239.98828	0.03998
3238.05972	0.03961
3236.13115	0.03929
3234.20259	0.03905
3232.27402	0.03887
3230.34546	0.03876
3228.41689	0.03877
3226.48833	0.03877
3224.55977	0.03855
3222.63120	0.03812
3220.70264	0.03780
3218.77407	0.03771
3216.84551	0.03757
3214.91694	0.03723
3212.98838	0.03681
3211.05981	0.03657
3209.13125	0.03647
3207.20269	0.03628
3205.27412	0.03607
3203.34556	0.03606
3201.41699	0.03610
3199.48843	0.03598
3197.55986	0.03572
3195.63130	0.03542
3193.70273	0.03520
3191.77417	0.03511
3189.84561	0.03502
3187.91704	0.03481
3185.98848	0.03452
3184.05991	0.03418
3182.13135	0.03380
3180.20278	0.03348
3178.27422	0.03326
3176.34565	0.03304
3174.41709	0.03281
3172.48853	0.03255
3170.55996	0.03231
3168.63140	0.03214
3166.70283	0.03186
3164.77427	0.03140
3162.84570	0.03102
3160.91714	0.03097
3158.98857	0.03102
3157.06001	0.03082
3155.13145	0.03041
3153.20288	0.03007
3151.27432	0.02983
3149.34575	0.02961
3147.41719	0.02948
3145.48862	0.02939
3143.56006	0.02922
3141.63149	0.02899
3139.70293	0.02886
3137.77437	0.02877
3135.84580	0.02864
3133.91724	0.02843
3131.98867	0.02815
3130.06011	0.02793
3128.13154	0.02778
3126.20298	0.02757
3124.27441	0.02730
3122.34585	0.02713
3120.41729	0.02705
3118.48872	0.02695
3116.56016	0.02677
3114.63159	0.02661
3112.70303	0.02650
3110.77446	0.02633
3108.84590	0.02613
3106.91733	0.02607
3104.98877	0.02620
3103.06021	0.02636
3101.13164	0.02632
3099.20308	0.02602
3097.27451	0.02573
3095.34595	0.02568
3093.41738	0.02582
3091.48882	0.02589
3089.56025	0.02577
3087.63169	0.02563
3085.70312	0.02560
3083.77456	0.02556
3081.84600	0.02546
3079.91743	0.02536
3077.98887	0.02534
3076.06030	0.02535
3074.13174	0.02527
3072.20317	0.02511
3070.27461	0.02496
3068.34604	0.02482
3066.41748	0.02459
3064.48892	0.02434
3062.56035	0.02424
3060.63179	0.02418
3058.70322	0.02399
3056.77466	0.02377
3054.84609	0.02364
3052.91753	0.02349
3050.98896	0.02329
3049.06040	0.02310
3047.13184	0.02297
3045.20327	0.02277
3043.27471	0.02253
3041.34614	0.02240
3039.41758	0.02231
3037.48901	0.02216
3035.56045	0.02196
3033.63188	0.02180
3031.70332	0.02173
3029.77476	0.02167
3027.84619	0.02152
3025.91763	0.02129
3023.98906	0.02107
3022.06050	0.02088
3020.13193	0.02067
3018.20337	0.02051
3016.27480	0.02048
3014.34624	0.02052
3012.41768	0.02056
3010.48911	0.02062
3008.56055	0.02069
3006.63198	0.02071
3004.70342	0.02070
3002.77485	0.02071
3000.84629	0.02076
2998.91772	0.02090
2996.98916	0.02114
2995.06060	0.02142
2993.13203	0.02165
2991.20347	0.02192
2989.27490	0.02238
2987.34634	0.02288
2985.41777	0.02339
2983.48921	0.02408
2981.56064	0.02501
2979.63208	0.02608
2977.70352	0.02731
2975.77495	0.02867
2973.84639	0.03016
2971.91782	0.03192
2969.98926	0.03394
2968.06069	0.03606
2966.13213	0.03824
2964.20356	0.04037
2962.27500	0.04232
2960.34644	0.04391
2958.41787	0.04512
2956.48931	0.04612
2954.56074	0.04704
2952.63218	0.04799
2950.70361	0.04908
2948.77505	0.05053
2946.84648	0.05271
2944.91792	0.05600
2942.98936	0.06044
2941.06079	0.06597
2939.13223	0.07255
2937.20366	0.08004
2935.27510	0.08856
2933.34653	0.09834
2931.41797	0.10937
2929.48940	0.12160
2927.56084	0.13528
2925.63228	0.15086
2923.70371	0.16878
2921.77515	0.18924
2919.84658	0.21120
2917.91802	0.23148
2915.98945	0.24492
2914.06089	0.24698
2912.13232	0.23779
2910.20376	0.22237
2908.27520	0.20620
2906.34663	0.19200
2904.41807	0.18024
2902.48950	0.17057
2900.56094	0.16263
2898.63237	0.15585
2896.70381	0.14965
2894.77524	0.14378
2892.84668	0.13809
2890.91812	0.13237
2888.98955	0.12660
2887.06099	0.12081
2885.13242	0.11506
2883.20386	0.10950
2881.27529	0.10419
2879.34673	0.09913
2877.41816	0.09444
2875.48960	0.09034
2873.56104	0.08697
2871.63247	0.08426
2869.70391	0.08211
2867.77534	0.08076
2865.84678	0.08071
2863.91821	0.08248
2861.98965	0.08668
2860.06108	0.09404
2858.13252	0.10529
2856.20396	0.12148
2854.27539	0.14435
2852.34683	0.17455
2850.41826	0.20659
2848.48970	0.22700
2846.56113	0.22513
2844.63257	0.20520
2842.70400	0.17950
2840.77544	0.15609
2838.84687	0.13726
2836.91831	0.12275
2834.98975	0.11161
2833.06118	0.10288
2831.13262	0.09586
2829.20405	0.09014
2827.27549	0.08541
2825.34692	0.08143
2823.41836	0.07804
2821.48979	0.07504
2819.56123	0.07234
2817.63267	0.07001
2815.70410	0.06804
2813.77554	0.06632
2811.84697	0.06475
2809.91841	0.06325
2807.98984	0.06181
2806.06128	0.06047
2804.13271	0.05918
2802.20415	0.05791
2800.27559	0.05674
2798.34702	0.05571
2796.41846	0.05479
2794.48989	0.05391
2792.56133	0.05303
2790.63276	0.05219
2788.70420	0.05142
2786.77563	0.05067
2784.84707	0.04991
2782.91851	0.04916
2780.98994	0.04844
2779.06138	0.04777
2777.13281	0.04716
2775.20425	0.04661
2773.27568	0.04608
2771.34712	0.04555
2769.41855	0.04508
2767.48999	0.04467
2765.56143	0.04427
2763.63286	0.04385
2761.70430	0.04344
2759.77573	0.04305
2757.84717	0.04267
2755.91860	0.04228
2753.99004	0.04192
2752.06147	0.04158
2750.13291	0.04128
2748.20435	0.04105
2746.27578	0.04087
2744.34722	0.04067
2742.41865	0.04046
2740.49009	0.04029
2738.56152	0.04012
2736.63296	0.03994
2734.70439	0.03973
2732.77583	0.03951
2730.84727	0.03925
2728.91870	0.03904
2726.99014	0.03890
2725.06157	0.03872
2723.13301	0.03848
2721.20444	0.03830
2719.27588	0.03813
2717.34731	0.03784
2715.41875	0.03753
2713.49019	0.03733
2711.56162	0.03716
2709.63306	0.03697
2707.70449	0.03680
2705.77593	0.03662
2703.84736	0.03641
2701.91880	0.03622
2699.99023	0.03606
2698.06167	0.03591
2696.13311	0.03582
2694.20454	0.03572
2692.27598	0.03556
2690.34741	0.03538
2688.41885	0.03525
2686.49028	0.03517
2684.56172	0.03510
2682.63315	0.03500
2680.70459	0.03490
2678.77603	0.03479
2676.84746	0.03465
2674.91890	0.03457
2672.99033	0.03459
2671.06177	0.03464
2669.13320	0.03466
2667.20464	0.03468
2665.27607	0.03474
2663.34751	0.03477
2661.41895	0.03477
2659.49038	0.03472
2657.56182	0.03460
2655.63325	0.03448
2653.70469	0.03439
2651.77612	0.03422
2649.84756	0.03398
2647.91899	0.03380
2645.99043	0.03378
2644.06187	0.03384
2642.13330	0.03379
2640.20474	0.03360
2638.27617	0.03345
2636.34761	0.03338
2634.41904	0.03328
2632.49048	0.03311
2630.56191	0.03299
2628.63335	0.03289
2626.70479	0.03267
2624.77622	0.03239
2622.84766	0.03211
2620.91909	0.03188
2618.99053	0.03168
2617.06196	0.03145
2615.13340	0.03122
2613.20483	0.03104
2611.27627	0.03088
2609.34771	0.03066
2607.41914	0.03038
2605.49058	0.03007
2603.56201	0.02979
2601.63345	0.02962
2599.70488	0.02955
2597.77632	0.02949
2595.84775	0.02942
2593.91919	0.02935
2591.99062	0.02924
2590.06206	0.02906
2588.13350	0.02886
2586.20493	0.02874
2584.27637	0.02866
2582.34780	0.02857
2580.41924	0.02845
2578.49067	0.02821
2576.56211	0.02786
2574.63354	0.02763
2572.70498	0.02759
2570.77642	0.02753
2568.84785	0.02736
2566.91929	0.02724
2564.99072	0.02726
2563.06216	0.02726
2561.13359	0.02713
2559.20503	0.02695
2557.27646	0.02677
2555.34790	0.02667
2553.41934	0.02669
2551.49077	0.02674
2549.56221	0.02664
2547.63364	0.02631
2545.70508	0.02599
2543.77651	0.02590
2541.84795	0.02592
2539.91938	0.02580
2537.99082	0.02556
2536.06226	0.02547
2534.13369	0.02555
2532.20513	0.02560
2530.27656	0.02549
2528.34800	0.02537
2526.41943	0.02530
2524.49087	0.02533
2522.56230	0.02540
2520.63374	0.02537
2518.70518	0.02522
2516.77661	0.02507
2514.84805	0.02493
2512.91948	0.02480
2510.99092	0.02470
2509.06235	0.02466
2507.13379	0.02460
2505.20522	0.02450
2503.27666	0.02440
2501.34810	0.02434
2499.41953	0.02428
2497.49097	0.02424
2495.56240	0.02418
2493.63384	0.02401
2491.70527	0.02387
2489.77671	0.02390
2487.84814	0.02405
2485.91958	0.02409
2483.99102	0.02394
2482.06245	0.02378
2480.13389	0.02370
2478.20532	0.02363
2476.27676	0.02357
2474.34819	0.02353
2472.41963	0.02347
2470.49106	0.02334
2468.56250	0.02317
2466.63394	0.02304
2464.70537	0.02304
2462.77681	0.02310
2460.84824	0.02314
2458.91968	0.02314
2456.99111	0.02310
2455.06255	0.02303
2453.13398	0.02297
2451.20542	0.02289
2449.27686	0.02277
2447.34829	0.02272
2445.41973	0.02272
2443.49116	0.02265
2441.56260	0.02251
2439.63403	0.02244
2437.70547	0.02247
2435.77690	0.02259
2433.84834	0.02267
2431.91978	0.02262
2429.99121	0.02246
2428.06265	0.02234
2426.13408	0.02234
2424.20552	0.02239
2422.27695	0.02236
2420.34839	0.02225
2418.41982	0.02217
2416.49126	0.02213
2414.56270	0.02211
2412.63413	0.02212
2410.70557	0.02211
2408.77700	0.02202
2406.84844	0.02184
2404.91987	0.02170
2402.99131	0.02167
2401.06274	0.02178
2399.13418	0.02386
2397.20562	0.02416
2395.27705	0.02330
2393.34849	0.02232
2391.41992	0.02133
2389.49136	0.02021
2387.56279	0.01893
2385.63423	0.01760
2383.70566	0.01647
2381.77710	0.01578
2379.84854	0.01564
2377.91997	0.01610
2375.99141	0.01693
2374.06284	0.01776
2372.13428	0.01832
2370.20571	0.01847
2368.27715	0.01825
2366.34858	0.01781
2364.42002	0.01728
2362.49146	0.01686
2360.56289	0.01646
2358.63433	0.01616
2356.70576	0.01583
2354.77720	0.01483
2352.84863	0.01203
2350.92007	0.00859
2348.99150	0.00698
2347.06294	0.00979
2345.13437	0.01354
2343.20581	0.01522
2341.27725	0.01528
2339.34868	0.01502
2337.42012	0.01483
2335.49155	0.01490
2333.56299	0.01482
2331.63442	0.01407
2329.70586	0.01299
2327.77729	0.01222
2325.84873	0.01314
2323.92017	0.01534
2321.99160	0.01716
2320.06304	0.01794
2318.13447	0.01802
2316.20591	0.01789
2314.27734	0.01784
2312.34878	0.01776
2310.42021	0.01788
2308.49165	0.01818
2306.56309	0.01863
2304.63452	0.01888
2302.70596	0.01896
2300.77739	0.01906
2298.84883	0.01917
2296.92026	0.01935
2294.99170	0.01968
2293.06313	0.02005
2291.13457	0.02048
2289.20601	0.02113
2287.27744	0.02191
2285.34888	0.02261
2283.42031	0.02303
2281.49175	0.02313
2279.56318	0.02298
2277.63462	0.02277
2275.70605	0.02259
2273.77749	0.02240
2271.84893	0.02212
2269.92036	0.02172
2267.99180	0.02124
2266.06323	0.02075
2264.13467	0.02029
2262.20610	0.01992
2260.27754	0.01981
2258.34897	0.01987
2256.42041	0.01985
2254.49185	0.01957
2252.56328	0.01904
2250.63472	0.01885
2248.70615	0.02022
2246.77759	0.02037
2244.84902	0.02049
2242.92046	0.02046
2240.99189	0.02028
2239.06333	0.02018
2237.13477	0.02011
2235.20620	0.02003
2233.27764	0.02019
2231.34907	0.02046
2229.42051	0.02029
2227.49194	0.01992
2225.56338	0.01986
2223.63481	0.01989
2221.70625	0.01984
2219.77769	0.01982
2217.84912	0.01970
2215.92056	0.01953
2213.99199	0.01952
2212.06343	0.01953
2210.13486	0.01956
2208.20630	0.01980
2206.27773	0.01991
2204.34917	0.01962
2202.42061	0.01933
2200.49204	0.01937
2198.56348	0.01964
2196.63491	0.01977
2194.70635	0.01963
2192.77778	0.01955
2190.84922	0.01970
2188.92065	0.01986
2186.99209	0.01994
2185.06353	0.01989
2183.13496	0.01954
2181.20640	0.01918
2179.27783	0.01916
2177.34927	0.01895
2175.42070	0.01830
2173.49214	0.01813
2171.56357	0.01870
2169.63501	0.01920
2167.70645	0.01934
2165.77788	0.01941
2163.84932	0.01965
2161.92075	0.01951
2159.99219	0.01783
2158.06362	0.01539
2156.13506	0.01449
2154.20649	0.01535
2152.27793	0.01657
2150.34937	0.01708
2148.42080	0.01684
2146.49224	0.01656
2144.56367	0.01663
2142.63511	0.01681
2140.70654	0.01682
2138.77798	0.01673
2136.84941	0.01637
2134.92085	0.01582
2132.99229	0.01582
2131.06372	0.01642
2129.13516	0.01688
2127.20659	0.01699
2125.27803	0.01705
2123.34946	0.01729
2121.42090	0.01768
2119.49233	0.01811
2117.56377	0.01847
2115.63521	0.01867
2113.70664	0.01875
2111.77808	0.01875
2109.84951	0.01873
2107.92095	0.01874
2105.99238	0.01877
2104.06382	0.01881
2102.13525	0.01883
2100.20669	0.01881
2098.27812	0.01866
2096.34956	0.01837
2094.42100	0.01823
2092.49243	0.01841
2090.56387	0.01873
2088.63530	0.01895
2086.70674	0.01901
2084.77817	0.01895
2082.84961	0.01881
2080.92104	0.01871
2078.99248	0.01879
2077.06392	0.01895
2075.13535	0.01908
2073.20679	0.01909
2071.27822	0.01887
2069.34966	0.01848
2067.42109	0.01821
2065.49253	0.01819
2063.56396	0.01831
2061.63540	0.01846
2059.70684	0.01860
2057.77827	0.01865
2055.84971	0.01858
2053.92114	0.01874
2051.99258	0.01935
2050.06401	0.01968
2048.13545	0.01919
2046.20688	0.01867
2044.27832	0.01879
2042.34976	0.01921
2040.42119	0.01951
2038.49263	0.01957
2036.56406	0.01952
2034.63550	0.01937
2032.70693	0.01892
2030.77837	0.01819
2028.84980	0.01771
2026.92124	0.01775
2024.99268	0.01809
2023.06411	0.01848
2021.13555	0.01866
2019.20698	0.01839
2017.27842	0.01787
2015.34985	0.01757
2013.42129	0.01753
2011.49272	0.01748
2009.56416	0.01726
2007.63560	0.01684
2005.70703	0.01658
2003.77847	0.01677
2001.84990	0.01711
1999.92134	0.01729
1997.99277	0.01728
1996.06421	0.01708
1994.13564	0.01695
1992.20708	0.01712
1990.27852	0.01737
1988.34995	0.01750
1986.42139	0.01768
1984.49282	0.01825
1982.56426	0.01909
1980.63569	0.01933
1978.70713	0.01850
1976.77856	0.01726
1974.85000	0.01660
1972.92144	0.01667
1970.99287	0.01683
1969.06431	0.01671
1967.13574	0.01655
1965.20718	0.01657
1963.27861	0.01667
1961.35005	0.01656
1959.42148	0.01623
1957.49292	0.01604
1955.56436	0.01607
1953.63579	0.01610
1951.70723	0.01614
1949.77866	0.01643
1947.85010	0.01687
1945.92153	0.01705
1943.99297	0.01688
1942.06440	0.01676
1940.13584	0.01681
1938.20728	0.01689
1936.27871	0.01700
1934.35015	0.01715
1932.42158	0.01724
1930.49302	0.01720
1928.56445	0.01708
1926.63589	0.01702
1924.70732	0.01703
1922.77876	0.01706
1920.85020	0.01715
1918.92163	0.01737
1916.99307	0.01761
1915.06450	0.01767
1913.13594	0.01753
1911.20737	0.01739
1909.27881	0.01744
1907.35024	0.01768
1905.42168	0.01793
1903.49312	0.01802
1901.56455	0.01797
1899.63599	0.01793
1897.70742	0.01797
1895.77886	0.01803
1893.85029	0.01811
1891.92173	0.01816
1889.99316	0.01813
1888.06460	0.01807
1886.13604	0.01806
1884.20747	0.01805
1882.27891	0.01793
1880.35034	0.01777
1878.42178	0.01772
1876.49321	0.01776
1874.56465	0.01774
1872.63608	0.01761
1870.70752	0.01748
1868.77896	0.01751
1866.85039	0.01768
1864.92183	0.01783
1862.99326	0.01793
1861.06470	0.01798
1859.13613	0.01795
1857.20757	0.01791
1855.27900	0.01794
1853.35044	0.01793
1851.42187	0.01784
1849.49331	0.01772
1847.56475	0.01770
1845.63618	0.01783
1843.70762	0.01808
1841.77905	0.01822
1839.85049	0.01816
1837.92192	0.01807
1835.99336	0.01804
1834.06479	0.01800
1832.13623	0.01799
1830.20767	0.01811
1828.27910	0.01829
1826.35054	0.01844
1824.42197	0.01861
1822.49341	0.01886
1820.56484	0.01902
1818.63628	0.01895
1816.70771	0.01877
1814.77915	0.01867
1812.85059	0.01870
1810.92202	0.01884
1808.99346	0.01907
1807.06489	0.01932
1805.13633	0.01950
1803.20776	0.01960
1801.27920	0.01971
1799.35063	0.01989
1797.42207	0.02011
1795.49351	0.02034
1793.56494	0.02065
1791.63638	0.02108
1789.70781	0.02156
1787.77925	0.02204
1785.85068	0.02247
1783.92212	0.02285
1781.99355	0.02317
1780.06499	0.02347
1778.13643	0.02368
1776.20786	0.02374
1774.27930	0.02378
1772.35073	0.02402
1770.42217	0.02445
1768.49360	0.02485
1766.56504	0.02513
1764.63647	0.02534
1762.70791	0.02564
1760.77935	0.02615
1758.85078	0.02680
1756.92222	0.02756
1754.99365	0.02849
1753.06509	0.02965
1751.13652	0.03110
1749.20796	0.03272
1747.27939	0.03427
1745.35083	0.03567
1743.42227	0.03696
1741.49370	0.03818
1739.56514	0.03923
1737.63657	0.03994
1735.70801	0.04038
1733.77944	0.04086
1731.85088	0.04137
1729.92231	0.04184
1727.99375	0.04242
1726.06519	0.04324
1724.13662	0.04418
1722.20806	0.04496
1720.27949	0.04543
1718.35093	0.04586
1716.42236	0.04645
1714.49380	0.04700
1712.56523	0.04727
1710.63667	0.04722
1708.70811	0.04695
1706.77954	0.04656
1704.85098	0.04607
1702.92241	0.04555
1700.99385	0.04523
1699.06528	0.04528
1697.13672	0.04556
1695.20815	0.04589
1693.27959	0.04608
1691.35103	0.04614
1689.42246	0.04625
1687.49390	0.04647
1685.56533	0.04705
1683.63677	0.04821
1681.70820	0.04945
1679.77964	0.05034
1677.85107	0.05110
1675.92251	0.05202
1673.99395	0.05300
1672.06538	0.05385
1670.13682	0.05478
1668.20825	0.05584
1666.27969	0.05678
1664.35112	0.05766
1662.42256	0.05864
1660.49399	0.05949
1658.56543	0.05986
1656.63687	0.05980
1654.70830	0.05978
1652.77974	0.06012
1650.85117	0.06034
1648.92261	0.06015
1646.99404	0.06005
1645.06548	0.06034
1643.13691	0.06070
1641.20835	0.06087
1639.27979	0.06081
1637.35122	0.06070
1635.42266	0.06089
1633.49409	0.06128
1631.56553	0.06145
1629.63696	0.06135
1627.70840	0.06108
1625.77983	0.06064
1623.85127	0.06010
1621.92271	0.05954
1619.99414	0.05896
1618.06558	0.05835
1616.13701	0.05791
1614.20845	0.05768
1612.27988	0.05752
1610.35132	0.05739
1608.42275	0.05738
1606.49419	0.05747
1604.56562	0.05761
1602.63706	0.05785
1600.70850	0.05819
1598.77993	0.05859
1596.85137	0.05898
1594.92280	0.05943
1592.99424	0.06006
1591.06567	0.06090
1589.13711	0.06191
1587.20854	0.06308
1585.27998	0.06446
1583.35142	0.06606
1581.42285	0.06767
1579.49429	0.06901
1577.56572	0.07002
1575.63716	0.07071
1573.70859	0.07087
1571.78003	0.07050
1569.85146	0.06995
1567.92290	0.06947
1565.99434	0.06904
1564.06577	0.06860
1562.13721	0.06811
1560.20864	0.06775
1558.28008	0.06775
1556.35151	0.06790
1554.42295	0.06792
1552.49438	0.06786
1550.56582	0.06783
1548.63726	0.06785
1546.70869	0.06778
1544.78013	0.06739
1542.85156	0.06641
1540.92300	0.06462
1538.99443	0.06218
1537.06587	0.05958
1535.13730	0.05686
1533.20874	0.05399
1531.28018	0.05137
1529.35161	0.04917
1527.42305	0.04722
1525.49448	0.04549
1523.56592	0.04403
1521.63735	0.04280
1519.70879	0.04181
1517.78022	0.04096
1515.85166	0.04013
1513.92310	0.03930
1511.99453	0.03844
1510.06597	0.03750
1508.13740	0.03657
1506.20884	0.03583
1504.28027	0.03531
1502.35171	0.03480
1500.42314	0.03426
1498.49458	0.03383
1496.56602	0.03359
1494.63745	0.03344
1492.70889	0.03330
1490.78032	0.03327
1488.85176	0.03355
1486.92319	0.03418
1484.99463	0.03513
1483.06606	0.03643
1481.13750	0.03852
1479.20894	0.04335
1477.28037	0.05559
1475.35181	0.07896
1473.42324	0.10685
1471.49468	0.12290
1469.56611	0.12213
1467.63755	0.11653
1465.70898	0.11649
1463.78042	0.12133
1461.85186	0.12294
1459.92329	0.11673
1457.99473	0.10594
1456.06616	0.09656
1454.13760	0.09070
1452.20903	0.08656
1450.28047	0.08295
1448.35190	0.07994
1446.42334	0.07771
1444.49478	0.07612
1442.56621	0.07492
1440.63765	0.07393
1438.70908	0.07312
1436.78052	0.07240
1434.85195	0.07154
1432.92339	0.07036
1430.99482	0.06897
1429.06626	0.06766
1427.13770	0.06667
1425.20913	0.06603
1423.28057	0.06565
1421.35200	0.06550
1419.42344	0.06557
1417.49487	0.06572
1415.56631	0.06574
1413.63774	0.06557
1411.70918	0.06519
1409.78062	0.06454
1407.85205	0.06361
1405.92349	0.06243
1403.99492	0.06103
1402.06636	0.05953
1400.13779	0.05808
1398.20923	0.05671
1396.28066	0.05548
1394.35210	0.05444
1392.42354	0.05367
1390.49497	0.05313
1388.56641	0.05286
1386.63784	0.05308
1384.70928	0.05398
1382.78071	0.05564
1380.85215	0.05792
1378.92358	0.06017
1376.99502	0.06141
1375.06646	0.06110
1373.13789	0.05973
1371.20933	0.05820
1369.28076	0.05696
1367.35220	0.05593
1365.42363	0.05500
1363.49507	0.05416
1361.56650	0.05341
1359.63794	0.05276
1357.70937	0.05220
1355.78081	0.05171
1353.85225	0.05124
1351.92368	0.05072
1349.99512	0.05019
1348.06655	0.04968
1346.13799	0.04918
1344.20942	0.04861
1342.28086	0.04795
1340.35229	0.04731
1338.42373	0.04675
1336.49517	0.04627
1334.56660	0.04589
1332.63804	0.04568
1330.70947	0.04566
1328.78091	0.04579
1326.85234	0.04608
1324.92378	0.04648
1322.99521	0.04693
1321.06665	0.04739
1319.13809	0.04785
1317.20952	0.04827
1315.28096	0.04861
1313.35239	0.04889
1311.42383	0.04918
1309.49526	0.04944
1307.56670	0.04968
1305.63813	0.04992
1303.70957	0.05011
1301.78101	0.05019
1299.85244	0.05024
1297.92388	0.05038
1295.99531	0.05058
1294.06675	0.05077
1292.13818	0.05091
1290.20962	0.05102
1288.28105	0.05111
1286.35249	0.05119
1284.42393	0.05127
1282.49536	0.05138
1280.56680	0.05159
1278.63823	0.05193
1276.70967	0.05231
1274.78110	0.05266
1272.85254	0.05296
1270.92397	0.05323
1268.99541	0.05348
1267.06685	0.05372
1265.13828	0.05401
1263.20972	0.05431
1261.28115	0.05451
1259.35259	0.05459
1257.42402	0.05459
1255.49546	0.05451
1253.56689	0.05435
1251.63833	0.05420
1249.70977	0.05411
1247.78120	0.05408
1245.85264	0.05406
1243.92407	0.05396
1241.99551	0.05388
1240.06694	0.05391
1238.13838	0.05401
1236.20981	0.05413
1234.28125	0.05421
1232.35269	0.05421
1230.42412	0.05413
1228.49556	0.05404
1226.56699	0.05395
1224.63843	0.05386
1222.70986	0.05378
1220.78130	0.05373
1218.85273	0.05369
1216.92417	0.05363
1214.99561	0.05350
1213.06704	0.05335
1211.13848	0.05330
1209.20991	0.05338
1207.28135	0.05357
1205.35278	0.05377
1203.42422	0.05396
1201.49565	0.05418
1199.56709	0.05444
1197.63853	0.05472
1195.70996	0.05502
1193.78140	0.05535
1191.85283	0.05576
1189.92427	0.05624
1187.99570	0.05667
1186.06714	0.05705
1184.13857	0.05742
1182.21001	0.05783
1180.28145	0.05833
1178.35288	0.05895
1176.42432	0.05956
1174.49575	0.06007
1172.56719	0.06054
1170.63862	0.06108
1168.71006	0.06165
1166.78149	0.06213
1164.85293	0.06249
1162.92437	0.06274
1160.99580	0.06293
1159.06724	0.06314
1157.13867	0.06334
1155.21011	0.06349
1153.28154	0.06360
1151.35298	0.06365
1149.42441	0.06368
1147.49585	0.06380
1145.56729	0.06406
1143.63872	0.06445
1141.71016	0.06491
1139.78159	0.06542
1137.85303	0.06602
1135.92446	0.06672
1133.99590	0.06744
1132.06733	0.06817
1130.13877	0.06887
1128.21021	0.06950
1126.28164	0.07015
1124.35308	0.07084
1122.42451	0.07152
1120.49595	0.07225
1118.56738	0.07307
1116.63882	0.07391
1114.71025	0.07474
1112.78169	0.07560
1110.85312	0.07648
1108.92456	0.07734
1106.99600	0.07822
1105.06743	0.07918
1103.13887	0.08020
1101.21030	0.08124
1099.28174	0.08227
1097.35317	0.08326
1095.42461	0.08425
1093.49604	0.08531
1091.56748	0.08631
1089.63892	0.08718
1087.71035	0.08799
1085.78179	0.08877
1083.85322	0.08951
1081.92466	0.09023
1079.99609	0.09089
1078.06753	0.09147
1076.13896	0.09203
1074.21040	0.09249
1072.28184	0.09282
1070.35327	0.09306
1068.42471	0.09324
1066.49614	0.09340
1064.56758	0.09359
1062.63901	0.09376
1060.71045	0.09380
1058.78188	0.09371
1056.85332	0.09355
1054.92476	0.09332
1052.99619	0.09309
1051.06763	0.09290
1049.13906	0.09271
1047.21050	0.09249
1045.28193	0.09227
1043.35337	0.09207
1041.42480	0.09188
1039.49624	0.09162
1037.56768	0.09120
1035.63911	0.09063
1033.71055	0.09005
1031.78198	0.08953
1029.85342	0.08895
1027.92485	0.08814
1025.99629	0.08709
1024.06772	0.08591
1022.13916	0.08480
1020.21060	0.08385
1018.28203	0.08298
1016.35347	0.08210
1014.42490	0.08118
1012.49634	0.08022
1010.56777	0.07926
1008.63921	0.07832
1006.71064	0.07740
1004.78208	0.07649
1002.85352	0.07567
1000.92495	0.07506
998.99639	0.07460
997.06782	0.07398
995.13926	0.07307
993.21069	0.07206
991.28213	0.07116
989.35356	0.07031
987.42500	0.06946
985.49644	0.06856
983.56787	0.06767
981.63931	0.06688
979.71074	0.06614
977.78218	0.06538
975.85361	0.06468
973.92505	0.06402
971.99648	0.06317
970.06792	0.06207
968.13936	0.06093
966.21079	0.05993
964.28223	0.05905
962.35366	0.05812
960.42510	0.05710
958.49653	0.05608
956.56797	0.05509
954.63940	0.05410
952.71084	0.05315
950.78228	0.05231
948.85371	0.05155
946.92515	0.05078
944.99658	0.05003
943.06802	0.04932
941.13945	0.04859
939.21089	0.04790
937.28232	0.04736
935.35376	0.04693
933.42520	0.04645
931.49663	0.04586
929.56807	0.04529
927.63950	0.04484
925.71094	0.04446
923.78237	0.04417
921.85381	0.04391
919.92524	0.04367
917.99668	0.04362
916.06812	0.04391
914.13955	0.04451
912.21099	0.04533
910.28242	0.04612
908.35386	0.04636
906.42529	0.04569
904.49673	0.04444
902.56816	0.04312
900.63960	0.04199
898.71104	0.04106
896.78247	0.04032
894.85391	0.03969
892.92534	0.03907
890.99678	0.03844
889.06821	0.03798
887.13965	0.03776
885.21108	0.03758
883.28252	0.03716
881.35396	0.03658
879.42539	0.03613
877.49683	0.03590
875.56826	0.03571
873.63970	0.03554
871.71113	0.03545
869.78257	0.03533
867.85400	0.03518
865.92544	0.03508
863.99687	0.03507
862.06831	0.03507
860.13975	0.03497
858.21118	0.03475
856.28262	0.03449
854.35405	0.03431
852.42549	0.03423
850.49692	0.03417
848.56836	0.03413
846.63979	0.03425
844.71123	0.03469
842.78267	0.03532
840.85410	0.03553
838.92554	0.03508
836.99697	0.03444
835.06841	0.03411
833.13984	0.03425
831.21128	0.03452
829.28271	0.03454
827.35415	0.03450
825.42559	0.03462
823.49702	0.03483
821.56846	0.03510
819.63989	0.03544
817.71133	0.03577
815.78276	0.03604
813.85420	0.03633
811.92563	0.03665
809.99707	0.03698
808.06851	0.03728
806.13994	0.03752
804.21138	0.03771
802.28281	0.03789
800.35425	0.03810
798.42568	0.03828
796.49712	0.03834
794.56855	0.03835
792.63999	0.03834
790.71143	0.03830
788.78286	0.03840
786.85430	0.03870
784.92573	0.03907
782.99717	0.03936
781.06860	0.03952
779.14004	0.03960
777.21147	0.03971
775.28291	0.03995
773.35435	0.04026
771.42578	0.04039
769.49722	0.04036
767.56865	0.04027
765.64009	0.04006
763.71152	0.03987
761.78296	0.03993
759.85439	0.04005
757.92583	0.04014
755.99727	0.04031
754.06870	0.04051
752.14014	0.04071
750.21157	0.04105
748.28301	0.04159
746.35444	0.04228
744.42588	0.04310
742.49731	0.04395
740.56875	0.04513
738.64019	0.04757
736.71162	0.05319
734.78306	0.06563
732.85449	0.08500
730.92593	0.10041
728.99736	0.10143
727.06880	0.09485
725.14023	0.09344
723.21167	0.10287
721.28311	0.12450
719.35454	0.14801
717.42598	0.15758
715.49741	0.14707
713.56885	0.12437
711.64028	0.10175
709.71172	0.08567
707.78315	0.07581
705.85459	0.06963
703.92603	0.06526
701.99746	0.06188
700.06890	0.05910
698.14033	0.05676
696.21177	0.05481
694.28320	0.05316
692.35464	0.05173
690.42607	0.05057
688.49751	0.04983
686.56895	0.04935
684.64038	0.04878
682.71182	0.04821
680.78325	0.04774
678.85469	0.04719
676.92612	0.04665
674.99756	0.04635
673.06899	0.04673
671.14043	0.05021
669.21187	0.05628
667.28330	0.05574
665.35474	0.05228
663.42617	0.04864
661.49761	0.04806
659.56904	0.04871
657.64048	0.04908
655.71191	0.04905
653.78335	0.04885
651.85479	0.04892
649.92622	0.04920
647.99766	0.04942
646.06909	0.04986
644.14053	0.05071
642.21196	0.05165
640.28340	0.05263
638.35483	0.05388
636.42627	0.05524
634.49771	0.05638
632.56914	0.05718
630.64058	0.05759
628.71201	0.05766
626.78345	0.05770
624.85488	0.05761
622.92632	0.05714
620.99775	0.05638
619.06919	0.05555
617.14062	0.05496
615.21206	0.05489
613.28350	0.05552
611.35493	0.05671
609.42637	0.05741
607.49780	0.05688
605.56924	0.05601
603.64067	0.05549
601.71211	0.05469
599.78354	0.05344
