3997.91411	0.02078
3995.98555	0.02077
3994.05698	0.02063
3992.12842	0.02043
3990.19985	0.02036
3988.27129	0.02046
3986.34272	0.02060
3984.41416	0.02069
3982.48560	0.02076
3980.55703	0.02087
3978.62847	0.02101
3976.69990	0.02108
3974.77134	0.02100
3972.84277	0.02090
3970.91421	0.02088
3968.98564	0.02082
3967.05708	0.02074
3965.12852	0.02075
3963.19995	0.02079
3961.27139	0.02074
3959.34282	0.02063
3957.41426	0.02055
3955.48569	0.02053
3953.55713	0.02055
3951.62856	0.02061
3949.70000	0.02069
3947.77144	0.02073
3945.84287	0.02072
3943.91431	0.02069
3941.98574	0.02067
3940.05718	0.02065
3938.12861	0.02059
3936.20005	0.02053
3934.27148	0.02056
3932.34292	0.02066
3930.41436	0.02074
3928.48579	0.02071
3926.55723	0.02064
3924.62866	0.02058
3922.70010	0.02056
3920.77153	0.02061
3918.84297	0.02076
3916.91440	0.02089
3914.98584	0.02094
3913.05728	0.02088
3911.12871	0.02078
3909.20015	0.02073
3907.27158	0.02074
3905.34302	0.02074
3903.41445	0.02073
3901.48589	0.02077
3899.55732	0.02082
3897.62876	0.02073
3895.70020	0.02054
3893.77163	0.02046
3891.84307	0.02052
3889.91450	0.02057
3887.98594	0.02051
3886.05737	0.02049
3884.12881	0.02053
3882.20024	0.02054
3880.27168	0.02052
3878.34312	0.02051
3876.41455	0.02050
3874.48599	0.02050
3872.55742	0.02041
3870.62886	0.02027
3868.70029	0.02017
3866.77173	0.02015
3864.84316	0.02013
3862.91460	0.02003
3860.98604	0.01985
3859.05747	0.01972
3857.12891	0.01968
3855.20034	0.01977
3853.27178	0.02007
3851.34321	0.02031
3849.41465	0.02018
3847.48608	0.01988
3845.55752	0.01973
3843.62896	0.01974
3841.70039	0.01972
3839.77183	0.01963
3837.84326	0.01961
3835.91470	0.01967
3833.98613	0.01972
3832.05757	0.01977
3830.12900	0.01983
3828.20044	0.01989
3826.27187	0.01986
3824.34331	0.01967
3822.41475	0.01950
3820.48618	0.01951
3818.55762	0.01958
3816.62905	0.01964
3814.70049	0.01975
3812.77192	0.01985
3810.84336	0.01988
3808.91479	0.01990
3806.98623	0.01992
3805.05767	0.01989
3803.12910	0.01990
3801.20054	0.01998
3799.27197	0.02001
3797.34341	0.01991
3795.41484	0.01980
3793.48628	0.01972
3791.55771	0.01970
3789.62915	0.01975
3787.70059	0.01981
3785.77202	0.01979
3783.84346	0.01968
3781.91489	0.01959
3779.98633	0.01957
3778.05776	0.01956
3776.12920	0.01949
3774.20063	0.01940
3772.27207	0.01936
3770.34351	0.01933
3768.41494	0.01925
3766.48638	0.01917
3764.55781	0.01920
3762.62925	0.01929
3760.70068	0.01931
3758.77212	0.01923
3756.84355	0.01908
3754.91499	0.01895
3752.98643	0.01887
3751.05786	0.01886
3749.12930	0.01880
3747.20073	0.01864
3745.27217	0.01850
3743.34360	0.01853
3741.41504	0.01849
3739.48647	0.01823
3737.55791	0.01802
3735.62935	0.01801
3733.70078	0.01800
3731.77222	0.01779
3729.84365	0.01740
3727.91509	0.01710
3725.98652	0.01700
3724.05796	0.01727
3722.12939	0.01766
3720.20083	0.01798
3718.27227	0.01832
3716.34370	0.01857
3714.41514	0.01876
3712.48657	0.01897
3710.55801	0.01883
3708.62944	0.01856
3706.70088	0.01845
3704.77231	0.01867
3702.84375	0.01908
3700.91519	0.01937
3698.98662	0.01950
3697.05806	0.01958
3695.12949	0.01960
3693.20093	0.01957
3691.27236	0.01946
3689.34380	0.01947
3687.41523	0.01957
3685.48667	0.01968
3683.55811	0.01975
3681.62954	0.01984
3679.70098	0.01990
3677.77241	0.01994
3675.84385	0.02008
3673.91528	0.02042
3671.98672	0.02073
3670.05815	0.02092
3668.12959	0.02104
3666.20103	0.02116
3664.27246	0.02139
3662.34390	0.02171
3660.41533	0.02195
3658.48677	0.02204
3656.55820	0.02213
3654.62964	0.02233
3652.70107	0.02254
3650.77251	0.02279
3648.84395	0.02307
3646.91538	0.02321
3644.98682	0.02319
3643.05825	0.02315
3641.12969	0.02321
3639.20112	0.02336
3637.27256	0.02354
3635.34399	0.02373
3633.41543	0.02396
3631.48687	0.02426
3629.55830	0.02461
3627.62974	0.02497
3625.70117	0.02522
3623.77261	0.02544
3621.84404	0.02597
3619.91548	0.02665
3617.98691	0.02709
3616.05835	0.02727
3614.12979	0.02734
3612.20122	0.02756
3610.27266	0.02793
3608.34409	0.02823
3606.41553	0.02835
3604.48696	0.02830
3602.55840	0.02823
3600.62983	0.02825
3598.70127	0.02838
3596.77271	0.02866
3594.84414	0.02898
3592.91558	0.02929
3590.98701	0.02951
3589.05845	0.02980
3587.12988	0.03011
3585.20132	0.03031
3583.27275	0.03045
3581.34419	0.03062
3579.41562	0.03093
3577.48706	0.03142
3575.55850	0.03190
3573.62993	0.03214
3571.70137	0.03225
3569.77280	0.03256
3567.84424	0.03311
3565.91567	0.03351
3563.98711	0.03361
3562.05854	0.03386
3560.12998	0.03436
3558.20142	0.03479
3556.27285	0.03511
3554.34429	0.03547
3552.41572	0.03583
3550.48716	0.03610
3548.55859	0.03638
3546.63003	0.03673
3544.70146	0.03714
3542.77290	0.03739
3540.84434	0.03746
3538.91577	0.03766
3536.98721	0.03819
3535.05864	0.03871
3533.13008	0.03887
3531.20151	0.03890
3529.27295	0.03914
3527.34438	0.03959
3525.41582	0.03998
3523.48726	0.04019
3521.55869	0.04025
3519.63013	0.04030
3517.70156	0.04042
3515.77300	0.04064
3513.84443	0.04090
3511.91587	0.04118
3509.98730	0.04154
3508.05874	0.04191
3506.13018	0.04224
3504.20161	0.04261
3502.27305	0.04296
3500.34448	0.04312
3498.41592	0.04316
3496.48735	0.04332
3494.55879	0.04381
3492.63022	0.04449
3490.70166	0.04509
3488.77310	0.04546
3486.84453	0.04552
3484.91597	0.04549
3482.98740	0.04569
3481.05884	0.04601
3479.13027	0.04621
3477.20171	0.04641
3475.27314	0.04675
3473.34458	0.04709
3471.41602	0.04732
3469.48745	0.04750
3467.55889	0.04770
3465.63032	0.04792
3463.70176	0.04808
3461.77319	0.04810
3459.84463	0.04816
3457.91606	0.04842
3455.98750	0.04873
3454.05894	0.04891
3452.13037	0.04898
3450.20181	0.04914
3448.27324	0.04953
3446.34468	0.04999
3444.41611	0.05026
3442.48755	0.05031
3440.55898	0.05026
3438.63042	0.05033
3436.70186	0.05061
3434.77329	0.05091
3432.84473	0.05104
3430.91616	0.05101
3428.98760	0.05103
3427.05903	0.05129
3425.13047	0.05163
3423.20190	0.05174
3421.27334	0.05169
3419.34478	0.05181
3417.41621	0.05220
3415.48765	0.05253
3413.55908	0.05254
3411.63052	0.05246
3409.70195	0.05247
3407.77339	0.05256
3405.84482	0.05263
3403.91626	0.05264
3401.98770	0.05256
3400.05913	0.05244
3398.13057	0.05239
3396.20200	0.05256
3394.27344	0.05273
3392.34487	0.05292
3390.41631	0.05319
3388.48774	0.05323
3386.55918	0.05307
3384.63062	0.05313
3382.70205	0.05339
3380.77349	0.05360
3378.84492	0.05367
3376.91636	0.05359
3374.98779	0.05359
3373.05923	0.05372
3371.13066	0.05364
3369.20210	0.05340
3367.27354	0.05340
3365.34497	0.05363
3363.41641	0.05388
3361.48784	0.05388
3359.55928	0.05356
3357.63071	0.05327
3355.70215	0.05330
3353.77358	0.05346
3351.84502	0.05342
3349.91646	0.05328
3347.98789	0.05327
3346.05933	0.05335
3344.13076	0.05343
3342.20220	0.05348
3340.27363	0.05334
3338.34507	0.05316
3336.41650	0.05314
3334.48794	0.05306
3332.55937	0.05284
3330.63081	0.05275
3328.70225	0.05281
3326.77368	0.05281
3324.84512	0.05272
3322.91655	0.05267
3320.98799	0.05273
3319.05942	0.05286
3317.13086	0.05293
3315.20229	0.05280
3313.27373	0.05253
3311.34517	0.05241
3309.41660	0.05247
3307.48804	0.05247
3305.55947	0.05228
3303.63091	0.05219
3301.70234	0.05232
3299.77378	0.05233
3297.84521	0.05208
3295.91665	0.05183
3293.98809	0.05172
3292.05952	0.05165
3290.13096	0.05161
3288.20239	0.05158
3286.27383	0.05149
3284.34526	0.05130
3282.41670	0.05104
3280.48813	0.05084
3278.55957	0.05073
3276.63101	0.05059
3274.70244	0.05041
3272.77388	0.05027
3270.84531	0.05015
3268.91675	0.04993
3266.98818	0.04970
3265.05962	0.04958
3263.13105	0.04950
3261.20249	0.04924
3259.27393	0.04876
3257.34536	0.04829
3255.41680	0.04804
3253.48823	0.04804
3251.55967	0.04803
3249.63110	0.04784
3247.70254	0.04755
3245.77397	0.04715
3243.84541	0.04663
3241.91685	0.04635
3239.98828	0.04634
3238.05972	0.04613
3236.13115	0.04567
3234.20259	0.04533
3232.27402	0.04513
3230.34546	0.04499
3228.41689	0.04497
3226.48833	0.04485
3224.55977	0.04444
3222.63120	0.04398
3220.70264	0.04381
3218.77407	0.04382
3216.84551	0.04366
3214.91694	0.04324
3212.98838	0.04278
3211.05981	0.04247
3209.13125	0.04223
3207.20269	0.04190
3205.27412	0.04159
3203.34556	0.04155
3201.41699	0.04161
3199.48843	0.04149
3197.55986	0.04118
3195.63130	0.04082
3193.70273	0.04050
3191.77417	0.04026
3189.84561	0.04005
3187.91704	0.03988
3185.98848	0.03974
3184.05991	0.03948
3182.13135	0.03901
3180.20278	0.03848
3178.27422	0.03805
3176.34565	0.03781
3174.41709	0.03770
3172.48853	0.03747
3170.55996	0.03711
3168.63140	0.03677
3166.70283	0.03648
3164.77427	0.03617
3162.84570	0.03586
3160.91714	0.03564
3158.98857	0.03562
3157.06001	0.03556
3155.13145	0.03523
3153.20288	0.03473
3151.27432	0.03428
3149.34575	0.03403
3147.41719	0.03404
3145.48862	0.03410
3143.56006	0.03392
3141.63149	0.03349
3139.70293	0.03306
3137.77437	0.03280
3135.84580	0.03268
3133.91724	0.03255
3131.98867	0.03234
3130.06011	0.03213
3128.13154	0.03199
3126.20298	0.03179
3124.27441	0.03149
3122.34585	0.03118
3120.41729	0.03098
3118.48872	0.03089
3116.56016	0.03074
3114.63159	0.03055
3112.70303	0.03046
3110.77446	0.03046
3108.84590	0.03046
3106.91733	0.03045
3104.98877	0.03045
3103.06021	0.03040
3101.13164	0.03021
3099.20308	0.02992
3097.27451	0.02969
3095.34595	0.02965
3093.41738	0.02966
3091.48882	0.02953
3089.56025	0.02930
3087.63169	0.02916
3085.70312	0.02912
3083.77456	0.02913
3081.84600	0.02910
3079.91743	0.02899
3077.98887	0.02886
3076.06030	0.02881
3074.13174	0.02874
3072.20317	0.02847
3070.27461	0.02816
3068.34604	0.02808
3066.41748	0.02801
3064.48892	0.02776
3062.56035	0.02751
3060.63179	0.02735
3058.70322	0.02718
3056.77466	0.02702
3054.84609	0.02690
3052.91753	0.02668
3050.98896	0.02644
3049.06040	0.02635
3047.13184	0.02628
3045.20327	0.02605
3043.27471	0.02573
3041.34614	0.02549
3039.41758	0.02529
3037.48901	0.02507
3035.56045	0.02490
3033.63188	0.02486
3031.70332	0.02484
3029.77476	0.02475
3027.84619	0.02460
3025.91763	0.02442
3023.98906	0.02431
3022.06050	0.02421
3020.13193	0.02404
3018.20337	0.02388
3016.27480	0.02379
3014.34624	0.02372
3012.41768	0.02365
3010.48911	0.02366
3008.56055	0.02373
3006.63198	0.02383
3004.70342	0.02394
3002.77485	0.02409
3000.84629	0.02427
2998.91772	0.02445
2996.98916	0.02456
2995.06060	0.02470
2993.13203	0.02496
2991.20347	0.02535
2989.27490	0.02586
2987.34634	0.02648
2985.41777	0.02723
2983.48921	0.02816
2981.56064	0.02929
2979.63208	0.03057
2977.70352	0.03195
2975.77495	0.03346
2973.84639	0.03520
2971.91782	0.03723
2969.98926	0.03949
2968.06069	0.04189
2966.13213	0.04436
2964.20356	0.04683
2962.27500	0.04921
2960.34644	0.05148
2958.41787	0.05349
2956.48931	0.05522
2954.56074	0.05694
2952.63218	0.05900
2950.70361	0.06165
2948.77505	0.06528
2946.84648	0.07039
2944.91792	0.07726
2942.98936	0.08587
2941.06079	0.09629
2939.13223	0.10864
2937.20366	0.12294
2935.27510	0.13934
2933.34653	0.15813
2931.41797	0.17988
2929.48940	0.20528
2927.56084	0.23488
2925.63228	0.26931
2923.70371	0.30927
2921.77515	0.35423
2919.84658	0.40039
2917.91802	0.43917
2915.98945	0.45896
2914.06089	0.45294
2912.13232	0.42627
2910.20376	0.39112
2908.27520	0.35707
2906.34663	0.32817
2904.41807	0.30492
2902.48950	0.28638
2900.56094	0.27123
2898.63237	0.25817
2896.70381	0.24621
2894.77524	0.23470
2892.84668	0.22328
2890.91812	0.21183
2888.98955	0.20053
2887.06099	0.18958
2885.13242	0.17905
2883.20386	0.16895
2881.27529	0.15922
2879.34673	0.14993
2877.41816	0.14130
2875.48960	0.13370
2873.56104	0.12756
2871.63247	0.12299
2869.70391	0.11992
2867.77534	0.11874
2865.84678	0.12029
2863.91821	0.12555
2861.98965	0.13578
2860.06108	0.15275
2858.13252	0.17863
2856.20396	0.21610
2854.27539	0.26760
2852.34683	0.33083
2850.41826	0.39056
2848.48970	0.41887
2846.56113	0.40075
2844.63257	0.35246
2842.70400	0.29850
2840.77544	0.25157
2838.84687	0.21471
2836.91831	0.18706
2834.98975	0.16657
2833.06118	0.15118
2831.13262	0.13926
2829.20405	0.12967
2827.27549	0.12175
2825.34692	0.11527
2823.41836	0.10988
2821.48979	0.10513
2819.56123	0.10087
2817.63267	0.09714
2815.70410	0.09392
2813.77554	0.09110
2811.84697	0.08859
2809.91841	0.08631
2807.98984	0.08421
2806.06128	0.08224
2804.13271	0.08036
2802.20415	0.07860
2800.27559	0.07702
2798.34702	0.07556
2796.41846	0.07410
2794.48989	0.07267
2792.56133	0.07131
2790.63276	0.07007
2788.70420	0.06887
2786.77563	0.06768
2784.84707	0.06655
2782.91851	0.06554
2780.98994	0.06461
2779.06138	0.06368
2777.13281	0.06271
2775.20425	0.06178
2773.27568	0.06090
2771.34712	0.06008
2769.41855	0.05937
2767.48999	0.05877
2765.56143	0.05823
2763.63286	0.05766
2761.70430	0.05705
2759.77573	0.05653
2757.84717	0.05611
2755.91860	0.05567
2753.99004	0.05516
2752.06147	0.05465
2750.13291	0.05419
2748.20435	0.05381
2746.27578	0.05353
2744.34722	0.05330
2742.41865	0.05305
2740.49009	0.05275
2738.56152	0.05243
2736.63296	0.05213
2734.70439	0.05184
2732.77583	0.05159
2730.84727	0.05133
2728.91870	0.05102
2726.99014	0.05065
2725.06157	0.05024
2723.13301	0.04988
2721.20444	0.04964
2719.27588	0.04941
2717.34731	0.04905
2715.41875	0.04868
2713.49019	0.04845
2711.56162	0.04823
2709.63306	0.04792
2707.70449	0.04761
2705.77593	0.04730
2703.84736	0.04700
2701.91880	0.04683
2699.99023	0.04672
2698.06167	0.04654
2696.13311	0.04634
2694.20454	0.04617
2692.27598	0.04600
2690.34741	0.04587
2688.41885	0.04578
2686.49028	0.04570
2684.56172	0.04564
2682.63315	0.04563
2680.70459	0.04560
2678.77603	0.04547
2676.84746	0.04526
2674.91890	0.04510
2672.99033	0.04505
2671.06177	0.04509
2669.13320	0.04517
2667.20464	0.04528
2665.27607	0.04544
2663.34751	0.04560
2661.41895	0.04569
2659.49038	0.04573
2657.56182	0.04569
2655.63325	0.04560
2653.70469	0.04549
2651.77612	0.04536
2649.84756	0.04516
2647.91899	0.04494
2645.99043	0.04481
2644.06187	0.04476
2642.13330	0.04468
2640.20474	0.04451
2638.27617	0.04429
2636.34761	0.04410
2634.41904	0.04395
2632.49048	0.04381
2630.56191	0.04359
2628.63335	0.04325
2626.70479	0.04278
2624.77622	0.04233
2622.84766	0.04198
2620.91909	0.04174
2618.99053	0.04153
2617.06196	0.04123
2615.13340	0.04090
2613.20483	0.04066
2611.27627	0.04040
2609.34771	0.04006
2607.41914	0.03974
2605.49058	0.03944
2603.56201	0.03915
2601.63345	0.03892
2599.70488	0.03870
2597.77632	0.03843
2595.84775	0.03818
2593.91919	0.03796
2591.99062	0.03768
2590.06206	0.03737
2588.13350	0.03715
2586.20493	0.03697
2584.27637	0.03675
2582.34780	0.03662
2580.41924	0.03658
2578.49067	0.03640
2576.56211	0.03600
2574.63354	0.03566
2572.70498	0.03553
2570.77642	0.03547
2568.84785	0.03532
2566.91929	0.03515
2564.99072	0.03501
2563.06216	0.03483
2561.13359	0.03465
2559.20503	0.03455
2557.27646	0.03443
2555.34790	0.03427
2553.41934	0.03421
2551.49077	0.03417
2549.56221	0.03398
2547.63364	0.03363
2545.70508	0.03334
2543.77651	0.03320
2541.84795	0.03302
2539.91938	0.03273
2537.99082	0.03251
2536.06226	0.03252
2534.13369	0.03262
2532.20513	0.03262
2530.27656	0.03249
2528.34800	0.03230
2526.41943	0.03212
2524.49087	0.03200
2522.56230	0.03197
2520.63374	0.03189
2518.70518	0.03170
2516.77661	0.03153
2514.84805	0.03142
2512.91948	0.03132
2510.99092	0.03124
2509.06235	0.03118
2507.13379	0.03109
2505.20522	0.03095
2503.27666	0.03083
2501.34810	0.03073
2499.41953	0.03061
2497.49097	0.03055
2495.56240	0.03051
2493.63384	0.03030
2491.70527	0.03000
2489.77671	0.02995
2487.84814	0.03016
2485.91958	0.03029
2483.99102	0.03020
2482.06245	0.03006
2480.13389	0.02998
2478.20532	0.02995
2476.27676	0.02994
2474.34819	0.02985
2472.41963	0.02968
2470.49106	0.02952
2468.56250	0.02939
2466.63394	0.02925
2464.70537	0.02923
2462.77681	0.02932
2460.84824	0.02937
2458.91968	0.02933
2456.99111	0.02927
2455.06255	0.02918
2453.13398	0.02904
2451.20542	0.02891
2449.27686	0.02880
2447.34829	0.02873
2445.41973	0.02868
2443.49116	0.02855
2441.56260	0.02840
2439.63403	0.02833
2437.70547	0.02838
2435.77690	0.02842
2433.84834	0.02826
2431.91978	0.02806
2429.99121	0.02805
2428.06265	0.02814
2426.13408	0.02812
2424.20552	0.02801
2422.27695	0.02793
2420.34839	0.02793
2418.41982	0.02794
2416.49126	0.02780
2414.56270	0.02758
2412.63413	0.02751
2410.70557	0.02753
2408.77700	0.02741
2406.84844	0.02717
2404.91987	0.02705
2402.99131	0.02704
2401.06274	0.02712
2399.13418	0.03038
2397.20562	0.03078
2395.27705	0.02929
2393.34849	0.02767
2391.41992	0.02611
2389.49136	0.02443
2387.56279	0.02253
2385.63423	0.02050
2383.70566	0.01867
2381.77710	0.01745
2379.84854	0.01711
2377.91997	0.01775
2375.99141	0.01899
2374.06284	0.02012
2372.13428	0.02058
2370.20571	0.02038
2368.27715	0.02071
2366.34858	0.02100
2364.42002	0.01985
2362.49146	0.02008
2360.56289	0.01878
2358.63433	0.01639
2356.70576	0.01877
2354.77720	0.01417
2352.84863	0.00856
2350.92007	0.00630
2348.99150	0.00588
2347.06294	0.01146
2345.13437	0.01838
2343.20581	0.01778
2341.27725	0.01049
2339.34868	0.00799
2337.42012	0.01188
2335.49155	0.01893
2333.56299	0.02377
2331.63442	0.02472
2329.70586	0.02359
2327.77729	0.02184
2325.84873	0.02297
2323.92017	0.02600
2321.99160	0.02790
2320.06304	0.02840
2318.13447	0.02799
2316.20591	0.02716
2314.27734	0.02632
2312.34878	0.02521
2310.42021	0.02402
2308.49165	0.02330
2306.56309	0.02281
2304.63452	0.02270
2302.70596	0.02303
2300.77739	0.02354
2298.84883	0.02421
2296.92026	0.02494
2294.99170	0.02557
2293.06313	0.02609
2291.13457	0.02690
2289.20601	0.02800
2287.27744	0.02930
2285.34888	0.03046
2283.42031	0.03099
2281.49175	0.03099
2279.56318	0.03076
2277.63462	0.03036
2275.70605	0.02982
2273.77749	0.02925
2271.84893	0.02882
2269.92036	0.02852
2267.99180	0.02818
2266.06323	0.02754
2264.13467	0.02674
2262.20610	0.02612
2260.27754	0.02589
2258.34897	0.02590
2256.42041	0.02572
2254.49185	0.02509
2252.56328	0.02415
2250.63472	0.02378
2248.70615	0.02585
2246.77759	0.02601
2244.84902	0.02613
2242.92046	0.02612
2240.99189	0.02609
2239.06333	0.02610
2237.13477	0.02598
2235.20620	0.02580
2233.27764	0.02585
2231.34907	0.02607
2229.42051	0.02600
2227.49194	0.02565
2225.56338	0.02548
2223.63481	0.02555
2221.70625	0.02561
2219.77769	0.02561
2217.84912	0.02548
2215.92056	0.02521
2213.99199	0.02509
2212.06343	0.02509
2210.13486	0.02506
2208.20630	0.02507
2206.27773	0.02488
2204.34917	0.02444
2202.42061	0.02420
2200.49204	0.02449
2198.56348	0.02508
2196.63491	0.02542
2194.70635	0.02533
2192.77778	0.02522
2190.84922	0.02532
2188.92065	0.02555
2186.99209	0.02575
2185.06353	0.02562
2183.13496	0.02499
2181.20640	0.02451
2179.27783	0.02455
2177.34927	0.02424
2175.42070	0.02350
2173.49214	0.02367
2171.56357	0.02483
2169.63501	0.02588
2167.70645	0.02642
2165.77788	0.02666
2163.84932	0.02689
2161.92075	0.02579
2159.99219	0.02119
2158.06362	0.01581
2156.13506	0.01432
2154.20649	0.01586
2152.27793	0.01775
2150.34937	0.01886
2148.42080	0.01915
2146.49224	0.01915
2144.56367	0.01920
2142.63511	0.01919
2140.70654	0.01910
2138.77798	0.01899
2136.84941	0.01853
2134.92085	0.01787
2132.99229	0.01787
2131.06372	0.01854
2129.13516	0.01927
2127.20659	0.01987
2125.27803	0.02046
2123.34946	0.02108
2121.42090	0.02165
2119.49233	0.02226
2117.56377	0.02298
2115.63521	0.02354
2113.70664	0.02374
2111.77808	0.02372
2109.84951	0.02362
2107.92095	0.02355
2105.99238	0.02358
2104.06382	0.02366
2102.13525	0.02373
2100.20669	0.02371
2098.27812	0.02345
2096.34956	0.02278
2094.42100	0.02227
2092.49243	0.02250
2090.56387	0.02317
2088.63530	0.02366
2086.70674	0.02384
2084.77817	0.02390
2082.84961	0.02402
2080.92104	0.02430
2078.99248	0.02457
2077.06392	0.02464
2075.13535	0.02461
2073.20679	0.02460
2071.27822	0.02449
2069.34966	0.02422
2067.42109	0.02392
2065.49253	0.02376
2063.56396	0.02367
2061.63540	0.02359
2059.70684	0.02359
2057.77827	0.02361
2055.84971	0.02365
2053.92114	0.02444
2051.99258	0.02610
2050.06401	0.02689
2048.13545	0.02599
2046.20688	0.02489
2044.27832	0.02455
2042.34976	0.02477
2040.42119	0.02516
2038.49263	0.02524
2036.56406	0.02466
2034.63550	0.02392
2032.70693	0.02354
2030.77837	0.02321
2028.84980	0.02285
2026.92124	0.02275
2024.99268	0.02271
2023.06411	0.02267
2021.13555	0.02280
2019.20698	0.02283
2017.27842	0.02246
2015.34985	0.02203
2013.42129	0.02189
2011.49272	0.02186
2009.56416	0.02144
2007.63560	0.02053
2005.70703	0.01981
2003.77847	0.01989
2001.84990	0.02048
1999.92134	0.02104
1997.99277	0.02132
1996.06421	0.02142
1994.13564	0.02165
1992.20708	0.02212
1990.27852	0.02256
1988.34995	0.02275
1986.42139	0.02293
1984.49282	0.02367
1982.56426	0.02510
1980.63569	0.02581
1978.70713	0.02422
1976.77856	0.02150
1974.85000	0.02008
1972.92144	0.02007
1970.99287	0.02010
1969.06431	0.01985
1967.13574	0.01990
1965.20718	0.02022
1963.27861	0.02023
1961.35005	0.01978
1959.42148	0.01926
1957.49292	0.01906
1955.56436	0.01924
1953.63579	0.01952
1951.70723	0.01967
1949.77866	0.01984
1947.85010	0.02016
1945.92153	0.02049
1943.99297	0.02068
1942.06440	0.02071
1940.13584	0.02064
1938.20728	0.02061
1936.27871	0.02070
1934.35015	0.02087
1932.42158	0.02101
1930.49302	0.02109
1928.56445	0.02106
1926.63589	0.02095
1924.70732	0.02090
1922.77876	0.02103
1920.85020	0.02125
1918.92163	0.02144
1916.99307	0.02168
1915.06450	0.02194
1913.13594	0.02206
1911.20737	0.02211
1909.27881	0.02231
1907.35024	0.02257
1905.42168	0.02268
1903.49312	0.02260
1901.56455	0.02248
1899.63599	0.02244
1897.70742	0.02245
1895.77886	0.02244
1893.85029	0.02245
1891.92173	0.02256
1889.99316	0.02266
1888.06460	0.02256
1886.13604	0.02237
1884.20747	0.02233
1882.27891	0.02238
1880.35034	0.02240
1878.42178	0.02238
1876.49321	0.02234
1874.56465	0.02226
1872.63608	0.02218
1870.70752	0.02219
1868.77896	0.02234
1866.85039	0.02249
1864.92183	0.02254
1862.99326	0.02253
1861.06470	0.02247
1859.13613	0.02241
1857.20757	0.02246
1855.27900	0.02255
1853.35044	0.02252
1851.42187	0.02239
1849.49331	0.02230
1847.56475	0.02234
1845.63618	0.02252
1843.70762	0.02269
1841.77905	0.02268
1839.85049	0.02256
1837.92192	0.02252
1835.99336	0.02262
1834.06479	0.02274
1832.13623	0.02284
1830.20767	0.02298
1828.27910	0.02316
1826.35054	0.02336
1824.42197	0.02359
1822.49341	0.02378
1820.56484	0.02377
1818.63628	0.02355
1816.70771	0.02337
1814.77915	0.02346
1812.85059	0.02371
1810.92202	0.02395
1808.99346	0.02417
1807.06489	0.02441
1805.13633	0.02465
1803.20776	0.02489
1801.27920	0.02517
1799.35063	0.02548
1797.42207	0.02573
1795.49351	0.02595
1793.56494	0.02630
1791.63638	0.02681
1789.70781	0.02727
1787.77925	0.02763
1785.85068	0.02797
1783.92212	0.02827
1781.99355	0.02853
1780.06499	0.02872
1778.13643	0.02885
1776.20786	0.02896
1774.27930	0.02915
1772.35073	0.02951
1770.42217	0.02993
1768.49360	0.03027
1766.56504	0.03054
1764.63647	0.03078
1762.70791	0.03111
1760.77935	0.03160
1758.85078	0.03221
1756.92222	0.03290
1754.99365	0.03365
1753.06509	0.03462
1751.13652	0.03595
1749.20796	0.03749
1747.27939	0.03894
1745.35083	0.04022
1743.42227	0.04141
1741.49370	0.04249
1739.56514	0.04338
1737.63657	0.04396
1735.70801	0.04430
1733.77944	0.04458
1731.85088	0.04482
1729.92231	0.04508
1727.99375	0.04557
1726.06519	0.04644
1724.13662	0.04759
1722.20806	0.04869
1720.27949	0.04956
1718.35093	0.05042
1716.42236	0.05149
1714.49380	0.05257
1712.56523	0.05335
1710.63667	0.05375
1708.70811	0.05382
1706.77954	0.05361
1704.85098	0.05315
1702.92241	0.05268
1700.99385	0.05242
1699.06528	0.05236
1697.13672	0.05238
1695.20815	0.05240
1693.27959	0.05233
1691.35103	0.05228
1689.42246	0.05242
1687.49390	0.05278
1685.56533	0.05351
1683.63677	0.05464
1681.70820	0.05572
1679.77964	0.05655
1677.85107	0.05739
1675.92251	0.05842
1673.99395	0.05947
1672.06538	0.06038
1670.13682	0.06135
1668.20825	0.06242
1666.27969	0.06339
1664.35112	0.06430
1662.42256	0.06523
1660.49399	0.06597
1658.56543	0.06637
1656.63687	0.06659
1654.70830	0.06681
1652.77974	0.06710
1650.85117	0.06721
1648.92261	0.06714
1646.99404	0.06718
1645.06548	0.06739
1643.13691	0.06759
1641.20835	0.06763
1639.27979	0.06750
1637.35122	0.06727
1635.42266	0.06710
1633.49409	0.06702
1631.56553	0.06690
1629.63696	0.06666
1627.70840	0.06630
1625.77983	0.06580
1623.85127	0.06518
1621.92271	0.06448
1619.99414	0.06377
1618.06558	0.06306
1616.13701	0.06237
1614.20845	0.06176
1612.27988	0.06122
1610.35132	0.06080
1608.42275	0.06051
1606.49419	0.06028
1604.56562	0.06010
1602.63706	0.06001
1600.70850	0.06004
1598.77993	0.06014
1596.85137	0.06027
1594.92280	0.06046
1592.99424	0.06078
1591.06567	0.06123
1589.13711	0.06182
1587.20854	0.06255
1585.27998	0.06346
1583.35142	0.06453
1581.42285	0.06562
1579.49429	0.06651
1577.56572	0.06713
1575.63716	0.06745
1573.70859	0.06736
1571.78003	0.06692
1569.85146	0.06630
1567.92290	0.06573
1565.99434	0.06532
1564.06577	0.06506
1562.13721	0.06495
1560.20864	0.06504
1558.28008	0.06534
1556.35151	0.06560
1554.42295	0.06580
1552.49438	0.06609
1550.56582	0.06651
1548.63726	0.06701
1546.70869	0.06749
1544.78013	0.06779
1542.85156	0.06753
1540.92300	0.06629
1538.99443	0.06413
1537.06587	0.06169
1535.13730	0.05919
1533.20874	0.05655
1531.28018	0.05411
1529.35161	0.05213
1527.42305	0.05047
1525.49448	0.04898
1523.56592	0.04769
1521.63735	0.04657
1519.70879	0.04564
1517.78022	0.04482
1515.85166	0.04399
1513.92310	0.04316
1511.99453	0.04240
1510.06597	0.04170
1508.13740	0.04102
1506.20884	0.04030
1504.28027	0.03961
1502.35171	0.03901
1500.42314	0.03853
1498.49458	0.03820
1496.56602	0.03798
1494.63745	0.03784
1492.70889	0.03779
1490.78032	0.03790
1488.85176	0.03827
1486.92319	0.03900
1484.99463	0.04017
1483.06606	0.04198
1481.13750	0.04532
1479.20894	0.05345
1477.28037	0.07346
1475.35181	0.11143
1473.42324	0.15987
1471.49468	0.19499
1469.56611	0.20353
1467.63755	0.19709
1465.70898	0.18856
1463.78042	0.18031
1461.85186	0.16976
1459.92329	0.15578
1457.99473	0.14037
1456.06616	0.12719
1454.13760	0.11777
1452.20903	0.11051
1450.28047	0.10429
1448.35190	0.09930
1446.42334	0.09571
1444.49478	0.09329
1442.56621	0.09157
1440.63765	0.09014
1438.70908	0.08873
1436.78052	0.08711
1434.85195	0.08524
1432.92339	0.08317
1430.99482	0.08093
1429.06626	0.07866
1427.13770	0.07660
1425.20913	0.07492
1423.28057	0.07363
1421.35200	0.07273
1419.42344	0.07215
1417.49487	0.07173
1415.56631	0.07132
1413.63774	0.07090
1411.70918	0.07035
1409.78062	0.06957
1407.85205	0.06854
1405.92349	0.06730
1403.99492	0.06590
1402.06636	0.06448
1400.13779	0.06313
1398.20923	0.06188
1396.28066	0.06073
1394.35210	0.05971
1392.42354	0.05894
1390.49497	0.05850
1388.56641	0.05841
1386.63784	0.05877
1384.70928	0.05984
1382.78071	0.06184
1380.85215	0.06443
1378.92358	0.06654
1376.99502	0.06724
1375.06646	0.06672
1373.13789	0.06588
1371.20933	0.06534
1369.28076	0.06496
1367.35220	0.06438
1365.42363	0.06350
1363.49507	0.06246
1361.56650	0.06143
1359.63794	0.06056
1357.70937	0.06001
1355.78081	0.05979
1353.85225	0.05971
1351.92368	0.05955
1349.99512	0.05920
1348.06655	0.05864
1346.13799	0.05801
1344.20942	0.05742
1342.28086	0.05689
1340.35229	0.05633
1338.42373	0.05567
1336.49517	0.05500
1334.56660	0.05453
1332.63804	0.05426
1330.70947	0.05417
1328.78091	0.05425
1326.85234	0.05453
1324.92378	0.05500
1322.99521	0.05560
1321.06665	0.05626
1319.13809	0.05690
1317.20952	0.05741
1315.28096	0.05775
1313.35239	0.05800
1311.42383	0.05827
1309.49526	0.05861
1307.56670	0.05895
1305.63813	0.05925
1303.70957	0.05948
1301.78101	0.05963
1299.85244	0.05973
1297.92388	0.05980
1295.99531	0.05983
1294.06675	0.05985
1292.13818	0.05988
1290.20962	0.05995
1288.28105	0.06005
1286.35249	0.06024
1284.42393	0.06049
1282.49536	0.06076
1280.56680	0.06106
1278.63823	0.06143
1276.70967	0.06188
1274.78110	0.06237
1272.85254	0.06285
1270.92397	0.06331
1268.99541	0.06374
1267.06685	0.06417
1265.13828	0.06461
1263.20972	0.06505
1261.28115	0.06540
1259.35259	0.06563
1257.42402	0.06583
1255.49546	0.06604
1253.56689	0.06622
1251.63833	0.06633
1249.70977	0.06640
1247.78120	0.06652
1245.85264	0.06669
1243.92407	0.06689
1241.99551	0.06708
1240.06694	0.06724
1238.13838	0.06736
1236.20981	0.06750
1234.28125	0.06766
1232.35269	0.06779
1230.42412	0.06790
1228.49556	0.06799
1226.56699	0.06803
1224.63843	0.06804
1222.70986	0.06805
1220.78130	0.06805
1218.85273	0.06804
1216.92417	0.06804
1214.99561	0.06805
1213.06704	0.06805
1211.13848	0.06800
1209.20991	0.06789
1207.28135	0.06779
1205.35278	0.06777
1203.42422	0.06777
1201.49565	0.06777
1199.56709	0.06776
1197.63853	0.06771
1195.70996	0.06770
1193.78140	0.06783
1191.85283	0.06803
1189.92427	0.06824
1187.99570	0.06847
1186.06714	0.06874
1184.13857	0.06908
1182.21001	0.06956
1180.28145	0.07019
1178.35288	0.07086
1176.42432	0.07156
1174.49575	0.07223
1172.56719	0.07278
1170.63862	0.07322
1168.71006	0.07367
1166.78149	0.07415
1164.85293	0.07465
1162.92437	0.07517
1160.99580	0.07566
1159.06724	0.07609
1157.13867	0.07645
1155.21011	0.07677
1153.28154	0.07703
1151.35298	0.07728
1149.42441	0.07756
1147.49585	0.07780
1145.56729	0.07802
1143.63872	0.07835
1141.71016	0.07877
1139.78159	0.07918
1137.85303	0.07958
1135.92446	0.08011
1133.99590	0.08084
1132.06733	0.08172
1130.13877	0.08258
1128.21021	0.08334
1126.28164	0.08416
1124.35308	0.08511
1122.42451	0.08610
1120.49595	0.08714
1118.56738	0.08831
1116.63882	0.08961
1114.71025	0.09094
1112.78169	0.09219
1110.85312	0.09330
1108.92456	0.09441
1106.99600	0.09560
1105.06743	0.09679
1103.13887	0.09793
1101.21030	0.09906
1099.28174	0.10023
1097.35317	0.10141
1095.42461	0.10254
1093.49604	0.10366
1091.56748	0.10475
1089.63892	0.10581
1087.71035	0.10683
1085.78179	0.10772
1083.85322	0.10847
1081.92466	0.10912
1079.99609	0.10964
1078.06753	0.11005
1076.13896	0.11033
1074.21040	0.11048
1072.28184	0.11065
1070.35327	0.11100
1068.42471	0.11147
1066.49614	0.11199
1064.56758	0.11255
1062.63901	0.11305
1060.71045	0.11342
1058.78188	0.11375
1056.85332	0.11419
1054.92476	0.11473
1052.99619	0.11534
1051.06763	0.11604
1049.13906	0.11670
1047.21050	0.11718
1045.28193	0.11742
1043.35337	0.11748
1041.42480	0.11735
1039.49624	0.11704
1037.56768	0.11658
1035.63911	0.11593
1033.71055	0.11510
1031.78198	0.11415
1029.85342	0.11300
1027.92485	0.11157
1025.99629	0.10996
1024.06772	0.10839
1022.13916	0.10696
1020.21060	0.10554
1018.28203	0.10402
1016.35347	0.10242
1014.42490	0.10069
1012.49634	0.09887
1010.56777	0.09699
1008.63921	0.09503
1006.71064	0.09305
1004.78208	0.09110
1002.85352	0.08914
1000.92495	0.08722
998.99639	0.08545
997.06782	0.08380
995.13926	0.08208
993.21069	0.08028
991.28213	0.07847
989.35356	0.07661
987.42500	0.07468
985.49644	0.07282
983.56787	0.07108
981.63931	0.06952
979.71074	0.06816
977.78218	0.06696
975.85361	0.06589
973.92505	0.06492
971.99648	0.06398
970.06792	0.06319
968.13936	0.06264
966.21079	0.06224
964.28223	0.06183
962.35366	0.06131
960.42510	0.06057
958.49653	0.05978
956.56797	0.05912
954.63940	0.05850
952.71084	0.05793
950.78228	0.05750
948.85371	0.05718
946.92515	0.05691
944.99658	0.05669
943.06802	0.05646
941.13945	0.05623
939.21089	0.05612
937.28232	0.05610
935.35376	0.05598
933.42520	0.05573
931.49663	0.05542
929.56807	0.05509
927.63950	0.05479
925.71094	0.05459
923.78237	0.05454
921.85381	0.05448
919.92524	0.05438
917.99668	0.05462
916.06812	0.05535
914.13955	0.05640
912.21099	0.05766
910.28242	0.05888
908.35386	0.05932
906.42529	0.05846
904.49673	0.05663
902.56816	0.05461
900.63960	0.05293
898.71104	0.05164
896.78247	0.05066
894.85391	0.04993
892.92534	0.04937
890.99678	0.04883
889.06821	0.04828
887.13965	0.04769
885.21108	0.04707
883.28252	0.04643
881.35396	0.04583
879.42539	0.04527
877.49683	0.04478
875.56826	0.04438
873.63970	0.04404
871.71113	0.04376
869.78257	0.04350
867.85400	0.04320
865.92544	0.04302
863.99687	0.04304
862.06831	0.04314
860.13975	0.04315
858.21118	0.04299
856.28262	0.04280
854.35405	0.04277
852.42549	0.04281
850.49692	0.04278
848.56836	0.04274
846.63979	0.04274
844.71123	0.04286
842.78267	0.04306
840.85410	0.04326
838.92554	0.04332
836.99697	0.04317
835.06841	0.04312
833.13984	0.04352
831.21128	0.04401
829.28271	0.04420
827.35415	0.04434
825.42559	0.04474
823.49702	0.04527
821.56846	0.04570
819.63989	0.04602
817.71133	0.04622
815.78276	0.04626
813.85420	0.04621
811.92563	0.04633
809.99707	0.04657
808.06851	0.04676
806.13994	0.04697
804.21138	0.04716
802.28281	0.04722
800.35425	0.04735
798.42568	0.04760
796.49712	0.04783
794.56855	0.04796
792.63999	0.04803
790.71143	0.04803
788.78286	0.04819
786.85430	0.04874
784.92573	0.04946
782.99717	0.04995
781.06860	0.05010
779.14004	0.05009
777.21147	0.05009
775.28291	0.05017
773.35435	0.05035
771.42578	0.05052
769.49722	0.05042
767.56865	0.04991
765.64009	0.04930
763.71152	0.04894
761.78296	0.04887
759.85439	0.04907
757.92583	0.04943
755.99727	0.04977
754.06870	0.05003
752.14014	0.05027
750.21157	0.05058
748.28301	0.05107
746.35444	0.05176
744.42588	0.05266
742.49731	0.05375
740.56875	0.05520
738.64019	0.05793
736.71162	0.06406
734.78306	0.07645
732.85449	0.09396
730.92593	0.10819
728.99736	0.11366
727.06880	0.11679
725.14023	0.12613
723.21167	0.14462
721.28311	0.17532
719.35454	0.21009
717.42598	0.23100
715.49741	0.22287
713.56885	0.18988
711.64028	0.15215
709.71172	0.12366
707.78315	0.10557
705.85459	0.09412
703.92603	0.08631
701.99746	0.08045
700.06890	0.07572
698.14033	0.07192
696.21177	0.06892
694.28320	0.06631
692.35464	0.06384
690.42607	0.06188
688.49751	0.06071
686.56895	0.05963
684.64038	0.05809
682.71182	0.05632
680.78325	0.05522
678.85469	0.05502
676.92612	0.05444
674.99756	0.05283
673.06899	0.05229
671.14043	0.05850
669.21187	0.06970
667.28330	0.06608
665.35474	0.06038
663.42617	0.05457
661.49761	0.05284
659.56904	0.05304
657.64048	0.05346
655.71191	0.05344
653.78335	0.05265
651.85479	0.05225
649.92622	0.05267
647.99766	0.05288
646.06909	0.05302
644.14053	0.05404
642.21196	0.05549
640.28340	0.05667
638.35483	0.05802
636.42627	0.05964
634.49771	0.06070
632.56914	0.06103
630.64058	0.06136
628.71201	0.06179
626.78345	0.06209
624.85488	0.06193
622.92632	0.06122
620.99775	0.06013
619.06919	0.05909
617.14062	0.05883
615.21206	0.05929
613.28350	0.06011
611.35493	0.06141
609.42637	0.06203
607.49780	0.06115
605.56924	0.06034
603.64067	0.06072
601.71211	0.06142
599.78354	0.06147
