3997.91411	-0.00638
3995.98555	-0.00637
3994.05698	-0.00631
3992.12842	-0.00619
3990.19985	-0.00611
3988.27129	-0.00616
3986.34272	-0.00633
3984.41416	-0.00646
3982.48560	-0.00641
3980.55703	-0.00621
3978.62847	-0.00604
3976.69990	-0.00601
3974.77134	-0.00611
3972.84277	-0.00622
3970.91421	-0.00623
3968.98564	-0.00615
3967.05708	-0.00613
3965.12852	-0.00617
3963.19995	-0.00623
3961.27139	-0.00628
3959.34282	-0.00633
3957.41426	-0.00630
3955.48569	-0.00619
3953.55713	-0.00608
3951.62856	-0.00599
3949.70000	-0.00590
3947.77144	-0.00583
3945.84287	-0.00580
3943.91431	-0.00583
3941.98574	-0.00587
3940.05718	-0.00591
3938.12861	-0.00599
3936.20005	-0.00609
3934.27148	-0.00606
3932.34292	-0.00593
3930.41436	-0.00582
3928.48579	-0.00577
3926.55723	-0.00574
3924.62866	-0.00575
3922.70010	-0.00581
3920.77153	-0.00586
3918.84297	-0.00590
3916.91440	-0.00588
3914.98584	-0.00580
3913.05728	-0.00575
3911.12871	-0.00576
3909.20015	-0.00575
3907.27158	-0.00568
3905.34302	-0.00564
3903.41445	-0.00556
3901.48589	-0.00544
3899.55732	-0.00546
3897.62876	-0.00571
3895.70020	-0.00603
3893.77163	-0.00620
3891.84307	-0.00621
3889.91450	-0.00619
3887.98594	-0.00619
3886.05737	-0.00603
3884.12881	-0.00573
3882.20024	-0.00559
3880.27168	-0.00565
3878.34312	-0.00579
3876.41455	-0.00590
3874.48599	-0.00597
3872.55742	-0.00607
3870.62886	-0.00621
3868.70029	-0.00634
3866.77173	-0.00642
3864.84316	-0.00637
3862.91460	-0.00623
3860.98604	-0.00619
3859.05747	-0.00633
3857.12891	-0.00651
3855.20034	-0.00649
3853.27178	-0.00627
3851.34321	-0.00620
3849.41465	-0.00635
3847.48608	-0.00645
3845.55752	-0.00641
3843.62896	-0.00636
3841.70039	-0.00641
3839.77183	-0.00657
3837.84326	-0.00670
3835.91470	-0.00666
3833.98613	-0.00648
3832.05757	-0.00628
3830.12900	-0.00616
3828.20044	-0.00620
3826.27187	-0.00632
3824.34331	-0.00643
3822.41475	-0.00643
3820.48618	-0.00637
3818.55762	-0.00633
3816.62905	-0.00631
3814.70049	-0.00626
3812.77192	-0.00623
3810.84336	-0.00627
3808.91479	-0.00639
3806.98623	-0.00652
3805.05767	-0.00656
3803.12910	-0.00654
3801.20054	-0.00657
3799.27197	-0.00668
3797.34341	-0.00674
3795.41484	-0.00664
3793.48628	-0.00645
3791.55771	-0.00631
3789.62915	-0.00625
3787.70059	-0.00624
3785.77202	-0.00625
3783.84346	-0.00630
3781.91489	-0.00642
3779.98633	-0.00654
3778.05776	-0.00662
3776.12920	-0.00661
3774.20063	-0.00650
3772.27207	-0.00638
3770.34351	-0.00633
3768.41494	-0.00633
3766.48638	-0.00641
3764.55781	-0.00655
3762.62925	-0.00670
3760.70068	-0.00684
3758.77212	-0.00693
3756.84355	-0.00691
3754.91499	-0.00678
3752.98643	-0.00667
3751.05786	-0.00674
3749.12930	-0.00705
3747.20073	-0.00734
3745.27217	-0.00736
3743.34360	-0.00717
3741.41504	-0.00724
3739.48647	-0.00764
3737.55791	-0.00793
3735.62935	-0.00791
3733.70078	-0.00787
3731.77222	-0.00805
3729.84365	-0.00829
3727.91509	-0.00849
3725.98652	-0.00851
3724.05796	-0.00842
3722.12939	-0.00820
3720.20083	-0.00788
3718.27227	-0.00765
3716.34370	-0.00757
3714.41514	-0.00761
3712.48657	-0.00764
3710.55801	-0.00771
3708.62944	-0.00760
3706.70088	-0.00752
3704.77231	-0.00762
3702.84375	-0.00772
3700.91519	-0.00765
3698.98662	-0.00744
3697.05806	-0.00735
3695.12949	-0.00740
3693.20093	-0.00731
3691.27236	-0.00719
3689.34380	-0.00712
3687.41523	-0.00713
3685.48667	-0.00707
3683.55811	-0.00689
3681.62954	-0.00668
3679.70098	-0.00662
3677.77241	-0.00661
3675.84385	-0.00640
3673.91528	-0.00611
3671.98672	-0.00604
3670.05815	-0.00607
3668.12959	-0.00604
3666.20103	-0.00600
3664.27246	-0.00595
3662.34390	-0.00584
3660.41533	-0.00574
3658.48677	-0.00568
3656.55820	-0.00561
3654.62964	-0.00555
3652.70107	-0.00554
3650.77251	-0.00550
3648.84395	-0.00531
3646.91538	-0.00510
3644.98682	-0.00505
3643.05825	-0.00526
3641.12969	-0.00558
3639.20112	-0.00582
3637.27256	-0.00594
3635.34399	-0.00602
3633.41543	-0.00611
3631.48687	-0.00619
3629.55830	-0.00620
3627.62974	-0.00609
3625.70117	-0.00596
3623.77261	-0.00604
3621.84404	-0.00610
3619.91548	-0.00579
3617.98691	-0.00543
3616.05835	-0.00524
3614.12979	-0.00516
3612.20122	-0.00506
3610.27266	-0.00490
3608.34409	-0.00478
3606.41553	-0.00478
3604.48696	-0.00489
3602.55840	-0.00500
3600.62983	-0.00513
3598.70127	-0.00526
3596.77271	-0.00521
3594.84414	-0.00519
3592.91558	-0.00526
3590.98701	-0.00532
3589.05845	-0.00522
3587.12988	-0.00515
3585.20132	-0.00518
3583.27275	-0.00513
3581.34419	-0.00501
3579.41562	-0.00501
3577.48706	-0.00502
3575.55850	-0.00484
3573.62993	-0.00461
3571.70137	-0.00459
3569.77280	-0.00471
3567.84424	-0.00474
3565.91567	-0.00461
3563.98711	-0.00441
3562.05854	-0.00428
3560.12998	-0.00426
3558.20142	-0.00430
3556.27285	-0.00434
3554.34429	-0.00435
3552.41572	-0.00432
3550.48716	-0.00427
3548.55859	-0.00412
3546.63003	-0.00383
3544.70146	-0.00360
3542.77290	-0.00357
3540.84434	-0.00366
3538.91577	-0.00381
3536.98721	-0.00393
3535.05864	-0.00388
3533.13008	-0.00369
3531.20151	-0.00357
3529.27295	-0.00368
3527.34438	-0.00384
3525.41582	-0.00391
3523.48726	-0.00392
3521.55869	-0.00384
3519.63013	-0.00368
3517.70156	-0.00353
3515.77300	-0.00341
3513.84443	-0.00328
3511.91587	-0.00311
3509.98730	-0.00291
3508.05874	-0.00281
3506.13018	-0.00288
3504.20161	-0.00291
3502.27305	-0.00277
3500.34448	-0.00268
3498.41592	-0.00278
3496.48735	-0.00285
3494.55879	-0.00270
3492.63022	-0.00252
3490.70166	-0.00251
3488.77310	-0.00255
3486.84453	-0.00257
3484.91597	-0.00269
3482.98740	-0.00274
3481.05884	-0.00258
3479.13027	-0.00242
3477.20171	-0.00246
3475.27314	-0.00259
3473.34458	-0.00264
3471.41602	-0.00261
3469.48745	-0.00257
3467.55889	-0.00243
3465.63032	-0.00230
3463.70176	-0.00234
3461.77319	-0.00241
3459.84463	-0.00238
3457.91606	-0.00219
3455.98750	-0.00187
3454.05894	-0.00163
3452.13037	-0.00159
3450.20181	-0.00166
3448.27324	-0.00180
3446.34468	-0.00201
3444.41611	-0.00213
3442.48755	-0.00200
3440.55898	-0.00178
3438.63042	-0.00172
3436.70186	-0.00178
3434.77329	-0.00183
3432.84473	-0.00184
3430.91616	-0.00184
3428.98760	-0.00179
3427.05903	-0.00161
3425.13047	-0.00135
3423.20190	-0.00129
3421.27334	-0.00140
3419.34478	-0.00129
3417.41621	-0.00097
3415.48765	-0.00086
3413.55908	-0.00112
3411.63052	-0.00146
3409.70195	-0.00159
3407.77339	-0.00159
3405.84482	-0.00159
3403.91626	-0.00157
3401.98770	-0.00151
3400.05913	-0.00142
3398.13057	-0.00138
3396.20200	-0.00132
3394.27344	-0.00137
3392.34487	-0.00140
3390.41631	-0.00123
3388.48774	-0.00107
3386.55918	-0.00115
3384.63062	-0.00131
3382.70205	-0.00134
3380.77349	-0.00123
3378.84492	-0.00105
3376.91636	-0.00093
3374.98779	-0.00089
3373.05923	-0.00087
3371.13066	-0.00088
3369.20210	-0.00097
3367.27354	-0.00110
3365.34497	-0.00119
3363.41641	-0.00125
3361.48784	-0.00128
3359.55928	-0.00113
3357.63071	-0.00093
3355.70215	-0.00100
3353.77358	-0.00128
3351.84502	-0.00138
3349.91646	-0.00123
3347.98789	-0.00114
3346.05933	-0.00116
3344.13076	-0.00114
3342.20220	-0.00115
3340.27363	-0.00123
3338.34507	-0.00116
3336.41650	-0.00098
3334.48794	-0.00101
3332.55937	-0.00124
3330.63081	-0.00136
3328.70225	-0.00121
3326.77368	-0.00099
3324.84512	-0.00095
3322.91655	-0.00097
3320.98799	-0.00099
3319.05942	-0.00115
3317.13086	-0.00135
3315.20229	-0.00127
3313.27373	-0.00098
3311.34517	-0.00080
3309.41660	-0.00078
3307.48804	-0.00092
3305.55947	-0.00114
3303.63091	-0.00125
3301.70234	-0.00114
3299.77378	-0.00100
3297.84521	-0.00103
3295.91665	-0.00120
3293.98809	-0.00142
3292.05952	-0.00153
3290.13096	-0.00152
3288.20239	-0.00144
3286.27383	-0.00132
3284.34526	-0.00129
3282.41670	-0.00143
3280.48813	-0.00157
3278.55957	-0.00159
3276.63101	-0.00154
3274.70244	-0.00154
3272.77388	-0.00150
3270.84531	-0.00137
3268.91675	-0.00137
3266.98818	-0.00165
3265.05962	-0.00201
3263.13105	-0.00216
3261.20249	-0.00206
3259.27393	-0.00192
3257.34536	-0.00184
3255.41680	-0.00175
3253.48823	-0.00174
3251.55967	-0.00186
3249.63110	-0.00198
3247.70254	-0.00194
3245.77397	-0.00173
3243.84541	-0.00165
3241.91685	-0.00185
3239.98828	-0.00208
3238.05972	-0.00216
3236.13115	-0.00213
3234.20259	-0.00219
3232.27402	-0.00241
3230.34546	-0.00266
3228.41689	-0.00276
3226.48833	-0.00275
3224.55977	-0.00272
3222.63120	-0.00264
3220.70264	-0.00252
3218.77407	-0.00242
3216.84551	-0.00237
3214.91694	-0.00241
3212.98838	-0.00245
3211.05981	-0.00250
3209.13125	-0.00258
3207.20269	-0.00259
3205.27412	-0.00251
3203.34556	-0.00246
3201.41699	-0.00250
3199.48843	-0.00262
3197.55986	-0.00271
3195.63130	-0.00263
3193.70273	-0.00245
3191.77417	-0.00244
3189.84561	-0.00261
3187.91704	-0.00287
3185.98848	-0.00315
3184.05991	-0.00329
3182.13135	-0.00319
3180.20278	-0.00299
3178.27422	-0.00289
3176.34565	-0.00303
3174.41709	-0.00328
3172.48853	-0.00343
3170.55996	-0.00347
3168.63140	-0.00348
3166.70283	-0.00345
3164.77427	-0.00345
3162.84570	-0.00347
3160.91714	-0.00350
3158.98857	-0.00356
3157.06001	-0.00365
3155.13145	-0.00377
3153.20288	-0.00381
3151.27432	-0.00374
3149.34575	-0.00372
3147.41719	-0.00391
3145.48862	-0.00413
3143.56006	-0.00420
3141.63149	-0.00416
3139.70293	-0.00415
3137.77437	-0.00419
3135.84580	-0.00426
3133.91724	-0.00437
3131.98867	-0.00444
3130.06011	-0.00444
3128.13154	-0.00450
3126.20298	-0.00466
3124.27441	-0.00475
3122.34585	-0.00470
3120.41729	-0.00463
3118.48872	-0.00468
3116.56016	-0.00478
3114.63159	-0.00477
3112.70303	-0.00458
3110.77446	-0.00434
3108.84590	-0.00425
3106.91733	-0.00431
3104.98877	-0.00441
3103.06021	-0.00441
3101.13164	-0.00429
3099.20308	-0.00412
3097.27451	-0.00401
3095.34595	-0.00399
3093.41738	-0.00400
3091.48882	-0.00393
3089.56025	-0.00381
3087.63169	-0.00369
3085.70312	-0.00352
3083.77456	-0.00337
3081.84600	-0.00343
3079.91743	-0.00363
3077.98887	-0.00374
3076.06030	-0.00370
3074.13174	-0.00361
3072.20317	-0.00352
3070.27461	-0.00346
3068.34604	-0.00348
3066.41748	-0.00351
3064.48892	-0.00356
3062.56035	-0.00364
3060.63179	-0.00365
3058.70322	-0.00352
3056.77466	-0.00342
3054.84609	-0.00344
3052.91753	-0.00340
3050.98896	-0.00328
3049.06040	-0.00319
3047.13184	-0.00318
3045.20327	-0.00319
3043.27471	-0.00316
3041.34614	-0.00309
3039.41758	-0.00299
3037.48901	-0.00282
3035.56045	-0.00271
3033.63188	-0.00271
3031.70332	-0.00272
3029.77476	-0.00266
3027.84619	-0.00264
3025.91763	-0.00272
3023.98906	-0.00278
3022.06050	-0.00273
3020.13193	-0.00265
3018.20337	-0.00263
3016.27480	-0.00269
3014.34624	-0.00273
3012.41768	-0.00265
3010.48911	-0.00249
3008.56055	-0.00237
3006.63198	-0.00226
3004.70342	-0.00203
3002.77485	-0.00173
3000.84629	-0.00150
2998.91772	-0.00133
2996.98916	-0.00110
2995.06060	-0.00069
2993.13203	-0.00007
2991.20347	0.00060
2989.27490	0.00120
2987.34634	0.00181
2985.41777	0.00268
2983.48921	0.00387
2981.56064	0.00535
2979.63208	0.00727
2977.70352	0.00976
2975.77495	0.01279
2973.84639	0.01635
2971.91782	0.02052
2969.98926	0.02543
2968.06069	0.03114
2966.13213	0.03757
2964.20356	0.04446
2962.27500	0.05137
2960.34644	0.05780
2958.41787	0.06298
2956.48931	0.06585
2954.56074	0.06552
2952.63218	0.06207
2950.70361	0.05713
2948.77505	0.05303
2946.84648	0.05161
2944.91792	0.05373
2942.98936	0.05937
2941.06079	0.06802
2939.13223	0.07930
2937.20366	0.09331
2935.27510	0.11039
2933.34653	0.13097
2931.41797	0.15562
2929.48940	0.18529
2927.56084	0.22171
2925.63228	0.26741
2923.70371	0.32519
2921.77515	0.39727
2919.84658	0.48264
2917.91802	0.56652
2915.98945	0.61040
2914.06089	0.58436
2912.13232	0.51282
2910.20376	0.43803
2908.27520	0.37845
2906.34663	0.33492
2904.41807	0.30350
2902.48950	0.28029
2900.56094	0.26237
2898.63237	0.24759
2896.70381	0.23435
2894.77524	0.22179
2892.84668	0.20951
2890.91812	0.19733
2888.98955	0.18507
2887.06099	0.17271
2885.13242	0.16050
2883.20386	0.14877
2881.27529	0.13800
2879.34673	0.12879
2877.41816	0.12172
2875.48960	0.11689
2873.56104	0.11352
2871.63247	0.11017
2869.70391	0.10608
2867.77534	0.10224
2865.84678	0.10079
2863.91821	0.10378
2861.98965	0.11266
2860.06108	0.12849
2858.13252	0.15276
2856.20396	0.18954
2854.27539	0.24712
2852.34683	0.33467
2850.41826	0.44352
2848.48970	0.51611
2846.56113	0.48766
2844.63257	0.39451
2842.70400	0.30485
2840.77544	0.23981
2838.84687	0.19527
2836.91831	0.16439
2834.98975	0.14235
2833.06118	0.12609
2831.13262	0.11358
2829.20405	0.10358
2827.27549	0.09544
2825.34692	0.08869
2823.41836	0.08305
2821.48979	0.07824
2819.56123	0.07401
2817.63267	0.07026
2815.70410	0.06697
2813.77554	0.06408
2811.84697	0.06151
2809.91841	0.05920
2807.98984	0.05708
2806.06128	0.05503
2804.13271	0.05304
2802.20415	0.05122
2800.27559	0.04962
2798.34702	0.04818
2796.41846	0.04680
2794.48989	0.04540
2792.56133	0.04393
2790.63276	0.04249
2788.70420	0.04119
2786.77563	0.04001
2784.84707	0.03894
2782.91851	0.03793
2780.98994	0.03694
2779.06138	0.03596
2777.13281	0.03505
2775.20425	0.03421
2773.27568	0.03339
2771.34712	0.03264
2769.41855	0.03197
2767.48999	0.03136
2765.56143	0.03079
2763.63286	0.03024
2761.70430	0.02973
2759.77573	0.02927
2757.84717	0.02885
2755.91860	0.02840
2753.99004	0.02789
2752.06147	0.02741
2750.13291	0.02706
2748.20435	0.02686
2746.27578	0.02672
2744.34722	0.02657
2742.41865	0.02640
2740.49009	0.02624
2738.56152	0.02611
2736.63296	0.02601
2734.70439	0.02589
2732.77583	0.02567
2730.84727	0.02542
2728.91870	0.02518
2726.99014	0.02487
2725.06157	0.02444
2723.13301	0.02397
2721.20444	0.02361
2719.27588	0.02339
2717.34731	0.02321
2715.41875	0.02295
2713.49019	0.02259
2711.56162	0.02216
2709.63306	0.02176
2707.70449	0.02149
2705.77593	0.02137
2703.84736	0.02129
2701.91880	0.02113
2699.99023	0.02087
2698.06167	0.02059
2696.13311	0.02033
2694.20454	0.02006
2692.27598	0.01986
2690.34741	0.01975
2688.41885	0.01971
2686.49028	0.01967
2684.56172	0.01966
2682.63315	0.01968
2680.70459	0.01969
2678.77603	0.01969
2676.84746	0.01969
2674.91890	0.01970
2672.99033	0.01975
2671.06177	0.01984
2669.13320	0.01991
2667.20464	0.01997
2665.27607	0.02008
2663.34751	0.02018
2661.41895	0.02021
2659.49038	0.02018
2657.56182	0.02014
2655.63325	0.02010
2653.70469	0.01997
2651.77612	0.01970
2649.84756	0.01946
2647.91899	0.01937
2645.99043	0.01937
2644.06187	0.01932
2642.13330	0.01920
2640.20474	0.01911
2638.27617	0.01908
2636.34761	0.01901
2634.41904	0.01885
2632.49048	0.01861
2630.56191	0.01830
2628.63335	0.01801
2626.70479	0.01778
2624.77622	0.01758
2622.84766	0.01729
2620.91909	0.01692
2618.99053	0.01652
2617.06196	0.01616
2615.13340	0.01589
2613.20483	0.01563
2611.27627	0.01532
2609.34771	0.01495
2607.41914	0.01458
2605.49058	0.01434
2603.56201	0.01417
2601.63345	0.01406
2599.70488	0.01400
2597.77632	0.01385
2595.84775	0.01356
2593.91919	0.01322
2591.99062	0.01290
2590.06206	0.01260
2588.13350	0.01228
2586.20493	0.01203
2584.27637	0.01195
2582.34780	0.01193
2580.41924	0.01180
2578.49067	0.01162
2576.56211	0.01144
2574.63354	0.01123
2572.70498	0.01105
2570.77642	0.01090
2568.84785	0.01071
2566.91929	0.01052
2564.99072	0.01036
2563.06216	0.01021
2561.13359	0.01009
2559.20503	0.01004
2557.27646	0.00996
2555.34790	0.00980
2553.41934	0.00974
2551.49077	0.00980
2549.56221	0.00985
2547.63364	0.00968
2545.70508	0.00932
2543.77651	0.00903
2541.84795	0.00894
2539.91938	0.00888
2537.99082	0.00877
2536.06226	0.00874
2534.13369	0.00878
2532.20513	0.00884
2530.27656	0.00893
2528.34800	0.00895
2526.41943	0.00881
2524.49087	0.00861
2522.56230	0.00839
2520.63374	0.00818
2518.70518	0.00810
2516.77661	0.00817
2514.84805	0.00817
2512.91948	0.00804
2510.99092	0.00790
2509.06235	0.00781
2507.13379	0.00775
2505.20522	0.00762
2503.27666	0.00746
2501.34810	0.00740
2499.41953	0.00742
2497.49097	0.00742
2495.56240	0.00740
2493.63384	0.00735
2491.70527	0.00728
2489.77671	0.00728
2487.84814	0.00733
2485.91958	0.00725
2483.99102	0.00704
2482.06245	0.00690
2480.13389	0.00685
2478.20532	0.00687
2476.27676	0.00695
2474.34819	0.00692
2472.41963	0.00672
2470.49106	0.00660
2468.56250	0.00661
2466.63394	0.00657
2464.70537	0.00643
2462.77681	0.00632
2460.84824	0.00633
2458.91968	0.00642
2456.99111	0.00648
2455.06255	0.00645
2453.13398	0.00631
2451.20542	0.00611
2449.27686	0.00599
2447.34829	0.00601
2445.41973	0.00612
2443.49116	0.00618
2441.56260	0.00614
2439.63403	0.00608
2437.70547	0.00606
2435.77690	0.00607
2433.84834	0.00605
2431.91978	0.00601
2429.99121	0.00597
2428.06265	0.00592
2426.13408	0.00592
2424.20552	0.00601
2422.27695	0.00611
2420.34839	0.00618
2418.41982	0.00616
2416.49126	0.00607
2414.56270	0.00603
2412.63413	0.00609
2410.70557	0.00611
2408.77700	0.00602
2406.84844	0.00588
2404.91987	0.00580
2402.99131	0.00573
2401.06274	0.00574
2399.13418	0.00898
2397.20562	0.00942
2395.27705	0.00804
2393.34849	0.00651
2391.41992	0.00497
2389.49136	0.00326
2387.56279	0.00133
2385.63423	-0.00066
2383.70566	-0.00236
2381.77710	-0.00338
2379.84854	-0.00344
2377.91997	-0.00241
2375.99141	-0.00067
2374.06284	0.00114
2372.13428	0.00241
2370.20571	0.00291
2368.27715	0.00285
2366.34858	0.00249
2364.42002	0.00191
2362.49146	0.00140
2360.56289	0.00093
2358.63433	0.00049
2356.70576	-0.00020
2354.77720	-0.00210
2352.84863	-0.00703
2350.92007	-0.01307
2348.99150	-0.01590
2347.06294	-0.01149
2345.13437	-0.00533
2343.20581	-0.00217
2341.27725	-0.00148
2339.34868	-0.00164
2337.42012	-0.00228
2335.49155	-0.00279
2333.56299	-0.00323
2331.63442	-0.00428
2329.70586	-0.00591
2327.77729	-0.00742
2325.84873	-0.00660
2323.92017	-0.00363
2321.99160	-0.00085
2320.06304	0.00056
2318.13447	0.00082
2316.20591	0.00059
2314.27734	0.00036
2312.34878	0.00015
2310.42021	0.00025
2308.49165	0.00054
2306.56309	0.00106
2304.63452	0.00147
2302.70596	0.00179
2300.77739	0.00205
2298.84883	0.00219
2296.92026	0.00231
2294.99170	0.00262
2293.06313	0.00319
2291.13457	0.00404
2289.20601	0.00505
2287.27744	0.00611
2285.34888	0.00710
2283.42031	0.00779
2281.49175	0.00819
2279.56318	0.00838
2277.63462	0.00830
2275.70605	0.00799
2273.77749	0.00750
2271.84893	0.00691
2269.92036	0.00642
2267.99180	0.00605
2266.06323	0.00561
2264.13467	0.00504
2262.20610	0.00456
2260.27754	0.00434
2258.34897	0.00430
2256.42041	0.00418
2254.49185	0.00371
2252.56328	0.00274
2250.63472	0.00221
2248.70615	0.00421
2246.77759	0.00425
2244.84902	0.00429
2242.92046	0.00440
2240.99189	0.00451
2239.06333	0.00459
2237.13477	0.00463
2235.20620	0.00458
2233.27764	0.00447
2231.34907	0.00438
2229.42051	0.00432
2227.49194	0.00431
2225.56338	0.00432
2223.63481	0.00420
2221.70625	0.00393
2219.77769	0.00373
2217.84912	0.00378
2215.92056	0.00397
2213.99199	0.00402
2212.06343	0.00394
2210.13486	0.00368
2208.20630	0.00334
2206.27773	0.00333
2204.34917	0.00360
2202.42061	0.00383
2200.49204	0.00389
2198.56348	0.00386
2196.63491	0.00394
2194.70635	0.00401
2192.77778	0.00392
2190.84922	0.00399
2188.92065	0.00442
2186.99209	0.00488
2185.06353	0.00482
2183.13496	0.00410
2181.20640	0.00347
2179.27783	0.00351
2177.34927	0.00360
2175.42070	0.00338
2173.49214	0.00346
2171.56357	0.00391
2169.63501	0.00438
2167.70645	0.00491
2165.77788	0.00541
2163.84932	0.00540
2161.92075	0.00429
2159.99219	0.00185
2158.06362	-0.00044
2156.13506	-0.00080
2154.20649	0.00006
2152.27793	0.00092
2150.34937	0.00125
2148.42080	0.00109
2146.49224	0.00100
2144.56367	0.00116
2142.63511	0.00142
2140.70654	0.00167
2138.77798	0.00169
2136.84941	0.00122
2134.92085	0.00048
2132.99229	0.00018
2131.06372	0.00054
2129.13516	0.00116
2127.20659	0.00169
2125.27803	0.00203
2123.34946	0.00230
2121.42090	0.00264
2119.49233	0.00302
2117.56377	0.00335
2115.63521	0.00354
2113.70664	0.00352
2111.77808	0.00344
2109.84951	0.00342
2107.92095	0.00338
2105.99238	0.00326
2104.06382	0.00316
2102.13525	0.00336
2100.20669	0.00372
2098.27812	0.00371
2096.34956	0.00316
2094.42100	0.00269
2092.49243	0.00268
2090.56387	0.00292
2088.63530	0.00317
2086.70674	0.00344
2084.77817	0.00368
2082.84961	0.00384
2080.92104	0.00380
2078.99248	0.00375
2077.06392	0.00390
2075.13535	0.00423
2073.20679	0.00453
2071.27822	0.00473
2069.34966	0.00482
2067.42109	0.00475
2065.49253	0.00464
2063.56396	0.00464
2061.63540	0.00472
2059.70684	0.00458
2057.77827	0.00421
2055.84971	0.00402
2053.92114	0.00444
2051.99258	0.00537
2050.06401	0.00585
2048.13545	0.00534
2046.20688	0.00469
2044.27832	0.00459
2042.34976	0.00476
2040.42119	0.00484
2038.49263	0.00496
2036.56406	0.00519
2034.63550	0.00518
2032.70693	0.00478
2030.77837	0.00425
2028.84980	0.00382
2026.92124	0.00370
2024.99268	0.00396
2023.06411	0.00430
2021.13555	0.00442
2019.20698	0.00443
2017.27842	0.00447
2015.34985	0.00447
2013.42129	0.00449
2011.49272	0.00450
2009.56416	0.00423
2007.63560	0.00366
2005.70703	0.00317
2003.77847	0.00300
2001.84990	0.00304
1999.92134	0.00315
1997.99277	0.00308
1996.06421	0.00290
1994.13564	0.00301
1992.20708	0.00333
1990.27852	0.00347
1988.34995	0.00348
1986.42139	0.00364
1984.49282	0.00399
1982.56426	0.00468
1980.63569	0.00548
1978.70713	0.00537
1976.77856	0.00410
1974.85000	0.00274
1972.92144	0.00220
1970.99287	0.00237
1969.06431	0.00267
1967.13574	0.00274
1965.20718	0.00267
1963.27861	0.00262
1961.35005	0.00244
1959.42148	0.00203
1957.49292	0.00175
1955.56436	0.00188
1953.63579	0.00211
1951.70723	0.00221
1949.77866	0.00230
1947.85010	0.00232
1945.92153	0.00220
1943.99297	0.00220
1942.06440	0.00237
1940.13584	0.00264
1938.20728	0.00299
1936.27871	0.00324
1934.35015	0.00329
1932.42158	0.00331
1930.49302	0.00331
1928.56445	0.00324
1926.63589	0.00310
1924.70732	0.00308
1922.77876	0.00335
1920.85020	0.00371
1918.92163	0.00394
1916.99307	0.00399
1915.06450	0.00391
1913.13594	0.00380
1911.20737	0.00382
1909.27881	0.00405
1907.35024	0.00433
1905.42168	0.00444
1903.49312	0.00440
1901.56455	0.00445
1899.63599	0.00466
1897.70742	0.00489
1895.77886	0.00497
1893.85029	0.00490
1891.92173	0.00482
1889.99316	0.00471
1888.06460	0.00447
1886.13604	0.00425
1884.20747	0.00417
1882.27891	0.00419
1880.35034	0.00422
1878.42178	0.00421
1876.49321	0.00412
1874.56465	0.00401
1872.63608	0.00398
1870.70752	0.00407
1868.77896	0.00421
1866.85039	0.00427
1864.92183	0.00430
1862.99326	0.00435
1861.06470	0.00435
1859.13613	0.00426
1857.20757	0.00413
1855.27900	0.00408
1853.35044	0.00418
1851.42187	0.00432
1849.49331	0.00435
1847.56475	0.00424
1845.63618	0.00416
1843.70762	0.00427
1841.77905	0.00440
1839.85049	0.00445
1837.92192	0.00453
1835.99336	0.00464
1834.06479	0.00475
1832.13623	0.00483
1830.20767	0.00491
1828.27910	0.00499
1826.35054	0.00510
1824.42197	0.00526
1822.49341	0.00540
1820.56484	0.00549
1818.63628	0.00549
1816.70771	0.00541
1814.77915	0.00538
1812.85059	0.00546
1810.92202	0.00561
1808.99346	0.00573
1807.06489	0.00581
1805.13633	0.00589
1803.20776	0.00603
1801.27920	0.00619
1799.35063	0.00633
1797.42207	0.00646
1795.49351	0.00659
1793.56494	0.00674
1791.63638	0.00693
1789.70781	0.00715
1787.77925	0.00733
1785.85068	0.00748
1783.92212	0.00763
1781.99355	0.00780
1780.06499	0.00795
1778.13643	0.00804
1776.20786	0.00807
1774.27930	0.00808
1772.35073	0.00812
1770.42217	0.00823
1768.49360	0.00839
1766.56504	0.00858
1764.63647	0.00874
1762.70791	0.00887
1760.77935	0.00895
1758.85078	0.00904
1756.92222	0.00920
1754.99365	0.00944
1753.06509	0.00985
1751.13652	0.01044
1749.20796	0.01114
1747.27939	0.01197
1745.35083	0.01302
1743.42227	0.01419
1741.49370	0.01524
1739.56514	0.01597
1737.63657	0.01621
1735.70801	0.01605
1733.77944	0.01577
1731.85088	0.01559
1729.92231	0.01561
1727.99375	0.01594
1726.06519	0.01667
1724.13662	0.01766
1722.20806	0.01858
1720.27949	0.01922
1718.35093	0.01963
1716.42236	0.01995
1714.49380	0.02021
1712.56523	0.02031
1710.63667	0.02021
1708.70811	0.01994
1706.77954	0.01949
1704.85098	0.01894
1702.92241	0.01843
1700.99385	0.01798
1699.06528	0.01753
1697.13672	0.01711
1695.20815	0.01674
1693.27959	0.01645
1691.35103	0.01626
1689.42246	0.01615
1687.49390	0.01609
1685.56533	0.01614
1683.63677	0.01636
1681.70820	0.01656
1679.77964	0.01665
1677.85107	0.01672
1675.92251	0.01687
1673.99395	0.01705
1672.06538	0.01721
1670.13682	0.01741
1668.20825	0.01756
1666.27969	0.01760
1664.35112	0.01762
1662.42256	0.01773
1660.49399	0.01784
1658.56543	0.01787
1656.63687	0.01784
1654.70830	0.01778
1652.77974	0.01783
1650.85117	0.01801
1648.92261	0.01819
1646.99404	0.01837
1645.06548	0.01853
1643.13691	0.01863
1641.20835	0.01868
1639.27979	0.01877
1637.35122	0.01890
1635.42266	0.01904
1633.49409	0.01914
1631.56553	0.01916
1629.63696	0.01915
1627.70840	0.01910
1625.77983	0.01903
1623.85127	0.01899
1621.92271	0.01894
1619.99414	0.01884
1618.06558	0.01870
1616.13701	0.01860
1614.20845	0.01856
1612.27988	0.01857
1610.35132	0.01859
1608.42275	0.01858
1606.49419	0.01852
1604.56562	0.01851
1602.63706	0.01860
1600.70850	0.01874
1598.77993	0.01887
1596.85137	0.01901
1594.92280	0.01919
1592.99424	0.01943
1591.06567	0.01974
1589.13711	0.02012
1587.20854	0.02062
1585.27998	0.02124
1583.35142	0.02194
1581.42285	0.02264
1579.49429	0.02325
1577.56572	0.02366
1575.63716	0.02382
1573.70859	0.02370
1571.78003	0.02338
1569.85146	0.02298
1567.92290	0.02257
1565.99434	0.02222
1564.06577	0.02196
1562.13721	0.02177
1560.20864	0.02162
1558.28008	0.02149
1556.35151	0.02134
1554.42295	0.02122
1552.49438	0.02120
1550.56582	0.02127
1548.63726	0.02145
1546.70869	0.02181
1544.78013	0.02227
1542.85156	0.02250
1540.92300	0.02229
1538.99443	0.02175
1537.06587	0.02107
1535.13730	0.02026
1533.20874	0.01934
1531.28018	0.01847
1529.35161	0.01781
1527.42305	0.01734
1525.49448	0.01693
1523.56592	0.01655
1521.63735	0.01621
1519.70879	0.01597
1517.78022	0.01586
1515.85166	0.01580
1513.92310	0.01570
1511.99453	0.01565
1510.06597	0.01569
1508.13740	0.01571
1506.20884	0.01561
1504.28027	0.01550
1502.35171	0.01547
1500.42314	0.01549
1498.49458	0.01556
1496.56602	0.01573
1494.63745	0.01601
1492.70889	0.01639
1490.78032	0.01687
1488.85176	0.01744
1486.92319	0.01818
1484.99463	0.01927
1483.06606	0.02098
1481.13750	0.02416
1479.20894	0.03235
1477.28037	0.05380
1475.35181	0.09385
1473.42324	0.13813
1471.49468	0.15871
1469.56611	0.15386
1467.63755	0.14752
1465.70898	0.15340
1463.78042	0.16327
1461.85186	0.15937
1459.92329	0.13803
1457.99473	0.11165
1456.06616	0.09267
1454.13760	0.08215
1452.20903	0.07477
1450.28047	0.06800
1448.35190	0.06217
1446.42334	0.05774
1444.49478	0.05461
1442.56621	0.05234
1440.63765	0.05058
1438.70908	0.04903
1436.78052	0.04736
1434.85195	0.04542
1432.92339	0.04327
1430.99482	0.04103
1429.06626	0.03884
1427.13770	0.03695
1425.20913	0.03546
1423.28057	0.03430
1421.35200	0.03345
1419.42344	0.03283
1417.49487	0.03232
1415.56631	0.03190
1413.63774	0.03151
1411.70918	0.03107
1409.78062	0.03049
1407.85205	0.02979
1405.92349	0.02901
1403.99492	0.02819
1402.06636	0.02743
1400.13779	0.02677
1398.20923	0.02621
1396.28066	0.02570
1394.35210	0.02525
1392.42354	0.02491
1390.49497	0.02486
1388.56641	0.02535
1386.63784	0.02664
1384.70928	0.02894
1382.78071	0.03250
1380.85215	0.03706
1378.92358	0.04104
1376.99502	0.04243
1375.06646	0.04089
1373.13789	0.03811
1371.20933	0.03588
1369.28076	0.03452
1367.35220	0.03344
1365.42363	0.03224
1363.49507	0.03088
1361.56650	0.02954
1359.63794	0.02849
1357.70937	0.02785
1355.78081	0.02754
1353.85225	0.02736
1351.92368	0.02710
1349.99512	0.02671
1348.06655	0.02623
1346.13799	0.02572
1344.20942	0.02528
1342.28086	0.02492
1340.35229	0.02451
1338.42373	0.02388
1336.49517	0.02311
1334.56660	0.02241
1332.63804	0.02191
1330.70947	0.02162
1328.78091	0.02151
1326.85234	0.02149
1324.92378	0.02155
1322.99521	0.02170
1321.06665	0.02197
1319.13809	0.02232
1317.20952	0.02270
1315.28096	0.02308
1313.35239	0.02346
1311.42383	0.02375
1309.49526	0.02399
1307.56670	0.02423
1305.63813	0.02443
1303.70957	0.02457
1301.78101	0.02464
1299.85244	0.02461
1297.92388	0.02447
1295.99531	0.02426
1294.06675	0.02403
1292.13818	0.02382
1290.20962	0.02363
1288.28105	0.02339
1286.35249	0.02311
1284.42393	0.02286
1282.49536	0.02266
1280.56680	0.02249
1278.63823	0.02235
1276.70967	0.02231
1274.78110	0.02231
1272.85254	0.02227
1270.92397	0.02223
1268.99541	0.02220
1267.06685	0.02221
1265.13828	0.02228
1263.20972	0.02236
1261.28115	0.02239
1259.35259	0.02232
1257.42402	0.02222
1255.49546	0.02222
1253.56689	0.02233
1251.63833	0.02251
1249.70977	0.02276
1247.78120	0.02311
1245.85264	0.02349
1243.92407	0.02385
1241.99551	0.02409
1240.06694	0.02411
1238.13838	0.02391
1236.20981	0.02354
1234.28125	0.02306
1232.35269	0.02252
1230.42412	0.02198
1228.49556	0.02148
1226.56699	0.02108
1224.63843	0.02084
1222.70986	0.02067
1220.78130	0.02050
1218.85273	0.02036
1216.92417	0.02027
1214.99561	0.02024
1213.06704	0.02021
1211.13848	0.02017
1209.20991	0.02017
1207.28135	0.02024
1205.35278	0.02036
1203.42422	0.02049
1201.49565	0.02066
1199.56709	0.02090
1197.63853	0.02112
1195.70996	0.02129
1193.78140	0.02149
1191.85283	0.02170
1189.92427	0.02192
1187.99570	0.02215
1186.06714	0.02243
1184.13857	0.02276
1182.21001	0.02307
1180.28145	0.02342
1178.35288	0.02384
1176.42432	0.02418
1174.49575	0.02444
1172.56719	0.02479
1170.63862	0.02523
1168.71006	0.02558
1166.78149	0.02578
1164.85293	0.02590
1162.92437	0.02591
1160.99580	0.02583
1159.06724	0.02566
1157.13867	0.02543
1155.21011	0.02515
1153.28154	0.02486
1151.35298	0.02460
1149.42441	0.02437
1147.49585	0.02415
1145.56729	0.02400
1143.63872	0.02396
1141.71016	0.02396
1139.78159	0.02406
1137.85303	0.02430
1135.92446	0.02468
1133.99590	0.02519
1132.06733	0.02583
1130.13877	0.02642
1128.21021	0.02676
1126.28164	0.02679
1124.35308	0.02666
1122.42451	0.02666
1120.49595	0.02688
1118.56738	0.02725
1116.63882	0.02765
1114.71025	0.02799
1112.78169	0.02828
1110.85312	0.02856
1108.92456	0.02887
1106.99600	0.02919
1105.06743	0.02947
1103.13887	0.02975
1101.21030	0.03003
1099.28174	0.03024
1097.35317	0.03035
1095.42461	0.03045
1093.49604	0.03059
1091.56748	0.03078
1089.63892	0.03096
1087.71035	0.03112
1085.78179	0.03130
1083.85322	0.03149
1081.92466	0.03163
1079.99609	0.03177
1078.06753	0.03191
1076.13896	0.03193
1074.21040	0.03187
1072.28184	0.03188
1070.35327	0.03203
1068.42471	0.03220
1066.49614	0.03233
1064.56758	0.03246
1062.63901	0.03256
1060.71045	0.03261
1058.78188	0.03254
1056.85332	0.03242
1054.92476	0.03239
1052.99619	0.03252
1051.06763	0.03271
1049.13906	0.03299
1047.21050	0.03332
1045.28193	0.03350
1043.35337	0.03345
1041.42480	0.03335
1039.49624	0.03329
1037.56768	0.03329
1035.63911	0.03327
1033.71055	0.03314
1031.78198	0.03291
1029.85342	0.03262
1027.92485	0.03226
1025.99629	0.03187
1024.06772	0.03149
1022.13916	0.03114
1020.21060	0.03088
1018.28203	0.03063
1016.35347	0.03017
1014.42490	0.02948
1012.49634	0.02882
1010.56777	0.02824
1008.63921	0.02762
1006.71064	0.02698
1004.78208	0.02636
1002.85352	0.02574
1000.92495	0.02513
998.99639	0.02449
997.06782	0.02382
995.13926	0.02318
993.21069	0.02257
991.28213	0.02199
989.35356	0.02146
987.42500	0.02096
985.49644	0.02040
983.56787	0.01986
981.63931	0.01948
979.71074	0.01917
977.78218	0.01882
975.85361	0.01848
973.92505	0.01821
971.99648	0.01799
970.06792	0.01780
968.13936	0.01764
966.21079	0.01748
964.28223	0.01731
962.35366	0.01709
960.42510	0.01681
958.49653	0.01653
956.56797	0.01633
954.63940	0.01615
952.71084	0.01597
950.78228	0.01574
948.85371	0.01548
946.92515	0.01527
944.99658	0.01517
943.06802	0.01512
941.13945	0.01502
939.21089	0.01486
937.28232	0.01476
935.35376	0.01467
933.42520	0.01453
931.49663	0.01437
929.56807	0.01417
927.63950	0.01387
925.71094	0.01357
923.78237	0.01338
921.85381	0.01334
919.92524	0.01343
917.99668	0.01353
916.06812	0.01370
914.13955	0.01400
912.21099	0.01438
910.28242	0.01466
908.35386	0.01464
906.42529	0.01429
904.49673	0.01382
902.56816	0.01349
900.63960	0.01329
898.71104	0.01317
896.78247	0.01322
894.85391	0.01345
892.92534	0.01381
890.99678	0.01425
889.06821	0.01436
887.13965	0.01384
885.21108	0.01291
883.28252	0.01209
881.35396	0.01166
879.42539	0.01163
877.49683	0.01181
875.56826	0.01195
873.63970	0.01175
871.71113	0.01114
869.78257	0.01026
867.85400	0.00930
865.92544	0.00847
863.99687	0.00800
862.06831	0.00786
860.13975	0.00783
858.21118	0.00774
856.28262	0.00755
854.35405	0.00725
852.42549	0.00695
850.49692	0.00679
848.56836	0.00669
846.63979	0.00663
844.71123	0.00667
842.78267	0.00673
840.85410	0.00669
838.92554	0.00659
836.99697	0.00653
835.06841	0.00650
833.13984	0.00644
831.21128	0.00644
829.28271	0.00663
827.35415	0.00690
825.42559	0.00707
823.49702	0.00715
821.56846	0.00717
819.63989	0.00725
817.71133	0.00748
815.78276	0.00781
813.85420	0.00808
811.92563	0.00824
809.99707	0.00846
808.06851	0.00881
806.13994	0.00908
804.21138	0.00922
802.28281	0.00938
800.35425	0.00962
798.42568	0.00994
796.49712	0.01026
794.56855	0.01053
792.63999	0.01073
790.71143	0.01092
788.78286	0.01104
786.85430	0.01113
784.92573	0.01143
782.99717	0.01210
781.06860	0.01286
779.14004	0.01337
777.21147	0.01355
775.28291	0.01364
773.35435	0.01383
771.42578	0.01422
769.49722	0.01473
767.56865	0.01511
765.64009	0.01534
763.71152	0.01561
761.78296	0.01604
759.85439	0.01654
757.92583	0.01703
755.99727	0.01760
754.06870	0.01825
752.14014	0.01891
750.21157	0.01971
748.28301	0.02066
746.35444	0.02169
744.42588	0.02291
742.49731	0.02453
740.56875	0.02680
738.64019	0.03016
736.71162	0.03639
734.78306	0.05057
732.85449	0.07619
730.92593	0.10186
728.99736	0.10923
727.06880	0.10305
725.14023	0.10313
723.21167	0.11930
721.28311	0.15183
719.35454	0.18148
717.42598	0.18470
715.49741	0.16005
713.56885	0.12473
711.64028	0.09391
709.71172	0.07265
707.78315	0.05932
705.85459	0.05091
703.92603	0.04527
701.99746	0.04121
700.06890	0.03799
698.14033	0.03522
696.21177	0.03278
694.28320	0.03064
692.35464	0.02892
690.42607	0.02769
688.49751	0.02663
686.56895	0.02552
684.64038	0.02458
682.71182	0.02402
680.78325	0.02358
678.85469	0.02295
676.92612	0.02198
674.99756	0.02082
673.06899	0.02105
671.14043	0.02677
669.21187	0.03641
667.28330	0.03589
665.35474	0.02961
663.42617	0.02319
661.49761	0.02171
659.56904	0.02227
657.64048	0.02266
655.71191	0.02279
653.78335	0.02272
651.85479	0.02251
649.92622	0.02224
647.99766	0.02208
646.06909	0.02236
644.14053	0.02307
642.21196	0.02401
640.28340	0.02535
638.35483	0.02714
636.42627	0.02890
634.49771	0.03019
632.56914	0.03097
630.64058	0.03136
628.71201	0.03094
626.78345	0.02945
624.85488	0.02759
622.92632	0.02636
620.99775	0.02564
619.06919	0.02536
617.14062	0.02629
615.21206	0.02760
613.28350	0.02783
611.35493	0.02784
609.42637	0.02835
607.49780	0.02891
605.56924	0.02982
603.64067	0.03133
601.71211	0.03257
599.78354	0.03272
