3997.91411	0.06337
3995.98555	0.06338
3994.05698	0.06341
3992.12842	0.06351
3990.19985	0.06361
3988.27129	0.06367
3986.34272	0.06368
3984.41416	0.06359
3982.48560	0.06346
3980.55703	0.06343
3978.62847	0.06348
3976.69990	0.06348
3974.77134	0.06343
3972.84277	0.06338
3970.91421	0.06343
3968.98564	0.06354
3967.05708	0.06357
3965.12852	0.06359
3963.19995	0.06365
3961.27139	0.06363
3959.34282	0.06349
3957.41426	0.06341
3955.48569	0.06341
3953.55713	0.06336
3951.62856	0.06328
3949.70000	0.06330
3947.77144	0.06345
3945.84287	0.06360
3943.91431	0.06366
3941.98574	0.06362
3940.05718	0.06357
3938.12861	0.06356
3936.20005	0.06354
3934.27148	0.06349
3932.34292	0.06349
3930.41436	0.06357
3928.48579	0.06362
3926.55723	0.06360
3924.62866	0.06353
3922.70010	0.06351
3920.77153	0.06356
3918.84297	0.06366
3916.91440	0.06377
3914.98584	0.06385
3913.05728	0.06384
3911.12871	0.06375
3909.20015	0.06364
3907.27158	0.06353
3905.34302	0.06344
3903.41445	0.06344
3901.48589	0.06353
3899.55732	0.06366
3897.62876	0.06374
3895.70020	0.06361
3893.77163	0.06339
3891.84307	0.06335
3889.91450	0.06344
3887.98594	0.06345
3886.05737	0.06345
3884.12881	0.06356
3882.20024	0.06366
3880.27168	0.06363
3878.34312	0.06348
3876.41455	0.06325
3874.48599	0.06305
3872.55742	0.06302
3870.62886	0.06316
3868.70029	0.06332
3866.77173	0.06332
3864.84316	0.06324
3862.91460	0.06324
3860.98604	0.06323
3859.05747	0.06301
3857.12891	0.06264
3855.20034	0.06250
3853.27178	0.06290
3851.34321	0.06336
3849.41465	0.06339
3847.48608	0.06315
3845.55752	0.06303
3843.62896	0.06311
3841.70039	0.06325
3839.77183	0.06327
3837.84326	0.06319
3835.91470	0.06312
3833.98613	0.06311
3832.05757	0.06313
3830.12900	0.06313
3828.20044	0.06304
3826.27187	0.06289
3824.34331	0.06277
3822.41475	0.06281
3820.48618	0.06294
3818.55762	0.06293
3816.62905	0.06291
3814.70049	0.06298
3812.77192	0.06297
3810.84336	0.06286
3808.91479	0.06278
3806.98623	0.06277
3805.05767	0.06272
3803.12910	0.06266
3801.20054	0.06274
3799.27197	0.06284
3797.34341	0.06285
3795.41484	0.06284
3793.48628	0.06282
3791.55771	0.06272
3789.62915	0.06260
3787.70059	0.06255
3785.77202	0.06259
3783.84346	0.06265
3781.91489	0.06264
3779.98633	0.06256
3778.05776	0.06247
3776.12920	0.06239
3774.20063	0.06236
3772.27207	0.06241
3770.34351	0.06249
3768.41494	0.06246
3766.48638	0.06238
3764.55781	0.06240
3762.62925	0.06251
3760.70068	0.06263
3758.77212	0.06268
3756.84355	0.06255
3754.91499	0.06231
3752.98643	0.06221
3751.05786	0.06233
3749.12930	0.06242
3747.20073	0.06233
3745.27217	0.06234
3743.34360	0.06254
3741.41504	0.06251
3739.48647	0.06213
3737.55791	0.06173
3735.62935	0.06164
3733.70078	0.06176
3731.77222	0.06189
3729.84365	0.06195
3727.91509	0.06182
3725.98652	0.06169
3724.05796	0.06166
3722.12939	0.06185
3720.20083	0.06205
3718.27227	0.06194
3716.34370	0.06173
3714.41514	0.06165
3712.48657	0.06173
3710.55801	0.06192
3708.62944	0.06207
3706.70088	0.06203
3704.77231	0.06185
3702.84375	0.06171
3700.91519	0.06171
3698.98662	0.06178
3697.05806	0.06177
3695.12949	0.06169
3693.20093	0.06165
3691.27236	0.06171
3689.34380	0.06190
3687.41523	0.06214
3685.48667	0.06222
3683.55811	0.06214
3681.62954	0.06207
3679.70098	0.06211
3677.77241	0.06223
3675.84385	0.06238
3673.91528	0.06245
3671.98672	0.06240
3670.05815	0.06252
3668.12959	0.06282
3666.20103	0.06294
3664.27246	0.06290
3662.34390	0.06288
3660.41533	0.06291
3658.48677	0.06298
3656.55820	0.06308
3654.62964	0.06319
3652.70107	0.06331
3650.77251	0.06353
3648.84395	0.06387
3646.91538	0.06409
3644.98682	0.06413
3643.05825	0.06403
3641.12969	0.06391
3639.20112	0.06387
3637.27256	0.06396
3635.34399	0.06409
3633.41543	0.06420
3631.48687	0.06440
3629.55830	0.06486
3627.62974	0.06532
3625.70117	0.06547
3623.77261	0.06544
3621.84404	0.06544
3619.91548	0.06562
3617.98691	0.06576
3616.05835	0.06581
3614.12979	0.06599
3612.20122	0.06626
3610.27266	0.06645
3608.34409	0.06671
3606.41553	0.06715
3604.48696	0.06754
3602.55840	0.06771
3600.62983	0.06768
3598.70127	0.06767
3596.77271	0.06786
3594.84414	0.06812
3592.91558	0.06816
3590.98701	0.06800
3589.05845	0.06790
3587.12988	0.06798
3585.20132	0.06817
3583.27275	0.06834
3581.34419	0.06842
3579.41562	0.06855
3577.48706	0.06891
3575.55850	0.06932
3573.62993	0.06949
3571.70137	0.06949
3569.77280	0.06956
3567.84424	0.06974
3565.91567	0.06993
3563.98711	0.07008
3562.05854	0.07016
3560.12998	0.07023
3558.20142	0.07047
3556.27285	0.07091
3554.34429	0.07126
3552.41572	0.07147
3550.48716	0.07166
3548.55859	0.07185
3546.63003	0.07197
3544.70146	0.07200
3542.77290	0.07209
3540.84434	0.07226
3538.91577	0.07239
3536.98721	0.07253
3535.05864	0.07272
3533.13008	0.07287
3531.20151	0.07303
3529.27295	0.07335
3527.34438	0.07371
3525.41582	0.07385
3523.48726	0.07372
3521.55869	0.07361
3519.63013	0.07377
3517.70156	0.07412
3515.77300	0.07454
3513.84443	0.07497
3511.91587	0.07524
3509.98730	0.07531
3508.05874	0.07543
3506.13018	0.07568
3504.20161	0.07584
3502.27305	0.07582
3500.34448	0.07585
3498.41592	0.07613
3496.48735	0.07644
3494.55879	0.07647
3492.63022	0.07641
3490.70166	0.07659
3488.77310	0.07696
3486.84453	0.07730
3484.91597	0.07757
3482.98740	0.07773
3481.05884	0.07770
3479.13027	0.07762
3477.20171	0.07773
3475.27314	0.07805
3473.34458	0.07832
3471.41602	0.07828
3469.48745	0.07806
3467.55889	0.07805
3465.63032	0.07839
3463.70176	0.07880
3461.77319	0.07894
3459.84463	0.07892
3457.91606	0.07894
3455.98750	0.07904
3454.05894	0.07934
3452.13037	0.07970
3450.20181	0.07974
3448.27324	0.07952
3446.34468	0.07946
3444.41611	0.07954
3442.48755	0.07950
3440.55898	0.07949
3438.63042	0.07969
3436.70186	0.07986
3434.77329	0.07978
3432.84473	0.07972
3430.91616	0.07994
3428.98760	0.08029
3427.05903	0.08049
3425.13047	0.08053
3423.20190	0.08056
3421.27334	0.08055
3419.34478	0.08055
3417.41621	0.08051
3415.48765	0.08044
3413.55908	0.08058
3411.63052	0.08091
3409.70195	0.08114
3407.77339	0.08115
3405.84482	0.08114
3403.91626	0.08121
3401.98770	0.08118
3400.05913	0.08107
3398.13057	0.08116
3396.20200	0.08137
3394.27344	0.08145
3392.34487	0.08145
3390.41631	0.08145
3388.48774	0.08139
3386.55918	0.08130
3384.63062	0.08130
3382.70205	0.08140
3380.77349	0.08147
3378.84492	0.08147
3376.91636	0.08148
3374.98779	0.08158
3373.05923	0.08172
3371.13066	0.08178
3369.20210	0.08170
3367.27354	0.08151
3365.34497	0.08128
3363.41641	0.08121
3361.48784	0.08140
3359.55928	0.08168
3357.63071	0.08179
3355.70215	0.08171
3353.77358	0.08154
3351.84502	0.08139
3349.91646	0.08146
3347.98789	0.08169
3346.05933	0.08175
3344.13076	0.08156
3342.20220	0.08132
3340.27363	0.08125
3338.34507	0.08133
3336.41650	0.08140
3334.48794	0.08138
3332.55937	0.08138
3330.63081	0.08152
3328.70225	0.08177
3326.77368	0.08191
3324.84512	0.08188
3322.91655	0.08174
3320.98799	0.08155
3319.05942	0.08145
3317.13086	0.08149
3315.20229	0.08157
3313.27373	0.08147
3311.34517	0.08117
3309.41660	0.08093
3307.48804	0.08098
3305.55947	0.08119
3303.63091	0.08123
3301.70234	0.08108
3299.77378	0.08098
3297.84521	0.08093
3295.91665	0.08084
3293.98809	0.08082
3292.05952	0.08095
3290.13096	0.08100
3288.20239	0.08081
3286.27383	0.08051
3284.34526	0.08024
3282.41670	0.08012
3280.48813	0.08020
3278.55957	0.08031
3276.63101	0.08023
3274.70244	0.08004
3272.77388	0.07978
3270.84531	0.07948
3268.91675	0.07937
3266.98818	0.07955
3265.05962	0.07979
3263.13105	0.07981
3261.20249	0.07961
3259.27393	0.07930
3257.34536	0.07902
3255.41680	0.07888
3253.48823	0.07878
3251.55967	0.07858
3249.63110	0.07847
3247.70254	0.07852
3245.77397	0.07854
3243.84541	0.07845
3241.91685	0.07826
3239.98828	0.07780
3238.05972	0.07717
3236.13115	0.07684
3234.20259	0.07694
3232.27402	0.07709
3230.34546	0.07698
3228.41689	0.07682
3226.48833	0.07686
3224.55977	0.07693
3222.63120	0.07684
3220.70264	0.07663
3218.77407	0.07641
3216.84551	0.07621
3214.91694	0.07611
3212.98838	0.07602
3211.05981	0.07590
3209.13125	0.07588
3207.20269	0.07592
3205.27412	0.07588
3203.34556	0.07572
3201.41699	0.07547
3199.48843	0.07525
3197.55986	0.07497
3195.63130	0.07457
3193.70273	0.07431
3191.77417	0.07421
3189.84561	0.07411
3187.91704	0.07403
3185.98848	0.07402
3184.05991	0.07390
3182.13135	0.07362
3180.20278	0.07344
3178.27422	0.07339
3176.34565	0.07329
3174.41709	0.07310
3172.48853	0.07286
3170.55996	0.07259
3168.63140	0.07236
3166.70283	0.07218
3164.77427	0.07199
3162.84570	0.07186
3160.91714	0.07176
3158.98857	0.07161
3157.06001	0.07146
3155.13145	0.07134
3153.20288	0.07112
3151.27432	0.07084
3149.34575	0.07071
3147.41719	0.07076
3145.48862	0.07075
3143.56006	0.07053
3141.63149	0.07025
3139.70293	0.07002
3137.77437	0.06985
3135.84580	0.06972
3133.91724	0.06956
3131.98867	0.06938
3130.06011	0.06923
3128.13154	0.06900
3126.20298	0.06869
3124.27441	0.06844
3122.34585	0.06831
3120.41729	0.06825
3118.48872	0.06814
3116.56016	0.06795
3114.63159	0.06783
3112.70303	0.06783
3110.77446	0.06777
3108.84590	0.06760
3106.91733	0.06744
3104.98877	0.06739
3103.06021	0.06744
3101.13164	0.06746
3099.20308	0.06741
3097.27451	0.06734
3095.34595	0.06724
3093.41738	0.06710
3091.48882	0.06699
3089.56025	0.06690
3087.63169	0.06673
3085.70312	0.06651
3083.77456	0.06645
3081.84600	0.06656
3079.91743	0.06660
3077.98887	0.06648
3076.06030	0.06637
3074.13174	0.06634
3072.20317	0.06623
3070.27461	0.06597
3068.34604	0.06570
3066.41748	0.06551
3064.48892	0.06535
3062.56035	0.06516
3060.63179	0.06499
3058.70322	0.06486
3056.77466	0.06469
3054.84609	0.06450
3052.91753	0.06440
3050.98896	0.06433
3049.06040	0.06410
3047.13184	0.06371
3045.20327	0.06340
3043.27471	0.06330
3041.34614	0.06332
3039.41758	0.06327
3037.48901	0.06312
3035.56045	0.06298
3033.63188	0.06290
3031.70332	0.06276
3029.77476	0.06257
3027.84619	0.06242
3025.91763	0.06229
3023.98906	0.06212
3022.06050	0.06191
3020.13193	0.06172
3018.20337	0.06160
3016.27480	0.06154
3014.34624	0.06144
3012.41768	0.06136
3010.48911	0.06142
3008.56055	0.06150
3006.63198	0.06138
3004.70342	0.06112
3002.77485	0.06082
3000.84629	0.06059
2998.91772	0.06050
2996.98916	0.06053
2995.06060	0.06053
2993.13203	0.06044
2991.20347	0.06042
2989.27490	0.06061
2987.34634	0.06084
2985.41777	0.06102
2983.48921	0.06137
2981.56064	0.06197
2979.63208	0.06266
2977.70352	0.06336
2975.77495	0.06412
2973.84639	0.06496
2971.91782	0.06598
2969.98926	0.06734
2968.06069	0.06916
2966.13213	0.07128
2964.20356	0.07334
2962.27500	0.07523
2960.34644	0.07711
2958.41787	0.07896
2956.48931	0.08065
2954.56074	0.08211
2952.63218	0.08343
2950.70361	0.08484
2948.77505	0.08671
2946.84648	0.08949
2944.91792	0.09358
2942.98936	0.09931
2941.06079	0.10686
2939.13223	0.11620
2937.20366	0.12729
2935.27510	0.14030
2933.34653	0.15555
2931.41797	0.17334
2929.48940	0.19408
2927.56084	0.21838
2925.63228	0.24685
2923.70371	0.27979
2921.77515	0.31634
2919.84658	0.35328
2917.91802	0.38455
2915.98945	0.40284
2914.06089	0.40432
2912.13232	0.39184
2910.20376	0.37203
2908.27520	0.35053
2906.34663	0.33035
2904.41807	0.31256
2902.48950	0.29732
2900.56094	0.28435
2898.63237	0.27311
2896.70381	0.26299
2894.77524	0.25350
2892.84668	0.24419
2890.91812	0.23479
2888.98955	0.22536
2887.06099	0.21602
2885.13242	0.20692
2883.20386	0.19822
2881.27529	0.18985
2879.34673	0.18171
2877.41816	0.17391
2875.48960	0.16674
2873.56104	0.16065
2871.63247	0.15581
2869.70391	0.15202
2867.77534	0.14936
2865.84678	0.14855
2863.91821	0.15060
2861.98965	0.15669
2860.06108	0.16829
2858.13252	0.18735
2856.20396	0.21610
2854.27539	0.25581
2852.34683	0.30343
2850.41826	0.34714
2848.48970	0.36912
2846.56113	0.36068
2844.63257	0.33094
2842.70400	0.29483
2840.77544	0.26159
2838.84687	0.23441
2836.91831	0.21334
2834.98975	0.19727
2833.06118	0.18490
2831.13262	0.17513
2829.20405	0.16722
2827.27549	0.16068
2825.34692	0.15508
2823.41836	0.15019
2821.48979	0.14594
2819.56123	0.14234
2817.63267	0.13931
2815.70410	0.13665
2813.77554	0.13411
2811.84697	0.13170
2809.91841	0.12955
2807.98984	0.12763
2806.06128	0.12583
2804.13271	0.12416
2802.20415	0.12260
2800.27559	0.12107
2798.34702	0.11958
2796.41846	0.11820
2794.48989	0.11689
2792.56133	0.11565
2790.63276	0.11454
2788.70420	0.11352
2786.77563	0.11255
2784.84707	0.11160
2782.91851	0.11066
2780.98994	0.10967
2779.06138	0.10866
2777.13281	0.10777
2775.20425	0.10705
2773.27568	0.10640
2771.34712	0.10570
2769.41855	0.10498
2767.48999	0.10436
2765.56143	0.10382
2763.63286	0.10326
2761.70430	0.10269
2759.77573	0.10215
2757.84717	0.10164
2755.91860	0.10117
2753.99004	0.10074
2752.06147	0.10031
2750.13291	0.09988
2748.20435	0.09959
2746.27578	0.09942
2744.34722	0.09924
2742.41865	0.09897
2740.49009	0.09865
2738.56152	0.09835
2736.63296	0.09807
2734.70439	0.09777
2732.77583	0.09743
2730.84727	0.09714
2728.91870	0.09691
2726.99014	0.09668
2725.06157	0.09644
2723.13301	0.09616
2721.20444	0.09583
2719.27588	0.09552
2717.34731	0.09526
2715.41875	0.09500
2713.49019	0.09469
2711.56162	0.09436
2709.63306	0.09405
2707.70449	0.09374
2705.77593	0.09343
2703.84736	0.09319
2701.91880	0.09303
2699.99023	0.09283
2698.06167	0.09258
2696.13311	0.09236
2694.20454	0.09225
2692.27598	0.09219
2690.34741	0.09205
2688.41885	0.09185
2686.49028	0.09172
2684.56172	0.09163
2682.63315	0.09155
2680.70459	0.09147
2678.77603	0.09141
2676.84746	0.09136
2674.91890	0.09132
2672.99033	0.09128
2671.06177	0.09125
2669.13320	0.09124
2667.20464	0.09122
2665.27607	0.09120
2663.34751	0.09122
2661.41895	0.09121
2659.49038	0.09116
2657.56182	0.09110
2655.63325	0.09097
2653.70469	0.09079
2651.77612	0.09062
2649.84756	0.09041
2647.91899	0.09015
2645.99043	0.08997
2644.06187	0.08989
2642.13330	0.08979
2640.20474	0.08966
2638.27617	0.08950
2636.34761	0.08935
2634.41904	0.08928
2632.49048	0.08920
2630.56191	0.08899
2628.63335	0.08869
2626.70479	0.08839
2624.77622	0.08808
2622.84766	0.08781
2620.91909	0.08755
2618.99053	0.08724
2617.06196	0.08691
2615.13340	0.08657
2613.20483	0.08622
2611.27627	0.08592
2609.34771	0.08566
2607.41914	0.08536
2605.49058	0.08504
2603.56201	0.08481
2601.63345	0.08463
2599.70488	0.08447
2597.77632	0.08437
2595.84775	0.08422
2593.91919	0.08394
2591.99062	0.08364
2590.06206	0.08346
2588.13350	0.08330
2586.20493	0.08307
2584.27637	0.08284
2582.34780	0.08266
2580.41924	0.08246
2578.49067	0.08228
2576.56211	0.08214
2574.63354	0.08198
2572.70498	0.08180
2570.77642	0.08166
2568.84785	0.08156
2566.91929	0.08139
2564.99072	0.08118
2563.06216	0.08108
2561.13359	0.08104
2559.20503	0.08094
2557.27646	0.08081
2555.34790	0.08063
2553.41934	0.08037
2551.49077	0.08014
2549.56221	0.08009
2547.63364	0.08020
2545.70508	0.08025
2543.77651	0.08011
2541.84795	0.07993
2539.91938	0.07985
2537.99082	0.07974
2536.06226	0.07960
2534.13369	0.07947
2532.20513	0.07936
2530.27656	0.07927
2528.34800	0.07923
2526.41943	0.07924
2524.49087	0.07931
2522.56230	0.07935
2520.63374	0.07921
2518.70518	0.07903
2516.77661	0.07888
2514.84805	0.07878
2512.91948	0.07870
2510.99092	0.07861
2509.06235	0.07854
2507.13379	0.07847
2505.20522	0.07836
2503.27666	0.07821
2501.34810	0.07808
2499.41953	0.07797
2497.49097	0.07781
2495.56240	0.07763
2493.63384	0.07760
2491.70527	0.07768
2489.77671	0.07770
2487.84814	0.07762
2485.91958	0.07759
2483.99102	0.07765
2482.06245	0.07765
2480.13389	0.07747
2478.20532	0.07727
2476.27676	0.07723
2474.34819	0.07724
2472.41963	0.07714
2470.49106	0.07703
2468.56250	0.07705
2466.63394	0.07714
2464.70537	0.07710
2462.77681	0.07689
2460.84824	0.07669
2458.91968	0.07662
2456.99111	0.07665
2455.06255	0.07670
2453.13398	0.07670
2451.20542	0.07665
2449.27686	0.07651
2447.34829	0.07629
2445.41973	0.07614
2443.49116	0.07614
2441.56260	0.07623
2439.63403	0.07628
2437.70547	0.07625
2435.77690	0.07616
2433.84834	0.07606
2431.91978	0.07604
2429.99121	0.07608
2428.06265	0.07605
2426.13408	0.07595
2424.20552	0.07586
2422.27695	0.07577
2420.34839	0.07570
2418.41982	0.07576
2416.49126	0.07586
2414.56270	0.07589
2412.63413	0.07587
2410.70557	0.07585
2408.77700	0.07574
2406.84844	0.07554
2404.91987	0.07540
2402.99131	0.07541
2401.06274	0.07545
2399.13418	0.07541
2397.20562	0.07545
2395.27705	0.07551
2393.34849	0.07551
2391.41992	0.07547
2389.49136	0.07544
2387.56279	0.07547
2385.63423	0.07552
2383.70566	0.07557
2381.77710	0.07560
2379.84854	0.07567
2377.91997	0.07580
2375.99141	0.07589
2374.06284	0.07593
2372.13428	0.07611
2370.20571	0.07659
2368.27715	0.07627
2366.34858	0.07577
2364.42002	0.07636
2362.49146	0.07591
2360.56289	0.07672
2358.63433	0.07852
2356.70576	0.07608
2354.77720	0.07851
2352.84863	0.07951
2350.92007	0.07741
2348.99150	0.07630
2347.06294	0.07546
2345.13437	0.07471
2343.20581	0.07709
2341.27725	0.08228
2339.34868	0.08359
2337.42012	0.08084
2335.49155	0.07640
2333.56299	0.07341
2331.63442	0.07256
2329.70586	0.07297
2327.77729	0.07439
2325.84873	0.07576
2323.92017	0.07651
2321.99160	0.07668
2320.06304	0.07634
2318.13447	0.07612
2316.20591	0.07605
2314.27734	0.07604
2312.34878	0.07631
2310.42021	0.07690
2308.49165	0.07741
2306.56309	0.07792
2304.63452	0.07802
2302.70596	0.07767
2300.77739	0.07722
2298.84883	0.07676
2296.92026	0.07648
2294.99170	0.07657
2293.06313	0.07692
2291.13457	0.07713
2289.20601	0.07724
2287.27744	0.07719
2285.34888	0.07692
2283.42031	0.07656
2281.49175	0.07623
2279.56318	0.07600
2277.63462	0.07588
2275.70605	0.07589
2273.77749	0.07598
2271.84893	0.07604
2269.92036	0.07592
2267.99180	0.07550
2266.06323	0.07506
2264.13467	0.07483
2262.20610	0.07486
2260.27754	0.07506
2258.34897	0.07518
2256.42041	0.07490
2254.49185	0.07438
2252.56328	0.07415
2250.63472	0.07421
2248.70615	0.07424
2246.77759	0.07423
2244.84902	0.07424
2242.92046	0.07435
2240.99189	0.07453
2239.06333	0.07459
2237.13477	0.07447
2235.20620	0.07431
2233.27764	0.07412
2231.34907	0.07389
2229.42051	0.07382
2227.49194	0.07387
2225.56338	0.07388
2223.63481	0.07391
2221.70625	0.07405
2219.77769	0.07409
2217.84912	0.07407
2215.92056	0.07417
2213.99199	0.07407
2212.06343	0.07359
2210.13486	0.07300
2208.20630	0.07275
2206.27773	0.07306
2204.34917	0.07360
2202.42061	0.07384
2200.49204	0.07384
2198.56348	0.07384
2196.63491	0.07376
2194.70635	0.07362
2192.77778	0.07349
2190.84922	0.07351
2188.92065	0.07386
2186.99209	0.07428
2185.06353	0.07422
2183.13496	0.07340
2181.20640	0.07243
2179.27783	0.07236
2177.34927	0.07282
2175.42070	0.07269
2173.49214	0.07227
2171.56357	0.07252
2169.63501	0.07353
2167.70645	0.07453
2165.77788	0.07495
2163.84932	0.07502
2161.92075	0.07430
2159.99219	0.07165
2158.06362	0.06866
2156.13506	0.06795
2154.20649	0.06881
2152.27793	0.06942
2150.34937	0.06963
2148.42080	0.07001
2146.49224	0.07049
2144.56367	0.07074
2142.63511	0.07075
2140.70654	0.07059
2138.77798	0.07035
2136.84941	0.07002
2134.92085	0.06955
2132.99229	0.06940
2131.06372	0.06989
2129.13516	0.07052
2127.20659	0.07087
2125.27803	0.07116
2123.34946	0.07156
2121.42090	0.07192
2119.49233	0.07213
2117.56377	0.07234
2115.63521	0.07267
2113.70664	0.07295
2111.77808	0.07297
2109.84951	0.07281
2107.92095	0.07276
2105.99238	0.07288
2104.06382	0.07292
2102.13525	0.07277
2100.20669	0.07260
2098.27812	0.07242
2096.34956	0.07211
2094.42100	0.07188
2092.49243	0.07211
2090.56387	0.07271
2088.63530	0.07320
2086.70674	0.07342
2084.77817	0.07350
2082.84961	0.07345
2080.92104	0.07331
2078.99248	0.07318
2077.06392	0.07314
2075.13535	0.07310
2073.20679	0.07298
2071.27822	0.07275
2069.34966	0.07255
2067.42109	0.07255
2065.49253	0.07272
2063.56396	0.07281
2061.63540	0.07272
2059.70684	0.07272
2057.77827	0.07288
2055.84971	0.07304
2053.92114	0.07344
2051.99258	0.07411
2050.06401	0.07409
2048.13545	0.07318
2046.20688	0.07230
2044.27832	0.07189
2042.34976	0.07203
2040.42119	0.07267
2038.49263	0.07322
2036.56406	0.07331
2034.63550	0.07295
2032.70693	0.07232
2030.77837	0.07176
2028.84980	0.07163
2026.92124	0.07186
2024.99268	0.07196
2023.06411	0.07171
2021.13555	0.07145
2019.20698	0.07164
2017.27842	0.07220
2015.34985	0.07263
2013.42129	0.07262
2011.49272	0.07223
2009.56416	0.07152
2007.63560	0.07064
2005.70703	0.07019
2003.77847	0.07042
2001.84990	0.07088
1999.92134	0.07120
1997.99277	0.07132
1996.06421	0.07133
1994.13564	0.07134
1992.20708	0.07140
1990.27852	0.07171
1988.34995	0.07216
1986.42139	0.07242
1984.49282	0.07271
1982.56426	0.07344
1980.63569	0.07408
1978.70713	0.07348
1976.77856	0.07188
1974.85000	0.07076
1972.92144	0.07058
1970.99287	0.07063
1969.06431	0.07049
1967.13574	0.07029
1965.20718	0.07009
1963.27861	0.06981
1961.35005	0.06965
1959.42148	0.06977
1957.49292	0.07005
1955.56436	0.07033
1953.63579	0.07056
1951.70723	0.07076
1949.77866	0.07095
1947.85010	0.07104
1945.92153	0.07101
1943.99297	0.07098
1942.06440	0.07086
1940.13584	0.07060
1938.20728	0.07047
1936.27871	0.07055
1934.35015	0.07069
1932.42158	0.07085
1930.49302	0.07098
1928.56445	0.07102
1926.63589	0.07113
1924.70732	0.07145
1922.77876	0.07170
1920.85020	0.07167
1918.92163	0.07157
1916.99307	0.07176
1915.06450	0.07209
1913.13594	0.07221
1911.20737	0.07211
1909.27881	0.07206
1907.35024	0.07212
1905.42168	0.07222
1903.49312	0.07231
1901.56455	0.07243
1899.63599	0.07257
1897.70742	0.07270
1895.77886	0.07289
1893.85029	0.07313
1891.92173	0.07324
1889.99316	0.07314
1888.06460	0.07296
1886.13604	0.07280
1884.20747	0.07264
1882.27891	0.07255
1880.35034	0.07255
1878.42178	0.07258
1876.49321	0.07261
1874.56465	0.07263
1872.63608	0.07259
1870.70752	0.07252
1868.77896	0.07249
1866.85039	0.07252
1864.92183	0.07249
1862.99326	0.07246
1861.06470	0.07254
1859.13613	0.07271
1857.20757	0.07284
1855.27900	0.07288
1853.35044	0.07295
1851.42187	0.07304
1849.49331	0.07305
1847.56475	0.07296
1845.63618	0.07289
1843.70762	0.07294
1841.77905	0.07308
1839.85049	0.07317
1837.92192	0.07322
1835.99336	0.07328
1834.06479	0.07334
1832.13623	0.07333
1830.20767	0.07329
1828.27910	0.07330
1826.35054	0.07343
1824.42197	0.07369
1822.49341	0.07397
1820.56484	0.07411
1818.63628	0.07411
1816.70771	0.07409
1814.77915	0.07418
1812.85059	0.07437
1810.92202	0.07459
1808.99346	0.07474
1807.06489	0.07478
1805.13633	0.07481
1803.20776	0.07496
1801.27920	0.07519
1799.35063	0.07542
1797.42207	0.07558
1795.49351	0.07571
1793.56494	0.07590
1791.63638	0.07613
1789.70781	0.07629
1787.77925	0.07641
1785.85068	0.07659
1783.92212	0.07681
1781.99355	0.07699
1780.06499	0.07713
1778.13643	0.07732
1776.20786	0.07758
1774.27930	0.07792
1772.35073	0.07831
1770.42217	0.07869
1768.49360	0.07901
1766.56504	0.07932
1764.63647	0.07973
1762.70791	0.08043
1760.77935	0.08148
1758.85078	0.08278
1756.92222	0.08434
1754.99365	0.08617
1753.06509	0.08829
1751.13652	0.09079
1749.20796	0.09339
1747.27939	0.09562
1745.35083	0.09731
1743.42227	0.09845
1741.49370	0.09903
1739.56514	0.09910
1737.63657	0.09873
1735.70801	0.09803
1733.77944	0.09715
1731.85088	0.09632
1729.92231	0.09558
1727.99375	0.09491
1726.06519	0.09434
1724.13662	0.09393
1722.20806	0.09368
1720.27949	0.09352
1718.35093	0.09349
1716.42236	0.09354
1714.49380	0.09350
1712.56523	0.09329
1710.63667	0.09297
1708.70811	0.09264
1706.77954	0.09237
1704.85098	0.09216
1702.92241	0.09197
1700.99385	0.09190
1699.06528	0.09205
1697.13672	0.09233
1695.20815	0.09264
1693.27959	0.09291
1691.35103	0.09317
1689.42246	0.09343
1687.49390	0.09368
1685.56533	0.09412
1683.63677	0.09490
1681.70820	0.09568
1679.77964	0.09619
1677.85107	0.09664
1675.92251	0.09724
1673.99395	0.09791
1672.06538	0.09846
1670.13682	0.09904
1668.20825	0.09973
1666.27969	0.10033
1664.35112	0.10084
1662.42256	0.10136
1660.49399	0.10178
1658.56543	0.10195
1656.63687	0.10202
1654.70830	0.10227
1652.77974	0.10270
1650.85117	0.10288
1648.92261	0.10282
1646.99404	0.10297
1645.06548	0.10337
1643.13691	0.10368
1641.20835	0.10381
1639.27979	0.10383
1637.35122	0.10389
1635.42266	0.10410
1633.49409	0.10435
1631.56553	0.10453
1629.63696	0.10468
1627.70840	0.10476
1625.77983	0.10472
1623.85127	0.10461
1621.92271	0.10445
1619.99414	0.10419
1618.06558	0.10388
1616.13701	0.10363
1614.20845	0.10337
1612.27988	0.10310
1610.35132	0.10288
1608.42275	0.10277
1606.49419	0.10274
1604.56562	0.10277
1602.63706	0.10278
1600.70850	0.10282
1598.77993	0.10293
1596.85137	0.10312
1594.92280	0.10336
1592.99424	0.10364
1591.06567	0.10395
1589.13711	0.10433
1587.20854	0.10479
1585.27998	0.10532
1583.35142	0.10589
1581.42285	0.10639
1579.49429	0.10676
1577.56572	0.10706
1575.63716	0.10740
1573.70859	0.10763
1571.78003	0.10769
1569.85146	0.10775
1567.92290	0.10782
1565.99434	0.10781
1564.06577	0.10769
1562.13721	0.10752
1560.20864	0.10746
1558.28008	0.10762
1556.35151	0.10772
1554.42295	0.10758
1552.49438	0.10728
1550.56582	0.10690
1548.63726	0.10649
1546.70869	0.10603
1544.78013	0.10547
1542.85156	0.10477
1540.92300	0.10391
1538.99443	0.10289
1537.06587	0.10182
1535.13730	0.10072
1533.20874	0.09958
1531.28018	0.09853
1529.35161	0.09760
1527.42305	0.09672
1525.49448	0.09585
1523.56592	0.09508
1521.63735	0.09445
1519.70879	0.09392
1517.78022	0.09342
1515.85166	0.09293
1513.92310	0.09246
1511.99453	0.09196
1510.06597	0.09138
1508.13740	0.09082
1506.20884	0.09040
1504.28027	0.09004
1502.35171	0.08961
1500.42314	0.08918
1498.49458	0.08887
1496.56602	0.08869
1494.63745	0.08850
1492.70889	0.08822
1490.78032	0.08792
1488.85176	0.08775
1486.92319	0.08777
1484.99463	0.08797
1483.06606	0.08849
1481.13750	0.09002
1479.20894	0.09512
1477.28037	0.10990
1475.35181	0.14033
1473.42324	0.18135
1471.49468	0.21330
1469.56611	0.22383
1467.63755	0.22102
1465.70898	0.21440
1463.78042	0.20569
1461.85186	0.19414
1459.92329	0.18058
1457.99473	0.16737
1456.06616	0.15715
1454.13760	0.15022
1452.20903	0.14481
1450.28047	0.14007
1448.35190	0.13632
1446.42334	0.13375
1444.49478	0.13208
1442.56621	0.13088
1440.63765	0.12982
1438.70908	0.12877
1436.78052	0.12768
1434.85195	0.12651
1432.92339	0.12520
1430.99482	0.12372
1429.06626	0.12223
1427.13770	0.12086
1425.20913	0.11970
1423.28057	0.11885
1421.35200	0.11837
1419.42344	0.11811
1417.49487	0.11789
1415.56631	0.11758
1413.63774	0.11716
1411.70918	0.11668
1409.78062	0.11613
1407.85205	0.11552
1405.92349	0.11485
1403.99492	0.11416
1402.06636	0.11350
1400.13779	0.11288
1398.20923	0.11227
1396.28066	0.11160
1394.35210	0.11088
1392.42354	0.11019
1390.49497	0.10964
1388.56641	0.10933
1386.63784	0.10932
1384.70928	0.10964
1382.78071	0.11040
1380.85215	0.11169
1378.92358	0.11313
1376.99502	0.11402
1375.06646	0.11411
1373.13789	0.11386
1371.20933	0.11376
1369.28076	0.11380
1367.35220	0.11370
1365.42363	0.11332
1363.49507	0.11269
1361.56650	0.11194
1359.63794	0.11124
1357.70937	0.11072
1355.78081	0.11043
1353.85225	0.11033
1351.92368	0.11028
1349.99512	0.11010
1348.06655	0.10973
1346.13799	0.10929
1344.20942	0.10884
1342.28086	0.10834
1340.35229	0.10780
1338.42373	0.10728
1336.49517	0.10677
1334.56660	0.10631
1332.63804	0.10601
1330.70947	0.10592
1328.78091	0.10594
1326.85234	0.10603
1324.92378	0.10623
1322.99521	0.10656
1321.06665	0.10703
1319.13809	0.10755
1317.20952	0.10796
1315.28096	0.10816
1313.35239	0.10824
1311.42383	0.10837
1309.49526	0.10857
1307.56670	0.10876
1305.63813	0.10887
1303.70957	0.10893
1301.78101	0.10901
1299.85244	0.10909
1297.92388	0.10918
1295.99531	0.10929
1294.06675	0.10937
1292.13818	0.10940
1290.20962	0.10945
1288.28105	0.10965
1286.35249	0.10998
1284.42393	0.11033
1282.49536	0.11070
1280.56680	0.11114
1278.63823	0.11163
1276.70967	0.11214
1274.78110	0.11267
1272.85254	0.11322
1270.92397	0.11374
1268.99541	0.11423
1267.06685	0.11470
1265.13828	0.11506
1263.20972	0.11533
1261.28115	0.11562
1259.35259	0.11594
1257.42402	0.11616
1255.49546	0.11628
1253.56689	0.11643
1251.63833	0.11670
1249.70977	0.11699
1247.78120	0.11721
1245.85264	0.11735
1243.92407	0.11742
1241.99551	0.11744
1240.06694	0.11750
1238.13838	0.11760
1236.20981	0.11768
1234.28125	0.11770
1232.35269	0.11765
1230.42412	0.11763
1228.49556	0.11761
1226.56699	0.11752
1224.63843	0.11735
1222.70986	0.11718
1220.78130	0.11701
1218.85273	0.11682
1216.92417	0.11669
1214.99561	0.11669
1213.06704	0.11667
1211.13848	0.11656
1209.20991	0.11643
1207.28135	0.11633
1205.35278	0.11623
1203.42422	0.11610
1201.49565	0.11601
1199.56709	0.11607
1197.63853	0.11620
1195.70996	0.11633
1193.78140	0.11652
1191.85283	0.11680
1189.92427	0.11712
1187.99570	0.11750
1186.06714	0.11794
1184.13857	0.11836
1182.21001	0.11880
1180.28145	0.11931
1178.35288	0.11984
1176.42432	0.12032
1174.49575	0.12082
1172.56719	0.12147
1170.63862	0.12218
1168.71006	0.12271
1166.78149	0.12307
1164.85293	0.12344
1162.92437	0.12381
1160.99580	0.12412
1159.06724	0.12436
1157.13867	0.12456
1155.21011	0.12472
1153.28154	0.12486
1151.35298	0.12499
1149.42441	0.12509
1147.49585	0.12510
1145.56729	0.12504
1143.63872	0.12495
1141.71016	0.12486
1139.78159	0.12475
1137.85303	0.12466
1135.92446	0.12460
1133.99590	0.12461
1132.06733	0.12475
1130.13877	0.12497
1128.21021	0.12521
1126.28164	0.12553
1124.35308	0.12591
1122.42451	0.12621
1120.49595	0.12637
1118.56738	0.12654
1116.63882	0.12691
1114.71025	0.12746
1112.78169	0.12802
1110.85312	0.12862
1108.92456	0.12936
1106.99600	0.13028
1105.06743	0.13122
1103.13887	0.13193
1101.21030	0.13242
1099.28174	0.13299
1097.35317	0.13375
1095.42461	0.13449
1093.49604	0.13511
1091.56748	0.13569
1089.63892	0.13623
1087.71035	0.13678
1085.78179	0.13749
1083.85322	0.13825
1081.92466	0.13886
1079.99609	0.13927
1078.06753	0.13950
1076.13896	0.13951
1074.21040	0.13947
1072.28184	0.13953
1070.35327	0.13962
1068.42471	0.13965
1066.49614	0.13972
1064.56758	0.13993
1062.63901	0.14025
1060.71045	0.14058
1058.78188	0.14074
1056.85332	0.14072
1054.92476	0.14072
1052.99619	0.14079
1051.06763	0.14086
1049.13906	0.14080
1047.21050	0.14058
1045.28193	0.14023
1043.35337	0.13985
1041.42480	0.13949
1039.49624	0.13914
1037.56768	0.13875
1035.63911	0.13830
1033.71055	0.13789
1031.78198	0.13765
1029.85342	0.13749
1027.92485	0.13718
1025.99629	0.13669
1024.06772	0.13612
1022.13916	0.13550
1020.21060	0.13488
1018.28203	0.13420
1016.35347	0.13331
1014.42490	0.13216
1012.49634	0.13093
1010.56777	0.12970
1008.63921	0.12850
1006.71064	0.12738
1004.78208	0.12642
1002.85352	0.12564
1000.92495	0.12496
998.99639	0.12423
997.06782	0.12345
995.13926	0.12279
993.21069	0.12234
991.28213	0.12190
989.35356	0.12115
987.42500	0.12010
985.49644	0.11897
983.56787	0.11808
981.63931	0.11752
979.71074	0.11699
977.78218	0.11629
975.85361	0.11558
973.92505	0.11514
971.99648	0.11504
970.06792	0.11500
968.13936	0.11468
966.21079	0.11400
964.28223	0.11330
962.35366	0.11286
960.42510	0.11263
958.49653	0.11233
956.56797	0.11172
954.63940	0.11079
952.71084	0.11016
950.78228	0.11027
948.85371	0.11062
946.92515	0.11044
944.99658	0.10981
943.06802	0.10953
941.13945	0.10997
939.21089	0.11048
937.28232	0.11036
935.35376	0.10972
933.42520	0.10904
931.49663	0.10882
929.56807	0.10898
927.63950	0.10893
925.71094	0.10836
923.78237	0.10776
921.85381	0.10766
919.92524	0.10790
917.99668	0.10807
916.06812	0.10804
914.13955	0.10816
912.21099	0.10903
910.28242	0.11050
908.35386	0.11154
906.42529	0.11142
904.49673	0.11040
902.56816	0.10923
900.63960	0.10840
898.71104	0.10792
896.78247	0.10762
894.85391	0.10742
892.92534	0.10725
890.99678	0.10719
889.06821	0.10722
887.13965	0.10726
885.21108	0.10729
883.28252	0.10728
881.35396	0.10708
879.42539	0.10676
877.49683	0.10662
875.56826	0.10672
873.63970	0.10679
871.71113	0.10666
869.78257	0.10646
867.85400	0.10634
865.92544	0.10638
863.99687	0.10659
862.06831	0.10687
860.13975	0.10705
858.21118	0.10703
856.28262	0.10685
854.35405	0.10666
852.42549	0.10658
850.49692	0.10659
848.56836	0.10660
846.63979	0.10659
844.71123	0.10656
842.78267	0.10658
840.85410	0.10667
838.92554	0.10678
836.99697	0.10691
835.06841	0.10704
833.13984	0.10704
831.21128	0.10704
829.28271	0.10728
827.35415	0.10766
825.42559	0.10791
823.49702	0.10809
821.56846	0.10839
819.63989	0.10870
817.71133	0.10892
815.78276	0.10908
813.85420	0.10915
811.92563	0.10911
809.99707	0.10907
808.06851	0.10918
806.13994	0.10939
804.21138	0.10950
802.28281	0.10955
800.35425	0.10976
798.42568	0.10995
796.49712	0.10991
794.56855	0.10974
792.63999	0.10962
790.71143	0.10955
788.78286	0.10948
786.85430	0.10946
784.92573	0.10961
782.99717	0.10991
781.06860	0.11008
779.14004	0.10999
777.21147	0.10972
775.28291	0.10931
773.35435	0.10887
771.42578	0.10867
769.49722	0.10875
767.56865	0.10876
765.64009	0.10848
763.71152	0.10807
761.78296	0.10790
759.85439	0.10810
757.92583	0.10832
755.99727	0.10817
754.06870	0.10787
752.14014	0.10774
750.21157	0.10782
748.28301	0.10790
746.35444	0.10779
744.42588	0.10772
742.49731	0.10803
740.56875	0.10883
738.64019	0.11019
736.71162	0.11316
734.78306	0.12095
732.85449	0.13538
730.92593	0.15040
728.99736	0.15786
727.06880	0.16074
725.14023	0.16838
723.21167	0.18557
721.28311	0.21256
719.35454	0.24489
717.42598	0.26947
715.49741	0.27039
713.56885	0.24655
711.64028	0.21449
709.71172	0.18883
707.78315	0.17204
705.85459	0.16111
703.92603	0.15370
701.99746	0.14852
700.06890	0.14459
698.14033	0.14144
696.21177	0.13886
694.28320	0.13684
692.35464	0.13562
690.42607	0.13474
688.49751	0.13335
686.56895	0.13186
684.64038	0.13103
682.71182	0.13069
680.78325	0.13012
678.85469	0.12915
676.92612	0.12837
674.99756	0.12825
673.06899	0.12849
671.14043	0.12795
669.21187	0.12660
667.28330	0.12810
665.35474	0.12758
663.42617	0.12707
661.49761	0.12696
659.56904	0.12671
657.64048	0.12628
655.71191	0.12632
653.78335	0.12695
651.85479	0.12722
649.92622	0.12673
647.99766	0.12634
646.06909	0.12645
644.14053	0.12634
642.21196	0.12591
640.28340	0.12601
638.35483	0.12696
636.42627	0.12816
634.49771	0.12911
632.56914	0.12932
630.64058	0.12857
628.71201	0.12772
626.78345	0.12761
624.85488	0.12766
622.92632	0.12768
620.99775	0.12851
619.06919	0.13016
617.14062	0.13143
615.21206	0.13130
613.28350	0.13014
611.35493	0.12908
609.42637	0.12873
607.49780	0.12958
605.56924	0.13135
603.64067	0.13252
601.71211	0.13244
599.78354	0.13209
