3997.91411	0.02411
3995.98555	0.02417
3994.05698	0.02422
3992.12842	0.02423
3990.19985	0.02420
3988.27129	0.02419
3986.34272	0.02423
3984.41416	0.02423
3982.48560	0.02416
3980.55703	0.02413
3978.62847	0.02417
3976.69990	0.02420
3974.77134	0.02416
3972.84277	0.02416
3970.91421	0.02420
3968.98564	0.02418
3967.05708	0.02414
3965.12852	0.02429
3963.19995	0.02449
3961.27139	0.02448
3959.34282	0.02428
3957.41426	0.02412
3955.48569	0.02403
3953.55713	0.02396
3951.62856	0.02393
3949.70000	0.02395
3947.77144	0.02402
3945.84287	0.02414
3943.91431	0.02423
3941.98574	0.02424
3940.05718	0.02419
3938.12861	0.02415
3936.20005	0.02410
3934.27148	0.02406
3932.34292	0.02407
3930.41436	0.02410
3928.48579	0.02413
3926.55723	0.02420
3924.62866	0.02422
3922.70010	0.02414
3920.77153	0.02411
3918.84297	0.02414
3916.91440	0.02412
3914.98584	0.02404
3913.05728	0.02392
3911.12871	0.02382
3909.20015	0.02384
3907.27158	0.02391
3905.34302	0.02392
3903.41445	0.02387
3901.48589	0.02388
3899.55732	0.02390
3897.62876	0.02378
3895.70020	0.02360
3893.77163	0.02349
3891.84307	0.02344
3889.91450	0.02340
3887.98594	0.02335
3886.05737	0.02327
3884.12881	0.02322
3882.20024	0.02326
3880.27168	0.02327
3878.34312	0.02314
3876.41455	0.02297
3874.48599	0.02285
3872.55742	0.02275
3870.62886	0.02272
3868.70029	0.02271
3866.77173	0.02267
3864.84316	0.02264
3862.91460	0.02257
3860.98604	0.02239
3859.05747	0.02224
3857.12891	0.02224
3855.20034	0.02236
3853.27178	0.02250
3851.34321	0.02251
3849.41465	0.02239
3847.48608	0.02231
3845.55752	0.02234
3843.62896	0.02239
3841.70039	0.02231
3839.77183	0.02211
3837.84326	0.02200
3835.91470	0.02208
3833.98613	0.02223
3832.05757	0.02229
3830.12900	0.02226
3828.20044	0.02215
3826.27187	0.02197
3824.34331	0.02180
3822.41475	0.02173
3820.48618	0.02173
3818.55762	0.02172
3816.62905	0.02178
3814.70049	0.02195
3812.77192	0.02201
3810.84336	0.02189
3808.91479	0.02173
3806.98623	0.02167
3805.05767	0.02164
3803.12910	0.02154
3801.20054	0.02153
3799.27197	0.02168
3797.34341	0.02184
3795.41484	0.02196
3793.48628	0.02201
3791.55771	0.02198
3789.62915	0.02190
3787.70059	0.02188
3785.77202	0.02189
3783.84346	0.02188
3781.91489	0.02185
3779.98633	0.02181
3778.05776	0.02174
3776.12920	0.02168
3774.20063	0.02161
3772.27207	0.02153
3770.34351	0.02146
3768.41494	0.02146
3766.48638	0.02147
3764.55781	0.02139
3762.62925	0.02127
3760.70068	0.02123
3758.77212	0.02123
3756.84355	0.02112
3754.91499	0.02091
3752.98643	0.02079
3751.05786	0.02072
3749.12930	0.02053
3747.20073	0.02033
3745.27217	0.02036
3743.34360	0.02059
3741.41504	0.02062
3739.48647	0.02043
3737.55791	0.02038
3735.62935	0.02049
3733.70078	0.02057
3731.77222	0.02061
3729.84365	0.02064
3727.91509	0.02068
3725.98652	0.02065
3724.05796	0.02072
3722.12939	0.02076
3720.20083	0.02062
3718.27227	0.02049
3716.34370	0.02051
3714.41514	0.02062
3712.48657	0.02072
3710.55801	0.02074
3708.62944	0.02066
3706.70088	0.02063
3704.77231	0.02071
3702.84375	0.02085
3700.91519	0.02097
3698.98662	0.02106
3697.05806	0.02113
3695.12949	0.02114
3693.20093	0.02101
3691.27236	0.02080
3689.34380	0.02075
3687.41523	0.02098
3685.48667	0.02121
3683.55811	0.02133
3681.62954	0.02144
3679.70098	0.02154
3677.77241	0.02158
3675.84385	0.02160
3673.91528	0.02158
3671.98672	0.02160
3670.05815	0.02187
3668.12959	0.02225
3666.20103	0.02244
3664.27246	0.02251
3662.34390	0.02257
3660.41533	0.02263
3658.48677	0.02271
3656.55820	0.02280
3654.62964	0.02289
3652.70107	0.02306
3650.77251	0.02344
3648.84395	0.02396
3646.91538	0.02434
3644.98682	0.02439
3643.05825	0.02434
3641.12969	0.02441
3639.20112	0.02458
3637.27256	0.02483
3635.34399	0.02512
3633.41543	0.02541
3631.48687	0.02575
3629.55830	0.02618
3627.62974	0.02653
3625.70117	0.02658
3623.77261	0.02661
3621.84404	0.02692
3619.91548	0.02727
3617.98691	0.02745
3616.05835	0.02762
3614.12979	0.02797
3612.20122	0.02837
3610.27266	0.02863
3608.34409	0.02889
3606.41553	0.02919
3604.48696	0.02945
3602.55840	0.02961
3600.62983	0.02969
3598.70127	0.02981
3596.77271	0.03004
3594.84414	0.03027
3592.91558	0.03032
3590.98701	0.03036
3589.05845	0.03068
3587.12988	0.03117
3585.20132	0.03149
3583.27275	0.03164
3581.34419	0.03181
3579.41562	0.03212
3577.48706	0.03253
3575.55850	0.03290
3573.62993	0.03321
3571.70137	0.03357
3569.77280	0.03399
3567.84424	0.03433
3565.91567	0.03449
3563.98711	0.03462
3562.05854	0.03488
3560.12998	0.03521
3558.20142	0.03561
3556.27285	0.03612
3554.34429	0.03658
3552.41572	0.03692
3550.48716	0.03722
3548.55859	0.03752
3546.63003	0.03784
3544.70146	0.03815
3542.77290	0.03847
3540.84434	0.03877
3538.91577	0.03901
3536.98721	0.03932
3535.05864	0.03964
3533.13008	0.03981
3531.20151	0.03997
3529.27295	0.04033
3527.34438	0.04091
3525.41582	0.04141
3523.48726	0.04157
3521.55869	0.04162
3519.63013	0.04189
3517.70156	0.04229
3515.77300	0.04258
3513.84443	0.04273
3511.91587	0.04286
3509.98730	0.04298
3508.05874	0.04317
3506.13018	0.04357
3504.20161	0.04401
3502.27305	0.04423
3500.34448	0.04436
3498.41592	0.04456
3496.48735	0.04474
3494.55879	0.04492
3492.63022	0.04526
3490.70166	0.04579
3488.77310	0.04633
3486.84453	0.04664
3484.91597	0.04681
3482.98740	0.04708
3481.05884	0.04736
3479.13027	0.04748
3477.20171	0.04753
3475.27314	0.04774
3473.34458	0.04816
3471.41602	0.04850
3469.48745	0.04853
3467.55889	0.04848
3465.63032	0.04868
3463.70176	0.04911
3461.77319	0.04954
3459.84463	0.04986
3457.91606	0.05007
3455.98750	0.05009
3454.05894	0.05011
3452.13037	0.05030
3450.20181	0.05057
3448.27324	0.05082
3446.34468	0.05105
3444.41611	0.05117
3442.48755	0.05114
3440.55898	0.05119
3438.63042	0.05144
3436.70186	0.05184
3434.77329	0.05229
3432.84473	0.05267
3430.91616	0.05292
3428.98760	0.05303
3427.05903	0.05300
3425.13047	0.05309
3423.20190	0.05340
3421.27334	0.05381
3419.34478	0.05417
3417.41621	0.05438
3415.48765	0.05436
3413.55908	0.05432
3411.63052	0.05452
3409.70195	0.05484
3407.77339	0.05505
3405.84482	0.05524
3403.91626	0.05558
3401.98770	0.05583
3400.05913	0.05583
3398.13057	0.05582
3396.20200	0.05610
3394.27344	0.05623
3392.34487	0.05635
3390.41631	0.05663
3388.48774	0.05689
3386.55918	0.05693
3384.63062	0.05684
3382.70205	0.05688
3380.77349	0.05707
3378.84492	0.05719
3376.91636	0.05727
3374.98779	0.05753
3373.05923	0.05793
3371.13066	0.05824
3369.20210	0.05838
3367.27354	0.05834
3365.34497	0.05832
3363.41641	0.05851
3361.48784	0.05880
3359.55928	0.05904
3357.63071	0.05921
3355.70215	0.05938
3353.77358	0.05953
3351.84502	0.05961
3349.91646	0.05973
3347.98789	0.06001
3346.05933	0.06022
3344.13076	0.06019
3342.20220	0.06010
3340.27363	0.06018
3338.34507	0.06039
3336.41650	0.06060
3334.48794	0.06079
3332.55937	0.06099
3330.63081	0.06130
3328.70225	0.06173
3326.77368	0.06209
3324.84512	0.06218
3322.91655	0.06207
3320.98799	0.06199
3319.05942	0.06201
3317.13086	0.06214
3315.20229	0.06233
3313.27373	0.06240
3311.34517	0.06233
3309.41660	0.06231
3307.48804	0.06251
3305.55947	0.06285
3303.63091	0.06308
3301.70234	0.06316
3299.77378	0.06324
3297.84521	0.06333
3295.91665	0.06342
3293.98809	0.06360
3292.05952	0.06387
3290.13096	0.06402
3288.20239	0.06397
3286.27383	0.06389
3284.34526	0.06389
3282.41670	0.06394
3280.48813	0.06404
3278.55957	0.06413
3276.63101	0.06407
3274.70244	0.06389
3272.77388	0.06372
3270.84531	0.06363
3268.91675	0.06372
3266.98818	0.06389
3265.05962	0.06390
3263.13105	0.06370
3261.20249	0.06333
3259.27393	0.06286
3257.34536	0.06235
3255.41680	0.06199
3253.48823	0.06182
3251.55967	0.06170
3249.63110	0.06153
3247.70254	0.06131
3245.77397	0.06106
3243.84541	0.06087
3241.91685	0.06075
3239.98828	0.06061
3238.05972	0.06036
3236.13115	0.06005
3234.20259	0.05972
3232.27402	0.05943
3230.34546	0.05925
3228.41689	0.05908
3226.48833	0.05896
3224.55977	0.05886
3222.63120	0.05861
3220.70264	0.05832
3218.77407	0.05817
3216.84551	0.05798
3214.91694	0.05773
3212.98838	0.05755
3211.05981	0.05741
3209.13125	0.05724
3207.20269	0.05707
3205.27412	0.05680
3203.34556	0.05639
3201.41699	0.05606
3199.48843	0.05594
3197.55986	0.05584
3195.63130	0.05557
3193.70273	0.05522
3191.77417	0.05490
3189.84561	0.05454
3187.91704	0.05415
3185.98848	0.05387
3184.05991	0.05365
3182.13135	0.05337
3180.20278	0.05312
3178.27422	0.05295
3176.34565	0.05266
3174.41709	0.05222
3172.48853	0.05181
3170.55996	0.05146
3168.63140	0.05122
3166.70283	0.05106
3164.77427	0.05081
3162.84570	0.05044
3160.91714	0.05010
3158.98857	0.04973
3157.06001	0.04929
3155.13145	0.04895
3153.20288	0.04874
3151.27432	0.04845
3149.34575	0.04807
3147.41719	0.04780
3145.48862	0.04764
3143.56006	0.04744
3141.63149	0.04710
3139.70293	0.04664
3137.77437	0.04626
3135.84580	0.04612
3133.91724	0.04612
3131.98867	0.04606
3130.06011	0.04579
3128.13154	0.04538
3126.20298	0.04506
3124.27441	0.04488
3122.34585	0.04475
3120.41729	0.04457
3118.48872	0.04440
3116.56016	0.04425
3114.63159	0.04417
3112.70303	0.04411
3110.77446	0.04398
3108.84590	0.04380
3106.91733	0.04369
3104.98877	0.04370
3103.06021	0.04379
3101.13164	0.04382
3099.20308	0.04373
3097.27451	0.04367
3095.34595	0.04364
3093.41738	0.04358
3091.48882	0.04356
3089.56025	0.04359
3087.63169	0.04357
3085.70312	0.04347
3083.77456	0.04344
3081.84600	0.04351
3079.91743	0.04359
3077.98887	0.04355
3076.06030	0.04344
3074.13174	0.04336
3072.20317	0.04329
3070.27461	0.04311
3068.34604	0.04285
3066.41748	0.04263
3064.48892	0.04253
3062.56035	0.04242
3060.63179	0.04223
3058.70322	0.04200
3056.77466	0.04180
3054.84609	0.04161
3052.91753	0.04138
3050.98896	0.04111
3049.06040	0.04085
3047.13184	0.04058
3045.20327	0.04027
3043.27471	0.04003
3041.34614	0.03993
3039.41758	0.03983
3037.48901	0.03951
3035.56045	0.03909
3033.63188	0.03873
3031.70332	0.03847
3029.77476	0.03829
3027.84619	0.03818
3025.91763	0.03803
3023.98906	0.03784
3022.06050	0.03766
3020.13193	0.03747
3018.20337	0.03722
3016.27480	0.03692
3014.34624	0.03664
3012.41768	0.03650
3010.48911	0.03656
3008.56055	0.03670
3006.63198	0.03680
3004.70342	0.03683
3002.77485	0.03676
3000.84629	0.03667
2998.91772	0.03670
2996.98916	0.03687
2995.06060	0.03704
2993.13203	0.03723
2991.20347	0.03762
2989.27490	0.03828
2987.34634	0.03909
2985.41777	0.03993
2983.48921	0.04080
2981.56064	0.04185
2979.63208	0.04318
2977.70352	0.04476
2975.77495	0.04654
2973.84639	0.04847
2971.91782	0.05059
2969.98926	0.05297
2968.06069	0.05559
2966.13213	0.05837
2964.20356	0.06114
2962.27500	0.06372
2960.34644	0.06614
2958.41787	0.06842
2956.48931	0.07040
2954.56074	0.07217
2952.63218	0.07409
2950.70361	0.07646
2948.77505	0.07954
2946.84648	0.08371
2944.91792	0.08941
2942.98936	0.09697
2941.06079	0.10644
2939.13223	0.11768
2937.20366	0.13063
2935.27510	0.14544
2933.34653	0.16238
2931.41797	0.18188
2929.48940	0.20447
2927.56084	0.23083
2925.63228	0.26187
2923.70371	0.29830
2921.77515	0.33950
2919.84658	0.38186
2917.91802	0.41735
2915.98945	0.43509
2914.06089	0.42868
2912.13232	0.40282
2910.20376	0.36910
2908.27520	0.33690
2906.34663	0.30993
2904.41807	0.28817
2902.48950	0.27063
2900.56094	0.25630
2898.63237	0.24408
2896.70381	0.23302
2894.77524	0.22259
2892.84668	0.21244
2890.91812	0.20228
2888.98955	0.19211
2887.06099	0.18218
2885.13242	0.17274
2883.20386	0.16391
2881.27529	0.15555
2879.34673	0.14755
2877.41816	0.14021
2875.48960	0.13410
2873.56104	0.12948
2871.63247	0.12605
2869.70391	0.12368
2867.77534	0.12285
2865.84678	0.12430
2863.91821	0.12880
2861.98965	0.13749
2860.06108	0.15183
2858.13252	0.17386
2856.20396	0.20641
2854.27539	0.25218
2852.34683	0.30923
2850.41826	0.36217
2848.48970	0.38340
2846.56113	0.36099
2844.63257	0.31384
2842.70400	0.26518
2840.77544	0.22492
2838.84687	0.19410
2836.91831	0.17102
2834.98975	0.15371
2833.06118	0.14062
2831.13262	0.13053
2829.20405	0.12244
2827.27549	0.11576
2825.34692	0.11025
2823.41836	0.10568
2821.48979	0.10167
2819.56123	0.09813
2817.63267	0.09515
2815.70410	0.09261
2813.77554	0.09017
2811.84697	0.08782
2809.91841	0.08565
2807.98984	0.08367
2806.06128	0.08189
2804.13271	0.08033
2802.20415	0.07892
2800.27559	0.07752
2798.34702	0.07613
2796.41846	0.07483
2794.48989	0.07359
2792.56133	0.07236
2790.63276	0.07120
2788.70420	0.07009
2786.77563	0.06903
2784.84707	0.06809
2782.91851	0.06725
2780.98994	0.06636
2779.06138	0.06545
2777.13281	0.06456
2775.20425	0.06375
2773.27568	0.06307
2771.34712	0.06243
2769.41855	0.06174
2767.48999	0.06105
2765.56143	0.06046
2763.63286	0.05994
2761.70430	0.05939
2759.77573	0.05879
2757.84717	0.05827
2755.91860	0.05784
2753.99004	0.05746
2752.06147	0.05711
2750.13291	0.05674
2748.20435	0.05638
2746.27578	0.05612
2744.34722	0.05594
2742.41865	0.05573
2740.49009	0.05542
2738.56152	0.05509
2736.63296	0.05479
2734.70439	0.05451
2732.77583	0.05425
2730.84727	0.05397
2728.91870	0.05368
2726.99014	0.05342
2725.06157	0.05312
2723.13301	0.05272
2721.20444	0.05235
2719.27588	0.05211
2717.34731	0.05190
2715.41875	0.05159
2713.49019	0.05117
2711.56162	0.05079
2709.63306	0.05050
2707.70449	0.05026
2705.77593	0.05004
2703.84736	0.04985
2701.91880	0.04964
2699.99023	0.04932
2698.06167	0.04901
2696.13311	0.04881
2694.20454	0.04874
2692.27598	0.04871
2690.34741	0.04860
2688.41885	0.04841
2686.49028	0.04823
2684.56172	0.04817
2682.63315	0.04819
2680.70459	0.04816
2678.77603	0.04806
2676.84746	0.04799
2674.91890	0.04793
2672.99033	0.04783
2671.06177	0.04775
2669.13320	0.04775
2667.20464	0.04774
2665.27607	0.04771
2663.34751	0.04775
2661.41895	0.04783
2659.49038	0.04784
2657.56182	0.04782
2655.63325	0.04780
2653.70469	0.04771
2651.77612	0.04747
2649.84756	0.04716
2647.91899	0.04690
2645.99043	0.04670
2644.06187	0.04654
2642.13330	0.04637
2640.20474	0.04623
2638.27617	0.04608
2636.34761	0.04595
2634.41904	0.04586
2632.49048	0.04569
2630.56191	0.04537
2628.63335	0.04497
2626.70479	0.04457
2624.77622	0.04427
2622.84766	0.04409
2620.91909	0.04390
2618.99053	0.04359
2617.06196	0.04319
2615.13340	0.04281
2613.20483	0.04249
2611.27627	0.04218
2609.34771	0.04185
2607.41914	0.04155
2605.49058	0.04132
2603.56201	0.04115
2601.63345	0.04100
2599.70488	0.04081
2597.77632	0.04059
2595.84775	0.04032
2593.91919	0.04003
2591.99062	0.03983
2590.06206	0.03961
2588.13350	0.03924
2586.20493	0.03889
2584.27637	0.03873
2582.34780	0.03867
2580.41924	0.03854
2578.49067	0.03833
2576.56211	0.03806
2574.63354	0.03786
2572.70498	0.03777
2570.77642	0.03768
2568.84785	0.03748
2566.91929	0.03718
2564.99072	0.03688
2563.06216	0.03668
2561.13359	0.03661
2559.20503	0.03662
2557.27646	0.03661
2555.34790	0.03646
2553.41934	0.03613
2551.49077	0.03577
2549.56221	0.03559
2547.63364	0.03560
2545.70508	0.03566
2543.77651	0.03560
2541.84795	0.03542
2539.91938	0.03524
2537.99082	0.03513
2536.06226	0.03502
2534.13369	0.03483
2532.20513	0.03468
2530.27656	0.03463
2528.34800	0.03453
2526.41943	0.03435
2524.49087	0.03420
2522.56230	0.03405
2520.63374	0.03386
2518.70518	0.03376
2516.77661	0.03374
2514.84805	0.03362
2512.91948	0.03340
2510.99092	0.03320
2509.06235	0.03315
2507.13379	0.03316
2505.20522	0.03305
2503.27666	0.03287
2501.34810	0.03274
2499.41953	0.03262
2497.49097	0.03247
2495.56240	0.03227
2493.63384	0.03214
2491.70527	0.03208
2489.77671	0.03199
2487.84814	0.03184
2485.91958	0.03175
2483.99102	0.03179
2482.06245	0.03187
2480.13389	0.03179
2478.20532	0.03159
2476.27676	0.03150
2474.34819	0.03154
2472.41963	0.03159
2470.49106	0.03152
2468.56250	0.03137
2466.63394	0.03125
2464.70537	0.03118
2462.77681	0.03108
2460.84824	0.03096
2458.91968	0.03093
2456.99111	0.03095
2455.06255	0.03096
2453.13398	0.03095
2451.20542	0.03089
2449.27686	0.03071
2447.34829	0.03042
2445.41973	0.03021
2443.49116	0.03013
2441.56260	0.03014
2439.63403	0.03016
2437.70547	0.03010
2435.77690	0.02999
2433.84834	0.02998
2431.91978	0.02998
2429.99121	0.02990
2428.06265	0.02985
2426.13408	0.02988
2424.20552	0.02989
2422.27695	0.02985
2420.34839	0.02975
2418.41982	0.02964
2416.49126	0.02959
2414.56270	0.02957
2412.63413	0.02951
2410.70557	0.02946
2408.77700	0.02941
2406.84844	0.02929
2404.91987	0.02914
2402.99131	0.02901
2401.06274	0.02888
2399.13418	0.02907
2397.20562	0.02903
2395.27705	0.02892
2393.34849	0.02885
2391.41992	0.02874
2389.49136	0.02858
2387.56279	0.02838
2385.63423	0.02818
2383.70566	0.02797
2381.77710	0.02781
2379.84854	0.02779
2377.91997	0.02787
2375.99141	0.02785
2374.06284	0.02765
2372.13428	0.02727
2370.20571	0.02664
2368.27715	0.02672
2366.34858	0.02694
2364.42002	0.02623
2362.49146	0.02686
2360.56289	0.02653
2358.63433	0.02522
2356.70576	0.02794
2354.77720	0.02600
2352.84863	0.02533
2350.92007	0.02741
2348.99150	0.02835
2347.06294	0.02923
2345.13437	0.03016
2343.20581	0.02804
2341.27725	0.02310
2339.34868	0.02187
2337.42012	0.02468
2335.49155	0.02927
2333.56299	0.03247
2331.63442	0.03368
2329.70586	0.03409
2327.77729	0.03437
2325.84873	0.03530
2323.92017	0.03598
2321.99160	0.03552
2320.06304	0.03482
2318.13447	0.03418
2316.20591	0.03348
2314.27734	0.03275
2312.34878	0.03200
2310.42021	0.03119
2308.49165	0.03056
2306.56309	0.02992
2304.63452	0.02951
2302.70596	0.02940
2300.77739	0.02946
2298.84883	0.02964
2296.92026	0.02985
2294.99170	0.03004
2293.06313	0.03021
2291.13457	0.03041
2289.20601	0.03048
2287.27744	0.03050
2285.34888	0.03048
2283.42031	0.03029
2281.49175	0.03000
2279.56318	0.02973
2277.63462	0.02948
2275.70605	0.02927
2273.77749	0.02913
2271.84893	0.02906
2269.92036	0.02895
2267.99180	0.02870
2266.06323	0.02829
2264.13467	0.02791
2262.20610	0.02784
2260.27754	0.02807
2258.34897	0.02816
2256.42041	0.02781
2254.49185	0.02726
2252.56328	0.02696
2250.63472	0.02693
2248.70615	0.02709
2246.77759	0.02696
2244.84902	0.02693
2242.92046	0.02703
2240.99189	0.02711
2239.06333	0.02717
2237.13477	0.02720
2235.20620	0.02705
2233.27764	0.02666
2231.34907	0.02622
2229.42051	0.02601
2227.49194	0.02608
2225.56338	0.02624
2223.63481	0.02636
2221.70625	0.02647
2219.77769	0.02650
2217.84912	0.02631
2215.92056	0.02607
2213.99199	0.02601
2212.06343	0.02599
2210.13486	0.02578
2208.20630	0.02560
2206.27773	0.02571
2204.34917	0.02597
2202.42061	0.02616
2200.49204	0.02623
2198.56348	0.02620
2196.63491	0.02623
2194.70635	0.02631
2192.77778	0.02621
2190.84922	0.02589
2188.92065	0.02576
2186.99209	0.02594
2185.06353	0.02594
2183.13496	0.02532
2181.20640	0.02468
2179.27783	0.02496
2177.34927	0.02545
2175.42070	0.02516
2173.49214	0.02481
2171.56357	0.02529
2169.63501	0.02619
2167.70645	0.02675
2165.77788	0.02699
2163.84932	0.02738
2161.92075	0.02683
2159.99219	0.02333
2158.06362	0.01911
2156.13506	0.01811
2154.20649	0.01933
2152.27793	0.02036
2150.34937	0.02085
2148.42080	0.02123
2146.49224	0.02157
2144.56367	0.02189
2142.63511	0.02213
2140.70654	0.02214
2138.77798	0.02199
2136.84941	0.02146
2134.92085	0.02049
2132.99229	0.02004
2131.06372	0.02067
2129.13516	0.02161
2127.20659	0.02209
2125.27803	0.02225
2123.34946	0.02250
2121.42090	0.02295
2119.49233	0.02347
2117.56377	0.02397
2115.63521	0.02438
2113.70664	0.02462
2111.77808	0.02453
2109.84951	0.02419
2107.92095	0.02400
2105.99238	0.02414
2104.06382	0.02428
2102.13525	0.02426
2100.20669	0.02419
2098.27812	0.02417
2096.34956	0.02376
2094.42100	0.02323
2092.49243	0.02319
2090.56387	0.02368
2088.63530	0.02422
2086.70674	0.02455
2084.77817	0.02480
2082.84961	0.02504
2080.92104	0.02511
2078.99248	0.02506
2077.06392	0.02512
2075.13535	0.02534
2073.20679	0.02551
2071.27822	0.02546
2069.34966	0.02528
2067.42109	0.02510
2065.49253	0.02489
2063.56396	0.02458
2061.63540	0.02426
2059.70684	0.02406
2057.77827	0.02405
2055.84971	0.02423
2053.92114	0.02496
2051.99258	0.02621
2050.06401	0.02681
2048.13545	0.02615
2046.20688	0.02532
2044.27832	0.02514
2042.34976	0.02541
2040.42119	0.02583
2038.49263	0.02622
2036.56406	0.02643
2034.63550	0.02627
2032.70693	0.02560
2030.77837	0.02462
2028.84980	0.02372
2026.92124	0.02304
2024.99268	0.02262
2023.06411	0.02261
2021.13555	0.02287
2019.20698	0.02310
2017.27842	0.02318
2015.34985	0.02318
2013.42129	0.02344
2011.49272	0.02397
2009.56416	0.02399
2007.63560	0.02289
2005.70703	0.02153
2003.77847	0.02109
2001.84990	0.02132
1999.92134	0.02151
1997.99277	0.02149
1996.06421	0.02150
1994.13564	0.02177
1992.20708	0.02210
1990.27852	0.02230
1988.34995	0.02257
1986.42139	0.02298
1984.49282	0.02369
1982.56426	0.02517
1980.63569	0.02674
1978.70713	0.02670
1976.77856	0.02502
1974.85000	0.02340
1972.92144	0.02260
1970.99287	0.02219
1969.06431	0.02177
1967.13574	0.02143
1965.20718	0.02135
1963.27861	0.02127
1961.35005	0.02082
1959.42148	0.02026
1957.49292	0.02021
1955.56436	0.02060
1953.63579	0.02091
1951.70723	0.02093
1949.77866	0.02081
1947.85010	0.02077
1945.92153	0.02082
1943.99297	0.02093
1942.06440	0.02107
1940.13584	0.02119
1938.20728	0.02125
1936.27871	0.02121
1934.35015	0.02115
1932.42158	0.02117
1930.49302	0.02123
1928.56445	0.02125
1926.63589	0.02134
1924.70732	0.02152
1922.77876	0.02169
1920.85020	0.02173
1918.92163	0.02172
1916.99307	0.02182
1915.06450	0.02206
1913.13594	0.02219
1911.20737	0.02209
1909.27881	0.02203
1907.35024	0.02218
1905.42168	0.02242
1903.49312	0.02259
1901.56455	0.02263
1899.63599	0.02264
1897.70742	0.02275
1895.77886	0.02288
1893.85029	0.02293
1891.92173	0.02291
1889.99316	0.02288
1888.06460	0.02272
1886.13604	0.02247
1884.20747	0.02225
1882.27891	0.02214
1880.35034	0.02206
1878.42178	0.02197
1876.49321	0.02193
1874.56465	0.02199
1872.63608	0.02210
1870.70752	0.02221
1868.77896	0.02235
1866.85039	0.02244
1864.92183	0.02238
1862.99326	0.02222
1861.06470	0.02215
1859.13613	0.02222
1857.20757	0.02231
1855.27900	0.02229
1853.35044	0.02221
1851.42187	0.02223
1849.49331	0.02232
1847.56475	0.02232
1845.63618	0.02220
1843.70762	0.02213
1841.77905	0.02217
1839.85049	0.02221
1837.92192	0.02227
1835.99336	0.02235
1834.06479	0.02247
1832.13623	0.02258
1830.20767	0.02269
1828.27910	0.02286
1826.35054	0.02314
1824.42197	0.02345
1822.49341	0.02369
1820.56484	0.02377
1818.63628	0.02365
1816.70771	0.02344
1814.77915	0.02339
1812.85059	0.02353
1810.92202	0.02375
1808.99346	0.02394
1807.06489	0.02411
1805.13633	0.02436
1803.20776	0.02474
1801.27920	0.02516
1799.35063	0.02557
1797.42207	0.02602
1795.49351	0.02655
1793.56494	0.02721
1791.63638	0.02796
1789.70781	0.02862
1787.77925	0.02919
1785.85068	0.02977
1783.92212	0.03036
1781.99355	0.03089
1780.06499	0.03128
1778.13643	0.03154
1776.20786	0.03173
1774.27930	0.03190
1772.35073	0.03219
1770.42217	0.03260
1768.49360	0.03293
1766.56504	0.03314
1764.63647	0.03336
1762.70791	0.03370
1760.77935	0.03414
1758.85078	0.03462
1756.92222	0.03522
1754.99365	0.03602
1753.06509	0.03709
1751.13652	0.03854
1749.20796	0.04028
1747.27939	0.04212
1745.35083	0.04405
1743.42227	0.04609
1741.49370	0.04812
1739.56514	0.04997
1737.63657	0.05142
1735.70801	0.05254
1733.77944	0.05354
1731.85088	0.05439
1729.92231	0.05521
1727.99375	0.05643
1726.06519	0.05840
1724.13662	0.06104
1722.20806	0.06381
1720.27949	0.06634
1718.35093	0.06884
1716.42236	0.07142
1714.49380	0.07369
1712.56523	0.07532
1710.63667	0.07631
1708.70811	0.07670
1706.77954	0.07662
1704.85098	0.07628
1702.92241	0.07590
1700.99385	0.07560
1699.06528	0.07542
1697.13672	0.07528
1695.20815	0.07518
1693.27959	0.07519
1691.35103	0.07545
1689.42246	0.07600
1687.49390	0.07676
1685.56533	0.07796
1683.63677	0.07976
1681.70820	0.08154
1679.77964	0.08292
1677.85107	0.08423
1675.92251	0.08577
1673.99395	0.08739
1672.06538	0.08896
1670.13682	0.09075
1668.20825	0.09264
1666.27969	0.09418
1664.35112	0.09553
1662.42256	0.09701
1660.49399	0.09843
1658.56543	0.09953
1656.63687	0.10041
1654.70830	0.10131
1652.77974	0.10234
1650.85117	0.10315
1648.92261	0.10369
1646.99404	0.10432
1645.06548	0.10499
1643.13691	0.10531
1641.20835	0.10525
1639.27979	0.10497
1637.35122	0.10459
1635.42266	0.10421
1633.49409	0.10390
1631.56553	0.10365
1629.63696	0.10341
1627.70840	0.10306
1625.77983	0.10254
1623.85127	0.10186
1621.92271	0.10096
1619.99414	0.09982
1618.06558	0.09842
1616.13701	0.09681
1614.20845	0.09528
1612.27988	0.09393
1610.35132	0.09275
1608.42275	0.09173
1606.49419	0.09092
1604.56562	0.09034
1602.63706	0.08992
1600.70850	0.08954
1598.77993	0.08916
1596.85137	0.08883
1594.92280	0.08861
1592.99424	0.08854
1591.06567	0.08860
1589.13711	0.08877
1587.20854	0.08902
1585.27998	0.08937
1583.35142	0.08981
1581.42285	0.09023
1579.49429	0.09057
1577.56572	0.09092
1575.63716	0.09142
1573.70859	0.09192
1571.78003	0.09230
1569.85146	0.09263
1567.92290	0.09292
1565.99434	0.09317
1564.06577	0.09348
1562.13721	0.09392
1560.20864	0.09465
1558.28008	0.09563
1556.35151	0.09637
1554.42295	0.09683
1552.49438	0.09729
1550.56582	0.09781
1548.63726	0.09825
1546.70869	0.09859
1544.78013	0.09876
1542.85156	0.09853
1540.92300	0.09782
1538.99443	0.09687
1537.06587	0.09594
1535.13730	0.09503
1533.20874	0.09405
1531.28018	0.09297
1529.35161	0.09194
1527.42305	0.09094
1525.49448	0.08987
1523.56592	0.08872
1521.63735	0.08748
1519.70879	0.08619
1517.78022	0.08490
1515.85166	0.08344
1513.92310	0.08181
1511.99453	0.08020
1510.06597	0.07859
1508.13740	0.07661
1506.20884	0.07413
1504.28027	0.07185
1502.35171	0.07012
1500.42314	0.06859
1498.49458	0.06700
1496.56602	0.06533
1494.63745	0.06378
1492.70889	0.06252
1490.78032	0.06150
1488.85176	0.06060
1486.92319	0.05998
1484.99463	0.05990
1483.06606	0.06063
1481.13750	0.06290
1479.20894	0.06983
1477.28037	0.08844
1475.35181	0.12423
1473.42324	0.16802
1471.49468	0.19583
1469.56611	0.19831
1467.63755	0.19024
1465.70898	0.18428
1463.78042	0.18054
1461.85186	0.17393
1459.92329	0.16287
1457.99473	0.15032
1456.06616	0.14010
1454.13760	0.13298
1452.20903	0.12723
1450.28047	0.12212
1448.35190	0.11803
1446.42334	0.11508
1444.49478	0.11303
1442.56621	0.11151
1440.63765	0.11024
1438.70908	0.10903
1436.78052	0.10761
1434.85195	0.10583
1432.92339	0.10382
1430.99482	0.10175
1429.06626	0.09979
1427.13770	0.09818
1425.20913	0.09710
1423.28057	0.09652
1421.35200	0.09644
1419.42344	0.09684
1417.49487	0.09737
1415.56631	0.09773
1413.63774	0.09795
1411.70918	0.09800
1409.78062	0.09777
1407.85205	0.09724
1405.92349	0.09644
1403.99492	0.09532
1402.06636	0.09401
1400.13779	0.09279
1398.20923	0.09166
1396.28066	0.09050
1394.35210	0.08928
1392.42354	0.08817
1390.49497	0.08741
1388.56641	0.08714
1386.63784	0.08734
1384.70928	0.08808
1382.78071	0.08955
1380.85215	0.09175
1378.92358	0.09390
1376.99502	0.09494
1375.06646	0.09449
1373.13789	0.09314
1371.20933	0.09177
1369.28076	0.09064
1367.35220	0.08949
1365.42363	0.08821
1363.49507	0.08690
1361.56650	0.08560
1359.63794	0.08447
1357.70937	0.08365
1355.78081	0.08311
1353.85225	0.08274
1351.92368	0.08238
1349.99512	0.08191
1348.06655	0.08129
1346.13799	0.08062
1344.20942	0.08007
1342.28086	0.07970
1340.35229	0.07938
1338.42373	0.07882
1336.49517	0.07805
1334.56660	0.07741
1332.63804	0.07705
1330.70947	0.07689
1328.78091	0.07685
1326.85234	0.07688
1324.92378	0.07701
1322.99521	0.07735
1321.06665	0.07786
1319.13809	0.07837
1317.20952	0.07874
1315.28096	0.07905
1313.35239	0.07937
1311.42383	0.07965
1309.49526	0.07988
1307.56670	0.08011
1305.63813	0.08028
1303.70957	0.08041
1301.78101	0.08051
1299.85244	0.08059
1297.92388	0.08062
1295.99531	0.08060
1294.06675	0.08057
1292.13818	0.08052
1290.20962	0.08046
1288.28105	0.08036
1286.35249	0.08025
1284.42393	0.08016
1282.49536	0.08013
1280.56680	0.08014
1278.63823	0.08015
1276.70967	0.08020
1274.78110	0.08030
1272.85254	0.08047
1270.92397	0.08075
1268.99541	0.08111
1267.06685	0.08152
1265.13828	0.08193
1263.20972	0.08226
1261.28115	0.08257
1259.35259	0.08287
1257.42402	0.08312
1255.49546	0.08330
1253.56689	0.08347
1251.63833	0.08375
1249.70977	0.08407
1247.78120	0.08434
1245.85264	0.08452
1243.92407	0.08467
1241.99551	0.08482
1240.06694	0.08498
1238.13838	0.08507
1236.20981	0.08503
1234.28125	0.08495
1232.35269	0.08486
1230.42412	0.08471
1228.49556	0.08448
1226.56699	0.08420
1224.63843	0.08392
1222.70986	0.08362
1220.78130	0.08329
1218.85273	0.08298
1216.92417	0.08271
1214.99561	0.08246
1213.06704	0.08224
1211.13848	0.08201
1209.20991	0.08179
1207.28135	0.08167
1205.35278	0.08168
1203.42422	0.08177
1201.49565	0.08196
1199.56709	0.08225
1197.63853	0.08248
1195.70996	0.08271
1193.78140	0.08299
1191.85283	0.08329
1189.92427	0.08357
1187.99570	0.08389
1186.06714	0.08433
1184.13857	0.08485
1182.21001	0.08538
1180.28145	0.08598
1178.35288	0.08656
1176.42432	0.08699
1174.49575	0.08745
1172.56719	0.08812
1170.63862	0.08882
1168.71006	0.08927
1166.78149	0.08941
1164.85293	0.08944
1162.92437	0.08950
1160.99580	0.08950
1159.06724	0.08926
1157.13867	0.08878
1155.21011	0.08822
1153.28154	0.08775
1151.35298	0.08733
1149.42441	0.08689
1147.49585	0.08651
1145.56729	0.08626
1143.63872	0.08613
1141.71016	0.08609
1139.78159	0.08616
1137.85303	0.08641
1135.92446	0.08681
1133.99590	0.08724
1132.06733	0.08769
1130.13877	0.08812
1128.21021	0.08850
1126.28164	0.08891
1124.35308	0.08940
1122.42451	0.08991
1120.49595	0.09038
1118.56738	0.09095
1116.63882	0.09169
1114.71025	0.09250
1112.78169	0.09317
1110.85312	0.09367
1108.92456	0.09416
1106.99600	0.09481
1105.06743	0.09555
1103.13887	0.09614
1101.21030	0.09662
1099.28174	0.09717
1097.35317	0.09783
1095.42461	0.09850
1093.49604	0.09920
1091.56748	0.09997
1089.63892	0.10069
1087.71035	0.10130
1085.78179	0.10199
1083.85322	0.10277
1081.92466	0.10345
1079.99609	0.10392
1078.06753	0.10417
1076.13896	0.10431
1074.21040	0.10452
1072.28184	0.10485
1070.35327	0.10520
1068.42471	0.10547
1066.49614	0.10565
1064.56758	0.10583
1062.63901	0.10611
1060.71045	0.10644
1058.78188	0.10663
1056.85332	0.10667
1054.92476	0.10674
1052.99619	0.10693
1051.06763	0.10713
1049.13906	0.10726
1047.21050	0.10739
1045.28193	0.10752
1043.35337	0.10762
1041.42480	0.10765
1039.49624	0.10758
1037.56768	0.10735
1035.63911	0.10692
1033.71055	0.10637
1031.78198	0.10581
1029.85342	0.10520
1027.92485	0.10437
1025.99629	0.10331
1024.06772	0.10217
1022.13916	0.10102
1020.21060	0.09990
1018.28203	0.09886
1016.35347	0.09790
1014.42490	0.09689
1012.49634	0.09570
1010.56777	0.09433
1008.63921	0.09293
1006.71064	0.09170
1004.78208	0.09073
1002.85352	0.08992
1000.92495	0.08915
998.99639	0.08830
997.06782	0.08740
995.13926	0.08661
993.21069	0.08596
991.28213	0.08513
989.35356	0.08387
987.42500	0.08238
985.49644	0.08099
983.56787	0.07987
981.63931	0.07906
979.71074	0.07835
977.78218	0.07751
975.85361	0.07666
973.92505	0.07613
971.99648	0.07593
970.06792	0.07569
968.13936	0.07519
966.21079	0.07448
964.28223	0.07373
962.35366	0.07315
960.42510	0.07277
958.49653	0.07238
956.56797	0.07176
954.63940	0.07093
952.71084	0.07040
950.78228	0.07051
948.85371	0.07078
946.92515	0.07055
944.99658	0.06990
943.06802	0.06956
941.13945	0.06994
939.21089	0.07040
937.28232	0.07016
935.35376	0.06928
933.42520	0.06844
931.49663	0.06816
929.56807	0.06826
927.63950	0.06812
925.71094	0.06747
923.78237	0.06679
921.85381	0.06671
919.92524	0.06719
917.99668	0.06770
916.06812	0.06809
914.13955	0.06875
912.21099	0.07013
910.28242	0.07184
908.35386	0.07272
906.42529	0.07204
904.49673	0.07018
902.56816	0.06811
900.63960	0.06644
898.71104	0.06524
896.78247	0.06439
894.85391	0.06381
892.92534	0.06329
890.99678	0.06274
889.06821	0.06213
887.13965	0.06148
885.21108	0.06094
883.28252	0.06060
881.35396	0.06025
879.42539	0.05975
877.49683	0.05924
875.56826	0.05888
873.63970	0.05868
871.71113	0.05850
869.78257	0.05822
867.85400	0.05790
865.92544	0.05758
863.99687	0.05731
862.06831	0.05722
860.13975	0.05725
858.21118	0.05719
856.28262	0.05695
854.35405	0.05668
852.42549	0.05657
850.49692	0.05654
848.56836	0.05658
846.63979	0.05664
844.71123	0.05671
842.78267	0.05689
840.85410	0.05719
838.92554	0.05738
836.99697	0.05740
835.06841	0.05739
833.13984	0.05748
831.21128	0.05781
829.28271	0.05830
827.35415	0.05866
825.42559	0.05878
823.49702	0.05892
821.56846	0.05925
819.63989	0.05962
817.71133	0.06009
815.78276	0.06074
813.85420	0.06134
811.92563	0.06176
809.99707	0.06227
808.06851	0.06300
806.13994	0.06375
804.21138	0.06431
802.28281	0.06478
800.35425	0.06537
798.42568	0.06590
796.49712	0.06612
794.56855	0.06620
792.63999	0.06639
790.71143	0.06671
788.78286	0.06702
786.85430	0.06733
784.92573	0.06782
782.99717	0.06860
781.06860	0.06939
779.14004	0.06986
777.21147	0.07011
775.28291	0.07035
773.35435	0.07050
771.42578	0.07058
769.49722	0.07068
767.56865	0.07083
765.64009	0.07101
763.71152	0.07117
761.78296	0.07141
759.85439	0.07201
757.92583	0.07276
755.99727	0.07326
754.06870	0.07349
752.14014	0.07380
750.21157	0.07443
748.28301	0.07531
746.35444	0.07627
744.42588	0.07723
742.49731	0.07825
740.56875	0.07964
738.64019	0.08212
736.71162	0.08724
734.78306	0.09793
732.85449	0.11448
730.92593	0.12900
728.99736	0.13407
727.06880	0.13476
725.14023	0.14062
723.21167	0.15643
721.28311	0.18339
719.35454	0.21486
717.42598	0.23391
715.49741	0.22615
713.56885	0.19670
711.64028	0.16442
709.71172	0.14115
707.78315	0.12669
705.85459	0.11738
703.92603	0.11109
701.99746	0.10666
700.06890	0.10320
698.14033	0.10039
696.21177	0.09814
694.28320	0.09610
692.35464	0.09421
690.42607	0.09304
688.49751	0.09277
686.56895	0.09258
684.64038	0.09194
682.71182	0.09083
680.78325	0.08971
678.85469	0.08922
676.92612	0.08908
674.99756	0.08871
673.06899	0.08844
671.14043	0.08960
669.21187	0.09180
667.28330	0.08997
665.35474	0.08914
663.42617	0.08849
661.49761	0.08817
659.56904	0.08852
657.64048	0.08948
655.71191	0.09001
653.78335	0.08958
651.85479	0.08919
649.92622	0.08943
647.99766	0.08955
646.06909	0.08932
644.14053	0.08944
642.21196	0.08989
640.28340	0.09039
638.35483	0.09116
636.42627	0.09234
634.49771	0.09367
632.56914	0.09473
630.64058	0.09535
628.71201	0.09546
626.78345	0.09495
624.85488	0.09410
622.92632	0.09374
620.99775	0.09400
619.06919	0.09449
617.14062	0.09504
615.21206	0.09517
613.28350	0.09465
611.35493	0.09409
609.42637	0.09411
607.49780	0.09469
605.56924	0.09532
603.64067	0.09562
601.71211	0.09544
599.78354	0.09515
