3997.91411	0.01938
3995.98555	0.01930
3994.05698	0.01917
3992.12842	0.01902
3990.19985	0.01889
3988.27129	0.01883
3986.34272	0.01883
3984.41416	0.01881
3982.48560	0.01877
3980.55703	0.01881
3978.62847	0.01889
3976.69990	0.01889
3974.77134	0.01881
3972.84277	0.01878
3970.91421	0.01885
3968.98564	0.01898
3967.05708	0.01908
3965.12852	0.01915
3963.19995	0.01924
3961.27139	0.01926
3959.34282	0.01913
3957.41426	0.01898
3955.48569	0.01895
3953.55713	0.01901
3951.62856	0.01907
3949.70000	0.01912
3947.77144	0.01915
3945.84287	0.01915
3943.91431	0.01917
3941.98574	0.01915
3940.05718	0.01906
3938.12861	0.01897
3936.20005	0.01894
3934.27148	0.01897
3932.34292	0.01899
3930.41436	0.01900
3928.48579	0.01910
3926.55723	0.01930
3924.62866	0.01943
3922.70010	0.01937
3920.77153	0.01917
3918.84297	0.01897
3916.91440	0.01890
3914.98584	0.01900
3913.05728	0.01913
3911.12871	0.01917
3909.20015	0.01910
3907.27158	0.01897
3905.34302	0.01880
3903.41445	0.01875
3901.48589	0.01890
3899.55732	0.01907
3897.62876	0.01906
3895.70020	0.01893
3893.77163	0.01889
3891.84307	0.01894
3889.91450	0.01894
3887.98594	0.01887
3886.05737	0.01891
3884.12881	0.01901
3882.20024	0.01899
3880.27168	0.01887
3878.34312	0.01877
3876.41455	0.01874
3874.48599	0.01878
3872.55742	0.01886
3870.62886	0.01898
3868.70029	0.01907
3866.77173	0.01900
3864.84316	0.01883
3862.91460	0.01876
3860.98604	0.01880
3859.05747	0.01879
3857.12891	0.01872
3855.20034	0.01881
3853.27178	0.01916
3851.34321	0.01933
3849.41465	0.01913
3847.48608	0.01884
3845.55752	0.01872
3843.62896	0.01869
3841.70039	0.01863
3839.77183	0.01852
3837.84326	0.01846
3835.91470	0.01850
3833.98613	0.01857
3832.05757	0.01868
3830.12900	0.01881
3828.20044	0.01890
3826.27187	0.01886
3824.34331	0.01865
3822.41475	0.01841
3820.48618	0.01830
3818.55762	0.01833
3816.62905	0.01853
3814.70049	0.01890
3812.77192	0.01912
3810.84336	0.01903
3808.91479	0.01891
3806.98623	0.01899
3805.05767	0.01914
3803.12910	0.01915
3801.20054	0.01904
3799.27197	0.01887
3797.34341	0.01873
3795.41484	0.01875
3793.48628	0.01888
3791.55771	0.01899
3789.62915	0.01903
3787.70059	0.01900
3785.77202	0.01895
3783.84346	0.01893
3781.91489	0.01900
3779.98633	0.01914
3778.05776	0.01925
3776.12920	0.01923
3774.20063	0.01908
3772.27207	0.01891
3770.34351	0.01880
3768.41494	0.01872
3766.48638	0.01872
3764.55781	0.01881
3762.62925	0.01889
3760.70068	0.01885
3758.77212	0.01877
3756.84355	0.01870
3754.91499	0.01860
3752.98643	0.01853
3751.05786	0.01857
3749.12930	0.01862
3747.20073	0.01849
3745.27217	0.01825
3743.34360	0.01813
3741.41504	0.01803
3739.48647	0.01788
3737.55791	0.01791
3735.62935	0.01815
3733.70078	0.01834
3731.77222	0.01829
3729.84365	0.01805
3727.91509	0.01774
3725.98652	0.01756
3724.05796	0.01763
3722.12939	0.01800
3720.20083	0.01854
3718.27227	0.01892
3716.34370	0.01903
3714.41514	0.01897
3712.48657	0.01895
3710.55801	0.01907
3708.62944	0.01929
3706.70088	0.01941
3704.77231	0.01941
3702.84375	0.01955
3700.91519	0.01989
3698.98662	0.02020
3697.05806	0.02034
3695.12949	0.02036
3693.20093	0.02028
3691.27236	0.02007
3689.34380	0.01988
3687.41523	0.01984
3685.48667	0.01990
3683.55811	0.01994
3681.62954	0.01996
3679.70098	0.02004
3677.77241	0.02021
3675.84385	0.02042
3673.91528	0.02054
3671.98672	0.02059
3670.05815	0.02080
3668.12959	0.02110
3666.20103	0.02124
3664.27246	0.02132
3662.34390	0.02157
3660.41533	0.02196
3658.48677	0.02233
3656.55820	0.02263
3654.62964	0.02279
3652.70107	0.02277
3650.77251	0.02281
3648.84395	0.02307
3646.91538	0.02336
3644.98682	0.02350
3643.05825	0.02350
3641.12969	0.02342
3639.20112	0.02336
3637.27256	0.02332
3635.34399	0.02328
3633.41543	0.02324
3631.48687	0.02332
3629.55830	0.02358
3627.62974	0.02394
3625.70117	0.02421
3623.77261	0.02436
3621.84404	0.02446
3619.91548	0.02459
3617.98691	0.02467
3616.05835	0.02458
3614.12979	0.02433
3612.20122	0.02405
3610.27266	0.02382
3608.34409	0.02363
3606.41553	0.02345
3604.48696	0.02326
3602.55840	0.02314
3600.62983	0.02309
3598.70127	0.02300
3596.77271	0.02292
3594.84414	0.02294
3592.91558	0.02301
3590.98701	0.02302
3589.05845	0.02302
3587.12988	0.02317
3585.20132	0.02352
3583.27275	0.02384
3581.34419	0.02398
3579.41562	0.02400
3577.48706	0.02396
3575.55850	0.02386
3573.62993	0.02381
3571.70137	0.02386
3569.77280	0.02394
3567.84424	0.02406
3565.91567	0.02415
3563.98711	0.02411
3562.05854	0.02407
3560.12998	0.02419
3558.20142	0.02437
3556.27285	0.02442
3554.34429	0.02432
3552.41572	0.02425
3550.48716	0.02432
3548.55859	0.02445
3546.63003	0.02458
3544.70146	0.02479
3542.77290	0.02505
3540.84434	0.02517
3538.91577	0.02510
3536.98721	0.02503
3535.05864	0.02510
3533.13008	0.02529
3531.20151	0.02547
3529.27295	0.02556
3527.34438	0.02555
3525.41582	0.02555
3523.48726	0.02554
3521.55869	0.02548
3519.63013	0.02549
3517.70156	0.02564
3515.77300	0.02581
3513.84443	0.02586
3511.91587	0.02588
3509.98730	0.02599
3508.05874	0.02620
3506.13018	0.02642
3504.20161	0.02654
3502.27305	0.02649
3500.34448	0.02646
3498.41592	0.02657
3496.48735	0.02654
3494.55879	0.02631
3492.63022	0.02622
3490.70166	0.02648
3488.77310	0.02678
3486.84453	0.02672
3484.91597	0.02649
3482.98740	0.02648
3481.05884	0.02650
3479.13027	0.02644
3477.20171	0.02661
3475.27314	0.02699
3473.34458	0.02727
3471.41602	0.02726
3469.48745	0.02716
3467.55889	0.02727
3465.63032	0.02750
3463.70176	0.02759
3461.77319	0.02753
3459.84463	0.02748
3457.91606	0.02751
3455.98750	0.02750
3454.05894	0.02748
3452.13037	0.02757
3450.20181	0.02770
3448.27324	0.02771
3446.34468	0.02775
3444.41611	0.02800
3442.48755	0.02827
3440.55898	0.02832
3438.63042	0.02824
3436.70186	0.02822
3434.77329	0.02825
3432.84473	0.02842
3430.91616	0.02867
3428.98760	0.02868
3427.05903	0.02847
3425.13047	0.02833
3423.20190	0.02836
3421.27334	0.02850
3419.34478	0.02858
3417.41621	0.02857
3415.48765	0.02861
3413.55908	0.02879
3411.63052	0.02894
3409.70195	0.02886
3407.77339	0.02876
3405.84482	0.02884
3403.91626	0.02899
3401.98770	0.02908
3400.05913	0.02909
3398.13057	0.02898
3396.20200	0.02883
3394.27344	0.02874
3392.34487	0.02887
3390.41631	0.02904
3388.48774	0.02909
3386.55918	0.02912
3384.63062	0.02925
3382.70205	0.02946
3380.77349	0.02960
3378.84492	0.02958
3376.91636	0.02945
3374.98779	0.02934
3373.05923	0.02933
3371.13066	0.02946
3369.20210	0.02952
3367.27354	0.02945
3365.34497	0.02944
3363.41641	0.02950
3361.48784	0.02954
3359.55928	0.02968
3357.63071	0.02988
3355.70215	0.02990
3353.77358	0.02980
3351.84502	0.02980
3349.91646	0.02981
3347.98789	0.02974
3346.05933	0.02970
3344.13076	0.02978
3342.20220	0.02997
3340.27363	0.03018
3338.34507	0.03031
3336.41650	0.03032
3334.48794	0.03029
3332.55937	0.03028
3330.63081	0.03029
3328.70225	0.03028
3326.77368	0.03023
3324.84512	0.03028
3322.91655	0.03047
3320.98799	0.03064
3319.05942	0.03062
3317.13086	0.03035
3315.20229	0.03014
3313.27373	0.03025
3311.34517	0.03050
3309.41660	0.03068
3307.48804	0.03073
3305.55947	0.03066
3303.63091	0.03054
3301.70234	0.03050
3299.77378	0.03053
3297.84521	0.03052
3295.91665	0.03047
3293.98809	0.03040
3292.05952	0.03040
3290.13096	0.03051
3288.20239	0.03059
3286.27383	0.03053
3284.34526	0.03047
3282.41670	0.03048
3280.48813	0.03045
3278.55957	0.03030
3276.63101	0.03016
3274.70244	0.03016
3272.77388	0.03032
3270.84531	0.03048
3268.91675	0.03041
3266.98818	0.03011
3265.05962	0.02992
3263.13105	0.02989
3261.20249	0.02990
3259.27393	0.02991
3257.34536	0.02990
3255.41680	0.02976
3253.48823	0.02956
3251.55967	0.02943
3249.63110	0.02938
3247.70254	0.02945
3245.77397	0.02948
3243.84541	0.02939
3241.91685	0.02934
3239.98828	0.02940
3238.05972	0.02944
3236.13115	0.02943
3234.20259	0.02941
3232.27402	0.02937
3230.34546	0.02925
3228.41689	0.02915
3226.48833	0.02919
3224.55977	0.02929
3222.63120	0.02926
3220.70264	0.02917
3218.77407	0.02911
3216.84551	0.02906
3214.91694	0.02903
3212.98838	0.02905
3211.05981	0.02913
3209.13125	0.02922
3207.20269	0.02922
3205.27412	0.02911
3203.34556	0.02902
3201.41699	0.02897
3199.48843	0.02888
3197.55986	0.02885
3195.63130	0.02893
3193.70273	0.02896
3191.77417	0.02886
3189.84561	0.02866
3187.91704	0.02847
3185.98848	0.02840
3184.05991	0.02843
3182.13135	0.02832
3180.20278	0.02815
3178.27422	0.02821
3176.34565	0.02841
3174.41709	0.02845
3172.48853	0.02832
3170.55996	0.02819
3168.63140	0.02818
3166.70283	0.02817
3164.77427	0.02813
3162.84570	0.02815
3160.91714	0.02822
3158.98857	0.02822
3157.06001	0.02803
3155.13145	0.02769
3153.20288	0.02738
3151.27432	0.02715
3149.34575	0.02703
3147.41719	0.02704
3145.48862	0.02715
3143.56006	0.02726
3141.63149	0.02734
3139.70293	0.02736
3137.77437	0.02723
3135.84580	0.02702
3133.91724	0.02687
3131.98867	0.02679
3130.06011	0.02678
3128.13154	0.02678
3126.20298	0.02678
3124.27441	0.02679
3122.34585	0.02676
3120.41729	0.02665
3118.48872	0.02656
3116.56016	0.02660
3114.63159	0.02684
3112.70303	0.02727
3110.77446	0.02767
3108.84590	0.02786
3106.91733	0.02798
3104.98877	0.02818
3103.06021	0.02835
3101.13164	0.02827
3099.20308	0.02803
3097.27451	0.02782
3095.34595	0.02774
3093.41738	0.02797
3091.48882	0.02863
3089.56025	0.02961
3087.63169	0.03076
3085.70312	0.03193
3083.77456	0.03298
3081.84600	0.03358
3079.91743	0.03351
3077.98887	0.03290
3076.06030	0.03214
3074.13174	0.03158
3072.20317	0.03143
3070.27461	0.03167
3068.34604	0.03223
3066.41748	0.03322
3064.48892	0.03461
3062.56035	0.03604
3060.63179	0.03703
3058.70322	0.03735
3056.77466	0.03691
3054.84609	0.03577
3052.91753	0.03440
3050.98896	0.03334
3049.06040	0.03262
3047.13184	0.03196
3045.20327	0.03138
3043.27471	0.03109
3041.34614	0.03114
3039.41758	0.03155
3037.48901	0.03238
3035.56045	0.03378
3033.63188	0.03600
3031.70332	0.03900
3029.77476	0.04236
3027.84619	0.04543
3025.91763	0.04749
3023.98906	0.04788
3022.06050	0.04649
3020.13193	0.04382
3018.20337	0.04071
3016.27480	0.03794
3014.34624	0.03589
3012.41768	0.03440
3010.48911	0.03331
3008.56055	0.03279
3006.63198	0.03285
3004.70342	0.03316
3002.77485	0.03339
3000.84629	0.03332
2998.91772	0.03286
2996.98916	0.03214
2995.06060	0.03137
2993.13203	0.03072
2991.20347	0.03024
2989.27490	0.02986
2987.34634	0.02956
2985.41777	0.02934
2983.48921	0.02917
2981.56064	0.02901
2979.63208	0.02890
2977.70352	0.02891
2975.77495	0.02900
2973.84639	0.02911
2971.91782	0.02921
2969.98926	0.02929
2968.06069	0.02933
2966.13213	0.02942
2964.20356	0.02967
2962.27500	0.02999
2960.34644	0.03025
2958.41787	0.03046
2956.48931	0.03081
2954.56074	0.03134
2952.63218	0.03199
2950.70361	0.03264
2948.77505	0.03333
2946.84648	0.03427
2944.91792	0.03550
2942.98936	0.03677
2941.06079	0.03801
2939.13223	0.03945
2937.20366	0.04121
2935.27510	0.04312
2933.34653	0.04506
2931.41797	0.04710
2929.48940	0.04922
2927.56084	0.05116
2925.63228	0.05280
2923.70371	0.05410
2921.77515	0.05498
2919.84658	0.05543
2917.91802	0.05553
2915.98945	0.05524
2914.06089	0.05457
2912.13232	0.05365
2910.20376	0.05258
2908.27520	0.05147
2906.34663	0.05037
2904.41807	0.04918
2902.48950	0.04787
2900.56094	0.04660
2898.63237	0.04540
2896.70381	0.04425
2894.77524	0.04320
2892.84668	0.04233
2890.91812	0.04169
2888.98955	0.04109
2887.06099	0.04035
2885.13242	0.03962
2883.20386	0.03903
2881.27529	0.03855
2879.34673	0.03811
2877.41816	0.03769
2875.48960	0.03726
2873.56104	0.03688
2871.63247	0.03660
2869.70391	0.03642
2867.77534	0.03636
2865.84678	0.03638
2863.91821	0.03650
2861.98965	0.03689
2860.06108	0.03760
2858.13252	0.03854
2856.20396	0.03954
2854.27539	0.04042
2852.34683	0.04112
2850.41826	0.04155
2848.48970	0.04166
2846.56113	0.04146
2844.63257	0.04094
2842.70400	0.04003
2840.77544	0.03874
2838.84687	0.03722
2836.91831	0.03574
2834.98975	0.03451
2833.06118	0.03362
2831.13262	0.03299
2829.20405	0.03254
2827.27549	0.03219
2825.34692	0.03188
2823.41836	0.03156
2821.48979	0.03131
2819.56123	0.03116
2817.63267	0.03100
2815.70410	0.03083
2813.77554	0.03073
2811.84697	0.03061
2809.91841	0.03041
2807.98984	0.03028
2806.06128	0.03023
2804.13271	0.03015
2802.20415	0.03003
2800.27559	0.02994
2798.34702	0.02987
2796.41846	0.02982
2794.48989	0.02979
2792.56133	0.02974
2790.63276	0.02961
2788.70420	0.02938
2786.77563	0.02919
2784.84707	0.02924
2782.91851	0.02941
2780.98994	0.02944
2779.06138	0.02932
2777.13281	0.02915
2775.20425	0.02902
2773.27568	0.02894
2771.34712	0.02889
2769.41855	0.02882
2767.48999	0.02875
2765.56143	0.02877
2763.63286	0.02884
2761.70430	0.02889
2759.77573	0.02887
2757.84717	0.02874
2755.91860	0.02857
2753.99004	0.02852
2752.06147	0.02856
2750.13291	0.02858
2748.20435	0.02850
2746.27578	0.02840
2744.34722	0.02839
2742.41865	0.02847
2740.49009	0.02851
2738.56152	0.02847
2736.63296	0.02840
2734.70439	0.02834
2732.77583	0.02831
2730.84727	0.02833
2728.91870	0.02839
2726.99014	0.02842
2725.06157	0.02841
2723.13301	0.02837
2721.20444	0.02834
2719.27588	0.02834
2717.34731	0.02833
2715.41875	0.02826
2713.49019	0.02820
2711.56162	0.02819
2709.63306	0.02819
2707.70449	0.02815
2705.77593	0.02809
2703.84736	0.02809
2701.91880	0.02816
2699.99023	0.02816
2698.06167	0.02809
2696.13311	0.02801
2694.20454	0.02799
2692.27598	0.02802
2690.34741	0.02810
2688.41885	0.02815
2686.49028	0.02812
2684.56172	0.02804
2682.63315	0.02794
2680.70459	0.02788
2678.77603	0.02786
2676.84746	0.02790
2674.91890	0.02792
2672.99033	0.02791
2671.06177	0.02789
2669.13320	0.02788
2667.20464	0.02788
2665.27607	0.02785
2663.34751	0.02780
2661.41895	0.02778
2659.49038	0.02780
2657.56182	0.02782
2655.63325	0.02782
2653.70469	0.02781
2651.77612	0.02780
2649.84756	0.02780
2647.91899	0.02778
2645.99043	0.02774
2644.06187	0.02770
2642.13330	0.02760
2640.20474	0.02749
2638.27617	0.02748
2636.34761	0.02759
2634.41904	0.02773
2632.49048	0.02777
2630.56191	0.02762
2628.63335	0.02736
2626.70479	0.02716
2624.77622	0.02711
2622.84766	0.02711
2620.91909	0.02705
2618.99053	0.02702
2617.06196	0.02703
2615.13340	0.02697
2613.20483	0.02681
2611.27627	0.02670
2609.34771	0.02674
2607.41914	0.02682
2605.49058	0.02686
2603.56201	0.02690
2601.63345	0.02688
2599.70488	0.02677
2597.77632	0.02670
2595.84775	0.02669
2593.91919	0.02671
2591.99062	0.02671
2590.06206	0.02666
2588.13350	0.02656
2586.20493	0.02647
2584.27637	0.02642
2582.34780	0.02643
2580.41924	0.02646
2578.49067	0.02657
2576.56211	0.02673
2574.63354	0.02678
2572.70498	0.02666
2570.77642	0.02649
2568.84785	0.02633
2566.91929	0.02624
2564.99072	0.02627
2563.06216	0.02632
2561.13359	0.02631
2559.20503	0.02629
2557.27646	0.02630
2555.34790	0.02634
2553.41934	0.02640
2551.49077	0.02639
2549.56221	0.02628
2547.63364	0.02621
2545.70508	0.02623
2543.77651	0.02623
2541.84795	0.02620
2539.91938	0.02615
2537.99082	0.02604
2536.06226	0.02591
2534.13369	0.02590
2532.20513	0.02596
2530.27656	0.02594
2528.34800	0.02590
2526.41943	0.02593
2524.49087	0.02600
2522.56230	0.02609
2520.63374	0.02620
2518.70518	0.02628
2516.77661	0.02626
2514.84805	0.02610
2512.91948	0.02590
2510.99092	0.02581
2509.06235	0.02583
2507.13379	0.02592
2505.20522	0.02600
2503.27666	0.02601
2501.34810	0.02593
2499.41953	0.02573
2497.49097	0.02556
2495.56240	0.02558
2493.63384	0.02567
2491.70527	0.02568
2489.77671	0.02561
2487.84814	0.02554
2485.91958	0.02556
2483.99102	0.02560
2482.06245	0.02556
2480.13389	0.02549
2478.20532	0.02553
2476.27676	0.02564
2474.34819	0.02569
2472.41963	0.02566
2470.49106	0.02557
2468.56250	0.02551
2466.63394	0.02551
2464.70537	0.02548
2462.77681	0.02543
2460.84824	0.02551
2458.91968	0.02571
2456.99111	0.02573
2455.06255	0.02550
2453.13398	0.02528
2451.20542	0.02532
2449.27686	0.02549
2447.34829	0.02554
2445.41973	0.02545
2443.49116	0.02536
2441.56260	0.02536
2439.63403	0.02540
2437.70547	0.02534
2435.77690	0.02523
2433.84834	0.02522
2431.91978	0.02528
2429.99121	0.02528
2428.06265	0.02522
2426.13408	0.02518
2424.20552	0.02513
2422.27695	0.02512
2420.34839	0.02517
2418.41982	0.02522
2416.49126	0.02521
2414.56270	0.02512
2412.63413	0.02498
2410.70557	0.02492
2408.77700	0.02501
2406.84844	0.02515
2404.91987	0.02521
2402.99131	0.02518
2401.06274	0.02519
2399.13418	0.02613
2397.20562	0.02619
2395.27705	0.02577
2393.34849	0.02533
2391.41992	0.02488
2389.49136	0.02438
2387.56279	0.02379
2385.63423	0.02308
2383.70566	0.02225
2381.77710	0.02124
2379.84854	0.02004
2377.91997	0.01881
2375.99141	0.01781
2374.06284	0.01702
2372.13428	0.01617
2370.20571	0.01510
2368.27715	0.01401
2366.34858	0.01305
2364.42002	0.01216
2362.49146	0.01154
2360.56289	0.01126
2358.63433	0.01130
2356.70576	0.01173
2354.77720	0.01243
2352.84863	0.01282
2350.92007	0.01285
2348.99150	0.01281
2347.06294	0.01340
2345.13437	0.01388
2343.20581	0.01406
2341.27725	0.01424
2339.34868	0.01441
2337.42012	0.01451
2335.49155	0.01462
2333.56299	0.01453
2331.63442	0.01415
2329.70586	0.01382
2327.77729	0.01379
2325.84873	0.01446
2323.92017	0.01567
2321.99160	0.01692
2320.06304	0.01798
2318.13447	0.01880
2316.20591	0.01939
2314.27734	0.01984
2312.34878	0.02031
2310.42021	0.02092
2308.49165	0.02154
2306.56309	0.02207
2304.63452	0.02245
2302.70596	0.02279
2300.77739	0.02316
2298.84883	0.02351
2296.92026	0.02374
2294.99170	0.02387
2293.06313	0.02404
2291.13457	0.02432
2289.20601	0.02470
2287.27744	0.02509
2285.34888	0.02538
2283.42031	0.02551
2281.49175	0.02549
2279.56318	0.02548
2277.63462	0.02553
2275.70605	0.02552
2273.77749	0.02538
2271.84893	0.02515
2269.92036	0.02492
2267.99180	0.02481
2266.06323	0.02483
2264.13467	0.02482
2262.20610	0.02469
2260.27754	0.02449
2258.34897	0.02435
2256.42041	0.02439
2254.49185	0.02451
2252.56328	0.02446
2250.63472	0.02433
2248.70615	0.02489
2246.77759	0.02497
2244.84902	0.02501
2242.92046	0.02485
2240.99189	0.02466
2239.06333	0.02470
2237.13477	0.02498
2235.20620	0.02533
2233.27764	0.02541
2231.34907	0.02509
2229.42051	0.02471
2227.49194	0.02453
2225.56338	0.02434
2223.63481	0.02415
2221.70625	0.02419
2219.77769	0.02430
2217.84912	0.02428
2215.92056	0.02415
2213.99199	0.02398
2212.06343	0.02412
2210.13486	0.02437
2208.20630	0.02415
2206.27773	0.02371
2204.34917	0.02367
2202.42061	0.02393
2200.49204	0.02415
2198.56348	0.02420
2196.63491	0.02410
2194.70635	0.02403
2192.77778	0.02419
2190.84922	0.02448
2188.92065	0.02474
2186.99209	0.02480
2185.06353	0.02459
2183.13496	0.02419
2181.20640	0.02390
2179.27783	0.02397
2177.34927	0.02419
2175.42070	0.02425
2173.49214	0.02433
2171.56357	0.02466
2169.63501	0.02498
2167.70645	0.02493
2165.77788	0.02482
2163.84932	0.02510
2161.92075	0.02516
2159.99219	0.02413
2158.06362	0.02274
2156.13506	0.02228
2154.20649	0.02273
2152.27793	0.02347
2150.34937	0.02394
2148.42080	0.02395
2146.49224	0.02361
2144.56367	0.02311
2142.63511	0.02284
2140.70654	0.02302
2138.77798	0.02343
2136.84941	0.02366
2134.92085	0.02351
2132.99229	0.02330
2131.06372	0.02329
2129.13516	0.02338
2127.20659	0.02354
2125.27803	0.02377
2123.34946	0.02398
2121.42090	0.02403
2119.49233	0.02401
2117.56377	0.02414
2115.63521	0.02437
2113.70664	0.02446
2111.77808	0.02439
2109.84951	0.02416
2107.92095	0.02389
2105.99238	0.02383
2104.06382	0.02404
2102.13525	0.02431
2100.20669	0.02436
2098.27812	0.02426
2096.34956	0.02412
2094.42100	0.02396
2092.49243	0.02386
2090.56387	0.02388
2088.63530	0.02398
2086.70674	0.02411
2084.77817	0.02418
2082.84961	0.02415
2080.92104	0.02417
2078.99248	0.02434
2077.06392	0.02450
2075.13535	0.02456
2073.20679	0.02446
2071.27822	0.02420
2069.34966	0.02403
2067.42109	0.02407
2065.49253	0.02417
2063.56396	0.02431
2061.63540	0.02448
2059.70684	0.02440
2057.77827	0.02413
2055.84971	0.02412
2053.92114	0.02443
2051.99258	0.02463
2050.06401	0.02441
2048.13545	0.02404
2046.20688	0.02397
2044.27832	0.02401
2042.34976	0.02380
2040.42119	0.02368
2038.49263	0.02395
2036.56406	0.02416
2034.63550	0.02385
2032.70693	0.02328
2030.77837	0.02290
2028.84980	0.02296
2026.92124	0.02333
2024.99268	0.02363
2023.06411	0.02369
2021.13555	0.02363
2019.20698	0.02365
2017.27842	0.02388
2015.34985	0.02404
2013.42129	0.02386
2011.49272	0.02360
2009.56416	0.02350
2007.63560	0.02334
2005.70703	0.02303
2003.77847	0.02284
2001.84990	0.02277
1999.92134	0.02276
1997.99277	0.02280
1996.06421	0.02279
1994.13564	0.02291
1992.20708	0.02338
1990.27852	0.02388
1988.34995	0.02396
1986.42139	0.02369
1984.49282	0.02345
1982.56426	0.02356
1980.63569	0.02413
1978.70713	0.02480
1976.77856	0.02503
1974.85000	0.02485
1972.92144	0.02449
1970.99287	0.02406
1969.06431	0.02390
1967.13574	0.02415
1965.20718	0.02449
1963.27861	0.02468
1961.35005	0.02472
1959.42148	0.02468
1957.49292	0.02471
1955.56436	0.02490
1953.63579	0.02523
1951.70723	0.02557
1949.77866	0.02573
1947.85010	0.02577
1945.92153	0.02605
1943.99297	0.02663
1942.06440	0.02717
1940.13584	0.02729
1938.20728	0.02700
1936.27871	0.02660
1934.35015	0.02626
1932.42158	0.02599
1930.49302	0.02577
1928.56445	0.02549
1926.63589	0.02509
1924.70732	0.02467
1922.77876	0.02443
1920.85020	0.02431
1918.92163	0.02421
1916.99307	0.02425
1915.06450	0.02444
1913.13594	0.02450
1911.20737	0.02437
1909.27881	0.02427
1907.35024	0.02428
1905.42168	0.02432
1903.49312	0.02444
1901.56455	0.02467
1899.63599	0.02481
1897.70742	0.02484
1895.77886	0.02493
1893.85029	0.02512
1891.92173	0.02526
1889.99316	0.02533
1888.06460	0.02547
1886.13604	0.02576
1884.20747	0.02608
1882.27891	0.02630
1880.35034	0.02644
1878.42178	0.02657
1876.49321	0.02666
1874.56465	0.02677
1872.63608	0.02688
1870.70752	0.02689
1868.77896	0.02682
1866.85039	0.02675
1864.92183	0.02666
1862.99326	0.02649
1861.06470	0.02623
1859.13613	0.02597
1857.20757	0.02576
1855.27900	0.02561
1853.35044	0.02546
1851.42187	0.02527
1849.49331	0.02505
1847.56475	0.02494
1845.63618	0.02491
1843.70762	0.02486
1841.77905	0.02478
1839.85049	0.02472
1837.92192	0.02470
1835.99336	0.02473
1834.06479	0.02478
1832.13623	0.02485
1830.20767	0.02492
1828.27910	0.02504
1826.35054	0.02525
1824.42197	0.02553
1822.49341	0.02584
1820.56484	0.02613
1818.63628	0.02639
1816.70771	0.02662
1814.77915	0.02684
1812.85059	0.02709
1810.92202	0.02739
1808.99346	0.02773
1807.06489	0.02801
1805.13633	0.02822
1803.20776	0.02840
1801.27920	0.02861
1799.35063	0.02880
1797.42207	0.02887
1795.49351	0.02884
1793.56494	0.02880
1791.63638	0.02886
1789.70781	0.02897
1787.77925	0.02899
1785.85068	0.02897
1783.92212	0.02907
1781.99355	0.02934
1780.06499	0.02968
1778.13643	0.02994
1776.20786	0.03005
1774.27930	0.03011
1772.35073	0.03024
1770.42217	0.03045
1768.49360	0.03061
1766.56504	0.03068
1764.63647	0.03076
1762.70791	0.03100
1760.77935	0.03134
1758.85078	0.03167
1756.92222	0.03202
1754.99365	0.03244
1753.06509	0.03285
1751.13652	0.03327
1749.20796	0.03373
1747.27939	0.03421
1745.35083	0.03463
1743.42227	0.03493
1741.49370	0.03516
1739.56514	0.03540
1737.63657	0.03555
1735.70801	0.03559
1733.77944	0.03565
1731.85088	0.03576
1729.92231	0.03583
1727.99375	0.03585
1726.06519	0.03583
1724.13662	0.03583
1722.20806	0.03580
1720.27949	0.03572
1718.35093	0.03559
1716.42236	0.03551
1714.49380	0.03547
1712.56523	0.03537
1710.63667	0.03520
1708.70811	0.03505
1706.77954	0.03498
1704.85098	0.03497
1702.92241	0.03495
1700.99385	0.03494
1699.06528	0.03495
1697.13672	0.03501
1695.20815	0.03515
1693.27959	0.03534
1691.35103	0.03550
1689.42246	0.03561
1687.49390	0.03565
1685.56533	0.03578
1683.63677	0.03618
1681.70820	0.03663
1679.77964	0.03688
1677.85107	0.03705
1675.92251	0.03727
1673.99395	0.03750
1672.06538	0.03772
1670.13682	0.03800
1668.20825	0.03833
1666.27969	0.03856
1664.35112	0.03870
1662.42256	0.03882
1660.49399	0.03890
1658.56543	0.03892
1656.63687	0.03890
1654.70830	0.03887
1652.77974	0.03885
1650.85117	0.03887
1648.92261	0.03888
1646.99404	0.03885
1645.06548	0.03879
1643.13691	0.03872
1641.20835	0.03863
1639.27979	0.03850
1637.35122	0.03838
1635.42266	0.03832
1633.49409	0.03823
1631.56553	0.03804
1629.63696	0.03780
1627.70840	0.03755
1625.77983	0.03733
1623.85127	0.03714
1621.92271	0.03693
1619.99414	0.03668
1618.06558	0.03648
1616.13701	0.03645
1614.20845	0.03659
1612.27988	0.03693
1610.35132	0.03781
1608.42275	0.03979
1606.49419	0.04322
1604.56562	0.04774
1602.63706	0.05198
1600.70850	0.05408
1598.77993	0.05315
1596.85137	0.05013
1594.92280	0.04674
1592.99424	0.04408
1591.06567	0.04233
1589.13711	0.04146
1587.20854	0.04157
1585.27998	0.04242
1583.35142	0.04312
1581.42285	0.04277
1579.49429	0.04142
1577.56572	0.03974
1575.63716	0.03832
1573.70859	0.03738
1571.78003	0.03672
1569.85146	0.03616
1567.92290	0.03576
1565.99434	0.03550
1564.06577	0.03527
1562.13721	0.03504
1560.20864	0.03495
1558.28008	0.03512
1556.35151	0.03536
1554.42295	0.03550
1552.49438	0.03561
1550.56582	0.03578
1548.63726	0.03601
1546.70869	0.03623
1544.78013	0.03636
1542.85156	0.03638
1540.92300	0.03631
1538.99443	0.03612
1537.06587	0.03582
1535.13730	0.03543
1533.20874	0.03499
1531.28018	0.03451
1529.35161	0.03400
1527.42305	0.03345
1525.49448	0.03290
1523.56592	0.03243
1521.63735	0.03217
1519.70879	0.03215
1517.78022	0.03220
1515.85166	0.03213
1513.92310	0.03191
1511.99453	0.03156
1510.06597	0.03114
1508.13740	0.03073
1506.20884	0.03054
1504.28027	0.03064
1502.35171	0.03118
1500.42314	0.03337
1498.49458	0.03996
1496.56602	0.05280
1494.63745	0.06773
1492.70889	0.07651
1490.78032	0.07465
1488.85176	0.06502
1486.92319	0.05484
1484.99463	0.04782
1483.06606	0.04343
1481.13750	0.04052
1479.20894	0.03856
1477.28037	0.03723
1475.35181	0.03632
1473.42324	0.03574
1471.49468	0.03546
1469.56611	0.03536
1467.63755	0.03532
1465.70898	0.03527
1463.78042	0.03523
1461.85186	0.03544
1459.92329	0.03729
1457.99473	0.04403
1456.06616	0.05703
1454.13760	0.07101
1452.20903	0.07982
1450.28047	0.08140
1448.35190	0.07760
1446.42334	0.07208
1444.49478	0.06710
1442.56621	0.06289
1440.63765	0.05927
1438.70908	0.05604
1436.78052	0.05290
1434.85195	0.05002
1432.92339	0.04770
1430.99482	0.04583
1429.06626	0.04431
1427.13770	0.04316
1425.20913	0.04234
1423.28057	0.04173
1421.35200	0.04124
1419.42344	0.04087
1417.49487	0.04060
1415.56631	0.04041
1413.63774	0.04024
1411.70918	0.04004
1409.78062	0.03985
1407.85205	0.03973
1405.92349	0.03965
1403.99492	0.03953
1402.06636	0.03937
1400.13779	0.03923
1398.20923	0.03913
1396.28066	0.03909
1394.35210	0.03916
1392.42354	0.03938
1390.49497	0.03971
1388.56641	0.04023
1386.63784	0.04092
1384.70928	0.04161
1382.78071	0.04216
1380.85215	0.04268
1378.92358	0.04325
1376.99502	0.04385
1375.06646	0.04438
1373.13789	0.04475
1371.20933	0.04489
1369.28076	0.04489
1367.35220	0.04485
1365.42363	0.04475
1363.49507	0.04457
1361.56650	0.04432
1359.63794	0.04404
1357.70937	0.04379
1355.78081	0.04357
1353.85225	0.04338
1351.92368	0.04325
1349.99512	0.04315
1348.06655	0.04305
1346.13799	0.04292
1344.20942	0.04276
1342.28086	0.04256
1340.35229	0.04235
1338.42373	0.04219
1336.49517	0.04214
1334.56660	0.04230
1332.63804	0.04268
1330.70947	0.04313
1328.78091	0.04340
1326.85234	0.04341
1324.92378	0.04327
1322.99521	0.04313
1321.06665	0.04309
1319.13809	0.04315
1317.20952	0.04329
1315.28096	0.04346
1313.35239	0.04361
1311.42383	0.04363
1309.49526	0.04354
1307.56670	0.04337
1305.63813	0.04313
1303.70957	0.04279
1301.78101	0.04243
1299.85244	0.04219
1297.92388	0.04209
1295.99531	0.04199
1294.06675	0.04188
1292.13818	0.04180
1290.20962	0.04175
1288.28105	0.04174
1286.35249	0.04177
1284.42393	0.04183
1282.49536	0.04190
1280.56680	0.04200
1278.63823	0.04210
1276.70967	0.04209
1274.78110	0.04193
1272.85254	0.04174
1270.92397	0.04162
1268.99541	0.04152
1267.06685	0.04141
1265.13828	0.04132
1263.20972	0.04123
1261.28115	0.04116
1259.35259	0.04113
1257.42402	0.04111
1255.49546	0.04111
1253.56689	0.04113
1251.63833	0.04118
1249.70977	0.04125
1247.78120	0.04130
1245.85264	0.04130
1243.92407	0.04124
1241.99551	0.04118
1240.06694	0.04117
1238.13838	0.04119
1236.20981	0.04114
1234.28125	0.04104
1232.35269	0.04096
1230.42412	0.04096
1228.49556	0.04099
1226.56699	0.04101
1224.63843	0.04100
1222.70986	0.04095
1220.78130	0.04088
1218.85273	0.04081
1216.92417	0.04077
1214.99561	0.04079
1213.06704	0.04084
1211.13848	0.04095
1209.20991	0.04116
1207.28135	0.04149
1205.35278	0.04186
1203.42422	0.04220
1201.49565	0.04251
1199.56709	0.04280
1197.63853	0.04306
1195.70996	0.04331
1193.78140	0.04354
1191.85283	0.04373
1189.92427	0.04398
1187.99570	0.04445
1186.06714	0.04526
1184.13857	0.04639
1182.21001	0.04745
1180.28145	0.04795
1178.35288	0.04766
1176.42432	0.04684
1174.49575	0.04609
1172.56719	0.04571
1170.63862	0.04555
1168.71006	0.04547
1166.78149	0.04554
1164.85293	0.04575
1162.92437	0.04606
1160.99580	0.04668
1159.06724	0.04776
1157.13867	0.04909
1155.21011	0.05013
1153.28154	0.05034
1151.35298	0.04958
1149.42441	0.04832
1147.49585	0.04727
1145.56729	0.04663
1143.63872	0.04621
1141.71016	0.04593
1139.78159	0.04578
1137.85303	0.04582
1135.92446	0.04611
1133.99590	0.04652
1132.06733	0.04692
1130.13877	0.04735
1128.21021	0.04799
1126.28164	0.04881
1124.35308	0.04965
1122.42451	0.05053
1120.49595	0.05156
1118.56738	0.05268
1116.63882	0.05375
1114.71025	0.05469
1112.78169	0.05539
1110.85312	0.05585
1108.92456	0.05618
1106.99600	0.05648
1105.06743	0.05682
1103.13887	0.05723
1101.21030	0.05766
1099.28174	0.05813
1097.35317	0.05867
1095.42461	0.05930
1093.49604	0.05998
1091.56748	0.06066
1089.63892	0.06137
1087.71035	0.06220
1085.78179	0.06316
1083.85322	0.06416
1081.92466	0.06528
1079.99609	0.06667
1078.06753	0.06819
1076.13896	0.06979
1074.21040	0.07158
1072.28184	0.07346
1070.35327	0.07511
1068.42471	0.07632
1066.49614	0.07704
1064.56758	0.07727
1062.63901	0.07717
1060.71045	0.07707
1058.78188	0.07706
1056.85332	0.07711
1054.92476	0.07725
1052.99619	0.07753
1051.06763	0.07796
1049.13906	0.07857
1047.21050	0.07944
1045.28193	0.08049
1043.35337	0.08157
1041.42480	0.08273
1039.49624	0.08425
1037.56768	0.08646
1035.63911	0.08966
1033.71055	0.09409
1031.78198	0.09929
1029.85342	0.10390
1027.92485	0.10651
1025.99629	0.10664
1024.06772	0.10497
1022.13916	0.10275
1020.21060	0.10083
1018.28203	0.09947
1016.35347	0.09859
1014.42490	0.09796
1012.49634	0.09740
1010.56777	0.09696
1008.63921	0.09681
1006.71064	0.09705
1004.78208	0.09754
1002.85352	0.09780
1000.92495	0.09732
998.99639	0.09611
997.06782	0.09475
995.13926	0.09374
993.21069	0.09304
991.28213	0.09238
989.35356	0.09176
987.42500	0.09135
985.49644	0.09109
983.56787	0.09080
981.63931	0.09039
979.71074	0.08975
977.78218	0.08872
975.85361	0.08733
973.92505	0.08585
971.99648	0.08451
970.06792	0.08344
968.13936	0.08270
966.21079	0.08207
964.28223	0.08122
962.35366	0.08008
960.42510	0.07875
958.49653	0.07734
956.56797	0.07594
954.63940	0.07473
952.71084	0.07389
950.78228	0.07337
948.85371	0.07309
946.92515	0.07294
944.99658	0.07293
943.06802	0.07301
941.13945	0.07304
939.21089	0.07290
937.28232	0.07252
935.35376	0.07196
933.42520	0.07132
931.49663	0.07067
929.56807	0.07010
927.63950	0.06975
925.71094	0.06963
923.78237	0.06970
921.85381	0.06989
919.92524	0.07020
917.99668	0.07087
916.06812	0.07210
914.13955	0.07379
912.21099	0.07571
910.28242	0.07757
908.35386	0.07900
906.42529	0.07956
904.49673	0.07892
902.56816	0.07709
900.63960	0.07443
898.71104	0.07149
896.78247	0.06873
894.85391	0.06643
892.92534	0.06466
890.99678	0.06325
889.06821	0.06214
887.13965	0.06128
885.21108	0.06037
883.28252	0.05935
881.35396	0.05847
879.42539	0.05774
877.49683	0.05701
875.56826	0.05626
873.63970	0.05553
871.71113	0.05482
869.78257	0.05411
867.85400	0.05332
865.92544	0.05248
863.99687	0.05178
862.06831	0.05127
860.13975	0.05079
858.21118	0.05030
856.28262	0.04993
854.35405	0.04973
852.42549	0.04971
850.49692	0.05000
848.56836	0.05065
846.63979	0.05153
844.71123	0.05240
842.78267	0.05317
840.85410	0.05378
838.92554	0.05406
836.99697	0.05392
835.06841	0.05343
833.13984	0.05281
831.21128	0.05222
829.28271	0.05172
827.35415	0.05120
825.42559	0.05047
823.49702	0.04963
821.56846	0.04896
819.63989	0.04841
817.71133	0.04780
815.78276	0.04728
813.85420	0.04702
811.92563	0.04692
809.99707	0.04691
808.06851	0.04708
806.13994	0.04734
804.21138	0.04767
802.28281	0.04805
800.35425	0.04822
798.42568	0.04818
796.49712	0.04822
794.56855	0.04827
792.63999	0.04815
790.71143	0.04816
788.78286	0.04862
786.85430	0.04935
784.92573	0.05014
782.99717	0.05119
781.06860	0.05268
779.14004	0.05475
777.21147	0.05757
775.28291	0.06118
773.35435	0.06562
771.42578	0.07104
769.49722	0.07735
767.56865	0.08396
765.64009	0.09047
763.71152	0.09729
761.78296	0.10458
759.85439	0.11150
757.92583	0.11706
755.99727	0.12072
754.06870	0.12256
752.14014	0.12319
750.21157	0.12326
748.28301	0.12253
746.35444	0.11988
744.42588	0.11448
742.49731	0.10694
740.56875	0.09857
738.64019	0.09022
736.71162	0.08247
734.78306	0.07561
732.85449	0.06945
730.92593	0.06395
728.99736	0.05947
727.06880	0.05613
725.14023	0.05355
723.21167	0.05122
721.28311	0.04948
719.35454	0.04811
717.42598	0.04722
715.49741	0.04724
713.56885	0.04864
711.64028	0.05251
709.71172	0.06082
707.78315	0.07549
705.85459	0.09741
703.92603	0.12655
701.99746	0.16250
700.06890	0.20385
698.14033	0.24523
696.21177	0.27320
694.28320	0.27223
692.35464	0.24267
690.42607	0.20281
688.49751	0.16896
686.56895	0.14531
684.64038	0.12943
682.71182	0.11842
680.78325	0.11050
678.85469	0.10456
676.92612	0.09979
674.99756	0.09582
673.06899	0.09270
671.14043	0.09077
669.21187	0.08955
667.28330	0.08741
665.35474	0.08531
663.42617	0.08296
661.49761	0.08114
659.56904	0.07972
657.64048	0.07842
655.71191	0.07703
653.78335	0.07559
651.85479	0.07417
649.92622	0.07294
647.99766	0.07230
646.06909	0.07236
644.14053	0.07241
642.21196	0.07213
640.28340	0.07205
638.35483	0.07247
636.42627	0.07282
634.49771	0.07270
632.56914	0.07252
630.64058	0.07302
628.71201	0.07420
626.78345	0.07506
624.85488	0.07463
622.92632	0.07416
620.99775	0.07488
619.06919	0.07546
617.14062	0.07502
615.21206	0.07466
613.28350	0.07422
611.35493	0.07312
609.42637	0.07275
607.49780	0.07346
605.56924	0.07372
603.64067	0.07336
601.71211	0.07325
599.78354	0.07306
