3997.91411	-0.02650
3995.98555	-0.02642
3994.05698	-0.02625
3992.12842	-0.02609
3990.19985	-0.02600
3988.27129	-0.02601
3986.34272	-0.02617
3984.41416	-0.02633
3982.48560	-0.02631
3980.55703	-0.02620
3978.62847	-0.02619
3976.69990	-0.02625
3974.77134	-0.02632
3972.84277	-0.02637
3970.91421	-0.02637
3968.98564	-0.02633
3967.05708	-0.02634
3965.12852	-0.02635
3963.19995	-0.02630
3961.27139	-0.02624
3959.34282	-0.02623
3957.41426	-0.02620
3955.48569	-0.02617
3953.55713	-0.02621
3951.62856	-0.02630
3949.70000	-0.02635
3947.77144	-0.02628
3945.84287	-0.02620
3943.91431	-0.02617
3941.98574	-0.02612
3940.05718	-0.02604
3938.12861	-0.02598
3936.20005	-0.02588
3934.27148	-0.02571
3932.34292	-0.02563
3930.41436	-0.02573
3928.48579	-0.02582
3926.55723	-0.02583
3924.62866	-0.02586
3922.70010	-0.02596
3920.77153	-0.02599
3918.84297	-0.02589
3916.91440	-0.02579
3914.98584	-0.02579
3913.05728	-0.02577
3911.12871	-0.02569
3909.20015	-0.02568
3907.27158	-0.02572
3905.34302	-0.02559
3903.41445	-0.02527
3901.48589	-0.02509
3899.55732	-0.02520
3897.62876	-0.02541
3895.70020	-0.02555
3893.77163	-0.02560
3891.84307	-0.02550
3889.91450	-0.02536
3887.98594	-0.02531
3886.05737	-0.02528
3884.12881	-0.02521
3882.20024	-0.02519
3880.27168	-0.02517
3878.34312	-0.02514
3876.41455	-0.02509
3874.48599	-0.02495
3872.55742	-0.02480
3870.62886	-0.02482
3868.70029	-0.02493
3866.77173	-0.02498
3864.84316	-0.02487
3862.91460	-0.02473
3860.98604	-0.02473
3859.05747	-0.02487
3857.12891	-0.02506
3855.20034	-0.02520
3853.27178	-0.02508
3851.34321	-0.02480
3849.41465	-0.02476
3847.48608	-0.02491
3845.55752	-0.02499
3843.62896	-0.02486
3841.70039	-0.02468
3839.77183	-0.02459
3837.84326	-0.02454
3835.91470	-0.02450
3833.98613	-0.02448
3832.05757	-0.02449
3830.12900	-0.02455
3828.20044	-0.02462
3826.27187	-0.02463
3824.34331	-0.02458
3822.41475	-0.02444
3820.48618	-0.02421
3818.55762	-0.02417
3816.62905	-0.02437
3814.70049	-0.02461
3812.77192	-0.02484
3810.84336	-0.02500
3808.91479	-0.02500
3806.98623	-0.02488
3805.05767	-0.02480
3803.12910	-0.02473
3801.20054	-0.02455
3799.27197	-0.02442
3797.34341	-0.02452
3795.41484	-0.02467
3793.48628	-0.02474
3791.55771	-0.02469
3789.62915	-0.02466
3787.70059	-0.02474
3785.77202	-0.02485
3783.84346	-0.02488
3781.91489	-0.02484
3779.98633	-0.02472
3778.05776	-0.02455
3776.12920	-0.02447
3774.20063	-0.02451
3772.27207	-0.02452
3770.34351	-0.02440
3768.41494	-0.02422
3766.48638	-0.02412
3764.55781	-0.02412
3762.62925	-0.02418
3760.70068	-0.02420
3758.77212	-0.02414
3756.84355	-0.02413
3754.91499	-0.02419
3752.98643	-0.02411
3751.05786	-0.02380
3749.12930	-0.02352
3747.20073	-0.02344
3745.27217	-0.02340
3743.34360	-0.02342
3741.41504	-0.02372
3739.48647	-0.02423
3737.55791	-0.02460
3735.62935	-0.02462
3733.70078	-0.02443
3731.77222	-0.02433
3729.84365	-0.02438
3727.91509	-0.02449
3725.98652	-0.02449
3724.05796	-0.02444
3722.12939	-0.02440
3720.20083	-0.02433
3718.27227	-0.02431
3716.34370	-0.02442
3714.41514	-0.02463
3712.48657	-0.02484
3710.55801	-0.02498
3708.62944	-0.02494
3706.70088	-0.02490
3704.77231	-0.02501
3702.84375	-0.02512
3700.91519	-0.02507
3698.98662	-0.02496
3697.05806	-0.02487
3695.12949	-0.02481
3693.20093	-0.02479
3691.27236	-0.02480
3689.34380	-0.02470
3687.41523	-0.02456
3685.48667	-0.02451
3683.55811	-0.02449
3681.62954	-0.02444
3679.70098	-0.02445
3677.77241	-0.02452
3675.84385	-0.02460
3673.91528	-0.02461
3671.98672	-0.02453
3670.05815	-0.02435
3668.12959	-0.02421
3666.20103	-0.02422
3664.27246	-0.02422
3662.34390	-0.02413
3660.41533	-0.02412
3658.48677	-0.02422
3656.55820	-0.02428
3654.62964	-0.02432
3652.70107	-0.02439
3650.77251	-0.02420
3648.84395	-0.02368
3646.91538	-0.02334
3644.98682	-0.02352
3643.05825	-0.02397
3641.12969	-0.02432
3639.20112	-0.02446
3637.27256	-0.02450
3635.34399	-0.02458
3633.41543	-0.02475
3631.48687	-0.02485
3629.55830	-0.02466
3627.62974	-0.02425
3625.70117	-0.02401
3623.77261	-0.02409
3621.84404	-0.02425
3619.91548	-0.02419
3617.98691	-0.02399
3616.05835	-0.02385
3614.12979	-0.02384
3612.20122	-0.02390
3610.27266	-0.02400
3608.34409	-0.02420
3606.41553	-0.02439
3604.48696	-0.02441
3602.55840	-0.02429
3600.62983	-0.02413
3598.70127	-0.02400
3596.77271	-0.02393
3594.84414	-0.02411
3592.91558	-0.02439
3590.98701	-0.02441
3589.05845	-0.02406
3587.12988	-0.02367
3585.20132	-0.02353
3583.27275	-0.02356
3581.34419	-0.02364
3579.41562	-0.02379
3577.48706	-0.02396
3575.55850	-0.02406
3573.62993	-0.02407
3571.70137	-0.02389
3569.77280	-0.02352
3567.84424	-0.02324
3565.91567	-0.02328
3563.98711	-0.02341
3562.05854	-0.02341
3560.12998	-0.02334
3558.20142	-0.02330
3556.27285	-0.02329
3554.34429	-0.02325
3552.41572	-0.02316
3550.48716	-0.02303
3548.55859	-0.02291
3546.63003	-0.02290
3544.70146	-0.02305
3542.77290	-0.02327
3540.84434	-0.02341
3538.91577	-0.02336
3536.98721	-0.02323
3535.05864	-0.02316
3533.13008	-0.02309
3531.20151	-0.02291
3529.27295	-0.02275
3527.34438	-0.02270
3525.41582	-0.02278
3523.48726	-0.02306
3521.55869	-0.02331
3519.63013	-0.02319
3517.70156	-0.02281
3515.77300	-0.02264
3513.84443	-0.02280
3511.91587	-0.02288
3509.98730	-0.02268
3508.05874	-0.02245
3506.13018	-0.02239
3504.20161	-0.02251
3502.27305	-0.02274
3500.34448	-0.02287
3498.41592	-0.02281
3496.48735	-0.02276
3494.55879	-0.02276
3492.63022	-0.02275
3490.70166	-0.02276
3488.77310	-0.02268
3486.84453	-0.02255
3484.91597	-0.02253
3482.98740	-0.02250
3481.05884	-0.02226
3479.13027	-0.02205
3477.20171	-0.02218
3475.27314	-0.02253
3473.34458	-0.02266
3471.41602	-0.02248
3469.48745	-0.02223
3467.55889	-0.02210
3465.63032	-0.02214
3463.70176	-0.02225
3461.77319	-0.02227
3459.84463	-0.02221
3457.91606	-0.02221
3455.98750	-0.02226
3454.05894	-0.02227
3452.13037	-0.02223
3450.20181	-0.02217
3448.27324	-0.02208
3446.34468	-0.02196
3444.41611	-0.02192
3442.48755	-0.02189
3440.55898	-0.02176
3438.63042	-0.02176
3436.70186	-0.02190
3434.77329	-0.02193
3432.84473	-0.02186
3430.91616	-0.02187
3428.98760	-0.02187
3427.05903	-0.02181
3425.13047	-0.02177
3423.20190	-0.02177
3421.27334	-0.02185
3419.34478	-0.02197
3417.41621	-0.02192
3415.48765	-0.02171
3413.55908	-0.02157
3411.63052	-0.02155
3409.70195	-0.02158
3407.77339	-0.02165
3405.84482	-0.02172
3403.91626	-0.02168
3401.98770	-0.02156
3400.05913	-0.02136
3398.13057	-0.02107
3396.20200	-0.02103
3394.27344	-0.02116
3392.34487	-0.02136
3390.41631	-0.02149
3388.48774	-0.02133
3386.55918	-0.02103
3384.63062	-0.02106
3382.70205	-0.02151
3380.77349	-0.02186
3378.84492	-0.02175
3376.91636	-0.02133
3374.98779	-0.02091
3373.05923	-0.02071
3371.13066	-0.02086
3369.20210	-0.02116
3367.27354	-0.02117
3365.34497	-0.02088
3363.41641	-0.02073
3361.48784	-0.02084
3359.55928	-0.02092
3357.63071	-0.02080
3355.70215	-0.02066
3353.77358	-0.02072
3351.84502	-0.02077
3349.91646	-0.02064
3347.98789	-0.02054
3346.05933	-0.02062
3344.13076	-0.02065
3342.20220	-0.02062
3340.27363	-0.02075
3338.34507	-0.02095
3336.41650	-0.02097
3334.48794	-0.02080
3332.55937	-0.02070
3330.63081	-0.02091
3328.70225	-0.02117
3326.77368	-0.02119
3324.84512	-0.02107
3322.91655	-0.02099
3320.98799	-0.02090
3319.05942	-0.02081
3317.13086	-0.02084
3315.20229	-0.02103
3313.27373	-0.02121
3311.34517	-0.02115
3309.41660	-0.02092
3307.48804	-0.02082
3305.55947	-0.02097
3303.63091	-0.02112
3301.70234	-0.02110
3299.77378	-0.02099
3297.84521	-0.02087
3295.91665	-0.02073
3293.98809	-0.02060
3292.05952	-0.02058
3290.13096	-0.02055
3288.20239	-0.02041
3286.27383	-0.02034
3284.34526	-0.02043
3282.41670	-0.02059
3280.48813	-0.02068
3278.55957	-0.02068
3276.63101	-0.02068
3274.70244	-0.02065
3272.77388	-0.02055
3270.84531	-0.02053
3268.91675	-0.02068
3266.98818	-0.02087
3265.05962	-0.02092
3263.13105	-0.02081
3261.20249	-0.02068
3259.27393	-0.02073
3257.34536	-0.02086
3255.41680	-0.02082
3253.48823	-0.02067
3251.55967	-0.02058
3249.63110	-0.02061
3247.70254	-0.02069
3245.77397	-0.02070
3243.84541	-0.02067
3241.91685	-0.02071
3239.98828	-0.02074
3238.05972	-0.02073
3236.13115	-0.02068
3234.20259	-0.02054
3232.27402	-0.02042
3230.34546	-0.02045
3228.41689	-0.02054
3226.48833	-0.02058
3224.55977	-0.02054
3222.63120	-0.02050
3220.70264	-0.02055
3218.77407	-0.02068
3216.84551	-0.02083
3214.91694	-0.02084
3212.98838	-0.02064
3211.05981	-0.02043
3209.13125	-0.02042
3207.20269	-0.02060
3205.27412	-0.02071
3203.34556	-0.02065
3201.41699	-0.02051
3199.48843	-0.02047
3197.55986	-0.02058
3195.63130	-0.02067
3193.70273	-0.02058
3191.77417	-0.02042
3189.84561	-0.02041
3187.91704	-0.02043
3185.98848	-0.02033
3184.05991	-0.02021
3182.13135	-0.02020
3180.20278	-0.02031
3178.27422	-0.02047
3176.34565	-0.02071
3174.41709	-0.02099
3172.48853	-0.02117
3170.55996	-0.02119
3168.63140	-0.02113
3166.70283	-0.02103
3164.77427	-0.02090
3162.84570	-0.02085
3160.91714	-0.02091
3158.98857	-0.02094
3157.06001	-0.02091
3155.13145	-0.02090
3153.20288	-0.02098
3151.27432	-0.02110
3149.34575	-0.02112
3147.41719	-0.02106
3145.48862	-0.02101
3143.56006	-0.02104
3141.63149	-0.02114
3139.70293	-0.02116
3137.77437	-0.02095
3135.84580	-0.02069
3133.91724	-0.02065
3131.98867	-0.02081
3130.06011	-0.02098
3128.13154	-0.02100
3126.20298	-0.02095
3124.27441	-0.02107
3122.34585	-0.02133
3120.41729	-0.02152
3118.48872	-0.02148
3116.56016	-0.02129
3114.63159	-0.02129
3112.70303	-0.02152
3110.77446	-0.02165
3108.84590	-0.02152
3106.91733	-0.02135
3104.98877	-0.02129
3103.06021	-0.02128
3101.13164	-0.02132
3099.20308	-0.02145
3097.27451	-0.02164
3095.34595	-0.02178
3093.41738	-0.02182
3091.48882	-0.02185
3089.56025	-0.02194
3087.63169	-0.02206
3085.70312	-0.02218
3083.77456	-0.02215
3081.84600	-0.02190
3079.91743	-0.02167
3077.98887	-0.02170
3076.06030	-0.02186
3074.13174	-0.02195
3072.20317	-0.02200
3070.27461	-0.02207
3068.34604	-0.02208
3066.41748	-0.02196
3064.48892	-0.02177
3062.56035	-0.02162
3060.63179	-0.02159
3058.70322	-0.02172
3056.77466	-0.02193
3054.84609	-0.02216
3052.91753	-0.02232
3050.98896	-0.02239
3049.06040	-0.02238
3047.13184	-0.02231
3045.20327	-0.02224
3043.27471	-0.02226
3041.34614	-0.02232
3039.41758	-0.02235
3037.48901	-0.02236
3035.56045	-0.02245
3033.63188	-0.02254
3031.70332	-0.02256
3029.77476	-0.02254
3027.84619	-0.02253
3025.91763	-0.02253
3023.98906	-0.02250
3022.06050	-0.02243
3020.13193	-0.02230
3018.20337	-0.02217
3016.27480	-0.02207
3014.34624	-0.02193
3012.41768	-0.02165
3010.48911	-0.02129
3008.56055	-0.02094
3006.63198	-0.02060
3004.70342	-0.02022
3002.77485	-0.01977
3000.84629	-0.01916
2998.91772	-0.01834
2996.98916	-0.01744
2995.06060	-0.01646
2993.13203	-0.01526
2991.20347	-0.01385
2989.27490	-0.01239
2987.34634	-0.01083
2985.41777	-0.00896
2983.48921	-0.00671
2981.56064	-0.00405
2979.63208	-0.00107
2977.70352	0.00220
2975.77495	0.00584
2973.84639	0.00973
2971.91782	0.01374
2969.98926	0.01811
2968.06069	0.02290
2966.13213	0.02767
2964.20356	0.03200
2962.27500	0.03581
2960.34644	0.03901
2958.41787	0.04152
2956.48931	0.04339
2954.56074	0.04459
2952.63218	0.04488
2950.70361	0.04401
2948.77505	0.04184
2946.84648	0.03854
2944.91792	0.03478
2942.98936	0.03167
2941.06079	0.03014
2939.13223	0.03048
2937.20366	0.03249
2935.27510	0.03581
2933.34653	0.04003
2931.41797	0.04474
2929.48940	0.04952
2927.56084	0.05396
2925.63228	0.05785
2923.70371	0.06116
2921.77515	0.06375
2919.84658	0.06546
2917.91802	0.06634
2915.98945	0.06631
2914.06089	0.06535
2912.13232	0.06388
2910.20376	0.06222
2908.27520	0.06038
2906.34663	0.05834
2904.41807	0.05608
2902.48950	0.05355
2900.56094	0.05082
2898.63237	0.04809
2896.70381	0.04553
2894.77524	0.04326
2892.84668	0.04130
2890.91812	0.03961
2888.98955	0.03823
2887.06099	0.03723
2885.13242	0.03655
2883.20386	0.03630
2881.27529	0.03665
2879.34673	0.03742
2877.41816	0.03818
2875.48960	0.03862
2873.56104	0.03875
2871.63247	0.03870
2869.70391	0.03847
2867.77534	0.03772
2865.84678	0.03597
2863.91821	0.03313
2861.98965	0.02959
2860.06108	0.02614
2858.13252	0.02365
2856.20396	0.02238
2854.27539	0.02212
2852.34683	0.02260
2850.41826	0.02361
2848.48970	0.02507
2846.56113	0.02699
2844.63257	0.02917
2842.70400	0.03128
2840.77544	0.03289
2838.84687	0.03351
2836.91831	0.03255
2834.98975	0.02982
2833.06118	0.02578
2831.13262	0.02126
2829.20405	0.01710
2827.27549	0.01368
2825.34692	0.01101
2823.41836	0.00902
2821.48979	0.00754
2819.56123	0.00635
2817.63267	0.00532
2815.70410	0.00446
2813.77554	0.00367
2811.84697	0.00293
2809.91841	0.00225
2807.98984	0.00153
2806.06128	0.00081
2804.13271	0.00018
2802.20415	-0.00038
2800.27559	-0.00090
2798.34702	-0.00137
2796.41846	-0.00182
2794.48989	-0.00230
2792.56133	-0.00273
2790.63276	-0.00312
2788.70420	-0.00352
2786.77563	-0.00390
2784.84707	-0.00427
2782.91851	-0.00469
2780.98994	-0.00510
2779.06138	-0.00547
2777.13281	-0.00578
2775.20425	-0.00605
2773.27568	-0.00626
2771.34712	-0.00640
2769.41855	-0.00645
2767.48999	-0.00650
2765.56143	-0.00664
2763.63286	-0.00680
2761.70430	-0.00695
2759.77573	-0.00712
2757.84717	-0.00722
2755.91860	-0.00723
2753.99004	-0.00727
2752.06147	-0.00734
2750.13291	-0.00742
2748.20435	-0.00755
2746.27578	-0.00772
2744.34722	-0.00782
2742.41865	-0.00780
2740.49009	-0.00768
2738.56152	-0.00754
2736.63296	-0.00744
2734.70439	-0.00737
2732.77583	-0.00720
2730.84727	-0.00694
2728.91870	-0.00672
2726.99014	-0.00656
2725.06157	-0.00650
2723.13301	-0.00654
2721.20444	-0.00666
2719.27588	-0.00681
2717.34731	-0.00699
2715.41875	-0.00714
2713.49019	-0.00730
2711.56162	-0.00758
2709.63306	-0.00793
2707.70449	-0.00815
2705.77593	-0.00822
2703.84736	-0.00827
2701.91880	-0.00836
2699.99023	-0.00846
2698.06167	-0.00857
2696.13311	-0.00869
2694.20454	-0.00881
2692.27598	-0.00884
2690.34741	-0.00880
2688.41885	-0.00879
2686.49028	-0.00882
2684.56172	-0.00880
2682.63315	-0.00874
2680.70459	-0.00880
2678.77603	-0.00898
2676.84746	-0.00912
2674.91890	-0.00912
2672.99033	-0.00899
2671.06177	-0.00887
2669.13320	-0.00885
2667.20464	-0.00880
2665.27607	-0.00859
2663.34751	-0.00831
2661.41895	-0.00810
2659.49038	-0.00798
2657.56182	-0.00792
2655.63325	-0.00788
2653.70469	-0.00788
2651.77612	-0.00792
2649.84756	-0.00796
2647.91899	-0.00801
2645.99043	-0.00810
2644.06187	-0.00818
2642.13330	-0.00824
2640.20474	-0.00827
2638.27617	-0.00831
2636.34761	-0.00835
2634.41904	-0.00841
2632.49048	-0.00850
2630.56191	-0.00855
2628.63335	-0.00854
2626.70479	-0.00857
2624.77622	-0.00865
2622.84766	-0.00868
2620.91909	-0.00865
2618.99053	-0.00866
2617.06196	-0.00874
2615.13340	-0.00884
2613.20483	-0.00889
2611.27627	-0.00891
2609.34771	-0.00903
2607.41914	-0.00928
2605.49058	-0.00955
2603.56201	-0.00973
2601.63345	-0.00975
2599.70488	-0.00965
2597.77632	-0.00963
2595.84775	-0.00975
2593.91919	-0.00986
2591.99062	-0.00995
2590.06206	-0.01001
2588.13350	-0.00998
2586.20493	-0.00989
2584.27637	-0.00978
2582.34780	-0.00974
2580.41924	-0.00975
2578.49067	-0.00976
2576.56211	-0.00982
2574.63354	-0.00995
2572.70498	-0.01016
2570.77642	-0.01044
2568.84785	-0.01065
2566.91929	-0.01063
2564.99072	-0.01059
2563.06216	-0.01069
2561.13359	-0.01073
2559.20503	-0.01068
2557.27646	-0.01078
2555.34790	-0.01106
2553.41934	-0.01126
2551.49077	-0.01134
2549.56221	-0.01140
2547.63364	-0.01142
2545.70508	-0.01138
2543.77651	-0.01131
2541.84795	-0.01130
2539.91938	-0.01147
2537.99082	-0.01167
2536.06226	-0.01168
2534.13369	-0.01161
2532.20513	-0.01169
2530.27656	-0.01182
2528.34800	-0.01190
2526.41943	-0.01200
2524.49087	-0.01205
2522.56230	-0.01199
2520.63374	-0.01201
2518.70518	-0.01207
2516.77661	-0.01201
2514.84805	-0.01190
2512.91948	-0.01194
2510.99092	-0.01215
2509.06235	-0.01235
2507.13379	-0.01249
2505.20522	-0.01254
2503.27666	-0.01248
2501.34810	-0.01242
2499.41953	-0.01238
2497.49097	-0.01236
2495.56240	-0.01233
2493.63384	-0.01233
2491.70527	-0.01241
2489.77671	-0.01241
2487.84814	-0.01228
2485.91958	-0.01225
2483.99102	-0.01240
2482.06245	-0.01254
2480.13389	-0.01253
2478.20532	-0.01248
2476.27676	-0.01256
2474.34819	-0.01272
2472.41963	-0.01280
2470.49106	-0.01274
2468.56250	-0.01264
2466.63394	-0.01255
2464.70537	-0.01253
2462.77681	-0.01250
2460.84824	-0.01236
2458.91968	-0.01217
2456.99111	-0.01202
2455.06255	-0.01197
2453.13398	-0.01195
2451.20542	-0.01195
2449.27686	-0.01205
2447.34829	-0.01223
2445.41973	-0.01231
2443.49116	-0.01220
2441.56260	-0.01203
2439.63403	-0.01196
2437.70547	-0.01203
2435.77690	-0.01217
2433.84834	-0.01235
2431.91978	-0.01255
2429.99121	-0.01265
2428.06265	-0.01263
2426.13408	-0.01259
2424.20552	-0.01252
2422.27695	-0.01245
2420.34839	-0.01249
2418.41982	-0.01263
2416.49126	-0.01275
2414.56270	-0.01279
2412.63413	-0.01273
2410.70557	-0.01273
2408.77700	-0.01292
2406.84844	-0.01313
2404.91987	-0.01313
2402.99131	-0.01308
2401.06274	-0.01308
2399.13418	-0.01212
2397.20562	-0.01202
2395.27705	-0.01243
2393.34849	-0.01291
2391.41992	-0.01342
2389.49136	-0.01395
2387.56279	-0.01452
2385.63423	-0.01517
2383.70566	-0.01593
2381.77710	-0.01677
2379.84854	-0.01759
2377.91997	-0.01815
2375.99141	-0.01847
2374.06284	-0.01877
2372.13428	-0.01922
2370.20571	-0.01983
2368.27715	-0.02048
2366.34858	-0.02106
2364.42002	-0.02151
2362.49146	-0.02163
2360.56289	-0.02162
2358.63433	-0.02155
2356.70576	-0.02129
2354.77720	-0.02107
2352.84863	-0.02155
2350.92007	-0.02245
2348.99150	-0.02290
2347.06294	-0.02194
2345.13437	-0.02076
2343.20581	-0.02009
2341.27725	-0.01983
2339.34868	-0.01982
2337.42012	-0.01990
2335.49155	-0.01985
2333.56299	-0.01992
2331.63442	-0.02023
2329.70586	-0.02012
2327.77729	-0.01887
2325.84873	-0.01657
2323.92017	-0.01476
2321.99160	-0.01430
2320.06304	-0.01444
2318.13447	-0.01443
2316.20591	-0.01427
2314.27734	-0.01410
2312.34878	-0.01389
2310.42021	-0.01352
2308.49165	-0.01311
2306.56309	-0.01269
2304.63452	-0.01232
2302.70596	-0.01200
2300.77739	-0.01180
2298.84883	-0.01162
2296.92026	-0.01132
2294.99170	-0.01091
2293.06313	-0.01045
2291.13457	-0.00985
2289.20601	-0.00912
2287.27744	-0.00853
2285.34888	-0.00830
2283.42031	-0.00844
2281.49175	-0.00874
2279.56318	-0.00908
2277.63462	-0.00937
2275.70605	-0.00951
2273.77749	-0.00957
2271.84893	-0.00976
2269.92036	-0.01001
2267.99180	-0.01020
2266.06323	-0.01040
2264.13467	-0.01067
2262.20610	-0.01083
2260.27754	-0.01075
2258.34897	-0.01075
2256.42041	-0.01112
2254.49185	-0.01160
2252.56328	-0.01182
2250.63472	-0.01169
2248.70615	-0.01094
2246.77759	-0.01100
2244.84902	-0.01104
2242.92046	-0.01104
2240.99189	-0.01100
2239.06333	-0.01097
2237.13477	-0.01109
2235.20620	-0.01137
2233.27764	-0.01165
2231.34907	-0.01160
2229.42051	-0.01112
2227.49194	-0.01069
2225.56338	-0.01071
2223.63481	-0.01092
2221.70625	-0.01103
2219.77769	-0.01111
2217.84912	-0.01126
2215.92056	-0.01134
2213.99199	-0.01135
2212.06343	-0.01145
2210.13486	-0.01146
2208.20630	-0.01129
2206.27773	-0.01128
2204.34917	-0.01142
2202.42061	-0.01141
2200.49204	-0.01117
2198.56348	-0.01081
2196.63491	-0.01068
2194.70635	-0.01090
2192.77778	-0.01097
2190.84922	-0.01055
2188.92065	-0.00998
2186.99209	-0.00979
2185.06353	-0.01030
2183.13496	-0.01134
2181.20640	-0.01196
2179.27783	-0.01182
2177.34927	-0.01198
2175.42070	-0.01258
2173.49214	-0.01239
2171.56357	-0.01120
2169.63501	-0.00968
2167.70645	-0.00838
2165.77788	-0.00762
2163.84932	-0.00754
2161.92075	-0.00934
2159.99219	-0.01467
2158.06362	-0.02025
2156.13506	-0.02157
2154.20649	-0.02005
2152.27793	-0.01839
2150.34937	-0.01738
2148.42080	-0.01706
2146.49224	-0.01700
2144.56367	-0.01685
2142.63511	-0.01677
2140.70654	-0.01690
2138.77798	-0.01713
2136.84941	-0.01760
2134.92085	-0.01835
2132.99229	-0.01859
2131.06372	-0.01787
2129.13516	-0.01681
2127.20659	-0.01592
2125.27803	-0.01516
2123.34946	-0.01457
2121.42090	-0.01414
2119.49233	-0.01365
2117.56377	-0.01295
2115.63521	-0.01221
2113.70664	-0.01181
2111.77808	-0.01184
2109.84951	-0.01209
2107.92095	-0.01228
2105.99238	-0.01215
2104.06382	-0.01184
2102.13525	-0.01167
2100.20669	-0.01179
2098.27812	-0.01252
2096.34956	-0.01335
2094.42100	-0.01364
2092.49243	-0.01331
2090.56387	-0.01286
2088.63530	-0.01255
2086.70674	-0.01224
2084.77817	-0.01189
2082.84961	-0.01172
2080.92104	-0.01175
2078.99248	-0.01185
2077.06392	-0.01189
2075.13535	-0.01193
2073.20679	-0.01209
2071.27822	-0.01230
2069.34966	-0.01242
2067.42109	-0.01254
2065.49253	-0.01274
2063.56396	-0.01288
2061.63540	-0.01280
2059.70684	-0.01243
2057.77827	-0.01192
2055.84971	-0.01141
2053.92114	-0.01035
2051.99258	-0.00905
2050.06401	-0.00926
2048.13545	-0.01084
2046.20688	-0.01188
2044.27832	-0.01210
2042.34976	-0.01209
2040.42119	-0.01205
2038.49263	-0.01227
2036.56406	-0.01296
2034.63550	-0.01383
2032.70693	-0.01428
2030.77837	-0.01402
2028.84980	-0.01358
2026.92124	-0.01358
2024.99268	-0.01387
2023.06411	-0.01399
2021.13555	-0.01387
2019.20698	-0.01378
2017.27842	-0.01373
2015.34985	-0.01369
2013.42129	-0.01390
2011.49272	-0.01441
2009.56416	-0.01519
2007.63560	-0.01626
2005.70703	-0.01693
2003.77847	-0.01645
2001.84990	-0.01526
1999.92134	-0.01413
1997.99277	-0.01325
1996.06421	-0.01249
1994.13564	-0.01165
1992.20708	-0.01079
1990.27852	-0.01045
1988.34995	-0.01069
1986.42139	-0.01084
1984.49282	-0.01041
1982.56426	-0.00951
1980.63569	-0.00944
1978.70713	-0.01170
1976.77856	-0.01497
1974.85000	-0.01655
1972.92144	-0.01647
1970.99287	-0.01615
1969.06431	-0.01592
1967.13574	-0.01573
1965.20718	-0.01581
1963.27861	-0.01612
1961.35005	-0.01647
1959.42148	-0.01661
1957.49292	-0.01616
1955.56436	-0.01525
1953.63579	-0.01447
1951.70723	-0.01413
1949.77866	-0.01428
1947.85010	-0.01471
1945.92153	-0.01506
1943.99297	-0.01510
1942.06440	-0.01483
1940.13584	-0.01452
1938.20728	-0.01447
1936.27871	-0.01464
1934.35015	-0.01472
1932.42158	-0.01462
1930.49302	-0.01447
1928.56445	-0.01432
1926.63589	-0.01411
1924.70732	-0.01385
1922.77876	-0.01354
1920.85020	-0.01317
1918.92163	-0.01291
1916.99307	-0.01286
1915.06450	-0.01294
1913.13594	-0.01303
1911.20737	-0.01305
1909.27881	-0.01303
1907.35024	-0.01300
1905.42168	-0.01296
1903.49312	-0.01286
1901.56455	-0.01266
1899.63599	-0.01245
1897.70742	-0.01238
1895.77886	-0.01244
1893.85029	-0.01250
1891.92173	-0.01250
1889.99316	-0.01249
1888.06460	-0.01247
1886.13604	-0.01246
1884.20747	-0.01248
1882.27891	-0.01245
1880.35034	-0.01237
1878.42178	-0.01228
1876.49321	-0.01217
1874.56465	-0.01207
1872.63608	-0.01207
1870.70752	-0.01212
1868.77896	-0.01212
1866.85039	-0.01208
1864.92183	-0.01209
1862.99326	-0.01211
1861.06470	-0.01202
1859.13613	-0.01183
1857.20757	-0.01165
1855.27900	-0.01154
1853.35044	-0.01151
1851.42187	-0.01156
1849.49331	-0.01156
1847.56475	-0.01141
1845.63618	-0.01115
1843.70762	-0.01094
1841.77905	-0.01091
1839.85049	-0.01098
1837.92192	-0.01103
1835.99336	-0.01109
1834.06479	-0.01118
1832.13623	-0.01122
1830.20767	-0.01121
1828.27910	-0.01118
1826.35054	-0.01114
1824.42197	-0.01112
1822.49341	-0.01125
1820.56484	-0.01159
1818.63628	-0.01193
1816.70771	-0.01196
1814.77915	-0.01163
1812.85059	-0.01119
1810.92202	-0.01087
1808.99346	-0.01067
1807.06489	-0.01052
1805.13633	-0.01032
1803.20776	-0.01001
1801.27920	-0.00975
1799.35063	-0.00967
1797.42207	-0.00969
1795.49351	-0.00972
1793.56494	-0.00973
1791.63638	-0.00970
1789.70781	-0.00966
1787.77925	-0.00960
1785.85068	-0.00948
1783.92212	-0.00940
1781.99355	-0.00947
1780.06499	-0.00956
1778.13643	-0.00957
1776.20786	-0.00955
1774.27930	-0.00949
1772.35073	-0.00936
1770.42217	-0.00911
1768.49360	-0.00887
1766.56504	-0.00887
1764.63647	-0.00899
1762.70791	-0.00900
1760.77935	-0.00889
1758.85078	-0.00880
1756.92222	-0.00876
1754.99365	-0.00866
1753.06509	-0.00848
1751.13652	-0.00828
1749.20796	-0.00813
1747.27939	-0.00804
1745.35083	-0.00796
1743.42227	-0.00790
1741.49370	-0.00788
1739.56514	-0.00787
1737.63657	-0.00790
1735.70801	-0.00791
1733.77944	-0.00771
1731.85088	-0.00745
1729.92231	-0.00736
1727.99375	-0.00743
1726.06519	-0.00750
1724.13662	-0.00750
1722.20806	-0.00747
1720.27949	-0.00742
1718.35093	-0.00724
1716.42236	-0.00697
1714.49380	-0.00685
1712.56523	-0.00687
1710.63667	-0.00690
1708.70811	-0.00689
1706.77954	-0.00682
1704.85098	-0.00676
1702.92241	-0.00680
1700.99385	-0.00685
1699.06528	-0.00675
1697.13672	-0.00657
1695.20815	-0.00643
1693.27959	-0.00635
1691.35103	-0.00633
1689.42246	-0.00637
1687.49390	-0.00645
1685.56533	-0.00646
1683.63677	-0.00626
1681.70820	-0.00605
1679.77964	-0.00608
1677.85107	-0.00630
1675.92251	-0.00643
1673.99395	-0.00639
1672.06538	-0.00631
1670.13682	-0.00624
1668.20825	-0.00612
1666.27969	-0.00602
1664.35112	-0.00599
1662.42256	-0.00594
1660.49399	-0.00582
1658.56543	-0.00574
1656.63687	-0.00580
1654.70830	-0.00588
1652.77974	-0.00578
1650.85117	-0.00562
1648.92261	-0.00555
1646.99404	-0.00547
1645.06548	-0.00532
1643.13691	-0.00521
1641.20835	-0.00525
1639.27979	-0.00543
1637.35122	-0.00560
1635.42266	-0.00564
1633.49409	-0.00564
1631.56553	-0.00570
1629.63696	-0.00576
1627.70840	-0.00574
1625.77983	-0.00570
1623.85127	-0.00574
1621.92271	-0.00585
1619.99414	-0.00602
1618.06558	-0.00612
1616.13701	-0.00601
1614.20845	-0.00582
1612.27988	-0.00570
1610.35132	-0.00563
1608.42275	-0.00556
1606.49419	-0.00553
1604.56562	-0.00553
1602.63706	-0.00554
1600.70850	-0.00558
1598.77993	-0.00563
1596.85137	-0.00565
1594.92280	-0.00562
1592.99424	-0.00561
1591.06567	-0.00562
1589.13711	-0.00562
1587.20854	-0.00558
1585.27998	-0.00553
1583.35142	-0.00550
1581.42285	-0.00550
1579.49429	-0.00553
1577.56572	-0.00553
1575.63716	-0.00543
1573.70859	-0.00535
1571.78003	-0.00537
1569.85146	-0.00539
1567.92290	-0.00526
1565.99434	-0.00507
1564.06577	-0.00497
1562.13721	-0.00506
1560.20864	-0.00521
1558.28008	-0.00513
1556.35151	-0.00482
1554.42295	-0.00453
1552.49438	-0.00434
1550.56582	-0.00424
1548.63726	-0.00423
1546.70869	-0.00432
1544.78013	-0.00446
1542.85156	-0.00458
1540.92300	-0.00460
1538.99443	-0.00445
1537.06587	-0.00431
1535.13730	-0.00430
1533.20874	-0.00432
1531.28018	-0.00428
1529.35161	-0.00423
1527.42305	-0.00419
1525.49448	-0.00417
1523.56592	-0.00414
1521.63735	-0.00403
1519.70879	-0.00387
1517.78022	-0.00381
1515.85166	-0.00376
1513.92310	-0.00367
1511.99453	-0.00358
1510.06597	-0.00355
1508.13740	-0.00360
1506.20884	-0.00368
1504.28027	-0.00366
1502.35171	-0.00357
1500.42314	-0.00349
1498.49458	-0.00342
1496.56602	-0.00333
1494.63745	-0.00321
1492.70889	-0.00305
1490.78032	-0.00274
1488.85176	-0.00226
1486.92319	-0.00171
1484.99463	-0.00108
1483.06606	-0.00020
1481.13750	0.00103
1479.20894	0.00269
1477.28037	0.00490
1475.35181	0.00796
1473.42324	0.01221
1471.49468	0.01741
1469.56611	0.02260
1467.63755	0.02760
1465.70898	0.03286
1463.78042	0.03788
1461.85186	0.04159
1459.92329	0.04398
1457.99473	0.04578
1456.06616	0.04703
1454.13760	0.04730
1452.20903	0.04662
1450.28047	0.04484
1448.35190	0.04169
1446.42334	0.03751
1444.49478	0.03326
1442.56621	0.02971
1440.63765	0.02729
1438.70908	0.02599
1436.78052	0.02522
1434.85195	0.02398
1432.92339	0.02166
1430.99482	0.01851
1429.06626	0.01542
1427.13770	0.01309
1425.20913	0.01153
1423.28057	0.01046
1421.35200	0.00966
1419.42344	0.00898
1417.49487	0.00837
1415.56631	0.00777
1413.63774	0.00714
1411.70918	0.00651
1409.78062	0.00596
1407.85205	0.00550
1405.92349	0.00512
1403.99492	0.00478
1402.06636	0.00446
1400.13779	0.00417
1398.20923	0.00394
1396.28066	0.00377
1394.35210	0.00370
1392.42354	0.00386
1390.49497	0.00465
1388.56641	0.00674
1386.63784	0.01095
1384.70928	0.01772
1382.78071	0.02723
1380.85215	0.03904
1378.92358	0.05112
1376.99502	0.05971
1375.06646	0.06119
1373.13789	0.05528
1371.20933	0.04556
1369.28076	0.03605
1367.35220	0.02897
1365.42363	0.02492
1363.49507	0.02326
1361.56650	0.02287
1359.63794	0.02251
1357.70937	0.02127
1355.78081	0.01902
1353.85225	0.01632
1351.92368	0.01385
1349.99512	0.01191
1348.06655	0.01048
1346.13799	0.00936
1344.20942	0.00850
1342.28086	0.00791
1340.35229	0.00756
1338.42373	0.00728
1336.49517	0.00703
1334.56660	0.00691
1332.63804	0.00696
1330.70947	0.00705
1328.78091	0.00696
1326.85234	0.00656
1324.92378	0.00586
1322.99521	0.00503
1321.06665	0.00428
1319.13809	0.00370
1317.20952	0.00328
1315.28096	0.00297
1313.35239	0.00275
1311.42383	0.00268
1309.49526	0.00292
1307.56670	0.00346
1305.63813	0.00394
1303.70957	0.00401
1301.78101	0.00381
1299.85244	0.00371
1297.92388	0.00382
1295.99531	0.00390
1294.06675	0.00371
1292.13818	0.00325
1290.20962	0.00264
1288.28105	0.00203
1286.35249	0.00149
1284.42393	0.00104
1282.49536	0.00067
1280.56680	0.00035
1278.63823	0.00005
1276.70967	-0.00020
1274.78110	-0.00033
1272.85254	-0.00035
1270.92397	-0.00034
1268.99541	-0.00041
1267.06685	-0.00049
1265.13828	-0.00047
1263.20972	-0.00031
1261.28115	-0.00001
1259.35259	0.00043
1257.42402	0.00081
1255.49546	0.00084
1253.56689	0.00044
1251.63833	-0.00012
1249.70977	-0.00057
1247.78120	-0.00088
1245.85264	-0.00113
1243.92407	-0.00136
1241.99551	-0.00155
1240.06694	-0.00168
1238.13838	-0.00180
1236.20981	-0.00195
1234.28125	-0.00209
1232.35269	-0.00214
1230.42412	-0.00207
1228.49556	-0.00192
1226.56699	-0.00170
1224.63843	-0.00132
1222.70986	-0.00079
1220.78130	-0.00028
1218.85273	-0.00007
1216.92417	-0.00021
1214.99561	-0.00059
1213.06704	-0.00108
1211.13848	-0.00161
1209.20991	-0.00207
1207.28135	-0.00237
1205.35278	-0.00251
1203.42422	-0.00255
1201.49565	-0.00259
1199.56709	-0.00269
1197.63853	-0.00275
1195.70996	-0.00279
1193.78140	-0.00285
1191.85283	-0.00288
1189.92427	-0.00289
1187.99570	-0.00286
1186.06714	-0.00276
1184.13857	-0.00255
1182.21001	-0.00224
1180.28145	-0.00173
1178.35288	-0.00087
1176.42432	0.00033
1174.49575	0.00187
1172.56719	0.00370
1170.63862	0.00548
1168.71006	0.00684
1166.78149	0.00768
1164.85293	0.00810
1162.92437	0.00825
1160.99580	0.00828
1159.06724	0.00828
1157.13867	0.00828
1155.21011	0.00827
1153.28154	0.00807
1151.35298	0.00741
1149.42441	0.00630
1147.49585	0.00500
1145.56729	0.00371
1143.63872	0.00250
1141.71016	0.00145
1139.78159	0.00057
1137.85303	-0.00021
1135.92446	-0.00091
1133.99590	-0.00139
1132.06733	-0.00166
1130.13877	-0.00185
1128.21021	-0.00198
1126.28164	-0.00202
1124.35308	-0.00191
1122.42451	-0.00172
1120.49595	-0.00161
1118.56738	-0.00158
1116.63882	-0.00154
1114.71025	-0.00137
1112.78169	-0.00105
1110.85312	-0.00060
1108.92456	0.00002
1106.99600	0.00080
1105.06743	0.00153
1103.13887	0.00190
1101.21030	0.00178
1099.28174	0.00128
1097.35317	0.00066
1095.42461	0.00012
1093.49604	-0.00037
1091.56748	-0.00087
1089.63892	-0.00131
1087.71035	-0.00153
1085.78179	-0.00157
1083.85322	-0.00155
1081.92466	-0.00154
1079.99609	-0.00163
1078.06753	-0.00174
1076.13896	-0.00177
1074.21040	-0.00169
1072.28184	-0.00151
1070.35327	-0.00131
1068.42471	-0.00118
1066.49614	-0.00110
1064.56758	-0.00099
1062.63901	-0.00082
1060.71045	-0.00063
1058.78188	-0.00047
1056.85332	-0.00027
1054.92476	0.00005
1052.99619	0.00044
1051.06763	0.00082
1049.13906	0.00118
1047.21050	0.00148
1045.28193	0.00165
1043.35337	0.00173
1041.42480	0.00177
1039.49624	0.00172
1037.56768	0.00158
1035.63911	0.00137
1033.71055	0.00112
1031.78198	0.00088
1029.85342	0.00074
1027.92485	0.00071
1025.99629	0.00072
1024.06772	0.00070
1022.13916	0.00066
1020.21060	0.00068
1018.28203	0.00075
1016.35347	0.00085
1014.42490	0.00094
1012.49634	0.00107
1010.56777	0.00134
1008.63921	0.00176
1006.71064	0.00240
1004.78208	0.00360
1002.85352	0.00556
1000.92495	0.00779
998.99639	0.00921
997.06782	0.00896
995.13926	0.00712
993.21069	0.00467
991.28213	0.00263
989.35356	0.00136
987.42500	0.00079
985.49644	0.00088
983.56787	0.00169
981.63931	0.00329
979.71074	0.00563
977.78218	0.00841
975.85361	0.01097
973.92505	0.01238
971.99648	0.01197
970.06792	0.00998
968.13936	0.00747
966.21079	0.00533
964.28223	0.00384
962.35366	0.00280
960.42510	0.00200
958.49653	0.00137
956.56797	0.00087
954.63940	0.00041
952.71084	0.00001
950.78228	-0.00028
948.85371	-0.00049
946.92515	-0.00064
944.99658	-0.00069
943.06802	-0.00070
941.13945	-0.00083
939.21089	-0.00129
937.28232	-0.00204
935.35376	-0.00275
933.42520	-0.00321
931.49663	-0.00356
929.56807	-0.00390
927.63950	-0.00412
925.71094	-0.00419
923.78237	-0.00418
921.85381	-0.00422
919.92524	-0.00433
917.99668	-0.00437
916.06812	-0.00417
914.13955	-0.00369
912.21099	-0.00309
910.28242	-0.00243
908.35386	-0.00150
906.42529	-0.00015
904.49673	0.00161
902.56816	0.00353
900.63960	0.00494
898.71104	0.00515
896.78247	0.00408
894.85391	0.00234
892.92534	0.00076
890.99678	-0.00027
889.06821	-0.00077
887.13965	-0.00076
885.21108	-0.00017
883.28252	0.00089
881.35396	0.00218
879.42539	0.00379
877.49683	0.00572
875.56826	0.00727
873.63970	0.00762
871.71113	0.00677
869.78257	0.00523
867.85400	0.00348
865.92544	0.00189
863.99687	0.00069
862.06831	-0.00009
860.13975	-0.00054
858.21118	-0.00081
856.28262	-0.00096
854.35405	-0.00089
852.42549	-0.00058
850.49692	0.00011
848.56836	0.00126
846.63979	0.00290
844.71123	0.00502
842.78267	0.00697
840.85410	0.00737
838.92554	0.00585
836.99697	0.00361
835.06841	0.00189
833.13984	0.00097
831.21128	0.00064
829.28271	0.00053
827.35415	0.00046
825.42559	0.00051
823.49702	0.00076
821.56846	0.00124
819.63989	0.00200
817.71133	0.00306
815.78276	0.00429
813.85420	0.00555
811.92563	0.00664
809.99707	0.00716
808.06851	0.00679
806.13994	0.00565
804.21138	0.00430
802.28281	0.00331
800.35425	0.00281
798.42568	0.00243
796.49712	0.00191
794.56855	0.00147
792.63999	0.00125
790.71143	0.00096
788.78286	0.00054
786.85430	0.00033
784.92573	0.00035
782.99717	0.00047
781.06860	0.00069
779.14004	0.00078
777.21147	0.00063
775.28291	0.00068
773.35435	0.00115
771.42578	0.00172
769.49722	0.00217
767.56865	0.00252
765.64009	0.00279
763.71152	0.00299
761.78296	0.00332
759.85439	0.00383
757.92583	0.00435
755.99727	0.00482
754.06870	0.00528
752.14014	0.00572
750.21157	0.00611
748.28301	0.00657
746.35444	0.00719
744.42588	0.00800
742.49731	0.00881
740.56875	0.00941
738.64019	0.00997
736.71162	0.01062
734.78306	0.01128
732.85449	0.01182
730.92593	0.01217
728.99736	0.01249
727.06880	0.01308
725.14023	0.01387
723.21167	0.01418
721.28311	0.01453
719.35454	0.01506
717.42598	0.01596
715.49741	0.01714
713.56885	0.01808
711.64028	0.01857
709.71172	0.01879
707.78315	0.01888
705.85459	0.01885
703.92603	0.01878
701.99746	0.01889
700.06890	0.01919
698.14033	0.01945
696.21177	0.01960
694.28320	0.01974
692.35464	0.01997
690.42607	0.02024
688.49751	0.02031
686.56895	0.02020
684.64038	0.02028
682.71182	0.02057
680.78325	0.02078
678.85469	0.02083
676.92612	0.02096
674.99756	0.02126
673.06899	0.02168
671.14043	0.02283
669.21187	0.02480
667.28330	0.02541
665.35474	0.02518
663.42617	0.02444
661.49761	0.02419
659.56904	0.02393
657.64048	0.02364
655.71191	0.02360
653.78335	0.02370
651.85479	0.02380
649.92622	0.02384
647.99766	0.02365
646.06909	0.02339
644.14053	0.02346
642.21196	0.02387
640.28340	0.02439
638.35483	0.02493
636.42627	0.02562
634.49771	0.02631
632.56914	0.02643
630.64058	0.02604
628.71201	0.02556
626.78345	0.02504
624.85488	0.02466
622.92632	0.02476
620.99775	0.02470
619.06919	0.02396
617.14062	0.02342
615.21206	0.02360
613.28350	0.02394
611.35493	0.02422
609.42637	0.02429
607.49780	0.02414
605.56924	0.02360
603.64067	0.02297
601.71211	0.02339
599.78354	0.02430
