3997.91411	0.00211
3995.98555	0.00212
3994.05698	0.00205
3992.12842	0.00203
3990.19985	0.00211
3988.27129	0.00213
3986.34272	0.00207
3984.41416	0.00204
3982.48560	0.00209
3980.55703	0.00216
3978.62847	0.00223
3976.69990	0.00229
3974.77134	0.00232
3972.84277	0.00231
3970.91421	0.00224
3968.98564	0.00216
3967.05708	0.00219
3965.12852	0.00233
3963.19995	0.00247
3961.27139	0.00253
3959.34282	0.00242
3957.41426	0.00222
3955.48569	0.00207
3953.55713	0.00204
3951.62856	0.00211
3949.70000	0.00225
3947.77144	0.00239
3945.84287	0.00247
3943.91431	0.00245
3941.98574	0.00235
3940.05718	0.00222
3938.12861	0.00213
3936.20005	0.00212
3934.27148	0.00225
3932.34292	0.00243
3930.41436	0.00248
3928.48579	0.00236
3926.55723	0.00220
3924.62866	0.00213
3922.70010	0.00220
3920.77153	0.00234
3918.84297	0.00248
3916.91440	0.00250
3914.98584	0.00236
3913.05728	0.00217
3911.12871	0.00203
3909.20015	0.00200
3907.27158	0.00208
3905.34302	0.00223
3903.41445	0.00241
3901.48589	0.00254
3899.55732	0.00255
3897.62876	0.00241
3895.70020	0.00215
3893.77163	0.00197
3891.84307	0.00198
3889.91450	0.00205
3887.98594	0.00213
3886.05737	0.00231
3884.12881	0.00246
3882.20024	0.00239
3880.27168	0.00223
3878.34312	0.00207
3876.41455	0.00185
3874.48599	0.00174
3872.55742	0.00186
3870.62886	0.00208
3868.70029	0.00227
3866.77173	0.00237
3864.84316	0.00244
3862.91460	0.00251
3860.98604	0.00246
3859.05747	0.00220
3857.12891	0.00178
3855.20034	0.00151
3853.27178	0.00170
3851.34321	0.00210
3849.41465	0.00226
3847.48608	0.00218
3845.55752	0.00201
3843.62896	0.00187
3841.70039	0.00176
3839.77183	0.00177
3837.84326	0.00192
3835.91470	0.00207
3833.98613	0.00214
3832.05757	0.00214
3830.12900	0.00211
3828.20044	0.00208
3826.27187	0.00205
3824.34331	0.00199
3822.41475	0.00206
3820.48618	0.00225
3818.55762	0.00223
3816.62905	0.00200
3814.70049	0.00189
3812.77192	0.00192
3810.84336	0.00193
3808.91479	0.00189
3806.98623	0.00185
3805.05767	0.00179
3803.12910	0.00168
3801.20054	0.00166
3799.27197	0.00174
3797.34341	0.00184
3795.41484	0.00202
3793.48628	0.00223
3791.55771	0.00234
3789.62915	0.00226
3787.70059	0.00206
3785.77202	0.00192
3783.84346	0.00193
3781.91489	0.00199
3779.98633	0.00205
3778.05776	0.00213
3776.12920	0.00214
3774.20063	0.00204
3772.27207	0.00190
3770.34351	0.00182
3768.41494	0.00188
3766.48638	0.00201
3764.55781	0.00210
3762.62925	0.00208
3760.70068	0.00195
3758.77212	0.00189
3756.84355	0.00188
3754.91499	0.00174
3752.98643	0.00157
3751.05786	0.00164
3749.12930	0.00189
3747.20073	0.00208
3745.27217	0.00225
3743.34360	0.00237
3741.41504	0.00231
3739.48647	0.00220
3737.55791	0.00223
3735.62935	0.00230
3733.70078	0.00233
3731.77222	0.00239
3729.84365	0.00250
3727.91509	0.00260
3725.98652	0.00262
3724.05796	0.00255
3722.12939	0.00243
3720.20083	0.00235
3718.27227	0.00229
3716.34370	0.00214
3714.41514	0.00193
3712.48657	0.00191
3710.55801	0.00218
3708.62944	0.00240
3706.70088	0.00236
3704.77231	0.00212
3702.84375	0.00192
3700.91519	0.00205
3698.98662	0.00230
3697.05806	0.00227
3695.12949	0.00195
3693.20093	0.00163
3691.27236	0.00155
3689.34380	0.00171
3687.41523	0.00190
3685.48667	0.00193
3683.55811	0.00186
3681.62954	0.00178
3679.70098	0.00162
3677.77241	0.00137
3675.84385	0.00129
3673.91528	0.00145
3671.98672	0.00160
3670.05815	0.00175
3668.12959	0.00188
3666.20103	0.00176
3664.27246	0.00149
3662.34390	0.00136
3660.41533	0.00143
3658.48677	0.00159
3656.55820	0.00175
3654.62964	0.00183
3652.70107	0.00179
3650.77251	0.00185
3648.84395	0.00208
3646.91538	0.00224
3644.98682	0.00236
3643.05825	0.00255
3641.12969	0.00268
3639.20112	0.00262
3637.27256	0.00250
3635.34399	0.00248
3633.41543	0.00252
3631.48687	0.00253
3629.55830	0.00265
3627.62974	0.00298
3625.70117	0.00323
3623.77261	0.00322
3621.84404	0.00307
3619.91548	0.00309
3617.98691	0.00340
3616.05835	0.00365
3614.12979	0.00370
3612.20122	0.00370
3610.27266	0.00372
3608.34409	0.00384
3606.41553	0.00406
3604.48696	0.00417
3602.55840	0.00412
3600.62983	0.00410
3598.70127	0.00423
3596.77271	0.00445
3594.84414	0.00466
3592.91558	0.00470
3590.98701	0.00456
3589.05845	0.00455
3587.12988	0.00479
3585.20132	0.00505
3583.27275	0.00512
3581.34419	0.00496
3579.41562	0.00470
3577.48706	0.00458
3575.55850	0.00472
3573.62993	0.00507
3571.70137	0.00551
3569.77280	0.00598
3567.84424	0.00641
3565.91567	0.00655
3563.98711	0.00638
3562.05854	0.00622
3560.12998	0.00614
3558.20142	0.00599
3556.27285	0.00589
3554.34429	0.00607
3552.41572	0.00643
3550.48716	0.00672
3548.55859	0.00692
3546.63003	0.00715
3544.70146	0.00735
3542.77290	0.00742
3540.84434	0.00744
3538.91577	0.00758
3536.98721	0.00782
3535.05864	0.00802
3533.13008	0.00808
3531.20151	0.00806
3529.27295	0.00806
3527.34438	0.00823
3525.41582	0.00844
3523.48726	0.00852
3521.55869	0.00851
3519.63013	0.00853
3517.70156	0.00860
3515.77300	0.00871
3513.84443	0.00892
3511.91587	0.00917
3509.98730	0.00928
3508.05874	0.00918
3506.13018	0.00907
3504.20161	0.00919
3502.27305	0.00940
3500.34448	0.00946
3498.41592	0.00956
3496.48735	0.00986
3494.55879	0.01020
3492.63022	0.01053
3490.70166	0.01086
3488.77310	0.01095
3486.84453	0.01071
3484.91597	0.01039
3482.98740	0.01019
3481.05884	0.01023
3479.13027	0.01060
3477.20171	0.01107
3475.27314	0.01127
3473.34458	0.01122
3471.41602	0.01119
3469.48745	0.01128
3467.55889	0.01150
3465.63032	0.01176
3463.70176	0.01197
3461.77319	0.01202
3459.84463	0.01192
3457.91606	0.01181
3455.98750	0.01194
3454.05894	0.01223
3452.13037	0.01242
3450.20181	0.01246
3448.27324	0.01248
3446.34468	0.01262
3444.41611	0.01287
3442.48755	0.01298
3440.55898	0.01281
3438.63042	0.01256
3436.70186	0.01249
3434.77329	0.01264
3432.84473	0.01287
3430.91616	0.01297
3428.98760	0.01287
3427.05903	0.01271
3425.13047	0.01269
3423.20190	0.01292
3421.27334	0.01328
3419.34478	0.01353
3417.41621	0.01360
3415.48765	0.01366
3413.55908	0.01376
3411.63052	0.01375
3409.70195	0.01358
3407.77339	0.01333
3405.84482	0.01307
3403.91626	0.01298
3401.98770	0.01310
3400.05913	0.01318
3398.13057	0.01317
3396.20200	0.01305
3394.27344	0.01288
3392.34487	0.01281
3390.41631	0.01296
3388.48774	0.01318
3386.55918	0.01336
3384.63062	0.01355
3382.70205	0.01380
3380.77349	0.01407
3378.84492	0.01414
3376.91636	0.01398
3374.98779	0.01382
3373.05923	0.01380
3371.13066	0.01389
3369.20210	0.01407
3367.27354	0.01439
3365.34497	0.01464
3363.41641	0.01460
3361.48784	0.01450
3359.55928	0.01465
3357.63071	0.01491
3355.70215	0.01498
3353.77358	0.01485
3351.84502	0.01470
3349.91646	0.01471
3347.98789	0.01494
3346.05933	0.01515
3344.13076	0.01523
3342.20220	0.01537
3340.27363	0.01553
3338.34507	0.01552
3336.41650	0.01555
3334.48794	0.01570
3332.55937	0.01577
3330.63081	0.01563
3328.70225	0.01542
3326.77368	0.01527
3324.84512	0.01521
3322.91655	0.01522
3320.98799	0.01530
3319.05942	0.01540
3317.13086	0.01541
3315.20229	0.01532
3313.27373	0.01527
3311.34517	0.01528
3309.41660	0.01519
3307.48804	0.01503
3305.55947	0.01501
3303.63091	0.01514
3301.70234	0.01523
3299.77378	0.01516
3297.84521	0.01504
3295.91665	0.01504
3293.98809	0.01512
3292.05952	0.01513
3290.13096	0.01510
3288.20239	0.01515
3286.27383	0.01520
3284.34526	0.01512
3282.41670	0.01497
3280.48813	0.01488
3278.55957	0.01485
3276.63101	0.01486
3274.70244	0.01491
3272.77388	0.01499
3270.84531	0.01505
3268.91675	0.01503
3266.98818	0.01490
3265.05962	0.01471
3263.13105	0.01458
3261.20249	0.01453
3259.27393	0.01446
3257.34536	0.01434
3255.41680	0.01426
3253.48823	0.01419
3251.55967	0.01403
3249.63110	0.01382
3247.70254	0.01373
3245.77397	0.01367
3243.84541	0.01348
3241.91685	0.01334
3239.98828	0.01345
3238.05972	0.01360
3236.13115	0.01354
3234.20259	0.01341
3232.27402	0.01334
3230.34546	0.01326
3228.41689	0.01322
3226.48833	0.01325
3224.55977	0.01322
3222.63120	0.01312
3220.70264	0.01306
3218.77407	0.01310
3216.84551	0.01313
3214.91694	0.01312
3212.98838	0.01309
3211.05981	0.01299
3209.13125	0.01282
3207.20269	0.01263
3205.27412	0.01245
3203.34556	0.01232
3201.41699	0.01230
3199.48843	0.01224
3197.55986	0.01207
3195.63130	0.01197
3193.70273	0.01197
3191.77417	0.01191
3189.84561	0.01181
3187.91704	0.01176
3185.98848	0.01173
3184.05991	0.01159
3182.13135	0.01140
3180.20278	0.01133
3178.27422	0.01139
3176.34565	0.01148
3174.41709	0.01152
3172.48853	0.01146
3170.55996	0.01132
3168.63140	0.01117
3166.70283	0.01099
3164.77427	0.01085
3162.84570	0.01081
3160.91714	0.01070
3158.98857	0.01050
3157.06001	0.01043
3155.13145	0.01043
3153.20288	0.01040
3151.27432	0.01041
3149.34575	0.01037
3147.41719	0.01022
3145.48862	0.01009
3143.56006	0.01002
3141.63149	0.00990
3139.70293	0.00981
3137.77437	0.00986
3135.84580	0.00990
3133.91724	0.00980
3131.98867	0.00966
3130.06011	0.00957
3128.13154	0.00953
3126.20298	0.00947
3124.27441	0.00927
3122.34585	0.00903
3120.41729	0.00887
3118.48872	0.00876
3116.56016	0.00871
3114.63159	0.00872
3112.70303	0.00873
3110.77446	0.00866
3108.84590	0.00855
3106.91733	0.00847
3104.98877	0.00834
3103.06021	0.00811
3101.13164	0.00790
3099.20308	0.00785
3097.27451	0.00792
3095.34595	0.00792
3093.41738	0.00781
3091.48882	0.00767
3089.56025	0.00750
3087.63169	0.00737
3085.70312	0.00728
3083.77456	0.00723
3081.84600	0.00721
3079.91743	0.00720
3077.98887	0.00711
3076.06030	0.00692
3074.13174	0.00673
3072.20317	0.00662
3070.27461	0.00659
3068.34604	0.00658
3066.41748	0.00655
3064.48892	0.00645
3062.56035	0.00629
3060.63179	0.00614
3058.70322	0.00604
3056.77466	0.00595
3054.84609	0.00592
3052.91753	0.00594
3050.98896	0.00590
3049.06040	0.00573
3047.13184	0.00556
3045.20327	0.00541
3043.27471	0.00530
3041.34614	0.00532
3039.41758	0.00532
3037.48901	0.00511
3035.56045	0.00478
3033.63188	0.00466
3031.70332	0.00477
3029.77476	0.00481
3027.84619	0.00467
3025.91763	0.00452
3023.98906	0.00441
3022.06050	0.00436
3020.13193	0.00434
3018.20337	0.00434
3016.27480	0.00432
3014.34624	0.00426
3012.41768	0.00424
3010.48911	0.00429
3008.56055	0.00444
3006.63198	0.00466
3004.70342	0.00489
3002.77485	0.00512
3000.84629	0.00537
2998.91772	0.00570
2996.98916	0.00613
2995.06060	0.00679
2993.13203	0.00764
2991.20347	0.00851
2989.27490	0.00954
2987.34634	0.01098
2985.41777	0.01282
2983.48921	0.01502
2981.56064	0.01757
2979.63208	0.02052
2977.70352	0.02403
2975.77495	0.02834
2973.84639	0.03364
2971.91782	0.04009
2969.98926	0.04763
2968.06069	0.05609
2966.13213	0.06531
2964.20356	0.07481
2962.27500	0.08364
2960.34644	0.09082
2958.41787	0.09604
2956.48931	0.09971
2954.56074	0.10216
2952.63218	0.10315
2950.70361	0.10193
2948.77505	0.09775
2946.84648	0.09069
2944.91792	0.08210
2942.98936	0.07412
2941.06079	0.06855
2939.13223	0.06616
2937.20366	0.06682
2935.27510	0.07005
2933.34653	0.07523
2931.41797	0.08179
2929.48940	0.08905
2927.56084	0.09622
2925.63228	0.10259
2923.70371	0.10805
2921.77515	0.11287
2919.84658	0.11683
2917.91802	0.11895
2915.98945	0.11856
2914.06089	0.11601
2912.13232	0.11248
2910.20376	0.10900
2908.27520	0.10575
2906.34663	0.10232
2904.41807	0.09840
2902.48950	0.09407
2900.56094	0.08958
2898.63237	0.08524
2896.70381	0.08133
2894.77524	0.07810
2892.84668	0.07566
2890.91812	0.07398
2888.98955	0.07294
2887.06099	0.07245
2885.13242	0.07253
2883.20386	0.07323
2881.27529	0.07456
2879.34673	0.07617
2877.41816	0.07736
2875.48960	0.07775
2873.56104	0.07767
2871.63247	0.07766
2869.70391	0.07785
2867.77534	0.07763
2865.84678	0.07562
2863.91821	0.07099
2861.98965	0.06461
2860.06108	0.05838
2858.13252	0.05371
2856.20396	0.05104
2854.27539	0.05022
2852.34683	0.05085
2850.41826	0.05252
2848.48970	0.05518
2846.56113	0.05914
2844.63257	0.06433
2842.70400	0.07009
2840.77544	0.07536
2838.84687	0.07878
2836.91831	0.07885
2834.98975	0.07489
2833.06118	0.06797
2831.13262	0.06033
2829.20405	0.05371
2827.27549	0.04862
2825.34692	0.04478
2823.41836	0.04182
2821.48979	0.03948
2819.56123	0.03761
2817.63267	0.03615
2815.70410	0.03496
2813.77554	0.03388
2811.84697	0.03287
2809.91841	0.03198
2807.98984	0.03117
2806.06128	0.03026
2804.13271	0.02928
2802.20415	0.02841
2800.27559	0.02769
2798.34702	0.02707
2796.41846	0.02657
2794.48989	0.02613
2792.56133	0.02560
2790.63276	0.02493
2788.70420	0.02424
2786.77563	0.02363
2784.84707	0.02312
2782.91851	0.02263
2780.98994	0.02218
2779.06138	0.02181
2777.13281	0.02143
2775.20425	0.02102
2773.27568	0.02071
2771.34712	0.02054
2769.41855	0.02037
2767.48999	0.02018
2765.56143	0.02003
2763.63286	0.01990
2761.70430	0.01971
2759.77573	0.01947
2757.84717	0.01926
2755.91860	0.01909
2753.99004	0.01895
2752.06147	0.01880
2750.13291	0.01868
2748.20435	0.01858
2746.27578	0.01855
2744.34722	0.01859
2742.41865	0.01858
2740.49009	0.01858
2738.56152	0.01866
2736.63296	0.01877
2734.70439	0.01890
2732.77583	0.01909
2730.84727	0.01932
2728.91870	0.01954
2726.99014	0.01973
2725.06157	0.01987
2723.13301	0.01997
2721.20444	0.01998
2719.27588	0.01976
2717.34731	0.01933
2715.41875	0.01886
2713.49019	0.01845
2711.56162	0.01804
2709.63306	0.01767
2707.70449	0.01740
2705.77593	0.01722
2703.84736	0.01707
2701.91880	0.01694
2699.99023	0.01683
2698.06167	0.01674
2696.13311	0.01664
2694.20454	0.01656
2692.27598	0.01654
2690.34741	0.01649
2688.41885	0.01638
2686.49028	0.01628
2684.56172	0.01621
2682.63315	0.01613
2680.70459	0.01607
2678.77603	0.01608
2676.84746	0.01615
2674.91890	0.01620
2672.99033	0.01614
2671.06177	0.01600
2669.13320	0.01588
2667.20464	0.01585
2665.27607	0.01598
2663.34751	0.01619
2661.41895	0.01636
2659.49038	0.01644
2657.56182	0.01643
2655.63325	0.01638
2653.70469	0.01633
2651.77612	0.01625
2649.84756	0.01616
2647.91899	0.01608
2645.99043	0.01599
2644.06187	0.01588
2642.13330	0.01577
2640.20474	0.01564
2638.27617	0.01549
2636.34761	0.01534
2634.41904	0.01522
2632.49048	0.01513
2630.56191	0.01509
2628.63335	0.01510
2626.70479	0.01509
2624.77622	0.01509
2622.84766	0.01509
2620.91909	0.01508
2618.99053	0.01503
2617.06196	0.01503
2615.13340	0.01511
2613.20483	0.01509
2611.27627	0.01484
2609.34771	0.01455
2607.41914	0.01437
2605.49058	0.01421
2603.56201	0.01397
2601.63345	0.01369
2599.70488	0.01349
2597.77632	0.01346
2595.84775	0.01353
2593.91919	0.01356
2591.99062	0.01353
2590.06206	0.01351
2588.13350	0.01360
2586.20493	0.01377
2584.27637	0.01394
2582.34780	0.01404
2580.41924	0.01396
2578.49067	0.01367
2576.56211	0.01342
2574.63354	0.01332
2572.70498	0.01321
2570.77642	0.01299
2568.84785	0.01273
2566.91929	0.01254
2564.99072	0.01244
2563.06216	0.01236
2561.13359	0.01223
2559.20503	0.01207
2557.27646	0.01200
2555.34790	0.01203
2553.41934	0.01208
2551.49077	0.01202
2549.56221	0.01192
2547.63364	0.01181
2545.70508	0.01162
2543.77651	0.01143
2541.84795	0.01137
2539.91938	0.01135
2537.99082	0.01127
2536.06226	0.01121
2534.13369	0.01129
2532.20513	0.01135
2530.27656	0.01116
2528.34800	0.01087
2526.41943	0.01079
2524.49087	0.01089
2522.56230	0.01085
2520.63374	0.01070
2518.70518	0.01067
2516.77661	0.01072
2514.84805	0.01066
2512.91948	0.01057
2510.99092	0.01058
2509.06235	0.01056
2507.13379	0.01040
2505.20522	0.01022
2503.27666	0.01012
2501.34810	0.01008
2499.41953	0.01014
2497.49097	0.01024
2495.56240	0.01024
2493.63384	0.01013
2491.70527	0.00997
2489.77671	0.00985
2487.84814	0.00980
2485.91958	0.00983
2483.99102	0.00981
2482.06245	0.00972
2480.13389	0.00965
2478.20532	0.00966
2476.27676	0.00963
2474.34819	0.00953
2472.41963	0.00946
2470.49106	0.00949
2468.56250	0.00954
2466.63394	0.00956
2464.70537	0.00960
2462.77681	0.00972
2460.84824	0.00989
2458.91968	0.01003
2456.99111	0.01003
2455.06255	0.00990
2453.13398	0.00975
2451.20542	0.00966
2449.27686	0.00956
2447.34829	0.00942
2445.41973	0.00931
2443.49116	0.00939
2441.56260	0.00957
2439.63403	0.00958
2437.70547	0.00946
2435.77690	0.00949
2433.84834	0.00962
2431.91978	0.00961
2429.99121	0.00945
2428.06265	0.00931
2426.13408	0.00930
2424.20552	0.00936
2422.27695	0.00935
2420.34839	0.00924
2418.41982	0.00907
2416.49126	0.00893
2414.56270	0.00888
2412.63413	0.00892
2410.70557	0.00901
2408.77700	0.00901
2406.84844	0.00886
2404.91987	0.00871
2402.99131	0.00870
2401.06274	0.00870
2399.13418	0.00789
2397.20562	0.00769
2395.27705	0.00797
2393.34849	0.00838
2391.41992	0.00877
2389.49136	0.00909
2387.56279	0.00941
2385.63423	0.00984
2383.70566	0.01033
2381.77710	0.01074
2379.84854	0.01090
2377.91997	0.01074
2375.99141	0.01029
2374.06284	0.00971
2372.13428	0.00923
2370.20571	0.00894
2368.27715	0.00885
2366.34858	0.00898
2364.42002	0.00940
2362.49146	0.00990
2360.56289	0.01023
2358.63433	0.01031
2356.70576	0.01044
2354.77720	0.01106
2352.84863	0.01256
2350.92007	0.01415
2348.99150	0.01479
2347.06294	0.01351
2345.13437	0.01193
2343.20581	0.01127
2341.27725	0.01132
2339.34868	0.01157
2337.42012	0.01184
2335.49155	0.01193
2333.56299	0.01200
2331.63442	0.01233
2329.70586	0.01315
2327.77729	0.01472
2325.84873	0.01612
2323.92017	0.01624
2321.99160	0.01523
2320.06304	0.01417
2318.13447	0.01362
2316.20591	0.01333
2314.27734	0.01301
2312.34878	0.01274
2310.42021	0.01247
2308.49165	0.01220
2306.56309	0.01195
2304.63452	0.01183
2302.70596	0.01177
2300.77739	0.01169
2298.84883	0.01167
2296.92026	0.01171
2294.99170	0.01168
2293.06313	0.01161
2291.13457	0.01158
2289.20601	0.01161
2287.27744	0.01153
2285.34888	0.01116
2283.42031	0.01063
2281.49175	0.01013
2279.56318	0.00977
2277.63462	0.00963
2275.70605	0.00972
2273.77749	0.00986
2271.84893	0.00982
2269.92036	0.00966
2267.99180	0.00957
2266.06323	0.00965
2264.13467	0.00978
2262.20610	0.00985
2260.27754	0.00991
2258.34897	0.00987
2256.42041	0.00955
2254.49185	0.00921
2252.56328	0.00935
2250.63472	0.00971
2248.70615	0.00935
2246.77759	0.00918
2244.84902	0.00897
2242.92046	0.00885
2240.99189	0.00879
2239.06333	0.00893
2237.13477	0.00915
2235.20620	0.00911
2233.27764	0.00894
2231.34907	0.00900
2229.42051	0.00904
2227.49194	0.00887
2225.56338	0.00867
2223.63481	0.00860
2221.70625	0.00870
2219.77769	0.00893
2217.84912	0.00904
2215.92056	0.00890
2213.99199	0.00866
2212.06343	0.00862
2210.13486	0.00875
2208.20630	0.00873
2206.27773	0.00853
2204.34917	0.00836
2202.42061	0.00821
2200.49204	0.00810
2198.56348	0.00824
2196.63491	0.00859
2194.70635	0.00892
2192.77778	0.00916
2190.84922	0.00939
2188.92065	0.00963
2186.99209	0.00978
2185.06353	0.00956
2183.13496	0.00885
2181.20640	0.00840
2179.27783	0.00869
2177.34927	0.00867
2175.42070	0.00798
2173.49214	0.00792
2171.56357	0.00883
2169.63501	0.00984
2167.70645	0.01049
2165.77788	0.01094
2163.84932	0.01128
2161.92075	0.01036
2159.99219	0.00654
2158.06362	0.00212
2156.13506	0.00104
2154.20649	0.00219
2152.27793	0.00319
2150.34937	0.00378
2148.42080	0.00414
2146.49224	0.00429
2144.56367	0.00456
2142.63511	0.00497
2140.70654	0.00520
2138.77798	0.00514
2136.84941	0.00464
2134.92085	0.00372
2132.99229	0.00321
2131.06372	0.00358
2129.13516	0.00430
2127.20659	0.00484
2125.27803	0.00531
2123.34946	0.00588
2121.42090	0.00635
2119.49233	0.00660
2117.56377	0.00685
2115.63521	0.00721
2113.70664	0.00760
2111.77808	0.00788
2109.84951	0.00794
2107.92095	0.00785
2105.99238	0.00775
2104.06382	0.00761
2102.13525	0.00748
2100.20669	0.00750
2098.27812	0.00727
2096.34956	0.00670
2094.42100	0.00637
2092.49243	0.00667
2090.56387	0.00717
2088.63530	0.00743
2086.70674	0.00748
2084.77817	0.00756
2082.84961	0.00766
2080.92104	0.00767
2078.99248	0.00767
2077.06392	0.00776
2075.13535	0.00783
2073.20679	0.00781
2071.27822	0.00774
2069.34966	0.00767
2067.42109	0.00756
2065.49253	0.00738
2063.56396	0.00732
2061.63540	0.00747
2059.70684	0.00771
2057.77827	0.00783
2055.84971	0.00780
2053.92114	0.00826
2051.99258	0.00927
2050.06401	0.00945
2048.13545	0.00838
2046.20688	0.00742
2044.27832	0.00721
2042.34976	0.00733
2040.42119	0.00761
2038.49263	0.00780
2036.56406	0.00761
2034.63550	0.00704
2032.70693	0.00635
2030.77837	0.00594
2028.84980	0.00601
2026.92124	0.00630
2024.99268	0.00638
2023.06411	0.00604
2021.13555	0.00559
2019.20698	0.00541
2017.27842	0.00552
2015.34985	0.00552
2013.42129	0.00523
2011.49272	0.00507
2009.56416	0.00523
2007.63560	0.00516
2005.70703	0.00464
2003.77847	0.00424
2001.84990	0.00443
1999.92134	0.00506
1997.99277	0.00568
1996.06421	0.00612
1994.13564	0.00648
1992.20708	0.00688
1990.27852	0.00724
1988.34995	0.00760
1986.42139	0.00808
1984.49282	0.00876
1982.56426	0.00949
1980.63569	0.00933
1978.70713	0.00754
1976.77856	0.00544
1974.85000	0.00459
1972.92144	0.00447
1970.99287	0.00441
1969.06431	0.00447
1967.13574	0.00450
1965.20718	0.00434
1963.27861	0.00408
1961.35005	0.00380
1959.42148	0.00377
1957.49292	0.00425
1955.56436	0.00489
1953.63579	0.00518
1951.70723	0.00502
1949.77866	0.00468
1947.85010	0.00452
1945.92153	0.00466
1943.99297	0.00492
1942.06440	0.00506
1940.13584	0.00510
1938.20728	0.00511
1936.27871	0.00506
1934.35015	0.00491
1932.42158	0.00476
1930.49302	0.00475
1928.56445	0.00489
1926.63589	0.00508
1924.70732	0.00527
1922.77876	0.00542
1920.85020	0.00554
1918.92163	0.00569
1916.99307	0.00588
1915.06450	0.00592
1913.13594	0.00571
1911.20737	0.00541
1909.27881	0.00528
1907.35024	0.00531
1905.42168	0.00540
1903.49312	0.00557
1901.56455	0.00581
1899.63599	0.00600
1897.70742	0.00605
1895.77886	0.00604
1893.85029	0.00608
1891.92173	0.00613
1889.99316	0.00612
1888.06460	0.00608
1886.13604	0.00598
1884.20747	0.00598
1882.27891	0.00616
1880.35034	0.00631
1878.42178	0.00622
1876.49321	0.00598
1874.56465	0.00578
1872.63608	0.00573
1870.70752	0.00582
1868.77896	0.00591
1866.85039	0.00595
1864.92183	0.00602
1862.99326	0.00610
1861.06470	0.00616
1859.13613	0.00626
1857.20757	0.00633
1855.27900	0.00627
1853.35044	0.00620
1851.42187	0.00626
1849.49331	0.00637
1847.56475	0.00635
1845.63618	0.00625
1843.70762	0.00622
1841.77905	0.00625
1839.85049	0.00629
1837.92192	0.00633
1835.99336	0.00635
1834.06479	0.00634
1832.13623	0.00631
1830.20767	0.00630
1828.27910	0.00633
1826.35054	0.00640
1824.42197	0.00649
1822.49341	0.00651
1820.56484	0.00637
1818.63628	0.00618
1816.70771	0.00614
1814.77915	0.00632
1812.85059	0.00655
1810.92202	0.00675
1808.99346	0.00696
1807.06489	0.00720
1805.13633	0.00745
1803.20776	0.00769
1801.27920	0.00790
1799.35063	0.00805
1797.42207	0.00820
1795.49351	0.00839
1793.56494	0.00868
1791.63638	0.00908
1789.70781	0.00946
1787.77925	0.00979
1785.85068	0.01017
1783.92212	0.01059
1781.99355	0.01097
1780.06499	0.01134
1778.13643	0.01167
1776.20786	0.01188
1774.27930	0.01208
1772.35073	0.01246
1770.42217	0.01299
1768.49360	0.01343
1766.56504	0.01369
1764.63647	0.01387
1762.70791	0.01417
1760.77935	0.01459
1758.85078	0.01499
1756.92222	0.01533
1754.99365	0.01559
1753.06509	0.01585
1751.13652	0.01619
1749.20796	0.01662
1747.27939	0.01707
1745.35083	0.01746
1743.42227	0.01776
1741.49370	0.01798
1739.56514	0.01817
1737.63657	0.01829
1735.70801	0.01835
1733.77944	0.01850
1731.85088	0.01865
1729.92231	0.01872
1727.99375	0.01887
1726.06519	0.01919
1724.13662	0.01959
1722.20806	0.01979
1720.27949	0.01978
1718.35093	0.01987
1716.42236	0.02027
1714.49380	0.02068
1712.56523	0.02085
1710.63667	0.02080
1708.70811	0.02064
1706.77954	0.02041
1704.85098	0.02015
1702.92241	0.01978
1700.99385	0.01928
1699.06528	0.01878
1697.13672	0.01841
1695.20815	0.01820
1693.27959	0.01804
1691.35103	0.01783
1689.42246	0.01756
1687.49390	0.01719
1685.56533	0.01685
1683.63677	0.01690
1681.70820	0.01720
1679.77964	0.01729
1677.85107	0.01712
1675.92251	0.01694
1673.99395	0.01688
1672.06538	0.01685
1670.13682	0.01696
1668.20825	0.01725
1666.27969	0.01745
1664.35112	0.01749
1662.42256	0.01756
1660.49399	0.01767
1658.56543	0.01757
1656.63687	0.01713
1654.70830	0.01648
1652.77974	0.01586
1650.85117	0.01519
1648.92261	0.01434
1646.99404	0.01371
1645.06548	0.01392
1643.13691	0.01487
1641.20835	0.01597
1639.27979	0.01679
1637.35122	0.01737
1635.42266	0.01803
1633.49409	0.01864
1631.56553	0.01890
1629.63696	0.01890
1627.70840	0.01884
1625.77983	0.01881
1623.85127	0.01887
1621.92271	0.01894
1619.99414	0.01884
1618.06558	0.01868
1616.13701	0.01880
1614.20845	0.01909
1612.27988	0.01917
1610.35132	0.01909
1608.42275	0.01903
1606.49419	0.01906
1604.56562	0.01910
1602.63706	0.01913
1600.70850	0.01917
1598.77993	0.01924
1596.85137	0.01931
1594.92280	0.01933
1592.99424	0.01932
1591.06567	0.01933
1589.13711	0.01941
1587.20854	0.01951
1585.27998	0.01959
1583.35142	0.01965
1581.42285	0.01965
1579.49429	0.01950
1577.56572	0.01930
1575.63716	0.01928
1573.70859	0.01936
1571.78003	0.01932
1569.85146	0.01925
1567.92290	0.01928
1565.99434	0.01928
1564.06577	0.01906
1562.13721	0.01858
1560.20864	0.01807
1558.28008	0.01807
1556.35151	0.01846
1554.42295	0.01867
1552.49438	0.01860
1550.56582	0.01838
1548.63726	0.01807
1546.70869	0.01768
1544.78013	0.01718
1542.85156	0.01650
1540.92300	0.01584
1538.99443	0.01561
1537.06587	0.01567
1535.13730	0.01558
1533.20874	0.01536
1531.28018	0.01518
1529.35161	0.01502
1527.42305	0.01480
1525.49448	0.01453
1523.56592	0.01432
1521.63735	0.01432
1519.70879	0.01446
1517.78022	0.01458
1515.85166	0.01472
1513.92310	0.01486
1511.99453	0.01492
1510.06597	0.01485
1508.13740	0.01473
1506.20884	0.01483
1504.28027	0.01517
1502.35171	0.01546
1500.42314	0.01568
1498.49458	0.01601
1496.56602	0.01654
1494.63745	0.01713
1492.70889	0.01769
1490.78032	0.01835
1488.85176	0.01922
1486.92319	0.02020
1484.99463	0.02123
1483.06606	0.02238
1481.13750	0.02376
1479.20894	0.02548
1477.28037	0.02782
1475.35181	0.03130
1473.42324	0.03637
1471.49468	0.04260
1469.56611	0.04884
1467.63755	0.05525
1465.70898	0.06262
1463.78042	0.06997
1461.85186	0.07525
1459.92329	0.07858
1457.99473	0.08171
1456.06616	0.08500
1454.13760	0.08728
1452.20903	0.08816
1450.28047	0.08739
1448.35190	0.08420
1446.42334	0.07869
1444.49478	0.07248
1442.56621	0.06727
1440.63765	0.06397
1438.70908	0.06262
1436.78052	0.06236
1434.85195	0.06143
1432.92339	0.05884
1430.99482	0.05526
1429.06626	0.05201
1427.13770	0.04975
1425.20913	0.04824
1423.28057	0.04708
1421.35200	0.04609
1419.42344	0.04526
1417.49487	0.04447
1415.56631	0.04351
1413.63774	0.04237
1411.70918	0.04118
1409.78062	0.04003
1407.85205	0.03897
1405.92349	0.03803
1403.99492	0.03719
1402.06636	0.03637
1400.13779	0.03557
1398.20923	0.03477
1396.28066	0.03398
1394.35210	0.03331
1392.42354	0.03301
1390.49497	0.03341
1388.56641	0.03510
1386.63784	0.03889
1384.70928	0.04570
1382.78071	0.05673
1380.85215	0.07248
1378.92358	0.09034
1376.99502	0.10366
1375.06646	0.10590
1373.13789	0.09689
1371.20933	0.08302
1369.28076	0.07030
1367.35220	0.06126
1365.42363	0.05628
1363.49507	0.05460
1361.56650	0.05481
1359.63794	0.05504
1357.70937	0.05381
1355.78081	0.05086
1353.85225	0.04709
1351.92368	0.04356
1349.99512	0.04078
1348.06655	0.03866
1346.13799	0.03703
1344.20942	0.03579
1342.28086	0.03488
1340.35229	0.03426
1338.42373	0.03385
1336.49517	0.03362
1334.56660	0.03359
1332.63804	0.03379
1330.70947	0.03402
1328.78091	0.03400
1326.85234	0.03359
1324.92378	0.03293
1322.99521	0.03234
1321.06665	0.03198
1319.13809	0.03178
1317.20952	0.03154
1315.28096	0.03120
1313.35239	0.03088
1311.42383	0.03079
1309.49526	0.03116
1307.56670	0.03211
1305.63813	0.03319
1303.70957	0.03357
1301.78101	0.03307
1299.85244	0.03239
1297.92388	0.03204
1295.99531	0.03180
1294.06675	0.03137
1292.13818	0.03076
1290.20962	0.03009
1288.28105	0.02945
1286.35249	0.02895
1284.42393	0.02858
1282.49536	0.02833
1280.56680	0.02815
1278.63823	0.02804
1276.70967	0.02796
1274.78110	0.02786
1272.85254	0.02779
1270.92397	0.02786
1268.99541	0.02812
1267.06685	0.02858
1265.13828	0.02919
1263.20972	0.02993
1261.28115	0.03079
1259.35259	0.03176
1257.42402	0.03267
1255.49546	0.03302
1253.56689	0.03243
1251.63833	0.03123
1249.70977	0.03015
1247.78120	0.02947
1245.85264	0.02906
1243.92407	0.02880
1241.99551	0.02876
1240.06694	0.02887
1238.13838	0.02902
1236.20981	0.02913
1234.28125	0.02921
1232.35269	0.02925
1230.42412	0.02924
1228.49556	0.02922
1226.56699	0.02925
1224.63843	0.02943
1222.70986	0.02983
1220.78130	0.03036
1218.85273	0.03081
1216.92417	0.03088
1214.99561	0.03056
1213.06704	0.03017
1211.13848	0.03000
1209.20991	0.02999
1207.28135	0.02995
1205.35278	0.02982
1203.42422	0.02963
1201.49565	0.02943
1199.56709	0.02922
1197.63853	0.02904
1195.70996	0.02882
1193.78140	0.02862
1191.85283	0.02849
1189.92427	0.02848
1187.99570	0.02860
1186.06714	0.02882
1184.13857	0.02914
1182.21001	0.02967
1180.28145	0.03058
1178.35288	0.03194
1176.42432	0.03398
1174.49575	0.03701
1172.56719	0.04102
1170.63862	0.04529
1168.71006	0.04850
1166.78149	0.04959
1164.85293	0.04868
1162.92437	0.04688
1160.99580	0.04506
1159.06724	0.04356
1157.13867	0.04255
1155.21011	0.04197
1153.28154	0.04145
1151.35298	0.04062
1149.42441	0.03951
1147.49585	0.03830
1145.56729	0.03708
1143.63872	0.03595
1141.71016	0.03510
1139.78159	0.03457
1137.85303	0.03423
1135.92446	0.03402
1133.99590	0.03396
1132.06733	0.03405
1130.13877	0.03425
1128.21021	0.03455
1126.28164	0.03484
1124.35308	0.03512
1122.42451	0.03540
1120.49595	0.03569
1118.56738	0.03602
1116.63882	0.03645
1114.71025	0.03691
1112.78169	0.03736
1110.85312	0.03795
1108.92456	0.03886
1106.99600	0.04008
1105.06743	0.04125
1103.13887	0.04194
1101.21030	0.04196
1099.28174	0.04147
1097.35317	0.04086
1095.42461	0.04042
1093.49604	0.04014
1091.56748	0.03986
1089.63892	0.03951
1087.71035	0.03917
1085.78179	0.03895
1083.85322	0.03886
1081.92466	0.03886
1079.99609	0.03887
1078.06753	0.03884
1076.13896	0.03887
1074.21040	0.03907
1072.28184	0.03934
1070.35327	0.03962
1068.42471	0.03986
1066.49614	0.04013
1064.56758	0.04071
1062.63901	0.04151
1060.71045	0.04209
1058.78188	0.04235
1056.85332	0.04256
1054.92476	0.04293
1052.99619	0.04346
1051.06763	0.04405
1049.13906	0.04465
1047.21050	0.04518
1045.28193	0.04551
1043.35337	0.04555
1041.42480	0.04536
1039.49624	0.04518
1037.56768	0.04515
1035.63911	0.04514
1033.71055	0.04498
1031.78198	0.04469
1029.85342	0.04434
1027.92485	0.04397
1025.99629	0.04368
1024.06772	0.04353
1022.13916	0.04338
1020.21060	0.04310
1018.28203	0.04276
1016.35347	0.04248
1014.42490	0.04223
1012.49634	0.04198
1010.56777	0.04193
1008.63921	0.04229
1006.71064	0.04327
1004.78208	0.04544
1002.85352	0.04948
1000.92495	0.05520
998.99639	0.06032
997.06782	0.06158
995.13926	0.05822
993.21069	0.05275
991.28213	0.04786
989.35356	0.04452
987.42500	0.04255
985.49644	0.04162
983.56787	0.04167
981.63931	0.04288
979.71074	0.04557
977.78218	0.04984
975.85361	0.05504
973.92505	0.05909
971.99648	0.05926
970.06792	0.05498
968.13936	0.04889
966.21079	0.04370
964.28223	0.04014
962.35366	0.03776
960.42510	0.03609
958.49653	0.03486
956.56797	0.03400
954.63940	0.03339
952.71084	0.03286
950.78228	0.03241
948.85371	0.03227
946.92515	0.03251
944.99658	0.03287
943.06802	0.03306
941.13945	0.03290
939.21089	0.03227
937.28232	0.03127
935.35376	0.03020
933.42520	0.02931
931.49663	0.02866
929.56807	0.02814
927.63950	0.02764
925.71094	0.02721
923.78237	0.02695
921.85381	0.02681
919.92524	0.02662
917.99668	0.02643
916.06812	0.02640
914.13955	0.02658
912.21099	0.02694
910.28242	0.02745
908.35386	0.02824
906.42529	0.02961
904.49673	0.03173
902.56816	0.03432
900.63960	0.03635
898.71104	0.03659
896.78247	0.03476
894.85391	0.03192
892.92534	0.02941
890.99678	0.02782
889.06821	0.02715
887.13965	0.02731
885.21108	0.02825
883.28252	0.02976
881.35396	0.03179
879.42539	0.03449
877.49683	0.03699
875.56826	0.03765
873.63970	0.03595
871.71113	0.03288
869.78257	0.02985
867.85400	0.02760
865.92544	0.02623
863.99687	0.02563
862.06831	0.02537
860.13975	0.02509
858.21118	0.02485
856.28262	0.02480
854.35405	0.02498
852.42549	0.02548
850.49692	0.02645
848.56836	0.02828
846.63979	0.03192
844.71123	0.03832
842.78267	0.04585
840.85410	0.04927
838.92554	0.04558
836.99697	0.03866
835.06841	0.03345
833.13984	0.03068
831.21128	0.02923
829.28271	0.02847
827.35415	0.02818
825.42559	0.02828
823.49702	0.02876
821.56846	0.02943
819.63989	0.03026
817.71133	0.03149
815.78276	0.03337
813.85420	0.03585
811.92563	0.03829
809.99707	0.03970
808.06851	0.03945
806.13994	0.03776
804.21138	0.03548
802.28281	0.03357
800.35425	0.03236
798.42568	0.03154
796.49712	0.03083
794.56855	0.03013
792.63999	0.02940
790.71143	0.02878
788.78286	0.02846
786.85430	0.02824
784.92573	0.02803
782.99717	0.02789
781.06860	0.02783
779.14004	0.02773
777.21147	0.02744
775.28291	0.02716
773.35435	0.02706
771.42578	0.02697
769.49722	0.02699
767.56865	0.02722
765.64009	0.02745
763.71152	0.02755
761.78296	0.02761
759.85439	0.02762
757.92583	0.02759
755.99727	0.02780
754.06870	0.02827
752.14014	0.02863
750.21157	0.02876
748.28301	0.02881
746.35444	0.02889
744.42588	0.02906
742.49731	0.02930
740.56875	0.02953
738.64019	0.02987
736.71162	0.03050
734.78306	0.03139
732.85449	0.03237
730.92593	0.03319
728.99736	0.03374
727.06880	0.03433
725.14023	0.03519
723.21167	0.03657
721.28311	0.03800
719.35454	0.03949
717.42598	0.04060
715.49741	0.04094
713.56885	0.04049
711.64028	0.03957
709.71172	0.03864
707.78315	0.03801
705.85459	0.03779
703.92603	0.03791
701.99746	0.03817
700.06890	0.03847
698.14033	0.03870
696.21177	0.03880
694.28320	0.03885
692.35464	0.03897
690.42607	0.03918
688.49751	0.03937
686.56895	0.03954
684.64038	0.03990
682.71182	0.04039
680.78325	0.04078
678.85469	0.04109
676.92612	0.04142
674.99756	0.04172
673.06899	0.04193
671.14043	0.04114
669.21187	0.03933
667.28330	0.03995
665.35474	0.04143
663.42617	0.04269
661.49761	0.04272
659.56904	0.04262
657.64048	0.04296
655.71191	0.04326
653.78335	0.04323
651.85479	0.04301
649.92622	0.04291
647.99766	0.04322
646.06909	0.04375
644.14053	0.04403
642.21196	0.04407
640.28340	0.04430
638.35483	0.04494
636.42627	0.04599
634.49771	0.04723
632.56914	0.04819
630.64058	0.04859
628.71201	0.04848
626.78345	0.04819
624.85488	0.04805
622.92632	0.04778
620.99775	0.04764
619.06919	0.04793
617.14062	0.04792
615.21206	0.04746
613.28350	0.04750
611.35493	0.04844
609.42637	0.04964
607.49780	0.05017
605.56924	0.04979
603.64067	0.04934
601.71211	0.04989
599.78354	0.05155
