3997.91411	0.01046
3995.98555	0.01062
3994.05698	0.01076
3992.12842	0.01085
3990.19985	0.01086
3988.27129	0.01068
3986.34272	0.01047
3984.41416	0.01046
3982.48560	0.01059
3980.55703	0.01071
3978.62847	0.01087
3976.69990	0.01108
3974.77134	0.01109
3972.84277	0.01098
3970.91421	0.01095
3968.98564	0.01084
3967.05708	0.01066
3965.12852	0.01075
3963.19995	0.01114
3961.27139	0.01134
3959.34282	0.01124
3957.41426	0.01110
3955.48569	0.01102
3953.55713	0.01121
3951.62856	0.01192
3949.70000	0.01273
3947.77144	0.01277
3945.84287	0.01246
3943.91431	0.01252
3941.98574	0.01225
3940.05718	0.01147
3938.12861	0.01104
3936.20005	0.01136
3934.27148	0.01246
3932.34292	0.01343
3930.41436	0.01304
3928.48579	0.01224
3926.55723	0.01246
3924.62866	0.01300
3922.70010	0.01285
3920.77153	0.01275
3918.84297	0.01312
3916.91440	0.01295
3914.98584	0.01192
3913.05728	0.01105
3911.12871	0.01087
3909.20015	0.01135
3907.27158	0.01279
3905.34302	0.01501
3903.41445	0.01664
3901.48589	0.01664
3899.55732	0.01515
3897.62876	0.01321
3895.70020	0.01232
3893.77163	0.01283
3891.84307	0.01340
3889.91450	0.01296
3887.98594	0.01308
3886.05737	0.01413
3884.12881	0.01461
3882.20024	0.01463
3880.27168	0.01411
3878.34312	0.01284
3876.41455	0.01262
3874.48599	0.01386
3872.55742	0.01534
3870.62886	0.01595
3868.70029	0.01512
3866.77173	0.01442
3864.84316	0.01449
3862.91460	0.01381
3860.98604	0.01275
3859.05747	0.01289
3857.12891	0.01433
3855.20034	0.01654
3853.27178	0.01752
3851.34321	0.01525
3849.41465	0.01288
3847.48608	0.01195
3845.55752	0.01240
3843.62896	0.01366
3841.70039	0.01514
3839.77183	0.01624
3837.84326	0.01592
3835.91470	0.01453
3833.98613	0.01351
3832.05757	0.01285
3830.12900	0.01246
3828.20044	0.01254
3826.27187	0.01278
3824.34331	0.01324
3822.41475	0.01435
3820.48618	0.01489
3818.55762	0.01427
3816.62905	0.01351
3814.70049	0.01242
3812.77192	0.01147
3810.84336	0.01132
3808.91479	0.01193
3806.98623	0.01262
3805.05767	0.01302
3803.12910	0.01375
3801.20054	0.01415
3799.27197	0.01365
3797.34341	0.01299
3795.41484	0.01190
3793.48628	0.01074
3791.55771	0.01028
3789.62915	0.01047
3787.70059	0.01109
3785.77202	0.01166
3783.84346	0.01165
3781.91489	0.01156
3779.98633	0.01175
3778.05776	0.01145
3776.12920	0.01078
3774.20063	0.01067
3772.27207	0.01141
3770.34351	0.01238
3768.41494	0.01274
3766.48638	0.01266
3764.55781	0.01233
3762.62925	0.01225
3760.70068	0.01304
3758.77212	0.01384
3756.84355	0.01386
3754.91499	0.01424
3752.98643	0.01579
3751.05786	0.01734
3749.12930	0.01721
3747.20073	0.01692
3745.27217	0.01682
3743.34360	0.01576
3741.41504	0.01480
3739.48647	0.01527
3737.55791	0.01753
3735.62935	0.01975
3733.70078	0.01830
3731.77222	0.01491
3729.84365	0.01329
3727.91509	0.01380
3725.98652	0.01500
3724.05796	0.01522
3722.12939	0.01433
3720.20083	0.01324
3718.27227	0.01252
3716.34370	0.01263
3714.41514	0.01383
3712.48657	0.01539
3710.55801	0.01513
3708.62944	0.01323
3706.70088	0.01188
3704.77231	0.01176
3702.84375	0.01236
3700.91519	0.01240
3698.98662	0.01182
3697.05806	0.01159
3695.12949	0.01185
3693.20093	0.01271
3691.27236	0.01421
3689.34380	0.01471
3687.41523	0.01322
3685.48667	0.01181
3683.55811	0.01136
3681.62954	0.01180
3679.70098	0.01319
3677.77241	0.01552
3675.84385	0.01735
3673.91528	0.01658
3671.98672	0.01557
3670.05815	0.01499
3668.12959	0.01335
3666.20103	0.01175
3664.27246	0.01110
3662.34390	0.01098
3660.41533	0.01117
3658.48677	0.01190
3656.55820	0.01276
3654.62964	0.01313
3652.70107	0.01428
3650.77251	0.01726
3648.84395	0.01910
3646.91538	0.01660
3644.98682	0.01369
3643.05825	0.01241
3641.12969	0.01197
3639.20112	0.01156
3637.27256	0.01153
3635.34399	0.01217
3633.41543	0.01322
3631.48687	0.01487
3629.55830	0.01665
3627.62974	0.01572
3625.70117	0.01330
3623.77261	0.01239
3621.84404	0.01344
3619.91548	0.01535
3617.98691	0.01593
3616.05835	0.01552
3614.12979	0.01553
3612.20122	0.01546
3610.27266	0.01524
3608.34409	0.01500
3606.41553	0.01400
3604.48696	0.01292
3602.55840	0.01286
3600.62983	0.01331
3598.70127	0.01349
3596.77271	0.01383
3594.84414	0.01409
3592.91558	0.01355
3590.98701	0.01348
3589.05845	0.01508
3587.12988	0.01622
3585.20132	0.01465
3583.27275	0.01270
3581.34419	0.01189
3579.41562	0.01171
3577.48706	0.01160
3575.55850	0.01157
3573.62993	0.01179
3571.70137	0.01276
3569.77280	0.01517
3567.84424	0.01805
3565.91567	0.01792
3563.98711	0.01533
3562.05854	0.01355
3560.12998	0.01282
3558.20142	0.01240
3556.27285	0.01232
3554.34429	0.01264
3552.41572	0.01284
3550.48716	0.01291
3548.55859	0.01380
3546.63003	0.01517
3544.70146	0.01513
3542.77290	0.01366
3540.84434	0.01255
3538.91577	0.01254
3536.98721	0.01300
3535.05864	0.01306
3533.13008	0.01292
3531.20151	0.01326
3529.27295	0.01408
3527.34438	0.01476
3525.41582	0.01494
3523.48726	0.01455
3521.55869	0.01383
3519.63013	0.01325
3517.70156	0.01290
3515.77300	0.01257
3513.84443	0.01253
3511.91587	0.01309
3509.98730	0.01369
3508.05874	0.01372
3506.13018	0.01384
3504.20161	0.01447
3502.27305	0.01458
3500.34448	0.01392
3498.41592	0.01346
3496.48735	0.01319
3494.55879	0.01271
3492.63022	0.01228
3490.70166	0.01232
3488.77310	0.01277
3486.84453	0.01314
3484.91597	0.01333
3482.98740	0.01357
3481.05884	0.01348
3479.13027	0.01288
3477.20171	0.01245
3475.27314	0.01245
3473.34458	0.01260
3471.41602	0.01266
3469.48745	0.01258
3467.55889	0.01245
3465.63032	0.01242
3463.70176	0.01263
3461.77319	0.01300
3459.84463	0.01318
3457.91606	0.01300
3455.98750	0.01275
3454.05894	0.01280
3452.13037	0.01305
3450.20181	0.01336
3448.27324	0.01375
3446.34468	0.01390
3444.41611	0.01376
3442.48755	0.01351
3440.55898	0.01303
3438.63042	0.01258
3436.70186	0.01249
3434.77329	0.01249
3432.84473	0.01249
3430.91616	0.01251
3428.98760	0.01245
3427.05903	0.01239
3425.13047	0.01259
3423.20190	0.01302
3421.27334	0.01325
3419.34478	0.01300
3417.41621	0.01263
3415.48765	0.01254
3413.55908	0.01251
3411.63052	0.01223
3409.70195	0.01193
3407.77339	0.01199
3405.84482	0.01230
3403.91626	0.01246
3401.98770	0.01233
3400.05913	0.01229
3398.13057	0.01257
3396.20200	0.01284
3394.27344	0.01295
3392.34487	0.01299
3390.41631	0.01280
3388.48774	0.01264
3386.55918	0.01280
3384.63062	0.01289
3382.70205	0.01261
3380.77349	0.01231
3378.84492	0.01221
3376.91636	0.01224
3374.98779	0.01232
3373.05923	0.01240
3371.13066	0.01246
3369.20210	0.01248
3367.27354	0.01235
3365.34497	0.01214
3363.41641	0.01215
3361.48784	0.01227
3359.55928	0.01220
3357.63071	0.01214
3355.70215	0.01225
3353.77358	0.01227
3351.84502	0.01217
3349.91646	0.01222
3347.98789	0.01235
3346.05933	0.01227
3344.13076	0.01201
3342.20220	0.01180
3340.27363	0.01174
3338.34507	0.01196
3336.41650	0.01229
3334.48794	0.01248
3332.55937	0.01252
3330.63081	0.01244
3328.70225	0.01222
3326.77368	0.01199
3324.84512	0.01190
3322.91655	0.01176
3320.98799	0.01154
3319.05942	0.01151
3317.13086	0.01161
3315.20229	0.01168
3313.27373	0.01182
3311.34517	0.01195
3309.41660	0.01188
3307.48804	0.01169
3305.55947	0.01154
3303.63091	0.01147
3301.70234	0.01140
3299.77378	0.01142
3297.84521	0.01151
3295.91665	0.01155
3293.98809	0.01161
3292.05952	0.01160
3290.13096	0.01140
3288.20239	0.01121
3286.27383	0.01123
3284.34526	0.01134
3282.41670	0.01137
3280.48813	0.01132
3278.55957	0.01126
3276.63101	0.01127
3274.70244	0.01130
3272.77388	0.01113
3270.84531	0.01079
3268.91675	0.01068
3266.98818	0.01083
3265.05962	0.01098
3263.13105	0.01100
3261.20249	0.01092
3259.27393	0.01092
3257.34536	0.01100
3255.41680	0.01093
3253.48823	0.01072
3251.55967	0.01056
3249.63110	0.01044
3247.70254	0.01033
3245.77397	0.01038
3243.84541	0.01057
3241.91685	0.01067
3239.98828	0.01058
3238.05972	0.01052
3236.13115	0.01054
3234.20259	0.01053
3232.27402	0.01057
3230.34546	0.01062
3228.41689	0.01050
3226.48833	0.01033
3224.55977	0.01034
3222.63120	0.01056
3220.70264	0.01076
3218.77407	0.01071
3216.84551	0.01061
3214.91694	0.01059
3212.98838	0.01059
3211.05981	0.01056
3209.13125	0.01050
3207.20269	0.01040
3205.27412	0.01023
3203.34556	0.01002
3201.41699	0.00987
3199.48843	0.00983
3197.55986	0.00988
3195.63130	0.00999
3193.70273	0.01008
3191.77417	0.01008
3189.84561	0.01005
3187.91704	0.01006
3185.98848	0.01010
3184.05991	0.01010
3182.13135	0.01001
3180.20278	0.00985
3178.27422	0.00963
3176.34565	0.00940
3174.41709	0.00939
3172.48853	0.00966
3170.55996	0.00985
3168.63140	0.00979
3166.70283	0.00967
3164.77427	0.00954
3162.84570	0.00933
3160.91714	0.00913
3158.98857	0.00912
3157.06001	0.00936
3155.13145	0.00956
3153.20288	0.00944
3151.27432	0.00925
3149.34575	0.00920
3147.41719	0.00923
3145.48862	0.00938
3143.56006	0.00951
3141.63149	0.00941
3139.70293	0.00920
3137.77437	0.00914
3135.84580	0.00922
3133.91724	0.00924
3131.98867	0.00912
3130.06011	0.00897
3128.13154	0.00891
3126.20298	0.00894
3124.27441	0.00905
3122.34585	0.00910
3120.41729	0.00894
3118.48872	0.00871
3116.56016	0.00858
3114.63159	0.00849
3112.70303	0.00837
3110.77446	0.00828
3108.84590	0.00829
3106.91733	0.00835
3104.98877	0.00836
3103.06021	0.00830
3101.13164	0.00815
3099.20308	0.00796
3097.27451	0.00794
3095.34595	0.00802
3093.41738	0.00803
3091.48882	0.00812
3089.56025	0.00819
3087.63169	0.00798
3085.70312	0.00762
3083.77456	0.00738
3081.84600	0.00737
3079.91743	0.00759
3077.98887	0.00778
3076.06030	0.00774
3074.13174	0.00763
3072.20317	0.00756
3070.27461	0.00754
3068.34604	0.00766
3066.41748	0.00789
3064.48892	0.00797
3062.56035	0.00780
3060.63179	0.00750
3058.70322	0.00730
3056.77466	0.00730
3054.84609	0.00730
3052.91753	0.00718
3050.98896	0.00716
3049.06040	0.00726
3047.13184	0.00716
3045.20327	0.00683
3043.27471	0.00664
3041.34614	0.00674
3039.41758	0.00688
3037.48901	0.00679
3035.56045	0.00666
3033.63188	0.00673
3031.70332	0.00687
3029.77476	0.00687
3027.84619	0.00686
3025.91763	0.00699
3023.98906	0.00711
3022.06050	0.00709
3020.13193	0.00703
3018.20337	0.00707
3016.27480	0.00721
3014.34624	0.00733
3012.41768	0.00742
3010.48911	0.00757
3008.56055	0.00784
3006.63198	0.00826
3004.70342	0.00876
3002.77485	0.00918
3000.84629	0.00957
2998.91772	0.01006
2996.98916	0.01068
2995.06060	0.01145
2993.13203	0.01236
2991.20347	0.01335
2989.27490	0.01450
2987.34634	0.01596
2985.41777	0.01784
2983.48921	0.01994
2981.56064	0.02217
2979.63208	0.02487
2977.70352	0.02834
2975.77495	0.03265
2973.84639	0.03778
2971.91782	0.04371
2969.98926	0.05045
2968.06069	0.05803
2966.13213	0.06608
2964.20356	0.07362
2962.27500	0.07952
2960.34644	0.08333
2958.41787	0.08589
2956.48931	0.08866
2954.56074	0.09229
2952.63218	0.09580
2950.70361	0.09714
2948.77505	0.09472
2946.84648	0.08884
2944.91792	0.08150
2942.98936	0.07505
2941.06079	0.07110
2939.13223	0.07012
2937.20366	0.07196
2935.27510	0.07630
2933.34653	0.08288
2931.41797	0.09139
2929.48940	0.10113
2927.56084	0.11127
2925.63228	0.12117
2923.70371	0.13042
2921.77515	0.13860
2919.84658	0.14462
2917.91802	0.14682
2915.98945	0.14417
2914.06089	0.13761
2912.13232	0.12958
2910.20376	0.12222
2908.27520	0.11617
2906.34663	0.11081
2904.41807	0.10557
2902.48950	0.10052
2900.56094	0.09577
2898.63237	0.09127
2896.70381	0.08709
2894.77524	0.08350
2892.84668	0.08077
2890.91812	0.07892
2888.98955	0.07771
2887.06099	0.07699
2885.13242	0.07668
2883.20386	0.07676
2881.27529	0.07729
2879.34673	0.07805
2877.41816	0.07840
2875.48960	0.07812
2873.56104	0.07769
2871.63247	0.07775
2869.70391	0.07845
2867.77534	0.07894
2865.84678	0.07766
2863.91821	0.07394
2861.98965	0.06887
2860.06108	0.06442
2858.13252	0.06208
2856.20396	0.06230
2854.27539	0.06469
2852.34683	0.06825
2850.41826	0.07149
2848.48970	0.07342
2846.56113	0.07461
2844.63257	0.07615
2842.70400	0.07828
2840.77544	0.08018
2838.84687	0.08037
2836.91831	0.07765
2834.98975	0.07215
2833.06118	0.06521
2831.13262	0.05832
2829.20405	0.05244
2827.27549	0.04789
2825.34692	0.04449
2823.41836	0.04191
2821.48979	0.03986
2819.56123	0.03818
2817.63267	0.03680
2815.70410	0.03561
2813.77554	0.03458
2811.84697	0.03369
2809.91841	0.03282
2807.98984	0.03188
2806.06128	0.03093
2804.13271	0.03002
2802.20415	0.02919
2800.27559	0.02847
2798.34702	0.02792
2796.41846	0.02746
2794.48989	0.02699
2792.56133	0.02654
2790.63276	0.02607
2788.70420	0.02551
2786.77563	0.02485
2784.84707	0.02420
2782.91851	0.02372
2780.98994	0.02338
2779.06138	0.02299
2777.13281	0.02252
2775.20425	0.02212
2773.27568	0.02190
2771.34712	0.02176
2769.41855	0.02161
2767.48999	0.02146
2765.56143	0.02134
2763.63286	0.02118
2761.70430	0.02096
2759.77573	0.02071
2757.84717	0.02042
2755.91860	0.02025
2753.99004	0.02023
2752.06147	0.02022
2750.13291	0.02009
2748.20435	0.01993
2746.27578	0.01984
2744.34722	0.01978
2742.41865	0.01970
2740.49009	0.01967
2738.56152	0.01975
2736.63296	0.01993
2734.70439	0.02013
2732.77583	0.02032
2730.84727	0.02057
2728.91870	0.02083
2726.99014	0.02103
2725.06157	0.02116
2723.13301	0.02124
2721.20444	0.02116
2719.27588	0.02093
2717.34731	0.02063
2715.41875	0.02026
2713.49019	0.01985
2711.56162	0.01947
2709.63306	0.01921
2707.70449	0.01905
2705.77593	0.01892
2703.84736	0.01874
2701.91880	0.01851
2699.99023	0.01834
2698.06167	0.01827
2696.13311	0.01820
2694.20454	0.01813
2692.27598	0.01809
2690.34741	0.01800
2688.41885	0.01788
2686.49028	0.01783
2684.56172	0.01788
2682.63315	0.01794
2680.70459	0.01793
2678.77603	0.01787
2676.84746	0.01786
2674.91890	0.01789
2672.99033	0.01787
2671.06177	0.01779
2669.13320	0.01772
2667.20464	0.01774
2665.27607	0.01789
2663.34751	0.01818
2661.41895	0.01843
2659.49038	0.01846
2657.56182	0.01837
2655.63325	0.01835
2653.70469	0.01840
2651.77612	0.01839
2649.84756	0.01826
2647.91899	0.01810
2645.99043	0.01801
2644.06187	0.01791
2642.13330	0.01772
2640.20474	0.01752
2638.27617	0.01736
2636.34761	0.01721
2634.41904	0.01709
2632.49048	0.01702
2630.56191	0.01698
2628.63335	0.01694
2626.70479	0.01690
2624.77622	0.01683
2622.84766	0.01676
2620.91909	0.01672
2618.99053	0.01669
2617.06196	0.01661
2615.13340	0.01652
2613.20483	0.01643
2611.27627	0.01627
2609.34771	0.01607
2607.41914	0.01595
2605.49058	0.01592
2603.56201	0.01577
2601.63345	0.01544
2599.70488	0.01520
2597.77632	0.01518
2595.84775	0.01519
2593.91919	0.01513
2591.99062	0.01504
2590.06206	0.01506
2588.13350	0.01525
2586.20493	0.01544
2584.27637	0.01545
2582.34780	0.01531
2580.41924	0.01517
2578.49067	0.01507
2576.56211	0.01497
2574.63354	0.01473
2572.70498	0.01443
2570.77642	0.01427
2568.84785	0.01419
2566.91929	0.01408
2564.99072	0.01390
2563.06216	0.01362
2561.13359	0.01345
2559.20503	0.01346
2557.27646	0.01349
2555.34790	0.01348
2553.41934	0.01347
2551.49077	0.01339
2549.56221	0.01324
2547.63364	0.01315
2545.70508	0.01310
2543.77651	0.01303
2541.84795	0.01300
2539.91938	0.01303
2537.99082	0.01301
2536.06226	0.01283
2534.13369	0.01256
2532.20513	0.01239
2530.27656	0.01243
2528.34800	0.01255
2526.41943	0.01258
2524.49087	0.01250
2522.56230	0.01237
2520.63374	0.01224
2518.70518	0.01217
2516.77661	0.01215
2514.84805	0.01215
2512.91948	0.01217
2510.99092	0.01218
2509.06235	0.01216
2507.13379	0.01211
2505.20522	0.01209
2503.27666	0.01210
2501.34810	0.01203
2499.41953	0.01194
2497.49097	0.01190
2495.56240	0.01184
2493.63384	0.01170
2491.70527	0.01158
2489.77671	0.01161
2487.84814	0.01174
2485.91958	0.01181
2483.99102	0.01167
2482.06245	0.01149
2480.13389	0.01141
2478.20532	0.01136
2476.27676	0.01129
2474.34819	0.01127
2472.41963	0.01125
2470.49106	0.01126
2468.56250	0.01134
2466.63394	0.01143
2464.70537	0.01155
2462.77681	0.01170
2460.84824	0.01175
2458.91968	0.01169
2456.99111	0.01162
2455.06255	0.01163
2453.13398	0.01169
2451.20542	0.01170
2449.27686	0.01161
2447.34829	0.01148
2445.41973	0.01136
2443.49116	0.01129
2441.56260	0.01122
2439.63403	0.01117
2437.70547	0.01120
2435.77690	0.01122
2433.84834	0.01114
2431.91978	0.01107
2429.99121	0.01108
2428.06265	0.01106
2426.13408	0.01094
2424.20552	0.01081
2422.27695	0.01076
2420.34839	0.01073
2418.41982	0.01063
2416.49126	0.01051
2414.56270	0.01052
2412.63413	0.01060
2410.70557	0.01057
2408.77700	0.01048
2406.84844	0.01040
2404.91987	0.01031
2402.99131	0.01028
2401.06274	0.01031
2399.13418	0.01031
2397.20562	0.01030
2395.27705	0.01032
2393.34849	0.01029
2391.41992	0.01021
2389.49136	0.01013
2387.56279	0.01016
2385.63423	0.01050
2383.70566	0.01114
2381.77710	0.01200
2379.84854	0.01298
2377.91997	0.01396
2375.99141	0.01478
2374.06284	0.01523
2372.13428	0.01537
2370.20571	0.01539
2368.27715	0.01537
2366.34858	0.01535
2364.42002	0.01546
2362.49146	0.01572
2360.56289	0.01611
2358.63433	0.01644
2356.70576	0.01647
2354.77720	0.01626
2352.84863	0.01595
2350.92007	0.01556
2348.99150	0.01530
2347.06294	0.01545
2345.13437	0.01575
2343.20581	0.01572
2341.27725	0.01542
2339.34868	0.01521
2337.42012	0.01518
2335.49155	0.01525
2333.56299	0.01547
2331.63442	0.01586
2329.70586	0.01653
2327.77729	0.01791
2325.84873	0.01975
2323.92017	0.02068
2321.99160	0.02010
2320.06304	0.01895
2318.13447	0.01802
2316.20591	0.01741
2314.27734	0.01700
2312.34878	0.01654
2310.42021	0.01594
2308.49165	0.01538
2306.56309	0.01492
2304.63452	0.01453
2302.70596	0.01424
2300.77739	0.01394
2298.84883	0.01366
2296.92026	0.01356
2294.99170	0.01355
2293.06313	0.01361
2291.13457	0.01380
2289.20601	0.01405
2287.27744	0.01416
2285.34888	0.01398
2283.42031	0.01350
2281.49175	0.01295
2279.56318	0.01248
2277.63462	0.01210
2275.70605	0.01178
2273.77749	0.01147
2271.84893	0.01119
2269.92036	0.01106
2267.99180	0.01110
2266.06323	0.01115
2264.13467	0.01110
2262.20610	0.01097
2260.27754	0.01087
2258.34897	0.01080
2256.42041	0.01057
2254.49185	0.01016
2252.56328	0.00992
2250.63472	0.01003
2248.70615	0.01023
2246.77759	0.01034
2244.84902	0.01040
2242.92046	0.01048
2240.99189	0.01057
2239.06333	0.01057
2237.13477	0.01052
2235.20620	0.01050
2233.27764	0.01042
2231.34907	0.01027
2229.42051	0.01010
2227.49194	0.00988
2225.56338	0.00966
2223.63481	0.00960
2221.70625	0.00977
2219.77769	0.01000
2217.84912	0.01005
2215.92056	0.00993
2213.99199	0.00983
2212.06343	0.00969
2210.13486	0.00952
2208.20630	0.00962
2206.27773	0.00985
2204.34917	0.00979
2202.42061	0.00951
2200.49204	0.00940
2198.56348	0.00960
2196.63491	0.00997
2194.70635	0.01022
2192.77778	0.01029
2190.84922	0.01050
2188.92065	0.01080
2186.99209	0.01080
2185.06353	0.01025
2183.13496	0.00925
2181.20640	0.00847
2179.27783	0.00853
2177.34927	0.00879
2175.42070	0.00867
2173.49214	0.00891
2171.56357	0.00993
2169.63501	0.01111
2167.70645	0.01191
2165.77788	0.01238
2163.84932	0.01273
2161.92075	0.01160
2159.99219	0.00711
2158.06362	0.00227
2156.13506	0.00136
2154.20649	0.00277
2152.27793	0.00367
2150.34937	0.00381
2148.42080	0.00392
2146.49224	0.00431
2144.56367	0.00465
2142.63511	0.00476
2140.70654	0.00479
2138.77798	0.00461
2136.84941	0.00393
2134.92085	0.00316
2132.99229	0.00321
2131.06372	0.00414
2129.13516	0.00510
2127.20659	0.00569
2125.27803	0.00615
2123.34946	0.00665
2121.42090	0.00708
2119.49233	0.00753
2117.56377	0.00822
2115.63521	0.00891
2113.70664	0.00909
2111.77808	0.00880
2109.84951	0.00849
2107.92095	0.00837
2105.99238	0.00833
2104.06382	0.00833
2102.13525	0.00849
2100.20669	0.00868
2098.27812	0.00850
2096.34956	0.00776
2094.42100	0.00713
2092.49243	0.00732
2090.56387	0.00800
2088.63530	0.00857
2086.70674	0.00894
2084.77817	0.00926
2082.84961	0.00943
2080.92104	0.00931
2078.99248	0.00914
2077.06392	0.00914
2075.13535	0.00915
2073.20679	0.00900
2071.27822	0.00874
2069.34966	0.00859
2067.42109	0.00879
2065.49253	0.00897
2063.56396	0.00876
2061.63540	0.00851
2059.70684	0.00855
2057.77827	0.00874
2055.84971	0.00908
2053.92114	0.01007
2051.99258	0.01152
2050.06401	0.01194
2048.13545	0.01089
2046.20688	0.00972
2044.27832	0.00922
2042.34976	0.00924
2040.42119	0.00946
2038.49263	0.00942
2036.56406	0.00886
2034.63550	0.00785
2032.70693	0.00711
2030.77837	0.00705
2028.84980	0.00725
2026.92124	0.00737
2024.99268	0.00741
2023.06411	0.00723
2021.13555	0.00697
2019.20698	0.00718
2017.27842	0.00739
2015.34985	0.00692
2013.42129	0.00659
2011.49272	0.00691
2009.56416	0.00712
2007.63560	0.00672
2005.70703	0.00643
2003.77847	0.00694
2001.84990	0.00774
1999.92134	0.00825
1997.99277	0.00834
1996.06421	0.00832
1994.13564	0.00880
1992.20708	0.00968
1990.27852	0.01020
1988.34995	0.01028
1986.42139	0.01012
1984.49282	0.01013
1982.56426	0.01085
1980.63569	0.01132
1978.70713	0.00974
1976.77856	0.00717
1974.85000	0.00596
1972.92144	0.00589
1970.99287	0.00631
1969.06431	0.00727
1967.13574	0.00804
1965.20718	0.00783
1963.27861	0.00723
1961.35005	0.00674
1959.42148	0.00606
1957.49292	0.00553
1955.56436	0.00554
1953.63579	0.00571
1951.70723	0.00585
1949.77866	0.00618
1947.85010	0.00667
1945.92153	0.00725
1943.99297	0.00785
1942.06440	0.00786
1940.13584	0.00716
1938.20728	0.00666
1936.27871	0.00656
1934.35015	0.00658
1932.42158	0.00662
1930.49302	0.00672
1928.56445	0.00692
1926.63589	0.00733
1924.70732	0.00822
1922.77876	0.00901
1920.85020	0.00910
1918.92163	0.00903
1916.99307	0.00873
1915.06450	0.00796
1913.13594	0.00752
1911.20737	0.00784
1909.27881	0.00826
1907.35024	0.00824
1905.42168	0.00801
1903.49312	0.00784
1901.56455	0.00772
1899.63599	0.00767
1897.70742	0.00786
1895.77886	0.00831
1893.85029	0.00875
1891.92173	0.00918
1889.99316	0.00941
1888.06460	0.00900
1886.13604	0.00848
1884.20747	0.00833
1882.27891	0.00830
1880.35034	0.00825
1878.42178	0.00816
1876.49321	0.00802
1874.56465	0.00802
1872.63608	0.00865
1870.70752	0.01016
1868.77896	0.01140
1866.85039	0.01083
1864.92183	0.00953
1862.99326	0.00883
1861.06470	0.00870
1859.13613	0.00870
1857.20757	0.00863
1855.27900	0.00854
1853.35044	0.00855
1851.42187	0.00880
1849.49331	0.00949
1847.56475	0.01053
1845.63618	0.01146
1843.70762	0.01141
1841.77905	0.01036
1839.85049	0.00960
1837.92192	0.00949
1835.99336	0.00949
1834.06479	0.00961
1832.13623	0.01036
1830.20767	0.01127
1828.27910	0.01140
1826.35054	0.01121
1824.42197	0.01083
1822.49341	0.00999
1820.56484	0.00931
1818.63628	0.00907
1816.70771	0.00900
1814.77915	0.00934
1812.85059	0.01023
1810.92202	0.01098
1808.99346	0.01097
1807.06489	0.01066
1805.13633	0.01090
1803.20776	0.01208
1801.27920	0.01319
1799.35063	0.01330
1797.42207	0.01327
1795.49351	0.01384
1793.56494	0.01496
1791.63638	0.01568
1789.70781	0.01518
1787.77925	0.01488
1785.85068	0.01566
1783.92212	0.01683
1781.99355	0.01792
1780.06499	0.01885
1778.13643	0.01944
1776.20786	0.02021
1774.27930	0.02158
1772.35073	0.02288
1770.42217	0.02312
1768.49360	0.02247
1766.56504	0.02153
1764.63647	0.02127
1762.70791	0.02202
1760.77935	0.02264
1758.85078	0.02287
1756.92222	0.02307
1754.99365	0.02316
1753.06509	0.02422
1751.13652	0.02654
1749.20796	0.02789
1747.27939	0.02748
1745.35083	0.02701
1743.42227	0.02688
1741.49370	0.02677
1739.56514	0.02673
1737.63657	0.02711
1735.70801	0.02865
1733.77944	0.03062
1731.85088	0.03032
1729.92231	0.02880
1727.99375	0.02766
1726.06519	0.02782
1724.13662	0.02926
1722.20806	0.03106
1720.27949	0.03338
1718.35093	0.03700
1716.42236	0.03949
1714.49380	0.03847
1712.56523	0.03669
1710.63667	0.03576
1708.70811	0.03585
1706.77954	0.03656
1704.85098	0.03684
1702.92241	0.03664
1700.99385	0.03664
1699.06528	0.03622
1697.13672	0.03450
1695.20815	0.03134
1693.27959	0.02861
1691.35103	0.02771
1689.42246	0.02787
1687.49390	0.02834
1685.56533	0.02949
1683.63677	0.02999
1681.70820	0.02805
1679.77964	0.02588
1677.85107	0.02462
1675.92251	0.02434
1673.99395	0.02437
1672.06538	0.02465
1670.13682	0.02508
1668.20825	0.02410
1666.27969	0.02265
1664.35112	0.02235
1662.42256	0.02251
1660.49399	0.02198
1658.56543	0.02174
1656.63687	0.02284
1654.70830	0.02521
1652.77974	0.02601
1650.85117	0.02455
1648.92261	0.02477
1646.99404	0.02529
1645.06548	0.02356
1643.13691	0.02170
1641.20835	0.02122
1639.27979	0.02197
1637.35122	0.02352
1635.42266	0.02389
1633.49409	0.02221
1631.56553	0.02111
1629.63696	0.02122
1627.70840	0.02183
1625.77983	0.02243
1623.85127	0.02280
1621.92271	0.02230
1619.99414	0.02160
1618.06558	0.02157
1616.13701	0.02122
1614.20845	0.02007
1612.27988	0.01943
1610.35132	0.01949
1608.42275	0.01955
1606.49419	0.01924
1604.56562	0.01894
1602.63706	0.01875
1600.70850	0.01847
1598.77993	0.01828
1596.85137	0.01839
1594.92280	0.01850
1592.99424	0.01840
1591.06567	0.01826
1589.13711	0.01812
1587.20854	0.01797
1585.27998	0.01789
1583.35142	0.01788
1581.42285	0.01805
1579.49429	0.01873
1577.56572	0.01993
1575.63716	0.02026
1573.70859	0.01955
1571.78003	0.01964
1569.85146	0.02038
1567.92290	0.02031
1565.99434	0.01981
1564.06577	0.01984
1562.13721	0.02095
1560.20864	0.02391
1558.28008	0.02591
1556.35151	0.02394
1554.42295	0.02223
1552.49438	0.02156
1550.56582	0.02142
1548.63726	0.02110
1546.70869	0.02159
1544.78013	0.02376
1542.85156	0.02605
1540.92300	0.02619
1538.99443	0.02294
1537.06587	0.02039
1535.13730	0.02019
1533.20874	0.02032
1531.28018	0.01939
1529.35161	0.01922
1527.42305	0.02041
1525.49448	0.02145
1523.56592	0.02218
1521.63735	0.02292
1519.70879	0.02265
1517.78022	0.02207
1515.85166	0.02104
1513.92310	0.01982
1511.99453	0.02023
1510.06597	0.02292
1508.13740	0.02596
1506.20884	0.02330
1504.28027	0.01826
1502.35171	0.01654
1500.42314	0.01681
1498.49458	0.01771
1496.56602	0.01768
1494.63745	0.01674
1492.70889	0.01730
1490.78032	0.01990
1488.85176	0.02130
1486.92319	0.01963
1484.99463	0.01807
1483.06606	0.01819
1481.13750	0.01951
1479.20894	0.02184
1477.28037	0.02622
1475.35181	0.03324
1473.42324	0.04146
1471.49468	0.04722
1469.56611	0.05042
1467.63755	0.05489
1465.70898	0.06208
1463.78042	0.06906
1461.85186	0.07321
1459.92329	0.07687
1457.99473	0.08152
1456.06616	0.08296
1454.13760	0.08083
1452.20903	0.07899
1450.28047	0.07733
1448.35190	0.07365
1446.42334	0.06674
1444.49478	0.05916
1442.56621	0.05326
1440.63765	0.04999
1438.70908	0.04960
1436.78052	0.05031
1434.85195	0.04841
1432.92339	0.04443
1430.99482	0.04034
1429.06626	0.03665
1427.13770	0.03429
1425.20913	0.03348
1423.28057	0.03328
1421.35200	0.03355
1419.42344	0.03451
1417.49487	0.03393
1415.56631	0.03161
1413.63774	0.02998
1411.70918	0.02943
1409.78062	0.02911
1407.85205	0.02899
1405.92349	0.02923
1403.99492	0.02895
1402.06636	0.02847
1400.13779	0.02902
1398.20923	0.03014
1396.28066	0.03054
1394.35210	0.02975
1392.42354	0.02868
1390.49497	0.02918
1388.56641	0.03205
1386.63784	0.03636
1384.70928	0.04160
1382.78071	0.04997
1380.85215	0.06357
1378.92358	0.08120
1376.99502	0.09671
1375.06646	0.10120
1373.13789	0.09158
1371.20933	0.07671
1369.28076	0.06413
1367.35220	0.05557
1365.42363	0.05178
1363.49507	0.05178
1361.56650	0.05244
1359.63794	0.05160
1357.70937	0.04954
1355.78081	0.04643
1353.85225	0.04264
1351.92368	0.03917
1349.99512	0.03648
1348.06655	0.03430
1346.13799	0.03250
1344.20942	0.03148
1342.28086	0.03177
1340.35229	0.03278
1338.42373	0.03254
1336.49517	0.03086
1334.56660	0.02952
1332.63804	0.02918
1330.70947	0.02933
1328.78091	0.02938
1326.85234	0.02919
1324.92378	0.02891
1322.99521	0.02876
1321.06665	0.02894
1319.13809	0.02920
1317.20952	0.02910
1315.28096	0.02875
1313.35239	0.02837
1311.42383	0.02806
1309.49526	0.02821
1307.56670	0.02913
1305.63813	0.03026
1303.70957	0.03076
1301.78101	0.03054
1299.85244	0.03017
1297.92388	0.03000
1295.99531	0.02987
1294.06675	0.02962
1292.13818	0.02938
1290.20962	0.02924
1288.28105	0.02898
1286.35249	0.02846
1284.42393	0.02792
1282.49536	0.02766
1280.56680	0.02761
1278.63823	0.02761
1276.70967	0.02762
1274.78110	0.02772
1272.85254	0.02804
1270.92397	0.02844
1268.99541	0.02879
1267.06685	0.02917
1265.13828	0.02976
1263.20972	0.03062
1261.28115	0.03165
1259.35259	0.03265
1257.42402	0.03342
1255.49546	0.03368
1253.56689	0.03328
1251.63833	0.03249
1249.70977	0.03179
1247.78120	0.03138
1245.85264	0.03123
1243.92407	0.03116
1241.99551	0.03108
1240.06694	0.03106
1238.13838	0.03111
1236.20981	0.03114
1234.28125	0.03115
1232.35269	0.03121
1230.42412	0.03131
1228.49556	0.03146
1226.56699	0.03174
1224.63843	0.03210
1222.70986	0.03245
1220.78130	0.03272
1218.85273	0.03290
1216.92417	0.03293
1214.99561	0.03282
1213.06704	0.03260
1211.13848	0.03236
1209.20991	0.03213
1207.28135	0.03193
1205.35278	0.03179
1203.42422	0.03173
1201.49565	0.03175
1199.56709	0.03181
1197.63853	0.03186
1195.70996	0.03186
1193.78140	0.03187
1191.85283	0.03193
1189.92427	0.03205
1187.99570	0.03226
1186.06714	0.03255
1184.13857	0.03287
1182.21001	0.03333
1180.28145	0.03414
1178.35288	0.03540
1176.42432	0.03720
1174.49575	0.03977
1172.56719	0.04311
1170.63862	0.04654
1168.71006	0.04882
1166.78149	0.04909
1164.85293	0.04768
1162.92437	0.04559
1160.99580	0.04371
1159.06724	0.04236
1157.13867	0.04144
1155.21011	0.04078
1153.28154	0.04014
1151.35298	0.03934
1149.42441	0.03836
1147.49585	0.03731
1145.56729	0.03626
1143.63872	0.03534
1141.71016	0.03462
1139.78159	0.03414
1137.85303	0.03385
1135.92446	0.03364
1133.99590	0.03343
1132.06733	0.03324
1130.13877	0.03299
1128.21021	0.03267
1126.28164	0.03245
1124.35308	0.03241
1122.42451	0.03241
1120.49595	0.03227
1118.56738	0.03216
1116.63882	0.03224
1114.71025	0.03242
1112.78169	0.03261
1110.85312	0.03298
1108.92456	0.03360
1106.99600	0.03435
1105.06743	0.03500
1103.13887	0.03534
1101.21030	0.03528
1099.28174	0.03493
1097.35317	0.03449
1095.42461	0.03414
1093.49604	0.03385
1091.56748	0.03366
1089.63892	0.03366
1087.71035	0.03375
1085.78179	0.03374
1083.85322	0.03362
1081.92466	0.03348
1079.99609	0.03337
1078.06753	0.03332
1076.13896	0.03330
1074.21040	0.03322
1072.28184	0.03311
1070.35327	0.03308
1068.42471	0.03315
1066.49614	0.03332
1064.56758	0.03356
1062.63901	0.03377
1060.71045	0.03403
1058.78188	0.03447
1056.85332	0.03505
1054.92476	0.03574
1052.99619	0.03666
1051.06763	0.03771
1049.13906	0.03873
1047.21050	0.03959
1045.28193	0.04007
1043.35337	0.04004
1041.42480	0.03973
1039.49624	0.03941
1037.56768	0.03916
1035.63911	0.03884
1033.71055	0.03855
1031.78198	0.03850
1029.85342	0.03870
1027.92485	0.03912
1025.99629	0.03967
1024.06772	0.04010
1022.13916	0.04031
1020.21060	0.04034
1018.28203	0.04016
1016.35347	0.03970
1014.42490	0.03892
1012.49634	0.03789
1010.56777	0.03688
1008.63921	0.03621
1006.71064	0.03620
1004.78208	0.03727
1002.85352	0.04005
1000.92495	0.04440
998.99639	0.04812
997.06782	0.04828
995.13926	0.04458
993.21069	0.03947
991.28213	0.03525
989.35356	0.03257
987.42500	0.03113
985.49644	0.03058
983.56787	0.03090
981.63931	0.03224
979.71074	0.03478
977.78218	0.03858
975.85361	0.04306
973.92505	0.04629
971.99648	0.04593
970.06792	0.04202
968.13936	0.03709
966.21079	0.03324
964.28223	0.03083
962.35366	0.02940
960.42510	0.02846
958.49653	0.02782
956.56797	0.02748
954.63940	0.02734
952.71084	0.02733
950.78228	0.02742
948.85371	0.02755
946.92515	0.02773
944.99658	0.02810
943.06802	0.02870
941.13945	0.02912
939.21089	0.02886
937.28232	0.02797
935.35376	0.02690
933.42520	0.02597
931.49663	0.02529
929.56807	0.02484
927.63950	0.02443
925.71094	0.02394
923.78237	0.02349
921.85381	0.02311
919.92524	0.02277
917.99668	0.02260
916.06812	0.02259
914.13955	0.02266
912.21099	0.02281
910.28242	0.02307
908.35386	0.02367
906.42529	0.02487
904.49673	0.02670
902.56816	0.02890
900.63960	0.03065
898.71104	0.03081
896.78247	0.02912
894.85391	0.02671
892.92534	0.02480
890.99678	0.02371
889.06821	0.02304
887.13965	0.02252
885.21108	0.02225
883.28252	0.02220
881.35396	0.02220
879.42539	0.02214
877.49683	0.02202
875.56826	0.02188
873.63970	0.02183
871.71113	0.02179
869.78257	0.02166
867.85400	0.02158
865.92544	0.02167
863.99687	0.02173
862.06831	0.02156
860.13975	0.02129
858.21118	0.02117
856.28262	0.02132
854.35405	0.02169
852.42549	0.02220
850.49692	0.02308
848.56836	0.02489
846.63979	0.02847
844.71123	0.03432
842.78267	0.04028
840.85410	0.04167
838.92554	0.03720
836.99697	0.03117
835.06841	0.02724
833.13984	0.02540
831.21128	0.02455
829.28271	0.02414
827.35415	0.02405
825.42559	0.02420
823.49702	0.02451
821.56846	0.02494
819.63989	0.02562
817.71133	0.02682
815.78276	0.02853
813.85420	0.03051
811.92563	0.03240
809.99707	0.03352
808.06851	0.03323
806.13994	0.03168
804.21138	0.02988
802.28281	0.02864
800.35425	0.02786
798.42568	0.02723
796.49712	0.02669
794.56855	0.02621
792.63999	0.02577
790.71143	0.02539
788.78286	0.02511
786.85430	0.02497
784.92573	0.02490
782.99717	0.02494
781.06860	0.02504
779.14004	0.02500
777.21147	0.02487
775.28291	0.02493
773.35435	0.02517
771.42578	0.02550
769.49722	0.02601
767.56865	0.02656
765.64009	0.02696
763.71152	0.02733
761.78296	0.02773
759.85439	0.02811
757.92583	0.02840
755.99727	0.02861
754.06870	0.02878
752.14014	0.02908
750.21157	0.02959
748.28301	0.03022
746.35444	0.03086
744.42588	0.03148
742.49731	0.03201
740.56875	0.03246
738.64019	0.03302
736.71162	0.03397
734.78306	0.03532
732.85449	0.03683
730.92593	0.03821
728.99736	0.03916
727.06880	0.03987
725.14023	0.04092
723.21167	0.04258
721.28311	0.04455
719.35454	0.04581
717.42598	0.04565
715.49741	0.04443
713.56885	0.04303
711.64028	0.04206
709.71172	0.04167
707.78315	0.04174
705.85459	0.04214
703.92603	0.04260
701.99746	0.04281
700.06890	0.04280
698.14033	0.04289
696.21177	0.04311
694.28320	0.04332
692.35464	0.04367
690.42607	0.04440
688.49751	0.04517
686.56895	0.04527
684.64038	0.04492
682.71182	0.04482
680.78325	0.04499
678.85469	0.04521
676.92612	0.04556
674.99756	0.04604
673.06899	0.04691
671.14043	0.04865
669.21187	0.05069
667.28330	0.05065
665.35474	0.04884
663.42617	0.04767
661.49761	0.04731
659.56904	0.04734
657.64048	0.04757
655.71191	0.04771
653.78335	0.04784
651.85479	0.04820
649.92622	0.04859
647.99766	0.04874
646.06909	0.04849
644.14053	0.04782
642.21196	0.04737
640.28340	0.04780
638.35483	0.04889
636.42627	0.05003
634.49771	0.05070
632.56914	0.05053
630.64058	0.05002
628.71201	0.04979
626.78345	0.04964
624.85488	0.04961
622.92632	0.05003
620.99775	0.05066
619.06919	0.05135
617.14062	0.05208
615.21206	0.05243
613.28350	0.05253
611.35493	0.05264
609.42637	0.05191
607.49780	0.05057
605.56924	0.05025
603.64067	0.05070
601.71211	0.05079
599.78354	0.05082
