3997.91411	0.01275
3995.98555	0.01274
3994.05698	0.01257
3992.12842	0.01236
3990.19985	0.01232
3988.27129	0.01240
3986.34272	0.01248
3984.41416	0.01247
3982.48560	0.01234
3980.55703	0.01222
3978.62847	0.01221
3976.69990	0.01226
3974.77134	0.01227
3972.84277	0.01225
3970.91421	0.01224
3968.98564	0.01222
3967.05708	0.01218
3965.12852	0.01208
3963.19995	0.01196
3961.27139	0.01194
3959.34282	0.01203
3957.41426	0.01210
3955.48569	0.01206
3953.55713	0.01188
3951.62856	0.01157
3949.70000	0.01135
3947.77144	0.01144
3945.84287	0.01149
3943.91431	0.01127
3941.98574	0.01127
3940.05718	0.01167
3938.12861	0.01202
3936.20005	0.01197
3934.27148	0.01140
3932.34292	0.01076
3930.41436	0.01087
3928.48579	0.01135
3926.55723	0.01129
3924.62866	0.01104
3922.70010	0.01111
3920.77153	0.01099
3918.84297	0.01055
3916.91440	0.01058
3914.98584	0.01120
3913.05728	0.01182
3911.12871	0.01211
3909.20015	0.01186
3907.27158	0.01073
3905.34302	0.00895
3903.41445	0.00762
3901.48589	0.00762
3899.55732	0.00878
3897.62876	0.01031
3895.70020	0.01102
3893.77163	0.01049
3891.84307	0.00981
3889.91450	0.01008
3887.98594	0.01020
3886.05737	0.00966
3884.12881	0.00934
3882.20024	0.00916
3880.27168	0.00931
3878.34312	0.01020
3876.41455	0.01047
3874.48599	0.00967
3872.55742	0.00858
3870.62886	0.00793
3868.70029	0.00825
3866.77173	0.00856
3864.84316	0.00821
3862.91460	0.00849
3860.98604	0.00960
3859.05747	0.01010
3857.12891	0.00919
3855.20034	0.00697
3853.27178	0.00551
3851.34321	0.00728
3849.41465	0.00954
3847.48608	0.01056
3845.55752	0.01029
3843.62896	0.00930
3841.70039	0.00822
3839.77183	0.00725
3837.84326	0.00707
3835.91470	0.00791
3833.98613	0.00878
3832.05757	0.00936
3830.12900	0.00971
3828.20044	0.00965
3826.27187	0.00928
3824.34331	0.00854
3822.41475	0.00727
3820.48618	0.00683
3818.55762	0.00761
3816.62905	0.00828
3814.70049	0.00936
3812.77192	0.01058
3810.84336	0.01084
3808.91479	0.01005
3806.98623	0.00910
3805.05767	0.00855
3803.12910	0.00781
3801.20054	0.00766
3799.27197	0.00859
3797.34341	0.00934
3795.41484	0.01015
3793.48628	0.01105
3791.55771	0.01144
3789.62915	0.01143
3787.70059	0.01108
3785.77202	0.01054
3783.84346	0.01030
3781.91489	0.01019
3779.98633	0.01002
3778.05776	0.01045
3776.12920	0.01112
3774.20063	0.01118
3772.27207	0.01054
3770.34351	0.00978
3768.41494	0.00958
3766.48638	0.00976
3764.55781	0.01008
3762.62925	0.01009
3760.70068	0.00934
3758.77212	0.00868
3756.84355	0.00877
3754.91499	0.00836
3752.98643	0.00656
3751.05786	0.00486
3749.12930	0.00533
3747.20073	0.00595
3745.27217	0.00591
3743.34360	0.00669
3741.41504	0.00770
3739.48647	0.00760
3737.55791	0.00628
3735.62935	0.00490
3733.70078	0.00558
3731.77222	0.00786
3729.84365	0.00940
3727.91509	0.00935
3725.98652	0.00866
3724.05796	0.00844
3722.12939	0.00870
3720.20083	0.00925
3718.27227	0.00983
3716.34370	0.00980
3714.41514	0.00869
3712.48657	0.00700
3710.55801	0.00683
3708.62944	0.00861
3706.70088	0.01017
3704.77231	0.01044
3702.84375	0.00987
3700.91519	0.00975
3698.98662	0.01021
3697.05806	0.01039
3695.12949	0.01009
3693.20093	0.00906
3691.27236	0.00709
3689.34380	0.00598
3687.41523	0.00733
3685.48667	0.00904
3683.55811	0.00974
3681.62954	0.00945
3679.70098	0.00824
3677.77241	0.00628
3675.84385	0.00478
3673.91528	0.00534
3671.98672	0.00593
3670.05815	0.00614
3668.12959	0.00763
3666.20103	0.00935
3664.27246	0.01012
3662.34390	0.01022
3660.41533	0.00996
3658.48677	0.00922
3656.55820	0.00837
3654.62964	0.00794
3652.70107	0.00690
3650.77251	0.00462
3648.84395	0.00357
3646.91538	0.00581
3644.98682	0.00832
3643.05825	0.00951
3641.12969	0.00988
3639.20112	0.01002
3637.27256	0.01001
3635.34399	0.00975
3633.41543	0.00916
3631.48687	0.00797
3629.55830	0.00662
3627.62974	0.00725
3625.70117	0.00898
3623.77261	0.00954
3621.84404	0.00874
3619.91548	0.00752
3617.98691	0.00735
3616.05835	0.00786
3614.12979	0.00802
3612.20122	0.00814
3610.27266	0.00829
3608.34409	0.00845
3606.41553	0.00926
3604.48696	0.01018
3602.55840	0.01023
3600.62983	0.00977
3598.70127	0.00951
3596.77271	0.00932
3594.84414	0.00926
3592.91558	0.00968
3590.98701	0.00984
3589.05845	0.00896
3587.12988	0.00814
3585.20132	0.00890
3583.27275	0.01012
3581.34419	0.01080
3579.41562	0.01109
3577.48706	0.01127
3575.55850	0.01138
3573.62993	0.01137
3571.70137	0.01093
3569.77280	0.00970
3567.84424	0.00822
3565.91567	0.00832
3563.98711	0.00980
3562.05854	0.01099
3560.12998	0.01166
3558.20142	0.01212
3556.27285	0.01227
3554.34429	0.01201
3552.41572	0.01171
3550.48716	0.01159
3548.55859	0.01129
3546.63003	0.01101
3544.70146	0.01148
3542.77290	0.01235
3540.84434	0.01282
3538.91577	0.01286
3536.98721	0.01284
3535.05864	0.01287
3533.13008	0.01285
3531.20151	0.01272
3529.27295	0.01258
3527.34438	0.01258
3525.41582	0.01268
3523.48726	0.01290
3521.55869	0.01325
3519.63013	0.01352
3517.70156	0.01373
3515.77300	0.01401
3513.84443	0.01403
3511.91587	0.01360
3509.98730	0.01326
3508.05874	0.01341
3506.13018	0.01362
3504.20161	0.01358
3502.27305	0.01372
3500.34448	0.01398
3498.41592	0.01393
3496.48735	0.01383
3494.55879	0.01400
3492.63022	0.01422
3490.70166	0.01423
3488.77310	0.01417
3486.84453	0.01426
3484.91597	0.01435
3482.98740	0.01435
3481.05884	0.01456
3479.13027	0.01494
3477.20171	0.01523
3475.27314	0.01543
3473.34458	0.01553
3471.41602	0.01540
3469.48745	0.01519
3467.55889	0.01513
3465.63032	0.01532
3463.70176	0.01552
3461.77319	0.01551
3459.84463	0.01537
3457.91606	0.01540
3455.98750	0.01563
3454.05894	0.01570
3452.13037	0.01558
3450.20181	0.01561
3448.27324	0.01568
3446.34468	0.01548
3444.41611	0.01526
3442.48755	0.01538
3440.55898	0.01564
3438.63042	0.01574
3436.70186	0.01576
3434.77329	0.01586
3432.84473	0.01594
3430.91616	0.01596
3428.98760	0.01599
3427.05903	0.01607
3425.13047	0.01619
3423.20190	0.01612
3421.27334	0.01584
3419.34478	0.01576
3417.41621	0.01604
3415.48765	0.01634
3413.55908	0.01646
3411.63052	0.01649
3409.70195	0.01653
3407.77339	0.01650
3405.84482	0.01640
3403.91626	0.01635
3401.98770	0.01634
3400.05913	0.01626
3398.13057	0.01614
3396.20200	0.01612
3394.27344	0.01617
3392.34487	0.01625
3390.41631	0.01637
3388.48774	0.01635
3386.55918	0.01617
3384.63062	0.01610
3382.70205	0.01636
3380.77349	0.01667
3378.84492	0.01660
3376.91636	0.01626
3374.98779	0.01608
3373.05923	0.01620
3371.13066	0.01640
3369.20210	0.01641
3367.27354	0.01627
3365.34497	0.01615
3363.41641	0.01609
3361.48784	0.01612
3359.55928	0.01619
3357.63071	0.01626
3355.70215	0.01630
3353.77358	0.01629
3351.84502	0.01636
3349.91646	0.01658
3347.98789	0.01675
3346.05933	0.01670
3344.13076	0.01654
3342.20220	0.01633
3340.27363	0.01606
3338.34507	0.01581
3336.41650	0.01564
3334.48794	0.01557
3332.55937	0.01569
3330.63081	0.01589
3328.70225	0.01603
3326.77368	0.01608
3324.84512	0.01613
3322.91655	0.01623
3320.98799	0.01624
3319.05942	0.01610
3317.13086	0.01598
3315.20229	0.01588
3313.27373	0.01575
3311.34517	0.01566
3309.41660	0.01571
3307.48804	0.01583
3305.55947	0.01586
3303.63091	0.01584
3301.70234	0.01587
3299.77378	0.01587
3297.84521	0.01578
3295.91665	0.01569
3293.98809	0.01563
3292.05952	0.01557
3290.13096	0.01557
3288.20239	0.01554
3286.27383	0.01543
3284.34526	0.01548
3282.41670	0.01574
3280.48813	0.01590
3278.55957	0.01579
3276.63101	0.01562
3274.70244	0.01562
3272.77388	0.01563
3270.84531	0.01545
3268.91675	0.01523
3266.98818	0.01515
3265.05962	0.01515
3263.13105	0.01513
3261.20249	0.01514
3259.27393	0.01529
3257.34536	0.01550
3255.41680	0.01549
3253.48823	0.01513
3251.55967	0.01471
3249.63110	0.01453
3247.70254	0.01458
3245.77397	0.01468
3243.84541	0.01482
3241.91685	0.01499
3239.98828	0.01494
3238.05972	0.01464
3236.13115	0.01446
3234.20259	0.01458
3232.27402	0.01476
3230.34546	0.01482
3228.41689	0.01479
3226.48833	0.01478
3224.55977	0.01486
3222.63120	0.01492
3220.70264	0.01489
3218.77407	0.01481
3216.84551	0.01469
3214.91694	0.01464
3212.98838	0.01471
3211.05981	0.01477
3209.13125	0.01473
3207.20269	0.01466
3205.27412	0.01457
3203.34556	0.01443
3201.41699	0.01431
3199.48843	0.01435
3197.55986	0.01455
3195.63130	0.01472
3193.70273	0.01468
3191.77417	0.01448
3189.84561	0.01433
3187.91704	0.01420
3185.98848	0.01406
3184.05991	0.01400
3182.13135	0.01395
3180.20278	0.01379
3178.27422	0.01374
3176.34565	0.01389
3174.41709	0.01393
3172.48853	0.01367
3170.55996	0.01335
3168.63140	0.01324
3166.70283	0.01324
3164.77427	0.01317
3162.84570	0.01316
3160.91714	0.01334
3158.98857	0.01351
3157.06001	0.01337
3155.13145	0.01293
3153.20288	0.01259
3151.27432	0.01263
3149.34575	0.01288
3147.41719	0.01305
3145.48862	0.01305
3143.56006	0.01294
3141.63149	0.01286
3139.70293	0.01280
3137.77437	0.01267
3135.84580	0.01250
3133.91724	0.01233
3131.98867	0.01222
3130.06011	0.01215
3128.13154	0.01209
3126.20298	0.01206
3124.27441	0.01193
3122.34585	0.01163
3120.41729	0.01140
3118.48872	0.01143
3116.56016	0.01149
3114.63159	0.01134
3112.70303	0.01118
3110.77446	0.01122
3108.84590	0.01141
3106.91733	0.01153
3104.98877	0.01143
3103.06021	0.01122
3101.13164	0.01112
3099.20308	0.01113
3097.27451	0.01117
3095.34595	0.01120
3093.41738	0.01117
3091.48882	0.01108
3089.56025	0.01098
3087.63169	0.01090
3085.70312	0.01098
3083.77456	0.01110
3081.84600	0.01101
3079.91743	0.01080
3077.98887	0.01073
3076.06030	0.01079
3074.13174	0.01094
3072.20317	0.01109
3070.27461	0.01105
3068.34604	0.01076
3066.41748	0.01047
3064.48892	0.01022
3062.56035	0.00998
3060.63179	0.00979
3058.70322	0.00962
3056.77466	0.00945
3054.84609	0.00940
3052.91753	0.00943
3050.98896	0.00943
3049.06040	0.00941
3047.13184	0.00943
3045.20327	0.00949
3043.27471	0.00947
3041.34614	0.00938
3039.41758	0.00931
3037.48901	0.00926
3035.56045	0.00920
3033.63188	0.00921
3031.70332	0.00927
3029.77476	0.00937
3027.84619	0.00948
3025.91763	0.00946
3023.98906	0.00937
3022.06050	0.00943
3020.13193	0.00955
3018.20337	0.00964
3016.27480	0.00969
3014.34624	0.00964
3012.41768	0.00956
3010.48911	0.00968
3008.56055	0.00998
3006.63198	0.01024
3004.70342	0.01043
3002.77485	0.01074
3000.84629	0.01122
2998.91772	0.01180
2996.98916	0.01245
2995.06060	0.01329
2993.13203	0.01455
2991.20347	0.01616
2989.27490	0.01790
2987.34634	0.01996
2985.41777	0.02272
2983.48921	0.02632
2981.56064	0.03072
2979.63208	0.03598
2977.70352	0.04231
2975.77495	0.04997
2973.84639	0.05933
2971.91782	0.07054
2969.98926	0.08321
2968.06069	0.09712
2966.13213	0.11218
2964.20356	0.12716
2962.27500	0.13960
2960.34644	0.14801
2958.41787	0.15408
2956.48931	0.16111
2954.56074	0.17003
2952.63218	0.17792
2950.70361	0.18013
2948.77505	0.17373
2946.84648	0.15960
2944.91792	0.14173
2942.98936	0.12475
2941.06079	0.11226
2939.13223	0.10597
2937.20366	0.10589
2935.27510	0.11128
2933.34653	0.12120
2931.41797	0.13449
2929.48940	0.14955
2927.56084	0.16454
2925.63228	0.17787
2923.70371	0.18887
2921.77515	0.19761
2919.84658	0.20340
2917.91802	0.20444
2915.98945	0.20000
2914.06089	0.19223
2912.13232	0.18456
2910.20376	0.17866
2908.27520	0.17357
2906.34663	0.16759
2904.41807	0.16011
2902.48950	0.15151
2900.56094	0.14253
2898.63237	0.13402
2896.70381	0.12665
2894.77524	0.12077
2892.84668	0.11661
2890.91812	0.11419
2888.98955	0.11320
2887.06099	0.11320
2885.13242	0.11398
2883.20386	0.11562
2881.27529	0.11819
2879.34673	0.12107
2877.41816	0.12318
2875.48960	0.12413
2873.56104	0.12477
2871.63247	0.12620
2869.70391	0.12854
2867.77534	0.13023
2865.84678	0.12816
2863.91821	0.11995
2861.98965	0.10681
2860.06108	0.09257
2858.13252	0.08041
2856.20396	0.07127
2854.27539	0.06457
2852.34683	0.05988
2850.41826	0.05818
2848.48970	0.06175
2846.56113	0.07187
2844.63257	0.08686
2842.70400	0.10300
2840.77544	0.11649
2838.84687	0.12403
2836.91831	0.12335
2834.98975	0.11504
2833.06118	0.10256
2831.13262	0.08977
2829.20405	0.07897
2827.27549	0.07077
2825.34692	0.06478
2823.41836	0.06031
2821.48979	0.05690
2819.56123	0.05422
2817.63267	0.05203
2815.70410	0.05023
2813.77554	0.04866
2811.84697	0.04718
2809.91841	0.04579
2807.98984	0.04446
2806.06128	0.04312
2804.13271	0.04180
2802.20415	0.04055
2800.27559	0.03946
2798.34702	0.03854
2796.41846	0.03770
2794.48989	0.03692
2792.56133	0.03616
2790.63276	0.03533
2788.70420	0.03439
2786.77563	0.03349
2784.84707	0.03278
2782.91851	0.03220
2780.98994	0.03167
2779.06138	0.03114
2777.13281	0.03057
2775.20425	0.03000
2773.27568	0.02957
2771.34712	0.02929
2769.41855	0.02905
2767.48999	0.02879
2765.56143	0.02854
2763.63286	0.02828
2761.70430	0.02798
2759.77573	0.02770
2757.84717	0.02753
2755.91860	0.02737
2753.99004	0.02710
2752.06147	0.02675
2750.13291	0.02647
2748.20435	0.02638
2746.27578	0.02647
2744.34722	0.02662
2742.41865	0.02675
2740.49009	0.02688
2738.56152	0.02697
2736.63296	0.02702
2734.70439	0.02714
2732.77583	0.02742
2730.84727	0.02779
2728.91870	0.02818
2726.99014	0.02862
2725.06157	0.02910
2723.13301	0.02945
2721.20444	0.02946
2719.27588	0.02911
2717.34731	0.02853
2715.41875	0.02786
2713.49019	0.02723
2711.56162	0.02667
2709.63306	0.02615
2707.70449	0.02567
2705.77593	0.02532
2703.84736	0.02507
2701.91880	0.02484
2699.99023	0.02464
2698.06167	0.02449
2696.13311	0.02437
2694.20454	0.02424
2692.27598	0.02416
2690.34741	0.02412
2688.41885	0.02412
2686.49028	0.02412
2684.56172	0.02400
2682.63315	0.02383
2680.70459	0.02376
2678.77603	0.02373
2676.84746	0.02370
2674.91890	0.02365
2672.99033	0.02356
2671.06177	0.02342
2669.13320	0.02333
2667.20464	0.02343
2665.27607	0.02371
2663.34751	0.02404
2661.41895	0.02432
2659.49038	0.02451
2657.56182	0.02455
2655.63325	0.02445
2653.70469	0.02433
2651.77612	0.02419
2649.84756	0.02397
2647.91899	0.02367
2645.99043	0.02341
2644.06187	0.02323
2642.13330	0.02308
2640.20474	0.02287
2638.27617	0.02264
2636.34761	0.02247
2634.41904	0.02239
2632.49048	0.02236
2630.56191	0.02233
2628.63335	0.02222
2626.70479	0.02208
2624.77622	0.02207
2622.84766	0.02219
2620.91909	0.02225
2618.99053	0.02220
2617.06196	0.02212
2615.13340	0.02201
2613.20483	0.02185
2611.27627	0.02158
2609.34771	0.02125
2607.41914	0.02088
2605.49058	0.02053
2603.56201	0.02028
2601.63345	0.02014
2599.70488	0.02005
2597.77632	0.01990
2595.84775	0.01978
2593.91919	0.01982
2591.99062	0.01999
2590.06206	0.02016
2588.13350	0.02020
2586.20493	0.02027
2584.27637	0.02048
2582.34780	0.02066
2580.41924	0.02061
2578.49067	0.02031
2576.56211	0.01992
2574.63354	0.01957
2572.70498	0.01929
2570.77642	0.01908
2568.84785	0.01888
2566.91929	0.01860
2564.99072	0.01840
2563.06216	0.01837
2561.13359	0.01831
2559.20503	0.01818
2557.27646	0.01807
2555.34790	0.01794
2553.41934	0.01771
2551.49077	0.01745
2549.56221	0.01725
2547.63364	0.01717
2545.70508	0.01713
2543.77651	0.01696
2541.84795	0.01676
2539.91938	0.01673
2537.99082	0.01681
2536.06226	0.01678
2534.13369	0.01665
2532.20513	0.01651
2530.27656	0.01630
2528.34800	0.01611
2526.41943	0.01607
2524.49087	0.01604
2522.56230	0.01594
2520.63374	0.01586
2518.70518	0.01576
2516.77661	0.01559
2514.84805	0.01544
2512.91948	0.01540
2510.99092	0.01538
2509.06235	0.01535
2507.13379	0.01530
2505.20522	0.01522
2503.27666	0.01509
2501.34810	0.01500
2499.41953	0.01504
2497.49097	0.01514
2495.56240	0.01515
2493.63384	0.01504
2491.70527	0.01491
2489.77671	0.01490
2487.84814	0.01498
2485.91958	0.01500
2483.99102	0.01496
2482.06245	0.01493
2480.13389	0.01486
2478.20532	0.01476
2476.27676	0.01471
2474.34819	0.01474
2472.41963	0.01471
2470.49106	0.01461
2468.56250	0.01456
2466.63394	0.01465
2464.70537	0.01480
2462.77681	0.01490
2460.84824	0.01495
2458.91968	0.01501
2456.99111	0.01515
2455.06255	0.01528
2453.13398	0.01525
2451.20542	0.01507
2449.27686	0.01489
2447.34829	0.01481
2445.41973	0.01483
2443.49116	0.01486
2441.56260	0.01481
2439.63403	0.01466
2437.70547	0.01460
2435.77690	0.01466
2433.84834	0.01466
2431.91978	0.01454
2429.99121	0.01446
2428.06265	0.01448
2426.13408	0.01444
2424.20552	0.01436
2422.27695	0.01436
2420.34839	0.01435
2418.41982	0.01421
2416.49126	0.01403
2414.56270	0.01398
2412.63413	0.01408
2410.70557	0.01410
2408.77700	0.01390
2406.84844	0.01362
2404.91987	0.01347
2402.99131	0.01347
2401.06274	0.01352
2399.13418	0.01351
2397.20562	0.01346
2395.27705	0.01342
2393.34849	0.01343
2391.41992	0.01344
2389.49136	0.01344
2387.56279	0.01352
2385.63423	0.01368
2383.70566	0.01391
2381.77710	0.01435
2379.84854	0.01511
2377.91997	0.01624
2375.99141	0.01755
2374.06284	0.01875
2372.13428	0.01986
2370.20571	0.02105
2368.27715	0.02226
2366.34858	0.02344
2364.42002	0.02446
2362.49146	0.02521
2360.56289	0.02584
2358.63433	0.02618
2356.70576	0.02575
2354.77720	0.02450
2352.84863	0.02275
2350.92007	0.02107
2348.99150	0.02032
2347.06294	0.02085
2345.13437	0.02216
2343.20581	0.02313
2341.27725	0.02329
2339.34868	0.02297
2337.42012	0.02260
2335.49155	0.02226
2333.56299	0.02203
2331.63442	0.02205
2329.70586	0.02238
2327.77729	0.02361
2325.84873	0.02551
2323.92017	0.02628
2321.99160	0.02512
2320.06304	0.02336
2318.13447	0.02197
2316.20591	0.02092
2314.27734	0.02014
2312.34878	0.01951
2310.42021	0.01892
2308.49165	0.01839
2306.56309	0.01792
2304.63452	0.01748
2302.70596	0.01719
2300.77739	0.01707
2298.84883	0.01695
2296.92026	0.01687
2294.99170	0.01700
2293.06313	0.01728
2291.13457	0.01753
2289.20601	0.01767
2287.27744	0.01765
2285.34888	0.01726
2283.42031	0.01663
2281.49175	0.01619
2279.56318	0.01604
2277.63462	0.01594
2275.70605	0.01576
2273.77749	0.01554
2271.84893	0.01527
2269.92036	0.01502
2267.99180	0.01488
2266.06323	0.01477
2264.13467	0.01456
2262.20610	0.01432
2260.27754	0.01424
2258.34897	0.01427
2256.42041	0.01409
2254.49185	0.01370
2252.56328	0.01340
2250.63472	0.01329
2248.70615	0.01334
2246.77759	0.01344
2244.84902	0.01338
2242.92046	0.01314
2240.99189	0.01299
2239.06333	0.01304
2237.13477	0.01311
2235.20620	0.01312
2233.27764	0.01325
2231.34907	0.01335
2229.42051	0.01316
2227.49194	0.01289
2225.56338	0.01294
2223.63481	0.01325
2221.70625	0.01342
2219.77769	0.01310
2217.84912	0.01250
2215.92056	0.01226
2213.99199	0.01241
2212.06343	0.01244
2210.13486	0.01238
2208.20630	0.01259
2206.27773	0.01289
2204.34917	0.01294
2202.42061	0.01285
2200.49204	0.01281
2198.56348	0.01278
2196.63491	0.01269
2194.70635	0.01261
2192.77778	0.01275
2190.84922	0.01331
2188.92065	0.01405
2186.99209	0.01418
2185.06353	0.01333
2183.13496	0.01211
2181.20640	0.01161
2179.27783	0.01182
2177.34927	0.01148
2175.42070	0.01054
2173.49214	0.01047
2171.56357	0.01160
2169.63501	0.01299
2167.70645	0.01403
2165.77788	0.01480
2163.84932	0.01567
2161.92075	0.01504
2159.99219	0.01011
2158.06362	0.00363
2156.13506	0.00094
2154.20649	0.00152
2152.27793	0.00303
2150.34937	0.00464
2148.42080	0.00554
2146.49224	0.00552
2144.56367	0.00544
2142.63511	0.00563
2140.70654	0.00576
2138.77798	0.00581
2136.84941	0.00553
2134.92085	0.00482
2132.99229	0.00464
2131.06372	0.00542
2129.13516	0.00644
2127.20659	0.00715
2125.27803	0.00768
2123.34946	0.00820
2121.42090	0.00880
2119.49233	0.00953
2117.56377	0.01024
2115.63521	0.01079
2113.70664	0.01116
2111.77808	0.01130
2109.84951	0.01116
2107.92095	0.01093
2105.99238	0.01083
2104.06382	0.01078
2102.13525	0.01069
2100.20669	0.01047
2098.27812	0.00994
2096.34956	0.00912
2094.42100	0.00872
2092.49243	0.00911
2090.56387	0.00967
2088.63530	0.01001
2086.70674	0.01030
2084.77817	0.01071
2082.84961	0.01121
2080.92104	0.01163
2078.99248	0.01181
2077.06392	0.01159
2075.13535	0.01113
2073.20679	0.01078
2071.27822	0.01067
2069.34966	0.01054
2067.42109	0.01018
2065.49253	0.00992
2063.56396	0.00990
2061.63540	0.00991
2059.70684	0.01012
2057.77827	0.01064
2055.84971	0.01096
2053.92114	0.01165
2051.99258	0.01319
2050.06401	0.01371
2048.13545	0.01246
2046.20688	0.01116
2044.27832	0.01053
2042.34976	0.01046
2040.42119	0.01080
2038.49263	0.01112
2036.56406	0.01087
2034.63550	0.00986
2032.70693	0.00883
2030.77837	0.00834
2028.84980	0.00817
2026.92124	0.00794
2024.99268	0.00766
2023.06411	0.00778
2021.13555	0.00826
2019.20698	0.00842
2017.27842	0.00809
2015.34985	0.00785
2013.42129	0.00812
2011.49272	0.00856
2009.56416	0.00829
2007.63560	0.00705
2005.70703	0.00591
2003.77847	0.00588
2001.84990	0.00646
1999.92134	0.00706
1997.99277	0.00787
1996.06421	0.00860
1994.13564	0.00870
1992.20708	0.00859
1990.27852	0.00906
1988.34995	0.00991
1986.42139	0.01058
1984.49282	0.01125
1982.56426	0.01244
1980.63569	0.01328
1978.70713	0.01184
1976.77856	0.00871
1974.85000	0.00657
1972.92144	0.00614
1970.99287	0.00639
1969.06431	0.00631
1967.13574	0.00585
1965.20718	0.00566
1963.27861	0.00572
1961.35005	0.00550
1959.42148	0.00513
1957.49292	0.00508
1955.56436	0.00552
1953.63579	0.00615
1951.70723	0.00651
1949.77866	0.00650
1947.85010	0.00634
1945.92153	0.00603
1943.99297	0.00559
1942.06440	0.00550
1940.13584	0.00601
1938.20728	0.00669
1936.27871	0.00716
1934.35015	0.00719
1932.42158	0.00696
1930.49302	0.00691
1928.56445	0.00713
1926.63589	0.00720
1924.70732	0.00692
1922.77876	0.00693
1920.85020	0.00724
1918.92163	0.00733
1916.99307	0.00750
1915.06450	0.00794
1913.13594	0.00812
1911.20737	0.00794
1909.27881	0.00788
1907.35024	0.00817
1905.42168	0.00851
1903.49312	0.00874
1901.56455	0.00879
1899.63599	0.00861
1897.70742	0.00832
1895.77886	0.00818
1893.85029	0.00830
1891.92173	0.00831
1889.99316	0.00826
1888.06460	0.00868
1886.13604	0.00923
1884.20747	0.00937
1882.27891	0.00930
1880.35034	0.00927
1878.42178	0.00931
1876.49321	0.00935
1874.56465	0.00927
1872.63608	0.00885
1870.70752	0.00793
1868.77896	0.00722
1866.85039	0.00768
1864.92183	0.00863
1862.99326	0.00914
1861.06470	0.00925
1859.13613	0.00939
1857.20757	0.00962
1855.27900	0.00976
1853.35044	0.00969
1851.42187	0.00946
1849.49331	0.00903
1847.56475	0.00838
1845.63618	0.00770
1843.70762	0.00777
1841.77905	0.00865
1839.85049	0.00926
1837.92192	0.00944
1835.99336	0.00960
1834.06479	0.00960
1832.13623	0.00893
1830.20767	0.00812
1828.27910	0.00819
1826.35054	0.00866
1824.42197	0.00920
1822.49341	0.00993
1820.56484	0.01026
1818.63628	0.00994
1816.70771	0.00967
1814.77915	0.00978
1812.85059	0.00974
1810.92202	0.00961
1808.99346	0.01003
1807.06489	0.01076
1805.13633	0.01105
1803.20776	0.01066
1801.27920	0.01021
1799.35063	0.01040
1797.42207	0.01082
1795.49351	0.01070
1793.56494	0.01013
1791.63638	0.01040
1789.70781	0.01189
1787.77925	0.01309
1785.85068	0.01351
1783.92212	0.01364
1781.99355	0.01368
1780.06499	0.01379
1778.13643	0.01412
1776.20786	0.01405
1774.27930	0.01324
1772.35073	0.01266
1770.42217	0.01365
1768.49360	0.01547
1766.56504	0.01705
1764.63647	0.01783
1762.70791	0.01797
1760.77935	0.01845
1758.85078	0.01931
1756.92222	0.02023
1754.99365	0.02112
1753.06509	0.02110
1751.13652	0.02019
1749.20796	0.02018
1747.27939	0.02160
1745.35083	0.02304
1743.42227	0.02388
1741.49370	0.02440
1739.56514	0.02499
1737.63657	0.02519
1735.70801	0.02396
1733.77944	0.02221
1731.85088	0.02258
1729.92231	0.02412
1727.99375	0.02546
1726.06519	0.02610
1724.13662	0.02604
1722.20806	0.02552
1720.27949	0.02396
1718.35093	0.02121
1716.42236	0.01982
1714.49380	0.02105
1712.56523	0.02239
1710.63667	0.02262
1708.70811	0.02161
1706.77954	0.01990
1704.85098	0.01863
1702.92241	0.01770
1700.99385	0.01608
1699.06528	0.01482
1697.13672	0.01517
1695.20815	0.01669
1693.27959	0.01817
1691.35103	0.01836
1689.42246	0.01754
1687.49390	0.01615
1685.56533	0.01397
1683.63677	0.01312
1681.70820	0.01506
1679.77964	0.01671
1677.85107	0.01706
1675.92251	0.01651
1673.99395	0.01603
1672.06538	0.01567
1670.13682	0.01540
1668.20825	0.01642
1666.27969	0.01769
1664.35112	0.01784
1662.42256	0.01782
1660.49399	0.01866
1658.56543	0.01923
1656.63687	0.01845
1654.70830	0.01635
1652.77974	0.01585
1650.85117	0.01764
1648.92261	0.01765
1646.99404	0.01713
1645.06548	0.01866
1643.13691	0.02034
1641.20835	0.02058
1639.27979	0.01950
1637.35122	0.01761
1635.42266	0.01712
1633.49409	0.01903
1631.56553	0.02033
1629.63696	0.02022
1627.70840	0.01956
1625.77983	0.01894
1623.85127	0.01859
1621.92271	0.01914
1619.99414	0.01960
1618.06558	0.01896
1616.13701	0.01877
1614.20845	0.01991
1612.27988	0.02066
1610.35132	0.02062
1608.42275	0.02052
1606.49419	0.02076
1604.56562	0.02095
1602.63706	0.02103
1600.70850	0.02119
1598.77993	0.02131
1596.85137	0.02118
1594.92280	0.02103
1592.99424	0.02113
1591.06567	0.02127
1589.13711	0.02130
1587.20854	0.02127
1585.27998	0.02116
1583.35142	0.02096
1581.42285	0.02062
1579.49429	0.01968
1577.56572	0.01803
1575.63716	0.01732
1573.70859	0.01800
1571.78003	0.01783
1569.85146	0.01693
1567.92290	0.01696
1565.99434	0.01735
1564.06577	0.01709
1562.13721	0.01567
1560.20864	0.01229
1558.28008	0.01023
1556.35151	0.01256
1554.42295	0.01462
1552.49438	0.01550
1550.56582	0.01566
1548.63726	0.01561
1546.70869	0.01488
1544.78013	0.01273
1542.85156	0.00971
1540.92300	0.00772
1538.99443	0.00970
1537.06587	0.01236
1535.13730	0.01278
1533.20874	0.01246
1531.28018	0.01297
1529.35161	0.01305
1527.42305	0.01207
1525.49448	0.01084
1523.56592	0.00954
1521.63735	0.00862
1519.70879	0.00892
1517.78022	0.00961
1515.85166	0.01072
1513.92310	0.01192
1511.99453	0.01184
1510.06597	0.00996
1508.13740	0.00715
1506.20884	0.00779
1504.28027	0.01154
1502.35171	0.01338
1500.42314	0.01330
1498.49458	0.01250
1496.56602	0.01268
1494.63745	0.01384
1492.70889	0.01391
1490.78032	0.01258
1488.85176	0.01223
1486.92319	0.01428
1484.99463	0.01665
1483.06606	0.01828
1481.13750	0.01966
1479.20894	0.02113
1477.28037	0.02217
1475.35181	0.02299
1473.42324	0.02734
1471.49468	0.03949
1469.56611	0.05379
1467.63755	0.06627
1465.70898	0.07912
1463.78042	0.09231
1461.85186	0.10201
1459.92329	0.10788
1457.99473	0.11303
1456.06616	0.11967
1454.13760	0.12456
1452.20903	0.12658
1450.28047	0.12539
1448.35190	0.11879
1446.42334	0.10680
1444.49478	0.09353
1442.56621	0.08203
1440.63765	0.07397
1438.70908	0.06951
1436.78052	0.06776
1434.85195	0.06568
1432.92339	0.05992
1430.99482	0.05153
1429.06626	0.04431
1427.13770	0.04007
1425.20913	0.03712
1423.28057	0.03469
1421.35200	0.03252
1419.42344	0.03027
1417.49487	0.02956
1415.56631	0.03027
1413.63774	0.03057
1411.70918	0.03016
1409.78062	0.02958
1407.85205	0.02886
1405.92349	0.02798
1403.99492	0.02747
1402.06636	0.02710
1400.13779	0.02618
1398.20923	0.02509
1396.28066	0.02466
1394.35210	0.02532
1392.42354	0.02693
1390.49497	0.02876
1388.56641	0.03174
1386.63784	0.03892
1384.70928	0.05185
1382.78071	0.07111
1380.85215	0.09886
1378.92358	0.13487
1376.99502	0.16853
1375.06646	0.17979
1373.13789	0.16054
1371.20933	0.12887
1369.28076	0.10067
1367.35220	0.08133
1365.42363	0.07152
1363.49507	0.06857
1361.56650	0.07055
1359.63794	0.07337
1357.70937	0.07233
1355.78081	0.06680
1353.85225	0.05952
1351.92368	0.05309
1349.99512	0.04813
1348.06655	0.04432
1346.13799	0.04128
1344.20942	0.03867
1342.28086	0.03617
1340.35229	0.03391
1338.42373	0.03274
1336.49517	0.03286
1334.56660	0.03354
1332.63804	0.03424
1330.70947	0.03466
1328.78091	0.03460
1326.85234	0.03393
1324.92378	0.03271
1322.99521	0.03118
1321.06665	0.02963
1319.13809	0.02839
1317.20952	0.02772
1315.28096	0.02744
1313.35239	0.02739
1311.42383	0.02785
1309.49526	0.02917
1307.56670	0.03145
1305.63813	0.03381
1303.70957	0.03464
1301.78101	0.03377
1299.85244	0.03272
1297.92388	0.03233
1295.99531	0.03219
1294.06675	0.03170
1292.13818	0.03076
1290.20962	0.02964
1288.28105	0.02864
1286.35249	0.02793
1284.42393	0.02751
1282.49536	0.02726
1280.56680	0.02706
1278.63823	0.02690
1276.70967	0.02676
1274.78110	0.02661
1272.85254	0.02643
1270.92397	0.02633
1268.99541	0.02640
1267.06685	0.02669
1265.13828	0.02722
1263.20972	0.02796
1261.28115	0.02901
1259.35259	0.03058
1257.42402	0.03235
1255.49546	0.03324
1253.56689	0.03252
1251.63833	0.03089
1249.70977	0.02951
1247.78120	0.02871
1245.85264	0.02830
1243.92407	0.02822
1241.99551	0.02845
1240.06694	0.02886
1238.13838	0.02936
1236.20981	0.02998
1234.28125	0.03073
1232.35269	0.03151
1230.42412	0.03215
1228.49556	0.03253
1226.56699	0.03267
1224.63843	0.03282
1222.70986	0.03334
1220.78130	0.03456
1218.85273	0.03602
1216.92417	0.03640
1214.99561	0.03529
1213.06704	0.03373
1211.13848	0.03271
1209.20991	0.03229
1207.28135	0.03205
1205.35278	0.03178
1203.42422	0.03148
1201.49565	0.03107
1199.56709	0.03046
1197.63853	0.02974
1195.70996	0.02901
1193.78140	0.02833
1191.85283	0.02778
1189.92427	0.02734
1187.99570	0.02708
1186.06714	0.02705
1184.13857	0.02721
1182.21001	0.02771
1180.28145	0.02879
1178.35288	0.03061
1176.42432	0.03356
1174.49575	0.03819
1172.56719	0.04462
1170.63862	0.05168
1168.71006	0.05685
1166.78149	0.05806
1164.85293	0.05569
1162.92437	0.05201
1160.99580	0.04876
1159.06724	0.04647
1157.13867	0.04503
1155.21011	0.04419
1153.28154	0.04345
1151.35298	0.04222
1149.42441	0.04030
1147.49585	0.03805
1145.56729	0.03590
1143.63872	0.03411
1141.71016	0.03269
1139.78159	0.03155
1137.85303	0.03067
1135.92446	0.03003
1133.99590	0.02960
1132.06733	0.02937
1130.13877	0.02925
1128.21021	0.02915
1126.28164	0.02904
1124.35308	0.02893
1122.42451	0.02890
1120.49595	0.02896
1118.56738	0.02908
1116.63882	0.02926
1114.71025	0.02953
1112.78169	0.02994
1110.85312	0.03059
1108.92456	0.03162
1106.99600	0.03299
1105.06743	0.03430
1103.13887	0.03498
1101.21030	0.03479
1099.28174	0.03395
1097.35317	0.03292
1095.42461	0.03207
1093.49604	0.03144
1091.56748	0.03091
1089.63892	0.03043
1087.71035	0.03001
1085.78179	0.02972
1083.85322	0.02963
1081.92466	0.02966
1079.99609	0.02957
1078.06753	0.02932
1076.13896	0.02905
1074.21040	0.02887
1072.28184	0.02877
1070.35327	0.02875
1068.42471	0.02877
1066.49614	0.02873
1064.56758	0.02866
1062.63901	0.02868
1060.71045	0.02882
1058.78188	0.02897
1056.85332	0.02916
1054.92476	0.02945
1052.99619	0.02984
1051.06763	0.03036
1049.13906	0.03106
1047.21050	0.03169
1045.28193	0.03183
1043.35337	0.03134
1041.42480	0.03049
1039.49624	0.02967
1037.56768	0.02899
1035.63911	0.02836
1033.71055	0.02767
1031.78198	0.02693
1029.85342	0.02631
1027.92485	0.02590
1025.99629	0.02558
1024.06772	0.02526
1022.13916	0.02499
1020.21060	0.02483
1018.28203	0.02473
1016.35347	0.02461
1014.42490	0.02464
1012.49634	0.02497
1010.56777	0.02562
1008.63921	0.02673
1006.71064	0.02878
1004.78208	0.03274
1002.85352	0.03977
1000.92495	0.04937
998.99639	0.05736
997.06782	0.05838
995.13926	0.05204
993.21069	0.04317
991.28213	0.03592
989.35356	0.03128
987.42500	0.02879
985.49644	0.02795
983.56787	0.02870
981.63931	0.03145
979.71074	0.03670
977.78218	0.04459
975.85361	0.05402
973.92505	0.06127
971.99648	0.06137
970.06792	0.05403
968.13936	0.04445
966.21079	0.03699
964.28223	0.03226
962.35366	0.02921
960.42510	0.02695
958.49653	0.02514
956.56797	0.02375
954.63940	0.02279
952.71084	0.02224
950.78228	0.02198
948.85371	0.02194
946.92515	0.02225
944.99658	0.02304
943.06802	0.02408
941.13945	0.02462
939.21089	0.02404
937.28232	0.02254
935.35376	0.02090
933.42520	0.01971
931.49663	0.01900
929.56807	0.01854
927.63950	0.01818
925.71094	0.01794
923.78237	0.01783
921.85381	0.01781
919.92524	0.01792
917.99668	0.01819
916.06812	0.01856
914.13955	0.01909
912.21099	0.01989
910.28242	0.02096
908.35386	0.02250
906.42529	0.02515
904.49673	0.02940
902.56816	0.03450
900.63960	0.03836
898.71104	0.03904
896.78247	0.03683
894.85391	0.03424
892.92534	0.03365
890.99678	0.03550
889.06821	0.03835
887.13965	0.04003
885.21108	0.03918
883.28252	0.03607
881.35396	0.03200
879.42539	0.02820
877.49683	0.02527
875.56826	0.02319
873.63970	0.02175
871.71113	0.02093
869.78257	0.02066
867.85400	0.02065
865.92544	0.02063
863.99687	0.02047
862.06831	0.02026
860.13975	0.02035
858.21118	0.02082
856.28262	0.02135
854.35405	0.02192
852.42549	0.02285
850.49692	0.02453
848.56836	0.02773
846.63979	0.03381
844.71123	0.04405
842.78267	0.05560
840.85410	0.05983
838.92554	0.05264
836.99697	0.04111
835.06841	0.03281
833.13984	0.02858
831.21128	0.02646
829.28271	0.02518
827.35415	0.02435
825.42559	0.02390
823.49702	0.02386
821.56846	0.02433
819.63989	0.02540
817.71133	0.02728
815.78276	0.03045
813.85420	0.03500
811.92563	0.03976
809.99707	0.04241
808.06851	0.04136
806.13994	0.03720
804.21138	0.03219
802.28281	0.02832
800.35425	0.02591
798.42568	0.02419
796.49712	0.02280
794.56855	0.02159
792.63999	0.02033
790.71143	0.01930
788.78286	0.01857
786.85430	0.01778
784.92573	0.01690
782.99717	0.01619
781.06860	0.01562
779.14004	0.01518
777.21147	0.01488
775.28291	0.01468
773.35435	0.01450
771.42578	0.01436
769.49722	0.01425
767.56865	0.01406
765.64009	0.01380
763.71152	0.01360
761.78296	0.01347
759.85439	0.01328
757.92583	0.01292
755.99727	0.01246
754.06870	0.01210
752.14014	0.01195
750.21157	0.01183
748.28301	0.01171
746.35444	0.01164
744.42588	0.01162
742.49731	0.01164
740.56875	0.01170
738.64019	0.01181
736.71162	0.01194
734.78306	0.01181
732.85449	0.01121
730.92593	0.01051
728.99736	0.01043
727.06880	0.01106
725.14023	0.01165
723.21167	0.01151
721.28311	0.01070
719.35454	0.01011
717.42598	0.01046
715.49741	0.01133
713.56885	0.01196
711.64028	0.01214
709.71172	0.01202
707.78315	0.01181
705.85459	0.01181
703.92603	0.01215
701.99746	0.01257
700.06890	0.01278
698.14033	0.01276
696.21177	0.01271
694.28320	0.01278
692.35464	0.01285
690.42607	0.01283
688.49751	0.01286
686.56895	0.01300
684.64038	0.01320
682.71182	0.01352
680.78325	0.01392
678.85469	0.01423
676.92612	0.01447
674.99756	0.01453
673.06899	0.01424
671.14043	0.01441
669.21187	0.01558
667.28330	0.01607
665.35474	0.01515
663.42617	0.01447
661.49761	0.01410
659.56904	0.01384
657.64048	0.01397
655.71191	0.01435
653.78335	0.01463
651.85479	0.01477
649.92622	0.01481
647.99766	0.01462
646.06909	0.01422
644.14053	0.01403
642.21196	0.01435
640.28340	0.01493
638.35483	0.01556
636.42627	0.01619
634.49771	0.01701
632.56914	0.01810
630.64058	0.01872
628.71201	0.01811
626.78345	0.01665
624.85488	0.01571
622.92632	0.01583
620.99775	0.01625
619.06919	0.01676
617.14062	0.01714
615.21206	0.01673
613.28350	0.01609
611.35493	0.01595
609.42637	0.01589
607.49780	0.01582
605.56924	0.01604
603.64067	0.01649
601.71211	0.01663
599.78354	0.01615
