3997.91411	0.02111
3995.98555	0.02110
3994.05698	0.02114
3992.12842	0.02120
3990.19985	0.02118
3988.27129	0.02101
3986.34272	0.02074
3984.41416	0.02059
3982.48560	0.02061
3980.55703	0.02069
3978.62847	0.02084
3976.69990	0.02112
3974.77134	0.02137
3972.84277	0.02146
3970.91421	0.02134
3968.98564	0.02099
3967.05708	0.02061
3965.12852	0.02057
3963.19995	0.02081
3961.27139	0.02092
3959.34282	0.02086
3957.41426	0.02090
3955.48569	0.02102
3953.55713	0.02109
3951.62856	0.02129
3949.70000	0.02153
3947.77144	0.02145
3945.84287	0.02126
3943.91431	0.02134
3941.98574	0.02137
3940.05718	0.02111
3938.12861	0.02090
3936.20005	0.02103
3934.27148	0.02149
3932.34292	0.02193
3930.41436	0.02195
3928.48579	0.02176
3926.55723	0.02177
3924.62866	0.02186
3922.70010	0.02173
3920.77153	0.02163
3918.84297	0.02175
3916.91440	0.02163
3914.98584	0.02119
3913.05728	0.02081
3911.12871	0.02066
3909.20015	0.02082
3907.27158	0.02150
3905.34302	0.02258
3903.41445	0.02335
3901.48589	0.02339
3899.55732	0.02284
3897.62876	0.02194
3895.70020	0.02139
3893.77163	0.02153
3891.84307	0.02189
3889.91450	0.02193
3887.98594	0.02207
3886.05737	0.02241
3884.12881	0.02240
3882.20024	0.02220
3880.27168	0.02196
3878.34312	0.02163
3876.41455	0.02171
3874.48599	0.02224
3872.55742	0.02279
3870.62886	0.02310
3868.70029	0.02290
3866.77173	0.02268
3864.84316	0.02273
3862.91460	0.02241
3860.98604	0.02182
3859.05747	0.02168
3857.12891	0.02216
3855.20034	0.02318
3853.27178	0.02394
3851.34321	0.02304
3849.41465	0.02177
3847.48608	0.02104
3845.55752	0.02105
3843.62896	0.02163
3841.70039	0.02240
3839.77183	0.02302
3837.84326	0.02299
3835.91470	0.02239
3833.98613	0.02191
3832.05757	0.02157
3830.12900	0.02130
3828.20044	0.02141
3826.27187	0.02170
3824.34331	0.02196
3822.41475	0.02248
3820.48618	0.02273
3818.55762	0.02226
3816.62905	0.02178
3814.70049	0.02124
3812.77192	0.02076
3810.84336	0.02072
3808.91479	0.02115
3806.98623	0.02152
3805.05767	0.02160
3803.12910	0.02199
3801.20054	0.02226
3799.27197	0.02179
3797.34341	0.02125
3795.41484	0.02065
3793.48628	0.02010
3791.55771	0.01984
3789.62915	0.01979
3787.70059	0.01996
3785.77202	0.02028
3783.84346	0.02038
3781.91489	0.02043
3779.98633	0.02063
3778.05776	0.02044
3776.12920	0.01994
3774.20063	0.01978
3772.27207	0.02011
3770.34351	0.02050
3768.41494	0.02056
3766.48638	0.02049
3764.55781	0.02035
3762.62925	0.02028
3760.70068	0.02058
3758.77212	0.02093
3756.84355	0.02104
3754.91499	0.02140
3752.98643	0.02236
3751.05786	0.02331
3749.12930	0.02324
3747.20073	0.02301
3745.27217	0.02308
3743.34360	0.02304
3741.41504	0.02316
3739.48647	0.02396
3737.55791	0.02554
3735.62935	0.02707
3733.70078	0.02716
3731.77222	0.02658
3729.84365	0.02656
3727.91509	0.02698
3725.98652	0.02712
3724.05796	0.02654
3722.12939	0.02546
3720.20083	0.02401
3718.27227	0.02237
3716.34370	0.02123
3714.41514	0.02146
3712.48657	0.02308
3710.55801	0.02440
3708.62944	0.02434
3706.70088	0.02406
3704.77231	0.02408
3702.84375	0.02415
3700.91519	0.02389
3698.98662	0.02347
3697.05806	0.02322
3695.12949	0.02331
3693.20093	0.02374
3691.27236	0.02397
3689.34380	0.02320
3687.41523	0.02189
3685.48667	0.02108
3683.55811	0.02082
3681.62954	0.02097
3679.70098	0.02148
3677.77241	0.02231
3675.84385	0.02289
3673.91528	0.02239
3671.98672	0.02201
3670.05815	0.02182
3668.12959	0.02073
3666.20103	0.01957
3664.27246	0.01910
3662.34390	0.01918
3660.41533	0.01953
3658.48677	0.02001
3656.55820	0.02046
3654.62964	0.02074
3652.70107	0.02133
3650.77251	0.02270
3648.84395	0.02370
3646.91538	0.02291
3644.98682	0.02176
3643.05825	0.02117
3641.12969	0.02116
3639.20112	0.02157
3637.27256	0.02220
3635.34399	0.02291
3633.41543	0.02381
3631.48687	0.02501
3629.55830	0.02631
3627.62974	0.02654
3625.70117	0.02591
3623.77261	0.02551
3621.84404	0.02555
3619.91548	0.02575
3617.98691	0.02552
3616.05835	0.02486
3614.12979	0.02426
3612.20122	0.02413
3610.27266	0.02485
3608.34409	0.02592
3606.41553	0.02625
3604.48696	0.02606
3602.55840	0.02620
3600.62983	0.02663
3598.70127	0.02677
3596.77271	0.02662
3594.84414	0.02633
3592.91558	0.02581
3590.98701	0.02546
3589.05845	0.02562
3587.12988	0.02560
3585.20132	0.02483
3583.27275	0.02414
3581.34419	0.02392
3579.41562	0.02391
3577.48706	0.02384
3575.55850	0.02372
3573.62993	0.02375
3571.70137	0.02410
3569.77280	0.02496
3567.84424	0.02613
3565.91567	0.02644
3563.98711	0.02576
3562.05854	0.02507
3560.12998	0.02467
3558.20142	0.02461
3556.27285	0.02492
3554.34429	0.02556
3552.41572	0.02603
3550.48716	0.02601
3548.55859	0.02601
3546.63003	0.02628
3544.70146	0.02637
3542.77290	0.02623
3540.84434	0.02610
3538.91577	0.02612
3536.98721	0.02628
3535.05864	0.02647
3533.13008	0.02663
3531.20151	0.02685
3529.27295	0.02717
3527.34438	0.02752
3525.41582	0.02781
3523.48726	0.02789
3521.55869	0.02766
3519.63013	0.02756
3517.70156	0.02774
3515.77300	0.02786
3513.84443	0.02801
3511.91587	0.02832
3509.98730	0.02864
3508.05874	0.02898
3506.13018	0.02928
3504.20161	0.02940
3502.27305	0.02923
3500.34448	0.02898
3498.41592	0.02903
3496.48735	0.02929
3494.55879	0.02934
3492.63022	0.02936
3490.70166	0.02967
3488.77310	0.02999
3486.84453	0.03009
3484.91597	0.03019
3482.98740	0.03038
3481.05884	0.03060
3479.13027	0.03067
3477.20171	0.03057
3475.27314	0.03046
3473.34458	0.03039
3471.41602	0.03045
3469.48745	0.03061
3467.55889	0.03077
3465.63032	0.03104
3463.70176	0.03130
3461.77319	0.03127
3459.84463	0.03114
3457.91606	0.03126
3455.98750	0.03145
3454.05894	0.03144
3452.13037	0.03150
3450.20181	0.03181
3448.27324	0.03213
3446.34468	0.03229
3444.41611	0.03230
3442.48755	0.03212
3440.55898	0.03178
3438.63042	0.03149
3436.70186	0.03131
3434.77329	0.03126
3432.84473	0.03136
3430.91616	0.03152
3428.98760	0.03163
3427.05903	0.03175
3425.13047	0.03193
3423.20190	0.03212
3421.27334	0.03231
3419.34478	0.03244
3417.41621	0.03235
3415.48765	0.03203
3413.55908	0.03174
3411.63052	0.03164
3409.70195	0.03165
3407.77339	0.03164
3405.84482	0.03156
3403.91626	0.03144
3401.98770	0.03144
3400.05913	0.03160
3398.13057	0.03163
3396.20200	0.03147
3394.27344	0.03143
3392.34487	0.03150
3390.41631	0.03167
3388.48774	0.03203
3386.55918	0.03223
3384.63062	0.03214
3382.70205	0.03203
3380.77349	0.03199
3378.84492	0.03194
3376.91636	0.03189
3374.98779	0.03172
3373.05923	0.03152
3371.13066	0.03164
3369.20210	0.03190
3367.27354	0.03181
3365.34497	0.03159
3363.41641	0.03160
3361.48784	0.03163
3359.55928	0.03160
3357.63071	0.03174
3355.70215	0.03187
3353.77358	0.03184
3351.84502	0.03191
3349.91646	0.03199
3347.98789	0.03183
3346.05933	0.03159
3344.13076	0.03144
3342.20220	0.03142
3340.27363	0.03154
3338.34507	0.03166
3336.41650	0.03171
3334.48794	0.03171
3332.55937	0.03158
3330.63081	0.03137
3328.70225	0.03121
3326.77368	0.03111
3324.84512	0.03115
3322.91655	0.03135
3320.98799	0.03148
3319.05942	0.03136
3317.13086	0.03125
3315.20229	0.03132
3313.27373	0.03131
3311.34517	0.03111
3309.41660	0.03089
3307.48804	0.03072
3305.55947	0.03071
3303.63091	0.03094
3301.70234	0.03113
3299.77378	0.03116
3297.84521	0.03113
3295.91665	0.03102
3293.98809	0.03089
3292.05952	0.03081
3290.13096	0.03072
3288.20239	0.03067
3286.27383	0.03063
3284.34526	0.03043
3282.41670	0.03015
3280.48813	0.03005
3278.55957	0.03012
3276.63101	0.03015
3274.70244	0.02996
3272.77388	0.02968
3270.84531	0.02962
3268.91675	0.02982
3266.98818	0.03003
3265.05962	0.03005
3263.13105	0.02984
3261.20249	0.02966
3259.27393	0.02971
3257.34536	0.02974
3255.41680	0.02957
3253.48823	0.02940
3251.55967	0.02925
3249.63110	0.02912
3247.70254	0.02916
3245.77397	0.02928
3243.84541	0.02920
3241.91685	0.02886
3239.98828	0.02850
3238.05972	0.02828
3236.13115	0.02826
3234.20259	0.02830
3232.27402	0.02829
3230.34546	0.02829
3228.41689	0.02836
3226.48833	0.02837
3224.55977	0.02813
3222.63120	0.02775
3220.70264	0.02750
3218.77407	0.02740
3216.84551	0.02732
3214.91694	0.02724
3212.98838	0.02715
3211.05981	0.02705
3209.13125	0.02696
3207.20269	0.02694
3205.27412	0.02691
3203.34556	0.02680
3201.41699	0.02681
3199.48843	0.02693
3197.55986	0.02685
3195.63130	0.02654
3193.70273	0.02628
3191.77417	0.02615
3189.84561	0.02609
3187.91704	0.02601
3185.98848	0.02591
3184.05991	0.02592
3182.13135	0.02599
3180.20278	0.02601
3178.27422	0.02589
3176.34565	0.02561
3174.41709	0.02538
3172.48853	0.02535
3170.55996	0.02533
3168.63140	0.02519
3166.70283	0.02502
3164.77427	0.02485
3162.84570	0.02463
3160.91714	0.02446
3158.98857	0.02440
3157.06001	0.02428
3155.13145	0.02398
3153.20288	0.02378
3151.27432	0.02383
3149.34575	0.02387
3147.41719	0.02379
3145.48862	0.02366
3143.56006	0.02357
3141.63149	0.02350
3139.70293	0.02342
3137.77437	0.02335
3135.84580	0.02329
3133.91724	0.02325
3131.98867	0.02330
3130.06011	0.02332
3128.13154	0.02319
3126.20298	0.02299
3124.27441	0.02277
3122.34585	0.02254
3120.41729	0.02246
3118.48872	0.02253
3116.56016	0.02252
3114.63159	0.02243
3112.70303	0.02238
3110.77446	0.02232
3108.84590	0.02237
3106.91733	0.02260
3104.98877	0.02285
3103.06021	0.02300
3101.13164	0.02305
3099.20308	0.02303
3097.27451	0.02302
3095.34595	0.02297
3093.41738	0.02277
3091.48882	0.02253
3089.56025	0.02236
3087.63169	0.02224
3085.70312	0.02230
3083.77456	0.02246
3081.84600	0.02260
3079.91743	0.02267
3077.98887	0.02263
3076.06030	0.02255
3074.13174	0.02254
3072.20317	0.02255
3070.27461	0.02251
3068.34604	0.02238
3066.41748	0.02215
3064.48892	0.02192
3062.56035	0.02182
3060.63179	0.02177
3058.70322	0.02165
3056.77466	0.02153
3054.84609	0.02150
3052.91753	0.02149
3050.98896	0.02143
3049.06040	0.02136
3047.13184	0.02139
3045.20327	0.02141
3043.27471	0.02134
3041.34614	0.02121
3039.41758	0.02104
3037.48901	0.02080
3035.56045	0.02063
3033.63188	0.02068
3031.70332	0.02073
3029.77476	0.02067
3027.84619	0.02062
3025.91763	0.02065
3023.98906	0.02056
3022.06050	0.02026
3020.13193	0.01992
3018.20337	0.01983
3016.27480	0.01993
3014.34624	0.01996
3012.41768	0.01987
3010.48911	0.01988
3008.56055	0.01997
3006.63198	0.02006
3004.70342	0.02018
3002.77485	0.02030
3000.84629	0.02033
2998.91772	0.02035
2996.98916	0.02054
2995.06060	0.02089
2993.13203	0.02123
2991.20347	0.02162
2989.27490	0.02219
2987.34634	0.02285
2985.41777	0.02361
2983.48921	0.02460
2981.56064	0.02572
2979.63208	0.02683
2977.70352	0.02795
2975.77495	0.02919
2973.84639	0.03067
2971.91782	0.03243
2969.98926	0.03447
2968.06069	0.03679
2966.13213	0.03927
2964.20356	0.04177
2962.27500	0.04426
2960.34644	0.04671
2958.41787	0.04911
2956.48931	0.05153
2954.56074	0.05411
2952.63218	0.05704
2950.70361	0.06057
2948.77505	0.06494
2946.84648	0.07051
2944.91792	0.07768
2942.98936	0.08668
2941.06079	0.09763
2939.13223	0.11056
2937.20366	0.12544
2935.27510	0.14251
2933.34653	0.16235
2931.41797	0.18569
2929.48940	0.21344
2927.56084	0.24697
2925.63228	0.28807
2923.70371	0.33829
2921.77515	0.39761
2919.84658	0.46202
2917.91802	0.52011
2915.98945	0.55343
2914.06089	0.54872
2912.13232	0.51220
2910.20376	0.46280
2908.27520	0.41554
2906.34663	0.37646
2904.41807	0.34568
2902.48950	0.32135
2900.56094	0.30175
2898.63237	0.28539
2896.70381	0.27086
2894.77524	0.25698
2892.84668	0.24330
2890.91812	0.22992
2888.98955	0.21701
2887.06099	0.20446
2885.13242	0.19216
2883.20386	0.18026
2881.27529	0.16882
2879.34673	0.15778
2877.41816	0.14752
2875.48960	0.13869
2873.56104	0.13169
2871.63247	0.12671
2869.70391	0.12381
2867.77534	0.12311
2865.84678	0.12520
2863.91821	0.13115
2861.98965	0.14224
2860.06108	0.16028
2858.13252	0.18838
2856.20396	0.23159
2854.27539	0.29619
2852.34683	0.38350
2850.41826	0.47301
2848.48970	0.51318
2846.56113	0.47536
2844.63257	0.39789
2842.70400	0.32368
2840.77544	0.26620
2838.84687	0.22414
2836.91831	0.19356
2834.98975	0.17120
2833.06118	0.15450
2831.13262	0.14162
2829.20405	0.13136
2827.27549	0.12297
2825.34692	0.11611
2823.41836	0.11041
2821.48979	0.10545
2819.56123	0.10107
2817.63267	0.09727
2815.70410	0.09397
2813.77554	0.09106
2811.84697	0.08847
2809.91841	0.08612
2807.98984	0.08389
2806.06128	0.08180
2804.13271	0.07987
2802.20415	0.07810
2800.27559	0.07646
2798.34702	0.07481
2796.41846	0.07318
2794.48989	0.07176
2792.56133	0.07056
2790.63276	0.06940
2788.70420	0.06819
2786.77563	0.06705
2784.84707	0.06599
2782.91851	0.06489
2780.98994	0.06380
2779.06138	0.06276
2777.13281	0.06176
2775.20425	0.06085
2773.27568	0.06003
2771.34712	0.05924
2769.41855	0.05850
2767.48999	0.05781
2765.56143	0.05716
2763.63286	0.05653
2761.70430	0.05594
2759.77573	0.05540
2757.84717	0.05491
2755.91860	0.05447
2753.99004	0.05404
2752.06147	0.05362
2750.13291	0.05327
2748.20435	0.05300
2746.27578	0.05273
2744.34722	0.05242
2742.41865	0.05207
2740.49009	0.05178
2738.56152	0.05153
2736.63296	0.05128
2734.70439	0.05100
2732.77583	0.05067
2730.84727	0.05030
2728.91870	0.04996
2726.99014	0.04963
2725.06157	0.04933
2723.13301	0.04907
2721.20444	0.04882
2719.27588	0.04851
2717.34731	0.04818
2715.41875	0.04792
2713.49019	0.04767
2711.56162	0.04730
2709.63306	0.04692
2707.70449	0.04661
2705.77593	0.04636
2703.84736	0.04615
2701.91880	0.04598
2699.99023	0.04579
2698.06167	0.04554
2696.13311	0.04528
2694.20454	0.04509
2692.27598	0.04498
2690.34741	0.04487
2688.41885	0.04479
2686.49028	0.04474
2684.56172	0.04465
2682.63315	0.04449
2680.70459	0.04432
2678.77603	0.04429
2676.84746	0.04439
2674.91890	0.04448
2672.99033	0.04452
2671.06177	0.04459
2669.13320	0.04461
2667.20464	0.04459
2665.27607	0.04469
2663.34751	0.04495
2661.41895	0.04516
2659.49038	0.04523
2657.56182	0.04525
2655.63325	0.04529
2653.70469	0.04529
2651.77612	0.04524
2649.84756	0.04515
2647.91899	0.04502
2645.99043	0.04485
2644.06187	0.04470
2642.13330	0.04459
2640.20474	0.04448
2638.27617	0.04437
2636.34761	0.04421
2634.41904	0.04393
2632.49048	0.04366
2630.56191	0.04343
2628.63335	0.04318
2626.70479	0.04285
2624.77622	0.04244
2622.84766	0.04197
2620.91909	0.04155
2618.99053	0.04122
2617.06196	0.04094
2615.13340	0.04068
2613.20483	0.04041
2611.27627	0.04009
2609.34771	0.03980
2607.41914	0.03951
2605.49058	0.03915
2603.56201	0.03885
2601.63345	0.03869
2599.70488	0.03852
2597.77632	0.03820
2595.84775	0.03789
2593.91919	0.03764
2591.99062	0.03733
2590.06206	0.03706
2588.13350	0.03697
2586.20493	0.03685
2584.27637	0.03655
2582.34780	0.03624
2580.41924	0.03603
2578.49067	0.03587
2576.56211	0.03573
2574.63354	0.03551
2572.70498	0.03516
2570.77642	0.03484
2568.84785	0.03466
2566.91929	0.03452
2564.99072	0.03434
2563.06216	0.03419
2561.13359	0.03406
2559.20503	0.03394
2557.27646	0.03374
2555.34790	0.03351
2553.41934	0.03338
2551.49077	0.03335
2549.56221	0.03333
2547.63364	0.03322
2545.70508	0.03305
2543.77651	0.03283
2541.84795	0.03257
2539.91938	0.03233
2537.99082	0.03216
2536.06226	0.03204
2534.13369	0.03194
2532.20513	0.03194
2530.27656	0.03199
2528.34800	0.03191
2526.41943	0.03167
2524.49087	0.03149
2522.56230	0.03137
2520.63374	0.03118
2518.70518	0.03099
2516.77661	0.03088
2514.84805	0.03078
2512.91948	0.03066
2510.99092	0.03051
2509.06235	0.03025
2507.13379	0.02994
2505.20522	0.02973
2503.27666	0.02961
2501.34810	0.02951
2499.41953	0.02944
2497.49097	0.02939
2495.56240	0.02939
2493.63384	0.02940
2491.70527	0.02926
2489.77671	0.02905
2487.84814	0.02890
2485.91958	0.02874
2483.99102	0.02860
2482.06245	0.02865
2480.13389	0.02875
2478.20532	0.02873
2476.27676	0.02858
2474.34819	0.02845
2472.41963	0.02838
2470.49106	0.02826
2468.56250	0.02811
2466.63394	0.02804
2464.70537	0.02803
2462.77681	0.02797
2460.84824	0.02789
2458.91968	0.02784
2456.99111	0.02786
2455.06255	0.02788
2453.13398	0.02781
2451.20542	0.02768
2449.27686	0.02755
2447.34829	0.02741
2445.41973	0.02727
2443.49116	0.02709
2441.56260	0.02691
2439.63403	0.02678
2437.70547	0.02670
2435.77690	0.02661
2433.84834	0.02652
2431.91978	0.02649
2429.99121	0.02646
2428.06265	0.02642
2426.13408	0.02641
2424.20552	0.02641
2422.27695	0.02637
2420.34839	0.02625
2418.41982	0.02613
2416.49126	0.02606
2414.56270	0.02603
2412.63413	0.02608
2410.70557	0.02612
2408.77700	0.02597
2406.84844	0.02562
2404.91987	0.02534
2402.99131	0.02525
2401.06274	0.02527
2399.13418	0.02528
2397.20562	0.02525
2395.27705	0.02524
2393.34849	0.02528
2391.41992	0.02539
2389.49136	0.02581
2387.56279	0.02697
2385.63423	0.02948
2383.70566	0.03418
2381.77710	0.04154
2379.84854	0.05135
2377.91997	0.06271
2375.99141	0.07456
2374.06284	0.08644
2372.13428	0.09855
2370.20571	0.11097
2368.27715	0.12307
2366.34858	0.13396
2364.42002	0.14295
2362.49146	0.14927
2360.56289	0.15187
2358.63433	0.14986
2356.70576	0.14288
2354.77720	0.13132
2352.84863	0.11598
2350.92007	0.10084
2348.99150	0.09387
2347.06294	0.09913
2345.13437	0.11114
2343.20581	0.11897
2341.27725	0.12026
2339.34868	0.11887
2337.42012	0.11667
2335.49155	0.11444
2333.56299	0.11309
2331.63442	0.11223
2329.70586	0.11001
2327.77729	0.10682
2325.84873	0.10449
2323.92017	0.10220
2321.99160	0.09744
2320.06304	0.09003
2318.13447	0.08213
2316.20591	0.07578
2314.27734	0.07142
2312.34878	0.06767
2310.42021	0.06324
2308.49165	0.05825
2306.56309	0.05338
2304.63452	0.04919
2302.70596	0.04591
2300.77739	0.04328
2298.84883	0.04092
2296.92026	0.03882
2294.99170	0.03716
2293.06313	0.03587
2291.13457	0.03468
2289.20601	0.03348
2287.27744	0.03221
2285.34888	0.03079
2283.42031	0.02956
2281.49175	0.02900
2279.56318	0.02899
2277.63462	0.02916
2275.70605	0.02933
2273.77749	0.02935
2271.84893	0.02900
2269.92036	0.02841
2267.99180	0.02786
2266.06323	0.02744
2264.13467	0.02714
2262.20610	0.02689
2260.27754	0.02667
2258.34897	0.02641
2256.42041	0.02586
2254.49185	0.02497
2252.56328	0.02422
2250.63472	0.02386
2248.70615	0.02382
2246.77759	0.02402
2244.84902	0.02426
2242.92046	0.02431
2240.99189	0.02409
2239.06333	0.02372
2237.13477	0.02338
2235.20620	0.02317
2233.27764	0.02292
2231.34907	0.02256
2229.42051	0.02232
2227.49194	0.02224
2225.56338	0.02214
2223.63481	0.02201
2221.70625	0.02197
2219.77769	0.02195
2217.84912	0.02186
2215.92056	0.02188
2213.99199	0.02195
2212.06343	0.02193
2210.13486	0.02199
2208.20630	0.02209
2206.27773	0.02194
2204.34917	0.02161
2202.42061	0.02148
2200.49204	0.02156
2198.56348	0.02152
2196.63491	0.02142
2194.70635	0.02164
2192.77778	0.02210
2190.84922	0.02236
2188.92065	0.02226
2186.99209	0.02195
2185.06353	0.02144
2183.13496	0.02067
2181.20640	0.02021
2179.27783	0.02033
2177.34927	0.02016
2175.42070	0.01951
2173.49214	0.01966
2171.56357	0.02099
2169.63501	0.02241
2167.70645	0.02317
2165.77788	0.02349
2163.84932	0.02388
2161.92075	0.02304
2159.99219	0.01843
2158.06362	0.01285
2156.13506	0.01145
2154.20649	0.01291
2152.27793	0.01401
2150.34937	0.01425
2148.42080	0.01440
2146.49224	0.01488
2144.56367	0.01556
2142.63511	0.01591
2140.70654	0.01574
2138.77798	0.01547
2136.84941	0.01512
2134.92085	0.01447
2132.99229	0.01420
2131.06372	0.01488
2129.13516	0.01590
2127.20659	0.01660
2125.27803	0.01693
2123.34946	0.01719
2121.42090	0.01775
2119.49233	0.01853
2117.56377	0.01930
2115.63521	0.01995
2113.70664	0.02030
2111.77808	0.02028
2109.84951	0.02016
2107.92095	0.02005
2105.99238	0.01984
2104.06382	0.01973
2102.13525	0.01990
2100.20669	0.02001
2098.27812	0.01966
2096.34956	0.01882
2094.42100	0.01814
2092.49243	0.01833
2090.56387	0.01911
2088.63530	0.01995
2086.70674	0.02061
2084.77817	0.02094
2082.84961	0.02108
2080.92104	0.02129
2078.99248	0.02127
2077.06392	0.02075
2075.13535	0.02021
2073.20679	0.02010
2071.27822	0.02022
2069.34966	0.02018
2067.42109	0.02006
2065.49253	0.01994
2063.56396	0.01975
2061.63540	0.01967
2059.70684	0.01982
2057.77827	0.02011
2055.84971	0.02041
2053.92114	0.02129
2051.99258	0.02304
2050.06401	0.02371
2048.13545	0.02227
2046.20688	0.02074
2044.27832	0.02011
2042.34976	0.01975
2040.42119	0.01975
2038.49263	0.02045
2036.56406	0.02101
2034.63550	0.02034
2032.70693	0.01922
2030.77837	0.01869
2028.84980	0.01843
2026.92124	0.01823
2024.99268	0.01800
2023.06411	0.01776
2021.13555	0.01790
2019.20698	0.01825
2017.27842	0.01811
2015.34985	0.01758
2013.42129	0.01727
2011.49272	0.01733
2009.56416	0.01718
2007.63560	0.01631
2005.70703	0.01547
2003.77847	0.01568
2001.84990	0.01654
1999.92134	0.01725
1997.99277	0.01773
1996.06421	0.01816
1994.13564	0.01858
1992.20708	0.01882
1990.27852	0.01881
1988.34995	0.01879
1986.42139	0.01904
1984.49282	0.01982
1982.56426	0.02115
1980.63569	0.02172
1978.70713	0.01993
1976.77856	0.01699
1974.85000	0.01527
1972.92144	0.01483
1970.99287	0.01496
1969.06431	0.01537
1967.13574	0.01548
1965.20718	0.01513
1963.27861	0.01468
1961.35005	0.01424
1959.42148	0.01428
1957.49292	0.01511
1955.56436	0.01594
1953.63579	0.01607
1951.70723	0.01590
1949.77866	0.01597
1947.85010	0.01619
1945.92153	0.01635
1943.99297	0.01645
1942.06440	0.01648
1940.13584	0.01638
1938.20728	0.01631
1936.27871	0.01634
1934.35015	0.01629
1932.42158	0.01617
1930.49302	0.01624
1928.56445	0.01658
1926.63589	0.01698
1924.70732	0.01735
1922.77876	0.01778
1920.85020	0.01817
1918.92163	0.01838
1916.99307	0.01833
1915.06450	0.01818
1913.13594	0.01820
1911.20737	0.01841
1909.27881	0.01862
1907.35024	0.01867
1905.42168	0.01863
1903.49312	0.01864
1901.56455	0.01874
1899.63599	0.01890
1897.70742	0.01903
1895.77886	0.01903
1893.85029	0.01893
1891.92173	0.01898
1889.99316	0.01906
1888.06460	0.01885
1886.13604	0.01851
1884.20747	0.01831
1882.27891	0.01818
1880.35034	0.01811
1878.42178	0.01820
1876.49321	0.01839
1874.56465	0.01862
1872.63608	0.01896
1870.70752	0.01951
1868.77896	0.01985
1866.85039	0.01939
1864.92183	0.01870
1862.99326	0.01838
1861.06470	0.01833
1859.13613	0.01836
1857.20757	0.01844
1855.27900	0.01847
1853.35044	0.01840
1851.42187	0.01844
1849.49331	0.01872
1847.56475	0.01910
1845.63618	0.01943
1843.70762	0.01943
1841.77905	0.01905
1839.85049	0.01881
1837.92192	0.01890
1835.99336	0.01897
1834.06479	0.01910
1832.13623	0.01967
1830.20767	0.02033
1828.27910	0.02042
1826.35054	0.02032
1824.42197	0.02034
1822.49341	0.02014
1820.56484	0.01979
1818.63628	0.01943
1816.70771	0.01929
1814.77915	0.01967
1812.85059	0.02042
1810.92202	0.02109
1808.99346	0.02140
1807.06489	0.02156
1805.13633	0.02191
1803.20776	0.02263
1801.27920	0.02351
1799.35063	0.02411
1797.42207	0.02453
1795.49351	0.02522
1793.56494	0.02641
1791.63638	0.02763
1789.70781	0.02830
1787.77925	0.02890
1785.85068	0.02978
1783.92212	0.03074
1781.99355	0.03157
1780.06499	0.03217
1778.13643	0.03254
1776.20786	0.03306
1774.27930	0.03400
1772.35073	0.03496
1770.42217	0.03511
1768.49360	0.03474
1766.56504	0.03450
1764.63647	0.03470
1762.70791	0.03544
1760.77935	0.03620
1758.85078	0.03677
1756.92222	0.03745
1754.99365	0.03828
1753.06509	0.03985
1751.13652	0.04293
1749.20796	0.04722
1747.27939	0.05192
1745.35083	0.05747
1743.42227	0.06399
1741.49370	0.07020
1739.56514	0.07449
1737.63657	0.07633
1735.70801	0.07664
1733.77944	0.07519
1731.85088	0.07230
1729.92231	0.06981
1727.99375	0.06823
1726.06519	0.06805
1724.13662	0.06923
1722.20806	0.07119
1720.27949	0.07377
1718.35093	0.07773
1716.42236	0.08209
1714.49380	0.08431
1712.56523	0.08518
1710.63667	0.08543
1708.70811	0.08515
1706.77954	0.08399
1704.85098	0.08164
1702.92241	0.07921
1700.99385	0.07673
1699.06528	0.07366
1697.13672	0.07015
1695.20815	0.06534
1693.27959	0.06102
1691.35103	0.05824
1689.42246	0.05624
1687.49390	0.05514
1685.56533	0.05489
1683.63677	0.05397
1681.70820	0.05210
1679.77964	0.05078
1677.85107	0.05019
1675.92251	0.05017
1673.99395	0.05032
1672.06538	0.05053
1670.13682	0.05067
1668.20825	0.05006
1666.27969	0.04935
1664.35112	0.04920
1662.42256	0.04906
1660.49399	0.04840
1658.56543	0.04796
1656.63687	0.04842
1654.70830	0.04978
1652.77974	0.05037
1650.85117	0.04942
1648.92261	0.04934
1646.99404	0.04974
1645.06548	0.04929
1643.13691	0.04866
1641.20835	0.04855
1639.27979	0.04896
1637.35122	0.04968
1635.42266	0.04951
1633.49409	0.04824
1631.56553	0.04766
1629.63696	0.04805
1627.70840	0.04880
1625.77983	0.04937
1623.85127	0.04958
1621.92271	0.04907
1619.99414	0.04839
1618.06558	0.04779
1616.13701	0.04632
1614.20845	0.04435
1612.27988	0.04308
1610.35132	0.04237
1608.42275	0.04171
1606.49419	0.04103
1604.56562	0.04052
1602.63706	0.04008
1600.70850	0.03958
1598.77993	0.03924
1596.85137	0.03915
1594.92280	0.03906
1592.99424	0.03882
1591.06567	0.03856
1589.13711	0.03839
1587.20854	0.03824
1585.27998	0.03808
1583.35142	0.03788
1581.42285	0.03778
1579.49429	0.03807
1577.56572	0.03870
1575.63716	0.03869
1573.70859	0.03796
1571.78003	0.03775
1569.85146	0.03788
1567.92290	0.03752
1565.99434	0.03710
1564.06577	0.03707
1562.13721	0.03763
1560.20864	0.03910
1558.28008	0.03983
1556.35151	0.03843
1554.42295	0.03729
1552.49438	0.03665
1550.56582	0.03623
1548.63726	0.03585
1546.70869	0.03589
1544.78013	0.03673
1542.85156	0.03790
1540.92300	0.03821
1538.99443	0.03635
1537.06587	0.03463
1535.13730	0.03415
1533.20874	0.03378
1531.28018	0.03291
1529.35161	0.03248
1527.42305	0.03264
1525.49448	0.03289
1523.56592	0.03321
1521.63735	0.03337
1519.70879	0.03279
1517.78022	0.03217
1515.85166	0.03150
1513.92310	0.03081
1511.99453	0.03076
1510.06597	0.03159
1508.13740	0.03284
1506.20884	0.03189
1504.28027	0.02965
1502.35171	0.02873
1500.42314	0.02882
1498.49458	0.02934
1496.56602	0.02928
1494.63745	0.02864
1492.70889	0.02862
1490.78032	0.02960
1488.85176	0.03034
1486.92319	0.03008
1484.99463	0.03010
1483.06606	0.03148
1481.13750	0.03523
1479.20894	0.04410
1477.28037	0.06654
1475.35181	0.11299
1473.42324	0.17694
1471.49468	0.20893
1469.56611	0.19591
1467.63755	0.17745
1465.70898	0.16851
1463.78042	0.16673
1461.85186	0.16042
1459.92329	0.14604
1457.99473	0.12575
1456.06616	0.10718
1454.13760	0.09707
1452.20903	0.09035
1450.28047	0.08474
1448.35190	0.08025
1446.42334	0.07682
1444.49478	0.07450
1442.56621	0.07299
1440.63765	0.07200
1438.70908	0.07142
1436.78052	0.07042
1434.85195	0.06839
1432.92339	0.06625
1430.99482	0.06421
1429.06626	0.06198
1427.13770	0.06006
1425.20913	0.05883
1423.28057	0.05802
1421.35200	0.05766
1419.42344	0.05775
1417.49487	0.05747
1415.56631	0.05681
1413.63774	0.05640
1411.70918	0.05615
1409.78062	0.05573
1407.85205	0.05521
1405.92349	0.05453
1403.99492	0.05343
1402.06636	0.05234
1400.13779	0.05169
1398.20923	0.05131
1396.28066	0.05084
1394.35210	0.04999
1392.42354	0.04908
1390.49497	0.04891
1388.56641	0.04962
1386.63784	0.05063
1384.70928	0.05169
1382.78071	0.05347
1380.85215	0.05615
1378.92358	0.05893
1376.99502	0.06093
1375.06646	0.06189
1373.13789	0.06187
1371.20933	0.06137
1369.28076	0.06069
1367.35220	0.05973
1365.42363	0.05872
1363.49507	0.05774
1361.56650	0.05638
1359.63794	0.05498
1357.70937	0.05409
1355.78081	0.05359
1353.85225	0.05316
1351.92368	0.05271
1349.99512	0.05221
1348.06655	0.05158
1346.13799	0.05089
1344.20942	0.05037
1342.28086	0.05022
1340.35229	0.05027
1338.42373	0.04994
1336.49517	0.04923
1334.56660	0.04868
1332.63804	0.04850
1330.70947	0.04858
1328.78091	0.04878
1326.85234	0.04910
1324.92378	0.04965
1322.99521	0.05061
1321.06665	0.05202
1319.13809	0.05343
1317.20952	0.05407
1315.28096	0.05380
1313.35239	0.05315
1311.42383	0.05264
1309.49526	0.05253
1307.56670	0.05276
1305.63813	0.05315
1303.70957	0.05358
1301.78101	0.05405
1299.85244	0.05450
1297.92388	0.05485
1295.99531	0.05515
1294.06675	0.05544
1292.13818	0.05577
1290.20962	0.05616
1288.28105	0.05657
1286.35249	0.05696
1284.42393	0.05741
1282.49536	0.05801
1280.56680	0.05872
1278.63823	0.05942
1276.70967	0.06010
1274.78110	0.06087
1272.85254	0.06174
1270.92397	0.06260
1268.99541	0.06338
1267.06685	0.06412
1265.13828	0.06483
1263.20972	0.06560
1261.28115	0.06645
1259.35259	0.06728
1257.42402	0.06815
1255.49546	0.06919
1253.56689	0.07051
1251.63833	0.07217
1249.70977	0.07413
1247.78120	0.07624
1245.85264	0.07835
1243.92407	0.08025
1241.99551	0.08158
1240.06694	0.08193
1238.13838	0.08116
1236.20981	0.07945
1234.28125	0.07720
1232.35269	0.07480
1230.42412	0.07248
1228.49556	0.07038
1226.56699	0.06861
1224.63843	0.06720
1222.70986	0.06607
1220.78130	0.06504
1218.85273	0.06419
1216.92417	0.06363
1214.99561	0.06328
1213.06704	0.06297
1211.13848	0.06264
1209.20991	0.06236
1207.28135	0.06220
1205.35278	0.06216
1203.42422	0.06222
1201.49565	0.06234
1199.56709	0.06255
1197.63853	0.06284
1195.70996	0.06316
1193.78140	0.06348
1191.85283	0.06380
1189.92427	0.06409
1187.99570	0.06433
1186.06714	0.06456
1184.13857	0.06486
1182.21001	0.06531
1180.28145	0.06592
1178.35288	0.06652
1176.42432	0.06696
1174.49575	0.06721
1172.56719	0.06730
1170.63862	0.06729
1168.71006	0.06726
1166.78149	0.06717
1164.85293	0.06689
1162.92437	0.06641
1160.99580	0.06576
1159.06724	0.06496
1157.13867	0.06406
1155.21011	0.06325
1153.28154	0.06261
1151.35298	0.06199
1149.42441	0.06132
1147.49585	0.06065
1145.56729	0.06000
1143.63872	0.05945
1141.71016	0.05910
1139.78159	0.05892
1137.85303	0.05889
1135.92446	0.05901
1133.99590	0.05922
1132.06733	0.05942
1130.13877	0.05961
1128.21021	0.05982
1126.28164	0.06004
1124.35308	0.06017
1122.42451	0.06021
1120.49595	0.06030
1118.56738	0.06050
1116.63882	0.06079
1114.71025	0.06106
1112.78169	0.06130
1110.85312	0.06150
1108.92456	0.06157
1106.99600	0.06149
1105.06743	0.06144
1103.13887	0.06150
1101.21030	0.06159
1099.28174	0.06161
1097.35317	0.06161
1095.42461	0.06165
1093.49604	0.06174
1091.56748	0.06184
1089.63892	0.06199
1087.71035	0.06216
1085.78179	0.06227
1083.85322	0.06234
1081.92466	0.06240
1079.99609	0.06241
1078.06753	0.06244
1076.13896	0.06250
1074.21040	0.06254
1072.28184	0.06258
1070.35327	0.06265
1068.42471	0.06267
1066.49614	0.06264
1064.56758	0.06262
1062.63901	0.06260
1060.71045	0.06255
1058.78188	0.06250
1056.85332	0.06246
1054.92476	0.06250
1052.99619	0.06262
1051.06763	0.06274
1049.13906	0.06275
1047.21050	0.06271
1045.28193	0.06271
1043.35337	0.06270
1041.42480	0.06264
1039.49624	0.06261
1037.56768	0.06269
1035.63911	0.06287
1033.71055	0.06316
1031.78198	0.06348
1029.85342	0.06374
1027.92485	0.06405
1025.99629	0.06452
1024.06772	0.06500
1022.13916	0.06516
1020.21060	0.06488
1018.28203	0.06419
1016.35347	0.06311
1014.42490	0.06175
1012.49634	0.06031
1010.56777	0.05902
1008.63921	0.05795
1006.71064	0.05701
1004.78208	0.05624
1002.85352	0.05576
1000.92495	0.05558
998.99639	0.05558
997.06782	0.05572
995.13926	0.05596
993.21069	0.05612
991.28213	0.05596
989.35356	0.05534
987.42500	0.05436
985.49644	0.05333
983.56787	0.05244
981.63931	0.05175
979.71074	0.05137
977.78218	0.05123
975.85361	0.05117
973.92505	0.05118
971.99648	0.05128
970.06792	0.05147
968.13936	0.05170
966.21079	0.05191
964.28223	0.05201
962.35366	0.05199
960.42510	0.05188
958.49653	0.05162
956.56797	0.05127
954.63940	0.05102
952.71084	0.05094
950.78228	0.05093
948.85371	0.05094
946.92515	0.05094
944.99658	0.05094
943.06802	0.05098
941.13945	0.05103
939.21089	0.05098
937.28232	0.05084
935.35376	0.05067
933.42520	0.05049
931.49663	0.05031
929.56807	0.05011
927.63950	0.04988
925.71094	0.04967
923.78237	0.04970
921.85381	0.05001
919.92524	0.05052
917.99668	0.05130
916.06812	0.05258
914.13955	0.05459
912.21099	0.05720
910.28242	0.05966
908.35386	0.06074
906.42529	0.05968
904.49673	0.05699
902.56816	0.05389
900.63960	0.05115
898.71104	0.04901
896.78247	0.04752
894.85391	0.04643
892.92534	0.04547
890.99678	0.04476
889.06821	0.04432
887.13965	0.04393
885.21108	0.04337
883.28252	0.04271
881.35396	0.04215
879.42539	0.04178
877.49683	0.04146
875.56826	0.04100
873.63970	0.04052
871.71113	0.04023
869.78257	0.04006
867.85400	0.03980
865.92544	0.03946
863.99687	0.03913
862.06831	0.03882
860.13975	0.03852
858.21118	0.03826
856.28262	0.03810
854.35405	0.03796
852.42549	0.03785
850.49692	0.03771
848.56836	0.03745
846.63979	0.03711
844.71123	0.03691
842.78267	0.03681
840.85410	0.03665
838.92554	0.03643
836.99697	0.03622
835.06841	0.03604
833.13984	0.03591
831.21128	0.03579
829.28271	0.03567
827.35415	0.03562
825.42559	0.03563
823.49702	0.03559
821.56846	0.03552
819.63989	0.03554
817.71133	0.03567
815.78276	0.03573
813.85420	0.03574
811.92563	0.03575
809.99707	0.03575
808.06851	0.03581
806.13994	0.03577
804.21138	0.03561
802.28281	0.03547
800.35425	0.03542
798.42568	0.03552
796.49712	0.03563
794.56855	0.03544
792.63999	0.03514
790.71143	0.03515
788.78286	0.03535
786.85430	0.03553
784.92573	0.03602
782.99717	0.03697
781.06860	0.03770
779.14004	0.03763
777.21147	0.03705
775.28291	0.03657
773.35435	0.03642
771.42578	0.03637
769.49722	0.03621
767.56865	0.03610
765.64009	0.03615
763.71152	0.03623
761.78296	0.03618
759.85439	0.03620
757.92583	0.03636
755.99727	0.03643
754.06870	0.03647
752.14014	0.03671
750.21157	0.03707
748.28301	0.03759
746.35444	0.03842
744.42588	0.03953
742.49731	0.04087
740.56875	0.04273
738.64019	0.04608
736.71162	0.05360
734.78306	0.06932
732.85449	0.09161
730.92593	0.10770
728.99736	0.10897
727.06880	0.10495
725.14023	0.10884
723.21167	0.12723
721.28311	0.16171
719.35454	0.20207
717.42598	0.22417
715.49741	0.21050
713.56885	0.17084
711.64028	0.13014
709.71172	0.10204
707.78315	0.08524
705.85459	0.07477
703.92603	0.06774
701.99746	0.06308
700.06890	0.06017
698.14033	0.05837
696.21177	0.05723
694.28320	0.05663
692.35464	0.05665
690.42607	0.05709
688.49751	0.05751
686.56895	0.05778
684.64038	0.05811
682.71182	0.05836
680.78325	0.05827
678.85469	0.05795
676.92612	0.05718
674.99756	0.05578
673.06899	0.05598
671.14043	0.06330
669.21187	0.07575
667.28330	0.07290
665.35474	0.05766
663.42617	0.05099
661.49761	0.05138
659.56904	0.05277
657.64048	0.05378
655.71191	0.05434
653.78335	0.05419
651.85479	0.05384
649.92622	0.05374
647.99766	0.05306
646.06909	0.05161
644.14053	0.05024
642.21196	0.04901
640.28340	0.04785
638.35483	0.04729
636.42627	0.04757
634.49771	0.04849
632.56914	0.04916
630.64058	0.04867
628.71201	0.04762
626.78345	0.04683
624.85488	0.04580
622.92632	0.04428
620.99775	0.04377
619.06919	0.04527
617.14062	0.04672
615.21206	0.04615
613.28350	0.04473
611.35493	0.04400
609.42637	0.04423
607.49780	0.04515
605.56924	0.04579
603.64067	0.04516
601.71211	0.04400
599.78354	0.04330
