3997.91411	0.01580
3995.98555	0.01580
3994.05698	0.01568
3992.12842	0.01556
3990.19985	0.01555
3988.27129	0.01559
3986.34272	0.01562
3984.41416	0.01560
3982.48560	0.01548
3980.55703	0.01540
3978.62847	0.01545
3976.69990	0.01554
3974.77134	0.01556
3972.84277	0.01556
3970.91421	0.01559
3968.98564	0.01553
3967.05708	0.01538
3965.12852	0.01528
3963.19995	0.01531
3961.27139	0.01534
3959.34282	0.01525
3957.41426	0.01520
3955.48569	0.01526
3953.55713	0.01544
3951.62856	0.01569
3949.70000	0.01593
3947.77144	0.01598
3945.84287	0.01583
3943.91431	0.01574
3941.98574	0.01569
3940.05718	0.01555
3938.12861	0.01542
3936.20005	0.01550
3934.27148	0.01586
3932.34292	0.01622
3930.41436	0.01631
3928.48579	0.01628
3926.55723	0.01631
3924.62866	0.01624
3922.70010	0.01610
3920.77153	0.01614
3918.84297	0.01634
3916.91440	0.01628
3914.98584	0.01587
3913.05728	0.01555
3911.12871	0.01549
3909.20015	0.01559
3907.27158	0.01601
3905.34302	0.01683
3903.41445	0.01753
3901.48589	0.01767
3899.55732	0.01725
3897.62876	0.01650
3895.70020	0.01603
3893.77163	0.01624
3891.84307	0.01656
3889.91450	0.01636
3887.98594	0.01631
3886.05737	0.01670
3884.12881	0.01690
3882.20024	0.01688
3880.27168	0.01669
3878.34312	0.01621
3876.41455	0.01618
3874.48599	0.01666
3872.55742	0.01709
3870.62886	0.01732
3868.70029	0.01708
3866.77173	0.01670
3864.84316	0.01658
3862.91460	0.01633
3860.98604	0.01595
3859.05747	0.01602
3857.12891	0.01674
3855.20034	0.01801
3853.27178	0.01858
3851.34321	0.01733
3849.41465	0.01615
3847.48608	0.01570
3845.55752	0.01582
3843.62896	0.01642
3841.70039	0.01730
3839.77183	0.01799
3837.84326	0.01792
3835.91470	0.01718
3833.98613	0.01651
3832.05757	0.01602
3830.12900	0.01574
3828.20044	0.01580
3826.27187	0.01597
3824.34331	0.01626
3822.41475	0.01708
3820.48618	0.01771
3818.55762	0.01759
3816.62905	0.01721
3814.70049	0.01629
3812.77192	0.01536
3810.84336	0.01520
3808.91479	0.01576
3806.98623	0.01634
3805.05767	0.01651
3803.12910	0.01689
3801.20054	0.01722
3799.27197	0.01680
3797.34341	0.01620
3795.41484	0.01559
3793.48628	0.01494
3791.55771	0.01456
3789.62915	0.01447
3787.70059	0.01462
3785.77202	0.01482
3783.84346	0.01485
3781.91489	0.01491
3779.98633	0.01514
3778.05776	0.01499
3776.12920	0.01451
3774.20063	0.01434
3772.27207	0.01470
3770.34351	0.01527
3768.41494	0.01552
3766.48638	0.01534
3764.55781	0.01494
3762.62925	0.01484
3760.70068	0.01534
3758.77212	0.01577
3756.84355	0.01579
3754.91499	0.01611
3752.98643	0.01707
3751.05786	0.01792
3749.12930	0.01765
3747.20073	0.01715
3745.27217	0.01689
3743.34360	0.01626
3741.41504	0.01555
3739.48647	0.01539
3737.55791	0.01588
3735.62935	0.01650
3733.70078	0.01602
3731.77222	0.01461
3729.84365	0.01350
3727.91509	0.01317
3725.98652	0.01348
3724.05796	0.01390
3722.12939	0.01399
3720.20083	0.01382
3718.27227	0.01367
3716.34370	0.01372
3714.41514	0.01419
3712.48657	0.01501
3710.55801	0.01516
3708.62944	0.01434
3706.70088	0.01354
3704.77231	0.01334
3702.84375	0.01361
3700.91519	0.01363
3698.98662	0.01327
3697.05806	0.01295
3695.12949	0.01294
3693.20093	0.01354
3691.27236	0.01471
3689.34380	0.01533
3687.41523	0.01459
3685.48667	0.01369
3683.55811	0.01343
3681.62954	0.01375
3679.70098	0.01443
3677.77241	0.01540
3675.84385	0.01618
3673.91528	0.01596
3671.98672	0.01574
3670.05815	0.01577
3668.12959	0.01503
3666.20103	0.01407
3664.27246	0.01358
3662.34390	0.01355
3660.41533	0.01391
3658.48677	0.01449
3656.55820	0.01489
3654.62964	0.01499
3652.70107	0.01565
3650.77251	0.01721
3648.84395	0.01795
3646.91538	0.01664
3644.98682	0.01512
3643.05825	0.01431
3641.12969	0.01407
3639.20112	0.01402
3637.27256	0.01401
3635.34399	0.01409
3633.41543	0.01443
3631.48687	0.01525
3629.55830	0.01621
3627.62974	0.01582
3625.70117	0.01457
3623.77261	0.01404
3621.84404	0.01452
3619.91548	0.01558
3617.98691	0.01629
3616.05835	0.01657
3614.12979	0.01677
3612.20122	0.01670
3610.27266	0.01658
3608.34409	0.01654
3606.41553	0.01621
3604.48696	0.01577
3602.55840	0.01562
3600.62983	0.01564
3598.70127	0.01551
3596.77271	0.01526
3594.84414	0.01512
3592.91558	0.01510
3590.98701	0.01526
3589.05845	0.01573
3587.12988	0.01597
3585.20132	0.01546
3583.27275	0.01485
3581.34419	0.01467
3579.41562	0.01485
3577.48706	0.01497
3575.55850	0.01492
3573.62993	0.01492
3571.70137	0.01530
3569.77280	0.01621
3567.84424	0.01711
3565.91567	0.01703
3563.98711	0.01638
3562.05854	0.01595
3560.12998	0.01570
3558.20142	0.01555
3556.27285	0.01554
3554.34429	0.01562
3552.41572	0.01559
3550.48716	0.01545
3548.55859	0.01552
3546.63003	0.01584
3544.70146	0.01606
3542.77290	0.01607
3540.84434	0.01603
3538.91577	0.01614
3536.98721	0.01633
3535.05864	0.01638
3533.13008	0.01642
3531.20151	0.01674
3529.27295	0.01713
3527.34438	0.01722
3525.41582	0.01703
3523.48726	0.01673
3521.55869	0.01640
3519.63013	0.01620
3517.70156	0.01635
3515.77300	0.01674
3513.84443	0.01692
3511.91587	0.01676
3509.98730	0.01663
3508.05874	0.01685
3506.13018	0.01725
3504.20161	0.01748
3502.27305	0.01749
3500.34448	0.01734
3498.41592	0.01699
3496.48735	0.01661
3494.55879	0.01647
3492.63022	0.01649
3490.70166	0.01638
3488.77310	0.01622
3486.84453	0.01630
3484.91597	0.01662
3482.98740	0.01700
3481.05884	0.01729
3479.13027	0.01730
3477.20171	0.01709
3475.27314	0.01705
3473.34458	0.01722
3471.41602	0.01726
3469.48745	0.01719
3467.55889	0.01728
3465.63032	0.01748
3463.70176	0.01755
3461.77319	0.01739
3459.84463	0.01714
3457.91606	0.01708
3455.98750	0.01716
3454.05894	0.01717
3452.13037	0.01729
3450.20181	0.01777
3448.27324	0.01820
3446.34468	0.01808
3444.41611	0.01774
3442.48755	0.01758
3440.55898	0.01745
3438.63042	0.01735
3436.70186	0.01743
3434.77329	0.01759
3432.84473	0.01757
3430.91616	0.01735
3428.98760	0.01730
3427.05903	0.01763
3425.13047	0.01793
3423.20190	0.01801
3421.27334	0.01801
3419.34478	0.01798
3417.41621	0.01793
3415.48765	0.01788
3413.55908	0.01784
3411.63052	0.01787
3409.70195	0.01788
3407.77339	0.01775
3405.84482	0.01764
3403.91626	0.01769
3401.98770	0.01781
3400.05913	0.01780
3398.13057	0.01764
3396.20200	0.01750
3394.27344	0.01748
3392.34487	0.01756
3390.41631	0.01771
3388.48774	0.01771
3386.55918	0.01761
3384.63062	0.01771
3382.70205	0.01801
3380.77349	0.01814
3378.84492	0.01802
3376.91636	0.01780
3374.98779	0.01756
3373.05923	0.01751
3371.13066	0.01764
3369.20210	0.01761
3367.27354	0.01749
3365.34497	0.01758
3363.41641	0.01768
3361.48784	0.01757
3359.55928	0.01747
3357.63071	0.01756
3355.70215	0.01764
3353.77358	0.01759
3351.84502	0.01757
3349.91646	0.01765
3347.98789	0.01774
3346.05933	0.01779
3344.13076	0.01770
3342.20220	0.01744
3340.27363	0.01706
3338.34507	0.01680
3336.41650	0.01679
3334.48794	0.01689
3332.55937	0.01702
3330.63081	0.01720
3328.70225	0.01727
3326.77368	0.01719
3324.84512	0.01718
3322.91655	0.01729
3320.98799	0.01720
3319.05942	0.01700
3317.13086	0.01703
3315.20229	0.01715
3313.27373	0.01717
3311.34517	0.01722
3309.41660	0.01729
3307.48804	0.01718
3305.55947	0.01700
3303.63091	0.01691
3301.70234	0.01681
3299.77378	0.01667
3297.84521	0.01665
3295.91665	0.01677
3293.98809	0.01684
3292.05952	0.01677
3290.13096	0.01671
3288.20239	0.01657
3286.27383	0.01633
3284.34526	0.01635
3282.41670	0.01672
3280.48813	0.01706
3278.55957	0.01703
3276.63101	0.01679
3274.70244	0.01657
3272.77388	0.01632
3270.84531	0.01606
3268.91675	0.01602
3266.98818	0.01624
3265.05962	0.01646
3263.13105	0.01644
3261.20249	0.01627
3259.27393	0.01624
3257.34536	0.01638
3255.41680	0.01637
3253.48823	0.01606
3251.55967	0.01570
3249.63110	0.01564
3247.70254	0.01581
3245.77397	0.01588
3243.84541	0.01583
3241.91685	0.01579
3239.98828	0.01580
3238.05972	0.01577
3236.13115	0.01574
3234.20259	0.01577
3232.27402	0.01578
3230.34546	0.01576
3228.41689	0.01575
3226.48833	0.01572
3224.55977	0.01564
3222.63120	0.01553
3220.70264	0.01536
3218.77407	0.01517
3216.84551	0.01510
3214.91694	0.01518
3212.98838	0.01530
3211.05981	0.01535
3209.13125	0.01535
3207.20269	0.01525
3205.27412	0.01499
3203.34556	0.01473
3201.41699	0.01479
3199.48843	0.01507
3197.55986	0.01524
3195.63130	0.01519
3193.70273	0.01506
3191.77417	0.01492
3189.84561	0.01482
3187.91704	0.01483
3185.98848	0.01487
3184.05991	0.01481
3182.13135	0.01472
3180.20278	0.01470
3178.27422	0.01463
3176.34565	0.01449
3174.41709	0.01442
3172.48853	0.01438
3170.55996	0.01432
3168.63140	0.01429
3166.70283	0.01422
3164.77427	0.01408
3162.84570	0.01399
3160.91714	0.01400
3158.98857	0.01406
3157.06001	0.01407
3155.13145	0.01388
3153.20288	0.01364
3151.27432	0.01359
3149.34575	0.01360
3147.41719	0.01347
3145.48862	0.01333
3143.56006	0.01317
3141.63149	0.01298
3139.70293	0.01294
3137.77437	0.01308
3135.84580	0.01326
3133.91724	0.01340
3131.98867	0.01340
3130.06011	0.01325
3128.13154	0.01313
3126.20298	0.01308
3124.27441	0.01307
3122.34585	0.01304
3120.41729	0.01302
3118.48872	0.01307
3116.56016	0.01308
3114.63159	0.01299
3112.70303	0.01286
3110.77446	0.01281
3108.84590	0.01283
3106.91733	0.01294
3104.98877	0.01306
3103.06021	0.01314
3101.13164	0.01327
3099.20308	0.01343
3097.27451	0.01350
3095.34595	0.01350
3093.41738	0.01341
3091.48882	0.01326
3089.56025	0.01322
3087.63169	0.01331
3085.70312	0.01340
3083.77456	0.01338
3081.84600	0.01329
3079.91743	0.01324
3077.98887	0.01323
3076.06030	0.01324
3074.13174	0.01334
3072.20317	0.01349
3070.27461	0.01351
3068.34604	0.01335
3066.41748	0.01311
3064.48892	0.01290
3062.56035	0.01278
3060.63179	0.01280
3058.70322	0.01286
3056.77466	0.01284
3054.84609	0.01277
3052.91753	0.01273
3050.98896	0.01280
3049.06040	0.01300
3047.13184	0.01321
3045.20327	0.01324
3043.27471	0.01304
3041.34614	0.01286
3039.41758	0.01292
3037.48901	0.01304
3035.56045	0.01302
3033.63188	0.01297
3031.70332	0.01294
3029.77476	0.01291
3027.84619	0.01293
3025.91763	0.01301
3023.98906	0.01300
3022.06050	0.01292
3020.13193	0.01283
3018.20337	0.01269
3016.27480	0.01263
3014.34624	0.01267
3012.41768	0.01269
3010.48911	0.01269
3008.56055	0.01273
3006.63198	0.01278
3004.70342	0.01277
3002.77485	0.01269
3000.84629	0.01260
2998.91772	0.01260
2996.98916	0.01264
2995.06060	0.01268
2993.13203	0.01287
2991.20347	0.01327
2989.27490	0.01374
2987.34634	0.01423
2985.41777	0.01499
2983.48921	0.01614
2981.56064	0.01755
2979.63208	0.01916
2977.70352	0.02111
2975.77495	0.02358
2973.84639	0.02659
2971.91782	0.03001
2969.98926	0.03383
2968.06069	0.03810
2966.13213	0.04280
2964.20356	0.04775
2962.27500	0.05264
2960.34644	0.05710
2958.41787	0.06078
2956.48931	0.06310
2954.56074	0.06344
2952.63218	0.06205
2950.70361	0.06029
2948.77505	0.05986
2946.84648	0.06196
2944.91792	0.06693
2942.98936	0.07471
2941.06079	0.08503
2939.13223	0.09754
2937.20366	0.11233
2935.27510	0.12982
2933.34653	0.15030
2931.41797	0.17421
2929.48940	0.20263
2927.56084	0.23705
2925.63228	0.27911
2923.70371	0.33052
2921.77515	0.39175
2919.84658	0.45876
2917.91802	0.51797
2915.98945	0.54665
2914.06089	0.53134
2912.13232	0.48535
2910.20376	0.43233
2908.27520	0.38577
2906.34663	0.34889
2904.41807	0.32065
2902.48950	0.29879
2900.56094	0.28103
2898.63237	0.26575
2896.70381	0.25183
2894.77524	0.23865
2892.84668	0.22589
2890.91812	0.21330
2888.98955	0.20075
2887.06099	0.18834
2885.13242	0.17634
2883.20386	0.16516
2881.27529	0.15498
2879.34673	0.14583
2877.41816	0.13795
2875.48960	0.13173
2873.56104	0.12698
2871.63247	0.12302
2869.70391	0.11973
2867.77534	0.11805
2865.84678	0.11935
2863.91821	0.12499
2861.98965	0.13625
2860.06108	0.15446
2858.13252	0.18187
2856.20396	0.22260
2854.27539	0.28234
2852.34683	0.36335
2850.41826	0.44859
2848.48970	0.48907
2846.56113	0.45323
2844.63257	0.37767
2842.70400	0.30557
2840.77544	0.24990
2838.84687	0.20912
2836.91831	0.17931
2834.98975	0.15740
2833.06118	0.14116
2831.13262	0.12877
2829.20405	0.11896
2827.27549	0.11095
2825.34692	0.10427
2823.41836	0.09858
2821.48979	0.09373
2819.56123	0.08962
2817.63267	0.08601
2815.70410	0.08278
2813.77554	0.07990
2811.84697	0.07728
2809.91841	0.07487
2807.98984	0.07269
2806.06128	0.07073
2804.13271	0.06892
2802.20415	0.06725
2800.27559	0.06577
2798.34702	0.06434
2796.41846	0.06281
2794.48989	0.06129
2792.56133	0.05993
2790.63276	0.05871
2788.70420	0.05750
2786.77563	0.05630
2784.84707	0.05517
2782.91851	0.05411
2780.98994	0.05308
2779.06138	0.05212
2777.13281	0.05122
2775.20425	0.05037
2773.27568	0.04960
2771.34712	0.04887
2769.41855	0.04818
2767.48999	0.04762
2765.56143	0.04715
2763.63286	0.04656
2761.70430	0.04587
2759.77573	0.04524
2757.84717	0.04479
2755.91860	0.04445
2753.99004	0.04410
2752.06147	0.04368
2750.13291	0.04329
2748.20435	0.04301
2746.27578	0.04282
2744.34722	0.04266
2742.41865	0.04245
2740.49009	0.04223
2738.56152	0.04203
2736.63296	0.04183
2734.70439	0.04156
2732.77583	0.04126
2730.84727	0.04094
2728.91870	0.04060
2726.99014	0.04023
2725.06157	0.03985
2723.13301	0.03954
2721.20444	0.03932
2719.27588	0.03911
2717.34731	0.03887
2715.41875	0.03856
2713.49019	0.03821
2711.56162	0.03790
2709.63306	0.03762
2707.70449	0.03735
2705.77593	0.03708
2703.84736	0.03681
2701.91880	0.03657
2699.99023	0.03640
2698.06167	0.03629
2696.13311	0.03610
2694.20454	0.03590
2692.27598	0.03581
2690.34741	0.03577
2688.41885	0.03574
2686.49028	0.03573
2684.56172	0.03566
2682.63315	0.03553
2680.70459	0.03542
2678.77603	0.03540
2676.84746	0.03544
2674.91890	0.03553
2672.99033	0.03563
2671.06177	0.03565
2669.13320	0.03561
2667.20464	0.03568
2665.27607	0.03588
2663.34751	0.03608
2661.41895	0.03619
2659.49038	0.03625
2657.56182	0.03627
2655.63325	0.03626
2653.70469	0.03621
2651.77612	0.03608
2649.84756	0.03590
2647.91899	0.03577
2645.99043	0.03570
2644.06187	0.03567
2642.13330	0.03566
2640.20474	0.03560
2638.27617	0.03549
2636.34761	0.03536
2634.41904	0.03522
2632.49048	0.03504
2630.56191	0.03476
2628.63335	0.03436
2626.70479	0.03391
2624.77622	0.03354
2622.84766	0.03333
2620.91909	0.03309
2618.99053	0.03268
2617.06196	0.03226
2615.13340	0.03196
2613.20483	0.03168
2611.27627	0.03137
2609.34771	0.03107
2607.41914	0.03073
2605.49058	0.03041
2603.56201	0.03017
2601.63345	0.02999
2599.70488	0.02980
2597.77632	0.02957
2595.84775	0.02932
2593.91919	0.02913
2591.99062	0.02897
2590.06206	0.02871
2588.13350	0.02835
2586.20493	0.02803
2584.27637	0.02784
2582.34780	0.02769
2580.41924	0.02744
2578.49067	0.02709
2576.56211	0.02686
2574.63354	0.02683
2572.70498	0.02680
2570.77642	0.02669
2568.84785	0.02647
2566.91929	0.02616
2564.99072	0.02600
2563.06216	0.02597
2561.13359	0.02585
2559.20503	0.02565
2557.27646	0.02552
2555.34790	0.02540
2553.41934	0.02522
2551.49077	0.02505
2549.56221	0.02492
2547.63364	0.02481
2545.70508	0.02462
2543.77651	0.02431
2541.84795	0.02398
2539.91938	0.02381
2537.99082	0.02383
2536.06226	0.02382
2534.13369	0.02375
2532.20513	0.02370
2530.27656	0.02358
2528.34800	0.02347
2526.41943	0.02348
2524.49087	0.02347
2522.56230	0.02338
2520.63374	0.02318
2518.70518	0.02289
2516.77661	0.02263
2514.84805	0.02251
2512.91948	0.02250
2510.99092	0.02249
2509.06235	0.02243
2507.13379	0.02238
2505.20522	0.02225
2503.27666	0.02208
2501.34810	0.02199
2499.41953	0.02197
2497.49097	0.02193
2495.56240	0.02182
2493.63384	0.02168
2491.70527	0.02156
2489.77671	0.02152
2487.84814	0.02154
2485.91958	0.02158
2483.99102	0.02155
2482.06245	0.02147
2480.13389	0.02138
2478.20532	0.02128
2476.27676	0.02123
2474.34819	0.02124
2472.41963	0.02118
2470.49106	0.02099
2468.56250	0.02077
2466.63394	0.02068
2464.70537	0.02071
2462.77681	0.02074
2460.84824	0.02077
2458.91968	0.02078
2456.99111	0.02078
2455.06255	0.02072
2453.13398	0.02060
2451.20542	0.02050
2449.27686	0.02042
2447.34829	0.02034
2445.41973	0.02030
2443.49116	0.02026
2441.56260	0.02020
2439.63403	0.02012
2437.70547	0.02004
2435.77690	0.01998
2433.84834	0.01989
2431.91978	0.01973
2429.99121	0.01954
2428.06265	0.01940
2426.13408	0.01939
2424.20552	0.01947
2422.27695	0.01952
2420.34839	0.01951
2418.41982	0.01954
2416.49126	0.01962
2414.56270	0.01963
2412.63413	0.01960
2410.70557	0.01957
2408.77700	0.01945
2406.84844	0.01918
2404.91987	0.01892
2402.99131	0.01881
2401.06274	0.01879
2399.13418	0.01876
2397.20562	0.01873
2395.27705	0.01869
2393.34849	0.01863
2391.41992	0.01855
2389.49136	0.01841
2387.56279	0.01811
2385.63423	0.01748
2383.70566	0.01637
2381.77710	0.01477
2379.84854	0.01268
2377.91997	0.01022
2375.99141	0.00765
2374.06284	0.00517
2372.13428	0.00273
2370.20571	0.00016
2368.27715	-0.00238
2366.34858	-0.00451
2364.42002	-0.00601
2362.49146	-0.00683
2360.56289	-0.00690
2358.63433	-0.00615
2356.70576	-0.00450
2354.77720	-0.00192
2352.84863	0.00151
2350.92007	0.00491
2348.99150	0.00645
2347.06294	0.00528
2345.13437	0.00282
2343.20581	0.00138
2341.27725	0.00122
2339.34868	0.00161
2337.42012	0.00222
2335.49155	0.00273
2333.56299	0.00294
2331.63442	0.00319
2329.70586	0.00413
2327.77729	0.00635
2325.84873	0.00919
2323.92017	0.01085
2321.99160	0.01095
2320.06304	0.01105
2318.13447	0.01180
2316.20591	0.01262
2314.27734	0.01311
2312.34878	0.01348
2310.42021	0.01403
2308.49165	0.01490
2306.56309	0.01588
2304.63452	0.01667
2302.70596	0.01723
2300.77739	0.01767
2298.84883	0.01805
2296.92026	0.01853
2294.99170	0.01919
2293.06313	0.01993
2291.13457	0.02062
2289.20601	0.02121
2287.27744	0.02160
2285.34888	0.02157
2283.42031	0.02117
2281.49175	0.02075
2279.56318	0.02045
2277.63462	0.02011
2275.70605	0.01978
2273.77749	0.01948
2271.84893	0.01908
2269.92036	0.01861
2267.99180	0.01822
2266.06323	0.01791
2264.13467	0.01778
2262.20610	0.01794
2260.27754	0.01830
2258.34897	0.01856
2256.42041	0.01830
2254.49185	0.01764
2252.56328	0.01724
2250.63472	0.01733
2248.70615	0.01756
2246.77759	0.01771
2244.84902	0.01768
2242.92046	0.01746
2240.99189	0.01729
2239.06333	0.01732
2237.13477	0.01737
2235.20620	0.01735
2233.27764	0.01734
2231.34907	0.01724
2229.42051	0.01697
2227.49194	0.01670
2225.56338	0.01663
2223.63481	0.01669
2221.70625	0.01675
2219.77769	0.01671
2217.84912	0.01659
2215.92056	0.01646
2213.99199	0.01639
2212.06343	0.01624
2210.13486	0.01606
2208.20630	0.01620
2206.27773	0.01659
2204.34917	0.01684
2202.42061	0.01680
2200.49204	0.01662
2198.56348	0.01650
2196.63491	0.01659
2194.70635	0.01678
2192.77778	0.01691
2190.84922	0.01716
2188.92065	0.01761
2186.99209	0.01767
2185.06353	0.01690
2183.13496	0.01582
2181.20640	0.01532
2179.27783	0.01536
2177.34927	0.01501
2175.42070	0.01437
2173.49214	0.01443
2171.56357	0.01537
2169.63501	0.01665
2167.70645	0.01777
2165.77788	0.01848
2163.84932	0.01903
2161.92075	0.01840
2159.99219	0.01426
2158.06362	0.00879
2156.13506	0.00680
2154.20649	0.00767
2152.27793	0.00886
2150.34937	0.00977
2148.42080	0.01019
2146.49224	0.01008
2144.56367	0.01001
2142.63511	0.01025
2140.70654	0.01052
2138.77798	0.01071
2136.84941	0.01051
2134.92085	0.00970
2132.99229	0.00918
2131.06372	0.00962
2129.13516	0.01047
2127.20659	0.01114
2125.27803	0.01158
2123.34946	0.01201
2121.42090	0.01273
2119.49233	0.01367
2117.56377	0.01441
2115.63521	0.01477
2113.70664	0.01491
2111.77808	0.01491
2109.84951	0.01479
2107.92095	0.01467
2105.99238	0.01463
2104.06382	0.01458
2102.13525	0.01451
2100.20669	0.01439
2098.27812	0.01398
2096.34956	0.01332
2094.42100	0.01300
2092.49243	0.01328
2090.56387	0.01379
2088.63530	0.01430
2086.70674	0.01477
2084.77817	0.01514
2082.84961	0.01548
2080.92104	0.01580
2078.99248	0.01595
2077.06392	0.01579
2075.13535	0.01539
2073.20679	0.01495
2071.27822	0.01467
2069.34966	0.01457
2067.42109	0.01460
2065.49253	0.01472
2063.56396	0.01480
2061.63540	0.01480
2059.70684	0.01485
2057.77827	0.01502
2055.84971	0.01512
2053.92114	0.01572
2051.99258	0.01720
2050.06401	0.01786
2048.13545	0.01695
2046.20688	0.01624
2044.27832	0.01621
2042.34976	0.01613
2040.42119	0.01603
2038.49263	0.01616
2036.56406	0.01594
2034.63550	0.01487
2032.70693	0.01371
2030.77837	0.01314
2028.84980	0.01302
2026.92124	0.01290
2024.99268	0.01277
2023.06411	0.01299
2021.13555	0.01341
2019.20698	0.01363
2017.27842	0.01374
2015.34985	0.01390
2013.42129	0.01409
2011.49272	0.01415
2009.56416	0.01381
2007.63560	0.01277
2005.70703	0.01146
2003.77847	0.01094
2001.84990	0.01128
1999.92134	0.01194
1997.99277	0.01266
1996.06421	0.01329
1994.13564	0.01384
1992.20708	0.01428
1990.27852	0.01439
1988.34995	0.01451
1986.42139	0.01497
1984.49282	0.01567
1982.56426	0.01661
1980.63569	0.01703
1978.70713	0.01531
1976.77856	0.01214
1974.85000	0.01019
1972.92144	0.01002
1970.99287	0.01062
1969.06431	0.01126
1967.13574	0.01118
1965.20718	0.01040
1963.27861	0.00991
1961.35005	0.00984
1959.42148	0.00964
1957.49292	0.00961
1955.56436	0.01009
1953.63579	0.01065
1951.70723	0.01096
1949.77866	0.01109
1947.85010	0.01111
1945.92153	0.01116
1943.99297	0.01127
1942.06440	0.01133
1940.13584	0.01125
1938.20728	0.01115
1936.27871	0.01118
1934.35015	0.01128
1932.42158	0.01132
1930.49302	0.01137
1928.56445	0.01149
1926.63589	0.01170
1924.70732	0.01206
1922.77876	0.01259
1920.85020	0.01306
1918.92163	0.01326
1916.99307	0.01314
1915.06450	0.01297
1913.13594	0.01302
1911.20737	0.01326
1909.27881	0.01349
1907.35024	0.01352
1905.42168	0.01344
1903.49312	0.01343
1901.56455	0.01343
1899.63599	0.01338
1897.70742	0.01343
1895.77886	0.01361
1893.85029	0.01375
1891.92173	0.01384
1889.99316	0.01403
1888.06460	0.01408
1886.13604	0.01392
1884.20747	0.01371
1882.27891	0.01353
1880.35034	0.01344
1878.42178	0.01345
1876.49321	0.01343
1874.56465	0.01341
1872.63608	0.01363
1870.70752	0.01430
1868.77896	0.01487
1866.85039	0.01457
1864.92183	0.01390
1862.99326	0.01351
1861.06470	0.01335
1859.13613	0.01325
1857.20757	0.01324
1855.27900	0.01328
1853.35044	0.01330
1851.42187	0.01337
1849.49331	0.01358
1847.56475	0.01401
1845.63618	0.01452
1843.70762	0.01463
1841.77905	0.01426
1839.85049	0.01402
1837.92192	0.01408
1835.99336	0.01411
1834.06479	0.01408
1832.13623	0.01445
1830.20767	0.01506
1828.27910	0.01520
1826.35054	0.01506
1824.42197	0.01498
1822.49341	0.01478
1820.56484	0.01452
1818.63628	0.01428
1816.70771	0.01421
1814.77915	0.01454
1812.85059	0.01521
1810.92202	0.01579
1808.99346	0.01601
1807.06489	0.01610
1805.13633	0.01631
1803.20776	0.01676
1801.27920	0.01732
1799.35063	0.01769
1797.42207	0.01792
1795.49351	0.01840
1793.56494	0.01921
1791.63638	0.01984
1789.70781	0.01986
1787.77925	0.01993
1785.85068	0.02036
1783.92212	0.02088
1781.99355	0.02126
1780.06499	0.02140
1778.13643	0.02140
1776.20786	0.02175
1774.27930	0.02267
1772.35073	0.02355
1770.42217	0.02356
1768.49360	0.02308
1766.56504	0.02272
1764.63647	0.02276
1762.70791	0.02323
1760.77935	0.02363
1758.85078	0.02386
1756.92222	0.02413
1754.99365	0.02444
1753.06509	0.02521
1751.13652	0.02677
1749.20796	0.02840
1747.27939	0.02954
1745.35083	0.03078
1743.42227	0.03238
1741.49370	0.03404
1739.56514	0.03540
1737.63657	0.03626
1735.70801	0.03706
1733.77944	0.03763
1731.85088	0.03726
1729.92231	0.03687
1727.99375	0.03734
1726.06519	0.03912
1724.13662	0.04212
1722.20806	0.04541
1720.27949	0.04849
1718.35093	0.05181
1716.42236	0.05449
1714.49380	0.05534
1712.56523	0.05541
1710.63667	0.05525
1708.70811	0.05480
1706.77954	0.05368
1704.85098	0.05163
1702.92241	0.04961
1700.99385	0.04773
1699.06528	0.04540
1697.13672	0.04285
1695.20815	0.03962
1693.27959	0.03678
1691.35103	0.03521
1689.42246	0.03431
1687.49390	0.03397
1685.56533	0.03439
1683.63677	0.03421
1681.70820	0.03260
1679.77964	0.03131
1677.85107	0.03086
1675.92251	0.03085
1673.99395	0.03078
1672.06538	0.03090
1670.13682	0.03111
1668.20825	0.03041
1666.27969	0.02953
1664.35112	0.02944
1662.42256	0.02959
1660.49399	0.02928
1658.56543	0.02910
1656.63687	0.02979
1654.70830	0.03142
1652.77974	0.03218
1650.85117	0.03116
1648.92261	0.03101
1646.99404	0.03128
1645.06548	0.03040
1643.13691	0.02936
1641.20835	0.02911
1639.27979	0.02967
1637.35122	0.03075
1635.42266	0.03100
1633.49409	0.02973
1631.56553	0.02881
1629.63696	0.02872
1627.70840	0.02887
1625.77983	0.02894
1623.85127	0.02886
1621.92271	0.02837
1619.99414	0.02805
1618.06558	0.02832
1616.13701	0.02810
1614.20845	0.02703
1612.27988	0.02632
1610.35132	0.02616
1608.42275	0.02604
1606.49419	0.02577
1604.56562	0.02555
1602.63706	0.02542
1600.70850	0.02522
1598.77993	0.02504
1596.85137	0.02501
1594.92280	0.02506
1592.99424	0.02499
1591.06567	0.02479
1589.13711	0.02456
1587.20854	0.02439
1585.27998	0.02430
1583.35142	0.02428
1581.42285	0.02439
1579.49429	0.02484
1577.56572	0.02565
1575.63716	0.02588
1573.70859	0.02524
1571.78003	0.02503
1569.85146	0.02525
1567.92290	0.02504
1565.99434	0.02462
1564.06577	0.02450
1562.13721	0.02513
1560.20864	0.02702
1558.28008	0.02808
1556.35151	0.02645
1554.42295	0.02516
1552.49438	0.02465
1550.56582	0.02446
1548.63726	0.02432
1546.70869	0.02458
1544.78013	0.02559
1542.85156	0.02709
1540.92300	0.02820
1538.99443	0.02702
1537.06587	0.02521
1535.13730	0.02457
1533.20874	0.02427
1531.28018	0.02361
1529.35161	0.02336
1527.42305	0.02372
1525.49448	0.02423
1523.56592	0.02482
1521.63735	0.02521
1519.70879	0.02477
1517.78022	0.02414
1515.85166	0.02344
1513.92310	0.02279
1511.99453	0.02284
1510.06597	0.02387
1508.13740	0.02551
1506.20884	0.02525
1504.28027	0.02313
1502.35171	0.02213
1500.42314	0.02228
1498.49458	0.02285
1496.56602	0.02280
1494.63745	0.02229
1492.70889	0.02235
1490.78032	0.02312
1488.85176	0.02357
1486.92319	0.02333
1484.99463	0.02349
1483.06606	0.02495
1481.13750	0.02847
1479.20894	0.03632
1477.28037	0.05539
1475.35181	0.09312
1473.42324	0.14311
1471.49468	0.17345
1469.56611	0.17544
1467.63755	0.17201
1465.70898	0.17097
1463.78042	0.16738
1461.85186	0.15570
1459.92329	0.13838
1457.99473	0.11893
1456.06616	0.10239
1454.13760	0.09203
1452.20903	0.08404
1450.28047	0.07697
1448.35190	0.07107
1446.42334	0.06636
1444.49478	0.06305
1442.56621	0.06077
1440.63765	0.05915
1438.70908	0.05806
1436.78052	0.05657
1434.85195	0.05412
1432.92339	0.05169
1430.99482	0.04949
1429.06626	0.04711
1427.13770	0.04493
1425.20913	0.04332
1423.28057	0.04218
1421.35200	0.04156
1419.42344	0.04139
1417.49487	0.04105
1415.56631	0.04063
1413.63774	0.04053
1411.70918	0.04042
1409.78062	0.03997
1407.85205	0.03937
1405.92349	0.03866
1403.99492	0.03755
1402.06636	0.03646
1400.13779	0.03575
1398.20923	0.03517
1396.28066	0.03444
1394.35210	0.03342
1392.42354	0.03238
1390.49497	0.03203
1388.56641	0.03262
1386.63784	0.03391
1384.70928	0.03588
1382.78071	0.03898
1380.85215	0.04309
1378.92358	0.04680
1376.99502	0.04859
1375.06646	0.04808
1373.13789	0.04618
1371.20933	0.04424
1369.28076	0.04261
1367.35220	0.04119
1365.42363	0.04033
1363.49507	0.04002
1361.56650	0.03963
1359.63794	0.03895
1357.70937	0.03844
1355.78081	0.03828
1353.85225	0.03826
1351.92368	0.03814
1349.99512	0.03784
1348.06655	0.03743
1346.13799	0.03698
1344.20942	0.03663
1342.28086	0.03650
1340.35229	0.03642
1338.42373	0.03588
1336.49517	0.03495
1334.56660	0.03418
1332.63804	0.03381
1330.70947	0.03368
1328.78091	0.03364
1326.85234	0.03366
1324.92378	0.03383
1322.99521	0.03415
1321.06665	0.03458
1319.13809	0.03502
1317.20952	0.03533
1315.28096	0.03555
1313.35239	0.03583
1311.42383	0.03617
1309.49526	0.03652
1307.56670	0.03685
1305.63813	0.03719
1303.70957	0.03750
1301.78101	0.03769
1299.85244	0.03781
1297.92388	0.03791
1295.99531	0.03796
1294.06675	0.03791
1292.13818	0.03782
1290.20962	0.03773
1288.28105	0.03758
1286.35249	0.03738
1284.42393	0.03722
1282.49536	0.03713
1280.56680	0.03705
1278.63823	0.03692
1276.70967	0.03680
1274.78110	0.03674
1272.85254	0.03669
1270.92397	0.03662
1268.99541	0.03651
1267.06685	0.03642
1265.13828	0.03637
1263.20972	0.03636
1261.28115	0.03645
1259.35259	0.03664
1257.42402	0.03681
1255.49546	0.03696
1253.56689	0.03713
1251.63833	0.03734
1249.70977	0.03758
1247.78120	0.03778
1245.85264	0.03789
1243.92407	0.03795
1241.99551	0.03801
1240.06694	0.03804
1238.13838	0.03798
1236.20981	0.03786
1234.28125	0.03772
1232.35269	0.03762
1230.42412	0.03762
1228.49556	0.03770
1226.56699	0.03782
1224.63843	0.03792
1222.70986	0.03803
1220.78130	0.03816
1218.85273	0.03831
1216.92417	0.03848
1214.99561	0.03866
1213.06704	0.03878
1211.13848	0.03883
1209.20991	0.03894
1207.28135	0.03913
1205.35278	0.03933
1203.42422	0.03954
1201.49565	0.03974
1199.56709	0.03988
1197.63853	0.04001
1195.70996	0.04020
1193.78140	0.04039
1191.85283	0.04055
1189.92427	0.04075
1187.99570	0.04104
1186.06714	0.04138
1184.13857	0.04171
1182.21001	0.04207
1180.28145	0.04251
1178.35288	0.04294
1176.42432	0.04335
1174.49575	0.04374
1172.56719	0.04406
1170.63862	0.04423
1168.71006	0.04425
1166.78149	0.04422
1164.85293	0.04417
1162.92437	0.04405
1160.99580	0.04379
1159.06724	0.04342
1157.13867	0.04296
1155.21011	0.04246
1153.28154	0.04198
1151.35298	0.04152
1149.42441	0.04113
1147.49585	0.04082
1145.56729	0.04054
1143.63872	0.04029
1141.71016	0.04015
1139.78159	0.04008
1137.85303	0.04009
1135.92446	0.04025
1133.99590	0.04048
1132.06733	0.04071
1130.13877	0.04099
1128.21021	0.04128
1126.28164	0.04145
1124.35308	0.04146
1122.42451	0.04136
1120.49595	0.04125
1118.56738	0.04118
1116.63882	0.04123
1114.71025	0.04138
1112.78169	0.04147
1110.85312	0.04152
1108.92456	0.04157
1106.99600	0.04158
1105.06743	0.04152
1103.13887	0.04149
1101.21030	0.04160
1099.28174	0.04178
1097.35317	0.04188
1095.42461	0.04192
1093.49604	0.04202
1091.56748	0.04218
1089.63892	0.04232
1087.71035	0.04247
1085.78179	0.04269
1083.85322	0.04294
1081.92466	0.04310
1079.99609	0.04310
1078.06753	0.04293
1076.13896	0.04268
1074.21040	0.04249
1072.28184	0.04245
1070.35327	0.04255
1068.42471	0.04274
1066.49614	0.04288
1064.56758	0.04287
1062.63901	0.04277
1060.71045	0.04271
1058.78188	0.04268
1056.85332	0.04259
1054.92476	0.04243
1052.99619	0.04231
1051.06763	0.04225
1049.13906	0.04221
1047.21050	0.04219
1045.28193	0.04216
1043.35337	0.04207
1041.42480	0.04189
1039.49624	0.04166
1037.56768	0.04136
1035.63911	0.04093
1033.71055	0.04047
1031.78198	0.04003
1029.85342	0.03961
1027.92485	0.03923
1025.99629	0.03889
1024.06772	0.03853
1022.13916	0.03818
1020.21060	0.03788
1018.28203	0.03754
1016.35347	0.03713
1014.42490	0.03678
1012.49634	0.03656
1010.56777	0.03634
1008.63921	0.03604
1006.71064	0.03569
1004.78208	0.03530
1002.85352	0.03498
1000.92495	0.03476
998.99639	0.03448
997.06782	0.03410
995.13926	0.03378
993.21069	0.03350
991.28213	0.03313
989.35356	0.03275
987.42500	0.03248
985.49644	0.03223
983.56787	0.03198
981.63931	0.03177
979.71074	0.03160
977.78218	0.03145
975.85361	0.03133
973.92505	0.03126
971.99648	0.03124
970.06792	0.03130
968.13936	0.03139
966.21079	0.03147
964.28223	0.03151
962.35366	0.03146
960.42510	0.03131
958.49653	0.03112
956.56797	0.03095
954.63940	0.03086
952.71084	0.03088
950.78228	0.03093
948.85371	0.03096
946.92515	0.03097
944.99658	0.03096
943.06802	0.03101
941.13945	0.03115
939.21089	0.03121
937.28232	0.03101
935.35376	0.03072
933.42520	0.03048
931.49663	0.03029
929.56807	0.03006
927.63950	0.02976
925.71094	0.02946
923.78237	0.02930
921.85381	0.02925
919.92524	0.02922
917.99668	0.02926
916.06812	0.02946
914.13955	0.02986
912.21099	0.03036
910.28242	0.03068
908.35386	0.03061
906.42529	0.03020
904.49673	0.02972
902.56816	0.02931
900.63960	0.02897
898.71104	0.02872
896.78247	0.02863
894.85391	0.02881
892.92534	0.02915
890.99678	0.02948
889.06821	0.02946
887.13965	0.02884
885.21108	0.02786
883.28252	0.02695
881.35396	0.02631
879.42539	0.02592
877.49683	0.02563
875.56826	0.02532
873.63970	0.02497
871.71113	0.02468
869.78257	0.02451
867.85400	0.02433
865.92544	0.02402
863.99687	0.02362
862.06831	0.02326
860.13975	0.02303
858.21118	0.02296
856.28262	0.02288
854.35405	0.02268
852.42549	0.02247
850.49692	0.02231
848.56836	0.02216
846.63979	0.02190
844.71123	0.02162
842.78267	0.02151
840.85410	0.02148
838.92554	0.02144
836.99697	0.02141
835.06841	0.02141
833.13984	0.02141
831.21128	0.02135
829.28271	0.02120
827.35415	0.02113
825.42559	0.02114
823.49702	0.02111
821.56846	0.02104
819.63989	0.02103
817.71133	0.02116
815.78276	0.02135
813.85420	0.02148
811.92563	0.02152
809.99707	0.02164
808.06851	0.02201
806.13994	0.02234
804.21138	0.02240
802.28281	0.02246
800.35425	0.02268
798.42568	0.02288
796.49712	0.02301
794.56855	0.02291
792.63999	0.02256
790.71143	0.02251
788.78286	0.02299
786.85430	0.02359
784.92573	0.02410
782.99717	0.02456
781.06860	0.02483
779.14004	0.02495
777.21147	0.02498
775.28291	0.02502
773.35435	0.02522
771.42578	0.02550
769.49722	0.02571
767.56865	0.02587
765.64009	0.02603
763.71152	0.02619
761.78296	0.02634
759.85439	0.02641
757.92583	0.02640
755.99727	0.02645
754.06870	0.02679
752.14014	0.02755
750.21157	0.02845
748.28301	0.02911
746.35444	0.02971
744.42588	0.03050
742.49731	0.03163
740.56875	0.03345
738.64019	0.03657
736.71162	0.04236
734.78306	0.05346
732.85449	0.06998
730.92593	0.08525
728.99736	0.09353
727.06880	0.09928
725.14023	0.11009
723.21167	0.12993
721.28311	0.15907
719.35454	0.18752
717.42598	0.19497
715.49741	0.17308
713.56885	0.13631
711.64028	0.10311
709.71172	0.08036
707.78315	0.06584
705.85459	0.05624
703.92603	0.04969
701.99746	0.04506
700.06890	0.04146
698.14033	0.03841
696.21177	0.03594
694.28320	0.03402
692.35464	0.03236
690.42607	0.03077
688.49751	0.02938
686.56895	0.02831
684.64038	0.02743
682.71182	0.02667
680.78325	0.02605
678.85469	0.02556
676.92612	0.02534
674.99756	0.02511
673.06899	0.02414
671.14043	0.02168
669.21187	0.01854
667.28330	0.01907
665.35474	0.02247
663.42617	0.02402
661.49761	0.02401
659.56904	0.02372
657.64048	0.02334
655.71191	0.02287
653.78335	0.02246
651.85479	0.02222
649.92622	0.02235
647.99766	0.02282
646.06909	0.02326
644.14053	0.02352
642.21196	0.02381
640.28340	0.02435
638.35483	0.02525
636.42627	0.02632
634.49771	0.02760
632.56914	0.02892
630.64058	0.02937
628.71201	0.02864
626.78345	0.02738
624.85488	0.02643
622.92632	0.02622
620.99775	0.02638
619.06919	0.02647
617.14062	0.02649
615.21206	0.02642
613.28350	0.02650
611.35493	0.02675
609.42637	0.02627
607.49780	0.02525
605.56924	0.02526
603.64067	0.02597
601.71211	0.02599
599.78354	0.02553
