3997.91411	0.01958
3995.98555	0.01945
3994.05698	0.01958
3992.12842	0.01983
3990.19985	0.01995
3988.27129	0.01979
3986.34272	0.01956
3984.41416	0.01956
3982.48560	0.01976
3980.55703	0.01988
3978.62847	0.01997
3976.69990	0.02017
3974.77134	0.02023
3972.84277	0.02010
3970.91421	0.01996
3968.98564	0.01980
3967.05708	0.01966
3965.12852	0.01984
3963.19995	0.02022
3961.27139	0.02039
3959.34282	0.02031
3957.41426	0.02021
3955.48569	0.02008
3953.55713	0.02014
3951.62856	0.02066
3949.70000	0.02129
3947.77144	0.02139
3945.84287	0.02130
3943.91431	0.02152
3941.98574	0.02137
3940.05718	0.02073
3938.12861	0.02030
3936.20005	0.02041
3934.27148	0.02120
3932.34292	0.02195
3930.41436	0.02164
3928.48579	0.02110
3926.55723	0.02147
3924.62866	0.02203
3922.70010	0.02186
3920.77153	0.02175
3918.84297	0.02218
3916.91440	0.02214
3914.98584	0.02115
3913.05728	0.02024
3911.12871	0.01998
3909.20015	0.02039
3907.27158	0.02159
3905.34302	0.02328
3903.41445	0.02441
3901.48589	0.02443
3899.55732	0.02341
3897.62876	0.02193
3895.70020	0.02121
3893.77163	0.02160
3891.84307	0.02203
3889.91450	0.02172
3887.98594	0.02184
3886.05737	0.02268
3884.12881	0.02314
3882.20024	0.02318
3880.27168	0.02266
3878.34312	0.02158
3876.41455	0.02142
3874.48599	0.02231
3872.55742	0.02336
3870.62886	0.02384
3868.70029	0.02329
3866.77173	0.02277
3864.84316	0.02281
3862.91460	0.02236
3860.98604	0.02163
3859.05747	0.02168
3857.12891	0.02257
3855.20034	0.02394
3853.27178	0.02456
3851.34321	0.02308
3849.41465	0.02142
3847.48608	0.02064
3845.55752	0.02086
3843.62896	0.02187
3841.70039	0.02313
3839.77183	0.02382
3837.84326	0.02323
3835.91470	0.02211
3833.98613	0.02143
3832.05757	0.02103
3830.12900	0.02092
3828.20044	0.02106
3826.27187	0.02111
3824.34331	0.02133
3822.41475	0.02203
3820.48618	0.02231
3818.55762	0.02188
3816.62905	0.02134
3814.70049	0.02062
3812.77192	0.02014
3810.84336	0.02013
3808.91479	0.02044
3806.98623	0.02077
3805.05767	0.02100
3803.12910	0.02149
3801.20054	0.02180
3799.27197	0.02164
3797.34341	0.02128
3795.41484	0.02044
3793.48628	0.01960
3791.55771	0.01934
3789.62915	0.01955
3787.70059	0.02001
3785.77202	0.02032
3783.84346	0.02019
3781.91489	0.02011
3779.98633	0.02023
3778.05776	0.01993
3776.12920	0.01939
3774.20063	0.01934
3772.27207	0.01992
3770.34351	0.02061
3768.41494	0.02090
3766.48638	0.02089
3764.55781	0.02061
3762.62925	0.02051
3760.70068	0.02114
3758.77212	0.02168
3756.84355	0.02148
3754.91499	0.02162
3752.98643	0.02274
3751.05786	0.02381
3749.12930	0.02378
3747.20073	0.02403
3745.27217	0.02441
3743.34360	0.02358
3741.41504	0.02259
3739.48647	0.02282
3737.55791	0.02468
3735.62935	0.02657
3733.70078	0.02515
3731.77222	0.02233
3729.84365	0.02134
3727.91509	0.02206
3725.98652	0.02309
3724.05796	0.02313
3722.12939	0.02227
3720.20083	0.02132
3718.27227	0.02076
3716.34370	0.02096
3714.41514	0.02202
3712.48657	0.02311
3710.55801	0.02266
3708.62944	0.02126
3706.70088	0.02053
3704.77231	0.02066
3702.84375	0.02115
3700.91519	0.02114
3698.98662	0.02075
3697.05806	0.02059
3695.12949	0.02075
3693.20093	0.02136
3691.27236	0.02245
3689.34380	0.02291
3687.41523	0.02192
3685.48667	0.02081
3683.55811	0.02034
3681.62954	0.02063
3679.70098	0.02170
3677.77241	0.02335
3675.84385	0.02442
3673.91528	0.02391
3671.98672	0.02363
3670.05815	0.02357
3668.12959	0.02241
3666.20103	0.02126
3664.27246	0.02086
3662.34390	0.02086
3660.41533	0.02108
3658.48677	0.02169
3656.55820	0.02234
3654.62964	0.02263
3652.70107	0.02358
3650.77251	0.02595
3648.84395	0.02744
3646.91538	0.02561
3644.98682	0.02342
3643.05825	0.02242
3641.12969	0.02206
3639.20112	0.02179
3637.27256	0.02186
3635.34399	0.02250
3633.41543	0.02351
3631.48687	0.02480
3629.55830	0.02588
3627.62974	0.02497
3625.70117	0.02334
3623.77261	0.02298
3621.84404	0.02401
3619.91548	0.02558
3617.98691	0.02612
3616.05835	0.02588
3614.12979	0.02592
3612.20122	0.02598
3610.27266	0.02594
3608.34409	0.02576
3606.41553	0.02492
3604.48696	0.02417
3602.55840	0.02426
3600.62983	0.02455
3598.70127	0.02448
3596.77271	0.02466
3594.84414	0.02493
3592.91558	0.02459
3590.98701	0.02464
3589.05845	0.02595
3587.12988	0.02653
3585.20132	0.02480
3583.27275	0.02321
3581.34419	0.02296
3579.41562	0.02317
3577.48706	0.02310
3575.55850	0.02288
3573.62993	0.02284
3571.70137	0.02350
3569.77280	0.02544
3567.84424	0.02775
3565.91567	0.02760
3563.98711	0.02547
3562.05854	0.02408
3560.12998	0.02368
3558.20142	0.02348
3556.27285	0.02351
3554.34429	0.02385
3552.41572	0.02388
3550.48716	0.02371
3548.55859	0.02436
3546.63003	0.02563
3544.70146	0.02585
3542.77290	0.02470
3540.84434	0.02352
3538.91577	0.02325
3536.98721	0.02354
3535.05864	0.02360
3533.13008	0.02353
3531.20151	0.02399
3529.27295	0.02489
3527.34438	0.02560
3525.41582	0.02580
3523.48726	0.02545
3521.55869	0.02474
3519.63013	0.02410
3517.70156	0.02367
3515.77300	0.02332
3513.84443	0.02330
3511.91587	0.02374
3509.98730	0.02414
3508.05874	0.02413
3506.13018	0.02423
3504.20161	0.02478
3502.27305	0.02500
3500.34448	0.02448
3498.41592	0.02390
3496.48735	0.02366
3494.55879	0.02358
3492.63022	0.02343
3490.70166	0.02321
3488.77310	0.02322
3486.84453	0.02345
3484.91597	0.02363
3482.98740	0.02381
3481.05884	0.02390
3479.13027	0.02374
3477.20171	0.02364
3475.27314	0.02372
3473.34458	0.02374
3471.41602	0.02362
3469.48745	0.02345
3467.55889	0.02333
3465.63032	0.02337
3463.70176	0.02368
3461.77319	0.02399
3459.84463	0.02398
3457.91606	0.02382
3455.98750	0.02385
3454.05894	0.02395
3452.13037	0.02393
3450.20181	0.02386
3448.27324	0.02392
3446.34468	0.02403
3444.41611	0.02415
3442.48755	0.02418
3440.55898	0.02397
3438.63042	0.02372
3436.70186	0.02368
3434.77329	0.02377
3432.84473	0.02390
3430.91616	0.02389
3428.98760	0.02359
3427.05903	0.02333
3425.13047	0.02350
3423.20190	0.02392
3421.27334	0.02404
3419.34478	0.02372
3417.41621	0.02341
3415.48765	0.02344
3413.55908	0.02361
3411.63052	0.02359
3409.70195	0.02332
3407.77339	0.02310
3405.84482	0.02323
3403.91626	0.02338
3401.98770	0.02316
3400.05913	0.02305
3398.13057	0.02335
3396.20200	0.02359
3394.27344	0.02360
3392.34487	0.02362
3390.41631	0.02356
3388.48774	0.02351
3386.55918	0.02348
3384.63062	0.02329
3382.70205	0.02304
3380.77349	0.02304
3378.84492	0.02322
3376.91636	0.02328
3374.98779	0.02320
3373.05923	0.02309
3371.13066	0.02299
3369.20210	0.02302
3367.27354	0.02317
3365.34497	0.02321
3363.41641	0.02315
3361.48784	0.02315
3359.55928	0.02317
3357.63071	0.02311
3355.70215	0.02298
3353.77358	0.02277
3351.84502	0.02263
3349.91646	0.02271
3347.98789	0.02290
3346.05933	0.02292
3344.13076	0.02283
3342.20220	0.02291
3340.27363	0.02307
3338.34507	0.02316
3336.41650	0.02320
3334.48794	0.02319
3332.55937	0.02309
3330.63081	0.02291
3328.70225	0.02278
3326.77368	0.02278
3324.84512	0.02270
3322.91655	0.02242
3320.98799	0.02219
3319.05942	0.02224
3317.13086	0.02236
3315.20229	0.02238
3313.27373	0.02234
3311.34517	0.02224
3309.41660	0.02212
3307.48804	0.02202
3305.55947	0.02193
3303.63091	0.02191
3301.70234	0.02191
3299.77378	0.02195
3297.84521	0.02206
3295.91665	0.02208
3293.98809	0.02204
3292.05952	0.02210
3290.13096	0.02216
3288.20239	0.02211
3286.27383	0.02203
3284.34526	0.02196
3282.41670	0.02192
3280.48813	0.02186
3278.55957	0.02173
3276.63101	0.02167
3274.70244	0.02173
3272.77388	0.02160
3270.84531	0.02134
3268.91675	0.02126
3266.98818	0.02133
3265.05962	0.02143
3263.13105	0.02152
3261.20249	0.02149
3259.27393	0.02142
3257.34536	0.02128
3255.41680	0.02094
3253.48823	0.02054
3251.55967	0.02041
3249.63110	0.02041
3247.70254	0.02030
3245.77397	0.02020
3243.84541	0.02024
3241.91685	0.02028
3239.98828	0.02018
3238.05972	0.02003
3236.13115	0.01990
3234.20259	0.01973
3232.27402	0.01966
3230.34546	0.01980
3228.41689	0.01990
3226.48833	0.01977
3224.55977	0.01960
3222.63120	0.01955
3220.70264	0.01954
3218.77407	0.01946
3216.84551	0.01941
3214.91694	0.01941
3212.98838	0.01936
3211.05981	0.01921
3209.13125	0.01903
3207.20269	0.01895
3205.27412	0.01886
3203.34556	0.01864
3201.41699	0.01834
3199.48843	0.01802
3197.55986	0.01788
3195.63130	0.01799
3193.70273	0.01823
3191.77417	0.01835
3189.84561	0.01821
3187.91704	0.01801
3185.98848	0.01795
3184.05991	0.01786
3182.13135	0.01766
3180.20278	0.01749
3178.27422	0.01745
3176.34565	0.01750
3174.41709	0.01765
3172.48853	0.01783
3170.55996	0.01781
3168.63140	0.01752
3166.70283	0.01712
3164.77427	0.01685
3162.84570	0.01679
3160.91714	0.01683
3158.98857	0.01689
3157.06001	0.01693
3155.13145	0.01686
3153.20288	0.01661
3151.27432	0.01633
3149.34575	0.01616
3147.41719	0.01610
3145.48862	0.01609
3143.56006	0.01605
3141.63149	0.01597
3139.70293	0.01589
3137.77437	0.01584
3135.84580	0.01582
3133.91724	0.01582
3131.98867	0.01576
3130.06011	0.01564
3128.13154	0.01556
3126.20298	0.01560
3124.27441	0.01565
3122.34585	0.01564
3120.41729	0.01557
3118.48872	0.01539
3116.56016	0.01523
3114.63159	0.01520
3112.70303	0.01522
3110.77446	0.01515
3108.84590	0.01510
3106.91733	0.01518
3104.98877	0.01532
3103.06021	0.01536
3101.13164	0.01523
3099.20308	0.01510
3097.27451	0.01513
3095.34595	0.01522
3093.41738	0.01536
3091.48882	0.01562
3089.56025	0.01571
3087.63169	0.01543
3085.70312	0.01507
3083.77456	0.01499
3081.84600	0.01514
3079.91743	0.01526
3077.98887	0.01521
3076.06030	0.01499
3074.13174	0.01477
3072.20317	0.01468
3070.27461	0.01470
3068.34604	0.01478
3066.41748	0.01491
3064.48892	0.01494
3062.56035	0.01477
3060.63179	0.01450
3058.70322	0.01438
3056.77466	0.01445
3054.84609	0.01436
3052.91753	0.01403
3050.98896	0.01385
3049.06040	0.01399
3047.13184	0.01418
3045.20327	0.01407
3043.27471	0.01376
3041.34614	0.01360
3039.41758	0.01367
3037.48901	0.01367
3035.56045	0.01360
3033.63188	0.01367
3031.70332	0.01379
3029.77476	0.01370
3027.84619	0.01346
3025.91763	0.01328
3023.98906	0.01318
3022.06050	0.01313
3020.13193	0.01306
3018.20337	0.01288
3016.27480	0.01270
3014.34624	0.01269
3012.41768	0.01276
3010.48911	0.01279
3008.56055	0.01278
3006.63198	0.01283
3004.70342	0.01292
3002.77485	0.01293
3000.84629	0.01285
2998.91772	0.01279
2996.98916	0.01283
2995.06060	0.01292
2993.13203	0.01302
2991.20347	0.01309
2989.27490	0.01326
2987.34634	0.01357
2985.41777	0.01385
2983.48921	0.01403
2981.56064	0.01416
2979.63208	0.01438
2977.70352	0.01472
2975.77495	0.01525
2973.84639	0.01599
2971.91782	0.01673
2969.98926	0.01739
2968.06069	0.01810
2966.13213	0.01891
2964.20356	0.01983
2962.27500	0.02086
2960.34644	0.02198
2958.41787	0.02329
2956.48931	0.02484
2954.56074	0.02655
2952.63218	0.02846
2950.70361	0.03076
2948.77505	0.03372
2946.84648	0.03755
2944.91792	0.04239
2942.98936	0.04843
2941.06079	0.05575
2939.13223	0.06428
2937.20366	0.07423
2935.27510	0.08591
2933.34653	0.09947
2931.41797	0.11519
2929.48940	0.13366
2927.56084	0.15537
2925.63228	0.18059
2923.70371	0.20930
2921.77515	0.24068
2919.84658	0.27214
2917.91802	0.29845
2915.98945	0.31280
2914.06089	0.31139
2912.13232	0.29698
2910.20376	0.27640
2908.27520	0.25547
2906.34663	0.23716
2904.41807	0.22220
2902.48950	0.21017
2900.56094	0.20026
2898.63237	0.19171
2896.70381	0.18394
2894.77524	0.17646
2892.84668	0.16890
2890.91812	0.16112
2888.98955	0.15322
2887.06099	0.14539
2885.13242	0.13762
2883.20386	0.12976
2881.27529	0.12169
2879.34673	0.11338
2877.41816	0.10501
2875.48960	0.09719
2873.56104	0.09058
2871.63247	0.08535
2869.70391	0.08174
2867.77534	0.08004
2865.84678	0.08049
2863.91821	0.08368
2861.98965	0.09074
2860.06108	0.10320
2858.13252	0.12291
2856.20396	0.15177
2854.27539	0.19083
2852.34683	0.23711
2850.41826	0.27895
2848.48970	0.29870
2846.56113	0.28836
2844.63257	0.25785
2842.70400	0.22218
2840.77544	0.19015
2838.84687	0.16439
2836.91831	0.14464
2834.98975	0.12972
2833.06118	0.11828
2831.13262	0.10914
2829.20405	0.10170
2827.27549	0.09564
2825.34692	0.09061
2823.41836	0.08641
2821.48979	0.08289
2819.56123	0.07978
2817.63267	0.07692
2815.70410	0.07425
2813.77554	0.07193
2811.84697	0.07001
2809.91841	0.06827
2807.98984	0.06654
2806.06128	0.06490
2804.13271	0.06344
2802.20415	0.06215
2800.27559	0.06098
2798.34702	0.05990
2796.41846	0.05892
2794.48989	0.05791
2792.56133	0.05682
2790.63276	0.05577
2788.70420	0.05478
2786.77563	0.05380
2784.84707	0.05287
2782.91851	0.05206
2780.98994	0.05132
2779.06138	0.05059
2777.13281	0.04981
2775.20425	0.04907
2773.27568	0.04850
2771.34712	0.04799
2769.41855	0.04744
2767.48999	0.04694
2765.56143	0.04648
2763.63286	0.04597
2761.70430	0.04545
2759.77573	0.04497
2757.84717	0.04448
2755.91860	0.04407
2753.99004	0.04376
2752.06147	0.04345
2750.13291	0.04310
2748.20435	0.04275
2746.27578	0.04245
2744.34722	0.04220
2742.41865	0.04199
2740.49009	0.04177
2738.56152	0.04162
2736.63296	0.04155
2734.70439	0.04140
2732.77583	0.04108
2730.84727	0.04069
2728.91870	0.04035
2726.99014	0.04005
2725.06157	0.03975
2723.13301	0.03945
2721.20444	0.03917
2719.27588	0.03889
2717.34731	0.03857
2715.41875	0.03828
2713.49019	0.03811
2711.56162	0.03801
2709.63306	0.03789
2707.70449	0.03773
2705.77593	0.03755
2703.84736	0.03735
2701.91880	0.03710
2699.99023	0.03684
2698.06167	0.03666
2696.13311	0.03650
2694.20454	0.03634
2692.27598	0.03620
2690.34741	0.03606
2688.41885	0.03589
2686.49028	0.03577
2684.56172	0.03576
2682.63315	0.03582
2680.70459	0.03582
2678.77603	0.03575
2676.84746	0.03567
2674.91890	0.03564
2672.99033	0.03567
2671.06177	0.03573
2669.13320	0.03580
2667.20464	0.03584
2665.27607	0.03599
2663.34751	0.03629
2661.41895	0.03654
2659.49038	0.03658
2657.56182	0.03649
2655.63325	0.03635
2653.70469	0.03627
2651.77612	0.03622
2649.84756	0.03611
2647.91899	0.03594
2645.99043	0.03587
2644.06187	0.03589
2642.13330	0.03587
2640.20474	0.03580
2638.27617	0.03571
2636.34761	0.03564
2634.41904	0.03555
2632.49048	0.03544
2630.56191	0.03525
2628.63335	0.03502
2626.70479	0.03479
2624.77622	0.03450
2622.84766	0.03415
2620.91909	0.03384
2618.99053	0.03358
2617.06196	0.03329
2615.13340	0.03297
2613.20483	0.03265
2611.27627	0.03239
2609.34771	0.03214
2607.41914	0.03194
2605.49058	0.03181
2603.56201	0.03159
2601.63345	0.03121
2599.70488	0.03096
2597.77632	0.03086
2595.84775	0.03070
2593.91919	0.03051
2591.99062	0.03036
2590.06206	0.03015
2588.13350	0.02993
2586.20493	0.02972
2584.27637	0.02950
2582.34780	0.02933
2580.41924	0.02922
2578.49067	0.02905
2576.56211	0.02884
2574.63354	0.02863
2572.70498	0.02843
2570.77642	0.02830
2568.84785	0.02828
2566.91929	0.02826
2564.99072	0.02813
2563.06216	0.02789
2561.13359	0.02766
2559.20503	0.02754
2557.27646	0.02743
2555.34790	0.02730
2553.41934	0.02727
2551.49077	0.02732
2549.56221	0.02721
2547.63364	0.02699
2545.70508	0.02681
2543.77651	0.02670
2541.84795	0.02656
2539.91938	0.02640
2537.99082	0.02629
2536.06226	0.02615
2534.13369	0.02594
2532.20513	0.02584
2530.27656	0.02589
2528.34800	0.02595
2526.41943	0.02592
2524.49087	0.02577
2522.56230	0.02563
2520.63374	0.02563
2518.70518	0.02555
2516.77661	0.02533
2514.84805	0.02516
2512.91948	0.02509
2510.99092	0.02507
2509.06235	0.02504
2507.13379	0.02497
2505.20522	0.02504
2503.27666	0.02519
2501.34810	0.02516
2499.41953	0.02503
2497.49097	0.02500
2495.56240	0.02487
2493.63384	0.02461
2491.70527	0.02443
2489.77671	0.02439
2487.84814	0.02446
2485.91958	0.02452
2483.99102	0.02444
2482.06245	0.02435
2480.13389	0.02437
2478.20532	0.02445
2476.27676	0.02445
2474.34819	0.02429
2472.41963	0.02407
2470.49106	0.02400
2468.56250	0.02401
2466.63394	0.02395
2464.70537	0.02385
2462.77681	0.02385
2460.84824	0.02396
2458.91968	0.02404
2456.99111	0.02400
2455.06255	0.02392
2453.13398	0.02388
2451.20542	0.02385
2449.27686	0.02385
2447.34829	0.02383
2445.41973	0.02373
2443.49116	0.02361
2441.56260	0.02348
2439.63403	0.02334
2437.70547	0.02332
2435.77690	0.02334
2433.84834	0.02329
2431.91978	0.02319
2429.99121	0.02311
2428.06265	0.02305
2426.13408	0.02304
2424.20552	0.02304
2422.27695	0.02299
2420.34839	0.02293
2418.41982	0.02289
2416.49126	0.02290
2414.56270	0.02298
2412.63413	0.02308
2410.70557	0.02303
2408.77700	0.02283
2406.84844	0.02265
2404.91987	0.02263
2402.99131	0.02273
2401.06274	0.02274
2399.13418	0.02265
2397.20562	0.02257
2395.27705	0.02253
2393.34849	0.02247
2391.41992	0.02241
2389.49136	0.02238
2387.56279	0.02246
2385.63423	0.02280
2383.70566	0.02343
2381.77710	0.02419
2379.84854	0.02495
2377.91997	0.02570
2375.99141	0.02637
2374.06284	0.02681
2372.13428	0.02697
2370.20571	0.02694
2368.27715	0.02678
2366.34858	0.02661
2364.42002	0.02666
2362.49146	0.02697
2360.56289	0.02735
2358.63433	0.02761
2356.70576	0.02770
2354.77720	0.02776
2352.84863	0.02783
2350.92007	0.02775
2348.99150	0.02765
2347.06294	0.02781
2345.13437	0.02811
2343.20581	0.02811
2341.27725	0.02779
2339.34868	0.02753
2337.42012	0.02763
2335.49155	0.02800
2333.56299	0.02839
2331.63442	0.02870
2329.70586	0.02922
2327.77729	0.03044
2325.84873	0.03213
2323.92017	0.03303
2321.99160	0.03253
2320.06304	0.03143
2318.13447	0.03049
2316.20591	0.02985
2314.27734	0.02937
2312.34878	0.02891
2310.42021	0.02843
2308.49165	0.02802
2306.56309	0.02765
2304.63452	0.02721
2302.70596	0.02672
2300.77739	0.02629
2298.84883	0.02602
2296.92026	0.02587
2294.99170	0.02573
2293.06313	0.02572
2291.13457	0.02598
2289.20601	0.02632
2287.27744	0.02641
2285.34888	0.02612
2283.42031	0.02570
2281.49175	0.02536
2279.56318	0.02505
2277.63462	0.02470
2275.70605	0.02441
2273.77749	0.02426
2271.84893	0.02409
2269.92036	0.02377
2267.99180	0.02337
2266.06323	0.02301
2264.13467	0.02283
2262.20610	0.02286
2260.27754	0.02295
2258.34897	0.02291
2256.42041	0.02257
2254.49185	0.02209
2252.56328	0.02182
2250.63472	0.02185
2248.70615	0.02201
2246.77759	0.02206
2244.84902	0.02202
2242.92046	0.02216
2240.99189	0.02233
2239.06333	0.02234
2237.13477	0.02236
2235.20620	0.02240
2233.27764	0.02234
2231.34907	0.02220
2229.42051	0.02186
2227.49194	0.02150
2225.56338	0.02135
2223.63481	0.02125
2221.70625	0.02118
2219.77769	0.02133
2217.84912	0.02157
2215.92056	0.02176
2213.99199	0.02180
2212.06343	0.02148
2210.13486	0.02102
2208.20630	0.02101
2206.27773	0.02130
2204.34917	0.02124
2202.42061	0.02095
2200.49204	0.02098
2198.56348	0.02123
2196.63491	0.02142
2194.70635	0.02164
2192.77778	0.02184
2190.84922	0.02180
2188.92065	0.02172
2186.99209	0.02170
2185.06353	0.02151
2183.13496	0.02101
2181.20640	0.02044
2179.27783	0.02032
2177.34927	0.02047
2175.42070	0.02035
2173.49214	0.02041
2171.56357	0.02131
2169.63501	0.02265
2167.70645	0.02345
2165.77788	0.02346
2163.84932	0.02357
2161.92075	0.02294
2159.99219	0.01889
2158.06362	0.01379
2156.13506	0.01257
2154.20649	0.01413
2152.27793	0.01551
2150.34937	0.01597
2148.42080	0.01597
2146.49224	0.01610
2144.56367	0.01625
2142.63511	0.01625
2140.70654	0.01631
2138.77798	0.01639
2136.84941	0.01609
2134.92085	0.01545
2132.99229	0.01531
2131.06372	0.01602
2129.13516	0.01685
2127.20659	0.01738
2125.27803	0.01785
2123.34946	0.01845
2121.42090	0.01891
2119.49233	0.01920
2117.56377	0.01960
2115.63521	0.02003
2113.70664	0.02028
2111.77808	0.02036
2109.84951	0.02018
2107.92095	0.01986
2105.99238	0.01984
2104.06382	0.02012
2102.13525	0.02025
2100.20669	0.02016
2098.27812	0.01987
2096.34956	0.01924
2094.42100	0.01880
2092.49243	0.01916
2090.56387	0.01981
2088.63530	0.02015
2086.70674	0.02040
2084.77817	0.02066
2082.84961	0.02072
2080.92104	0.02063
2078.99248	0.02062
2077.06392	0.02067
2075.13535	0.02062
2073.20679	0.02049
2071.27822	0.02036
2069.34966	0.02019
2067.42109	0.02022
2065.49253	0.02042
2063.56396	0.02038
2061.63540	0.02015
2059.70684	0.02011
2057.77827	0.02041
2055.84971	0.02090
2053.92114	0.02186
2051.99258	0.02317
2050.06401	0.02331
2048.13545	0.02194
2046.20688	0.02077
2044.27832	0.02059
2042.34976	0.02101
2040.42119	0.02151
2038.49263	0.02174
2036.56406	0.02139
2034.63550	0.02026
2032.70693	0.01915
2030.77837	0.01899
2028.84980	0.01939
2026.92124	0.01970
2024.99268	0.01983
2023.06411	0.01964
2021.13555	0.01928
2019.20698	0.01938
2017.27842	0.01963
2015.34985	0.01936
2013.42129	0.01906
2011.49272	0.01921
2009.56416	0.01934
2007.63560	0.01901
2005.70703	0.01857
2003.77847	0.01849
2001.84990	0.01849
1999.92134	0.01841
1997.99277	0.01871
1996.06421	0.01943
1994.13564	0.02030
1992.20708	0.02117
1990.27852	0.02176
1988.34995	0.02186
1986.42139	0.02162
1984.49282	0.02163
1982.56426	0.02221
1980.63569	0.02255
1978.70713	0.02144
1976.77856	0.01947
1974.85000	0.01832
1972.92144	0.01803
1970.99287	0.01795
1969.06431	0.01821
1967.13574	0.01865
1965.20718	0.01859
1963.27861	0.01803
1961.35005	0.01760
1959.42148	0.01756
1957.49292	0.01784
1955.56436	0.01822
1953.63579	0.01838
1951.70723	0.01834
1949.77866	0.01839
1947.85010	0.01865
1945.92153	0.01911
1943.99297	0.01973
1942.06440	0.01987
1940.13584	0.01928
1938.20728	0.01878
1936.27871	0.01876
1934.35015	0.01893
1932.42158	0.01905
1930.49302	0.01914
1928.56445	0.01927
1926.63589	0.01964
1924.70732	0.02046
1922.77876	0.02116
1920.85020	0.02116
1918.92163	0.02094
1916.99307	0.02063
1915.06450	0.02014
1913.13594	0.02009
1911.20737	0.02062
1909.27881	0.02095
1907.35024	0.02073
1905.42168	0.02054
1903.49312	0.02058
1901.56455	0.02057
1899.63599	0.02051
1897.70742	0.02072
1895.77886	0.02127
1893.85029	0.02176
1891.92173	0.02206
1889.99316	0.02212
1888.06460	0.02168
1886.13604	0.02106
1884.20747	0.02070
1882.27891	0.02061
1880.35034	0.02065
1878.42178	0.02065
1876.49321	0.02058
1874.56465	0.02058
1872.63608	0.02101
1870.70752	0.02213
1868.77896	0.02303
1866.85039	0.02247
1864.92183	0.02144
1862.99326	0.02096
1861.06470	0.02085
1859.13613	0.02076
1857.20757	0.02062
1855.27900	0.02049
1853.35044	0.02045
1851.42187	0.02069
1849.49331	0.02140
1847.56475	0.02233
1845.63618	0.02305
1843.70762	0.02296
1841.77905	0.02210
1839.85049	0.02146
1837.92192	0.02141
1835.99336	0.02150
1834.06479	0.02161
1832.13623	0.02214
1830.20767	0.02277
1828.27910	0.02287
1826.35054	0.02288
1824.42197	0.02277
1822.49341	0.02223
1820.56484	0.02171
1818.63628	0.02147
1816.70771	0.02138
1814.77915	0.02170
1812.85059	0.02247
1810.92202	0.02304
1808.99346	0.02296
1807.06489	0.02266
1805.13633	0.02279
1803.20776	0.02362
1801.27920	0.02436
1799.35063	0.02425
1797.42207	0.02409
1795.49351	0.02445
1793.56494	0.02515
1791.63638	0.02539
1789.70781	0.02458
1787.77925	0.02392
1785.85068	0.02404
1783.92212	0.02433
1781.99355	0.02454
1780.06499	0.02468
1778.13643	0.02466
1776.20786	0.02489
1774.27930	0.02556
1772.35073	0.02623
1770.42217	0.02642
1768.49360	0.02610
1766.56504	0.02538
1764.63647	0.02503
1762.70791	0.02546
1760.77935	0.02594
1758.85078	0.02622
1756.92222	0.02638
1754.99365	0.02643
1753.06509	0.02734
1751.13652	0.02925
1749.20796	0.03026
1747.27939	0.02982
1745.35083	0.02941
1743.42227	0.02923
1741.49370	0.02889
1739.56514	0.02856
1737.63657	0.02872
1735.70801	0.02983
1733.77944	0.03120
1731.85088	0.03093
1729.92231	0.02968
1727.99375	0.02850
1726.06519	0.02810
1724.13662	0.02852
1722.20806	0.02912
1720.27949	0.03015
1718.35093	0.03219
1716.42236	0.03352
1714.49380	0.03245
1712.56523	0.03090
1710.63667	0.03010
1708.70811	0.03017
1706.77954	0.03079
1704.85098	0.03129
1702.92241	0.03154
1700.99385	0.03217
1699.06528	0.03285
1697.13672	0.03261
1695.20815	0.03136
1693.27959	0.03026
1691.35103	0.03036
1689.42246	0.03129
1687.49390	0.03231
1685.56533	0.03374
1683.63677	0.03490
1681.70820	0.03416
1679.77964	0.03294
1677.85107	0.03224
1675.92251	0.03225
1673.99395	0.03261
1672.06538	0.03319
1670.13682	0.03394
1668.20825	0.03363
1666.27969	0.03277
1664.35112	0.03270
1662.42256	0.03300
1660.49399	0.03287
1658.56543	0.03293
1656.63687	0.03387
1654.70830	0.03556
1652.77974	0.03610
1650.85117	0.03527
1648.92261	0.03562
1646.99404	0.03609
1645.06548	0.03484
1643.13691	0.03354
1641.20835	0.03334
1639.27979	0.03394
1637.35122	0.03483
1635.42266	0.03463
1633.49409	0.03316
1631.56553	0.03227
1629.63696	0.03215
1627.70840	0.03223
1625.77983	0.03231
1623.85127	0.03235
1621.92271	0.03187
1619.99414	0.03131
1618.06558	0.03124
1616.13701	0.03101
1614.20845	0.03030
1612.27988	0.02987
1610.35132	0.02987
1608.42275	0.02989
1606.49419	0.02968
1604.56562	0.02945
1602.63706	0.02932
1600.70850	0.02915
1598.77993	0.02901
1596.85137	0.02903
1594.92280	0.02905
1592.99424	0.02894
1591.06567	0.02878
1589.13711	0.02861
1587.20854	0.02846
1585.27998	0.02836
1583.35142	0.02825
1581.42285	0.02822
1579.49429	0.02858
1577.56572	0.02925
1575.63716	0.02927
1573.70859	0.02872
1571.78003	0.02883
1569.85146	0.02931
1567.92290	0.02912
1565.99434	0.02874
1564.06577	0.02885
1562.13721	0.02975
1560.20864	0.03188
1558.28008	0.03341
1556.35151	0.03224
1554.42295	0.03109
1552.49438	0.03074
1550.56582	0.03086
1548.63726	0.03075
1546.70869	0.03118
1544.78013	0.03289
1542.85156	0.03452
1540.92300	0.03427
1538.99443	0.03186
1537.06587	0.03032
1535.13730	0.03042
1533.20874	0.03065
1531.28018	0.03005
1529.35161	0.03004
1527.42305	0.03104
1525.49448	0.03176
1523.56592	0.03208
1521.63735	0.03246
1519.70879	0.03229
1517.78022	0.03198
1515.85166	0.03122
1513.92310	0.03018
1511.99453	0.03050
1510.06597	0.03262
1508.13740	0.03474
1506.20884	0.03212
1504.28027	0.02817
1502.35171	0.02704
1500.42314	0.02729
1498.49458	0.02783
1496.56602	0.02758
1494.63745	0.02674
1492.70889	0.02713
1490.78032	0.02910
1488.85176	0.02998
1486.92319	0.02845
1484.99463	0.02727
1483.06606	0.02794
1481.13750	0.03095
1479.20894	0.03838
1477.28037	0.05643
1475.35181	0.09102
1473.42324	0.13633
1471.49468	0.16226
1469.56611	0.15841
1467.63755	0.14703
1465.70898	0.13701
1463.78042	0.12782
1461.85186	0.11765
1459.92329	0.10601
1457.99473	0.09237
1456.06616	0.07882
1454.13760	0.07002
1452.20903	0.06432
1450.28047	0.06033
1448.35190	0.05751
1446.42334	0.05493
1444.49478	0.05271
1442.56621	0.05126
1440.63765	0.05058
1438.70908	0.05069
1436.78052	0.05060
1434.85195	0.04896
1432.92339	0.04693
1430.99482	0.04521
1429.06626	0.04327
1427.13770	0.04148
1425.20913	0.04032
1423.28057	0.03933
1421.35200	0.03878
1419.42344	0.03892
1417.49487	0.03786
1415.56631	0.03557
1413.63774	0.03394
1411.70918	0.03326
1409.78062	0.03283
1407.85205	0.03258
1405.92349	0.03258
1403.99492	0.03217
1402.06636	0.03173
1400.13779	0.03221
1398.20923	0.03309
1396.28066	0.03322
1394.35210	0.03222
1392.42354	0.03086
1390.49497	0.03050
1388.56641	0.03124
1386.63784	0.03164
1384.70928	0.03118
1382.78071	0.03126
1380.85215	0.03243
1378.92358	0.03396
1376.99502	0.03532
1375.06646	0.03639
1373.13789	0.03662
1371.20933	0.03631
1369.28076	0.03619
1367.35220	0.03606
1365.42363	0.03617
1363.49507	0.03658
1361.56650	0.03590
1359.63794	0.03424
1357.70937	0.03319
1355.78081	0.03296
1353.85225	0.03283
1351.92368	0.03253
1349.99512	0.03223
1348.06655	0.03181
1346.13799	0.03126
1344.20942	0.03102
1342.28086	0.03167
1340.35229	0.03275
1338.42373	0.03253
1336.49517	0.03080
1334.56660	0.02917
1332.63804	0.02836
1330.70947	0.02811
1328.78091	0.02805
1326.85234	0.02812
1324.92378	0.02835
1322.99521	0.02879
1321.06665	0.02947
1319.13809	0.03021
1317.20952	0.03065
1315.28096	0.03087
1313.35239	0.03108
1311.42383	0.03115
1309.49526	0.03116
1307.56670	0.03123
1305.63813	0.03126
1303.70957	0.03122
1301.78101	0.03121
1299.85244	0.03131
1297.92388	0.03147
1295.99531	0.03149
1294.06675	0.03131
1292.13818	0.03119
1290.20962	0.03124
1288.28105	0.03130
1286.35249	0.03117
1284.42393	0.03103
1282.49536	0.03104
1280.56680	0.03115
1278.63823	0.03132
1276.70967	0.03155
1274.78110	0.03186
1272.85254	0.03228
1270.92397	0.03272
1268.99541	0.03306
1267.06685	0.03337
1265.13828	0.03376
1263.20972	0.03428
1261.28115	0.03473
1259.35259	0.03485
1257.42402	0.03462
1255.49546	0.03431
1253.56689	0.03407
1251.63833	0.03393
1249.70977	0.03387
1247.78120	0.03391
1245.85264	0.03395
1243.92407	0.03394
1241.99551	0.03392
1240.06694	0.03395
1238.13838	0.03403
1236.20981	0.03411
1234.28125	0.03414
1232.35269	0.03420
1230.42412	0.03427
1228.49556	0.03430
1226.56699	0.03428
1224.63843	0.03424
1222.70986	0.03416
1220.78130	0.03405
1218.85273	0.03395
1216.92417	0.03391
1214.99561	0.03392
1213.06704	0.03390
1211.13848	0.03384
1209.20991	0.03375
1207.28135	0.03359
1205.35278	0.03338
1203.42422	0.03319
1201.49565	0.03306
1199.56709	0.03296
1197.63853	0.03284
1195.70996	0.03269
1193.78140	0.03256
1191.85283	0.03254
1189.92427	0.03261
1187.99570	0.03267
1186.06714	0.03267
1184.13857	0.03269
1182.21001	0.03285
1180.28145	0.03324
1178.35288	0.03381
1176.42432	0.03429
1174.49575	0.03449
1172.56719	0.03457
1170.63862	0.03470
1168.71006	0.03479
1166.78149	0.03483
1164.85293	0.03483
1162.92437	0.03482
1160.99580	0.03485
1159.06724	0.03499
1157.13867	0.03518
1155.21011	0.03541
1153.28154	0.03561
1151.35298	0.03574
1149.42441	0.03584
1147.49585	0.03600
1145.56729	0.03618
1143.63872	0.03634
1141.71016	0.03647
1139.78159	0.03665
1137.85303	0.03695
1135.92446	0.03734
1133.99590	0.03773
1132.06733	0.03806
1130.13877	0.03835
1128.21021	0.03865
1126.28164	0.03897
1124.35308	0.03931
1122.42451	0.03966
1120.49595	0.03997
1118.56738	0.04028
1116.63882	0.04062
1114.71025	0.04101
1112.78169	0.04151
1110.85312	0.04213
1108.92456	0.04274
1106.99600	0.04326
1105.06743	0.04373
1103.13887	0.04416
1101.21030	0.04450
1099.28174	0.04486
1097.35317	0.04532
1095.42461	0.04578
1093.49604	0.04616
1091.56748	0.04652
1089.63892	0.04694
1087.71035	0.04734
1085.78179	0.04765
1083.85322	0.04784
1081.92466	0.04791
1079.99609	0.04795
1078.06753	0.04805
1076.13896	0.04810
1074.21040	0.04807
1072.28184	0.04804
1070.35327	0.04807
1068.42471	0.04814
1066.49614	0.04821
1064.56758	0.04833
1062.63901	0.04842
1060.71045	0.04839
1058.78188	0.04836
1056.85332	0.04835
1054.92476	0.04833
1052.99619	0.04834
1051.06763	0.04829
1049.13906	0.04812
1047.21050	0.04793
1045.28193	0.04777
1043.35337	0.04756
1041.42480	0.04737
1039.49624	0.04729
1037.56768	0.04719
1035.63911	0.04692
1033.71055	0.04654
1031.78198	0.04612
1029.85342	0.04568
1027.92485	0.04522
1025.99629	0.04468
1024.06772	0.04402
1022.13916	0.04344
1020.21060	0.04302
1018.28203	0.04264
1016.35347	0.04214
1014.42490	0.04162
1012.49634	0.04119
1010.56777	0.04068
1008.63921	0.04000
1006.71064	0.03924
1004.78208	0.03846
1002.85352	0.03774
1000.92495	0.03705
998.99639	0.03632
997.06782	0.03558
995.13926	0.03487
993.21069	0.03414
991.28213	0.03335
989.35356	0.03253
987.42500	0.03166
985.49644	0.03077
983.56787	0.03002
981.63931	0.02946
979.71074	0.02890
977.78218	0.02824
975.85361	0.02758
973.92505	0.02698
971.99648	0.02644
970.06792	0.02605
968.13936	0.02577
966.21079	0.02542
964.28223	0.02494
962.35366	0.02446
960.42510	0.02402
958.49653	0.02363
956.56797	0.02328
954.63940	0.02298
952.71084	0.02271
950.78228	0.02246
948.85371	0.02225
946.92515	0.02212
944.99658	0.02212
943.06802	0.02221
941.13945	0.02229
939.21089	0.02233
937.28232	0.02232
935.35376	0.02222
933.42520	0.02201
931.49663	0.02180
929.56807	0.02169
927.63950	0.02163
925.71094	0.02151
923.78237	0.02132
921.85381	0.02115
919.92524	0.02103
917.99668	0.02103
916.06812	0.02120
914.13955	0.02146
912.21099	0.02168
910.28242	0.02177
908.35386	0.02170
906.42529	0.02145
904.49673	0.02098
902.56816	0.02042
900.63960	0.01996
898.71104	0.01962
896.78247	0.01929
894.85391	0.01904
892.92534	0.01898
890.99678	0.01904
889.06821	0.01901
887.13965	0.01885
885.21108	0.01871
883.28252	0.01861
881.35396	0.01847
879.42539	0.01840
877.49683	0.01834
875.56826	0.01817
873.63970	0.01804
871.71113	0.01806
869.78257	0.01807
867.85400	0.01806
865.92544	0.01820
863.99687	0.01838
862.06831	0.01841
860.13975	0.01830
858.21118	0.01825
856.28262	0.01829
854.35405	0.01831
852.42549	0.01823
850.49692	0.01823
848.56836	0.01833
846.63979	0.01839
844.71123	0.01844
842.78267	0.01853
840.85410	0.01856
838.92554	0.01862
836.99697	0.01879
835.06841	0.01901
833.13984	0.01925
831.21128	0.01946
829.28271	0.01972
827.35415	0.02014
825.42559	0.02058
823.49702	0.02093
821.56846	0.02125
819.63989	0.02155
817.71133	0.02176
815.78276	0.02193
813.85420	0.02215
811.92563	0.02240
809.99707	0.02269
808.06851	0.02297
806.13994	0.02316
804.21138	0.02335
802.28281	0.02351
800.35425	0.02344
798.42568	0.02324
796.49712	0.02307
794.56855	0.02287
792.63999	0.02254
790.71143	0.02213
788.78286	0.02174
786.85430	0.02146
784.92573	0.02133
782.99717	0.02130
781.06860	0.02123
779.14004	0.02107
777.21147	0.02089
775.28291	0.02073
773.35435	0.02054
771.42578	0.02041
769.49722	0.02047
767.56865	0.02072
765.64009	0.02097
763.71152	0.02113
761.78296	0.02133
759.85439	0.02160
757.92583	0.02180
755.99727	0.02195
754.06870	0.02217
752.14014	0.02258
750.21157	0.02319
748.28301	0.02378
746.35444	0.02429
744.42588	0.02483
742.49731	0.02556
740.56875	0.02683
738.64019	0.02941
736.71162	0.03486
734.78306	0.04474
732.85449	0.05737
730.92593	0.06720
728.99736	0.07183
727.06880	0.07591
725.14023	0.08486
723.21167	0.10108
721.28311	0.12508
719.35454	0.15245
717.42598	0.17055
715.49741	0.16613
713.56885	0.14068
711.64028	0.11019
709.71172	0.08672
707.78315	0.07138
705.85459	0.06131
703.92603	0.05435
701.99746	0.04918
700.06890	0.04516
698.14033	0.04205
696.21177	0.03959
694.28320	0.03758
692.35464	0.03602
690.42607	0.03476
688.49751	0.03354
686.56895	0.03233
684.64038	0.03125
682.71182	0.03034
680.78325	0.02929
678.85469	0.02811
676.92612	0.02714
674.99756	0.02649
673.06899	0.02635
671.14043	0.02699
669.21187	0.02769
667.28330	0.02679
665.35474	0.02517
663.42617	0.02439
661.49761	0.02422
659.56904	0.02436
657.64048	0.02440
655.71191	0.02421
653.78335	0.02420
651.85479	0.02438
649.92622	0.02438
647.99766	0.02418
646.06909	0.02390
644.14053	0.02363
642.21196	0.02377
640.28340	0.02441
638.35483	0.02537
636.42627	0.02675
634.49771	0.02821
632.56914	0.02905
630.64058	0.02913
628.71201	0.02886
626.78345	0.02841
624.85488	0.02768
622.92632	0.02701
620.99775	0.02671
619.06919	0.02683
617.14062	0.02727
615.21206	0.02741
613.28350	0.02695
611.35493	0.02652
609.42637	0.02664
607.49780	0.02704
605.56924	0.02715
603.64067	0.02656
601.71211	0.02551
599.78354	0.02527
