3997.91411	0.02310
3995.98555	0.02322
3994.05698	0.02338
3992.12842	0.02350
3990.19985	0.02342
3988.27129	0.02309
3986.34272	0.02289
3984.41416	0.02303
3982.48560	0.02330
3980.55703	0.02350
3978.62847	0.02363
3976.69990	0.02375
3974.77134	0.02372
3972.84277	0.02357
3970.91421	0.02350
3968.98564	0.02347
3967.05708	0.02345
3965.12852	0.02354
3963.19995	0.02375
3961.27139	0.02384
3959.34282	0.02376
3957.41426	0.02375
3955.48569	0.02374
3953.55713	0.02382
3951.62856	0.02433
3949.70000	0.02505
3947.77144	0.02515
3945.84287	0.02492
3943.91431	0.02503
3941.98574	0.02481
3940.05718	0.02406
3938.12861	0.02358
3936.20005	0.02376
3934.27148	0.02467
3932.34292	0.02555
3930.41436	0.02533
3928.48579	0.02475
3926.55723	0.02498
3924.62866	0.02542
3922.70010	0.02523
3920.77153	0.02521
3918.84297	0.02570
3916.91440	0.02562
3914.98584	0.02458
3913.05728	0.02366
3911.12871	0.02346
3909.20015	0.02394
3907.27158	0.02535
3905.34302	0.02749
3903.41445	0.02906
3901.48589	0.02901
3899.55732	0.02753
3897.62876	0.02572
3895.70020	0.02497
3893.77163	0.02553
3891.84307	0.02601
3889.91450	0.02545
3887.98594	0.02541
3886.05737	0.02636
3884.12881	0.02691
3882.20024	0.02694
3880.27168	0.02634
3878.34312	0.02510
3876.41455	0.02497
3874.48599	0.02618
3872.55742	0.02751
3870.62886	0.02794
3868.70029	0.02709
3866.77173	0.02647
3864.84316	0.02668
3862.91460	0.02621
3860.98604	0.02521
3859.05747	0.02516
3857.12891	0.02634
3855.20034	0.02834
3853.27178	0.02918
3851.34321	0.02694
3849.41465	0.02470
3847.48608	0.02390
3845.55752	0.02444
3843.62896	0.02566
3841.70039	0.02690
3839.77183	0.02777
3837.84326	0.02751
3835.91470	0.02643
3833.98613	0.02554
3832.05757	0.02484
3830.12900	0.02450
3828.20044	0.02469
3826.27187	0.02492
3824.34331	0.02527
3822.41475	0.02613
3820.48618	0.02645
3818.55762	0.02589
3816.62905	0.02532
3814.70049	0.02433
3812.77192	0.02343
3810.84336	0.02331
3808.91479	0.02381
3806.98623	0.02435
3805.05767	0.02469
3803.12910	0.02529
3801.20054	0.02551
3799.27197	0.02503
3797.34341	0.02447
3795.41484	0.02353
3793.48628	0.02254
3791.55771	0.02214
3789.62915	0.02231
3787.70059	0.02288
3785.77202	0.02335
3783.84346	0.02324
3781.91489	0.02313
3779.98633	0.02338
3778.05776	0.02319
3776.12920	0.02263
3774.20063	0.02254
3772.27207	0.02316
3770.34351	0.02396
3768.41494	0.02431
3766.48638	0.02434
3764.55781	0.02413
3762.62925	0.02407
3760.70068	0.02471
3758.77212	0.02533
3756.84355	0.02528
3754.91499	0.02564
3752.98643	0.02714
3751.05786	0.02853
3749.12930	0.02822
3747.20073	0.02796
3745.27217	0.02821
3743.34360	0.02747
3741.41504	0.02650
3739.48647	0.02684
3737.55791	0.02898
3735.62935	0.03105
3733.70078	0.02946
3731.77222	0.02638
3729.84365	0.02525
3727.91509	0.02594
3725.98652	0.02701
3724.05796	0.02706
3722.12939	0.02605
3720.20083	0.02490
3718.27227	0.02425
3716.34370	0.02440
3714.41514	0.02549
3712.48657	0.02691
3710.55801	0.02686
3708.62944	0.02549
3706.70088	0.02454
3704.77231	0.02455
3702.84375	0.02527
3700.91519	0.02563
3698.98662	0.02535
3697.05806	0.02522
3695.12949	0.02544
3693.20093	0.02619
3691.27236	0.02751
3689.34380	0.02800
3687.41523	0.02671
3685.48667	0.02538
3683.55811	0.02488
3681.62954	0.02531
3679.70098	0.02659
3677.77241	0.02839
3675.84385	0.02966
3673.91528	0.02925
3671.98672	0.02895
3670.05815	0.02899
3668.12959	0.02785
3666.20103	0.02658
3664.27246	0.02620
3662.34390	0.02639
3660.41533	0.02682
3658.48677	0.02764
3656.55820	0.02857
3654.62964	0.02912
3652.70107	0.03046
3650.77251	0.03362
3648.84395	0.03581
3646.91538	0.03382
3644.98682	0.03117
3643.05825	0.02986
3641.12969	0.02940
3639.20112	0.02926
3637.27256	0.02963
3635.34399	0.03063
3633.41543	0.03204
3631.48687	0.03403
3629.55830	0.03617
3627.62974	0.03564
3625.70117	0.03360
3623.77261	0.03297
3621.84404	0.03415
3619.91548	0.03625
3617.98691	0.03728
3616.05835	0.03721
3614.12979	0.03734
3612.20122	0.03742
3610.27266	0.03748
3608.34409	0.03754
3606.41553	0.03676
3604.48696	0.03574
3602.55840	0.03567
3600.62983	0.03621
3598.70127	0.03660
3596.77271	0.03718
3594.84414	0.03771
3592.91558	0.03753
3590.98701	0.03782
3589.05845	0.03971
3587.12988	0.04093
3585.20132	0.03940
3583.27275	0.03780
3581.34419	0.03747
3579.41562	0.03752
3577.48706	0.03749
3575.55850	0.03753
3573.62993	0.03778
3571.70137	0.03889
3569.77280	0.04161
3567.84424	0.04479
3565.91567	0.04499
3563.98711	0.04279
3562.05854	0.04135
3560.12998	0.04092
3558.20142	0.04069
3556.27285	0.04082
3554.34429	0.04151
3552.41572	0.04210
3550.48716	0.04252
3548.55859	0.04377
3546.63003	0.04540
3544.70146	0.04561
3542.77290	0.04453
3540.84434	0.04370
3538.91577	0.04372
3536.98721	0.04418
3535.05864	0.04447
3533.13008	0.04463
3531.20151	0.04517
3529.27295	0.04609
3527.34438	0.04692
3525.41582	0.04732
3523.48726	0.04722
3521.55869	0.04670
3519.63013	0.04625
3517.70156	0.04622
3515.77300	0.04637
3513.84443	0.04660
3511.91587	0.04705
3509.98730	0.04755
3508.05874	0.04780
3506.13018	0.04813
3504.20161	0.04882
3502.27305	0.04917
3500.34448	0.04893
3498.41592	0.04880
3496.48735	0.04887
3494.55879	0.04872
3492.63022	0.04854
3490.70166	0.04864
3488.77310	0.04904
3486.84453	0.04945
3484.91597	0.04979
3482.98740	0.05021
3481.05884	0.05038
3479.13027	0.05007
3477.20171	0.04992
3475.27314	0.05020
3473.34458	0.05052
3471.41602	0.05060
3469.48745	0.05044
3467.55889	0.05037
3465.63032	0.05082
3463.70176	0.05161
3461.77319	0.05210
3459.84463	0.05214
3457.91606	0.05197
3455.98750	0.05186
3454.05894	0.05197
3452.13037	0.05219
3450.20181	0.05248
3448.27324	0.05297
3446.34468	0.05330
3444.41611	0.05336
3442.48755	0.05335
3440.55898	0.05313
3438.63042	0.05291
3436.70186	0.05304
3434.77329	0.05336
3432.84473	0.05361
3430.91616	0.05369
3428.98760	0.05363
3427.05903	0.05359
3425.13047	0.05370
3423.20190	0.05397
3421.27334	0.05429
3419.34478	0.05454
3417.41621	0.05454
3415.48765	0.05438
3413.55908	0.05423
3411.63052	0.05406
3409.70195	0.05388
3407.77339	0.05392
3405.84482	0.05421
3403.91626	0.05453
3401.98770	0.05473
3400.05913	0.05492
3398.13057	0.05521
3396.20200	0.05540
3394.27344	0.05555
3392.34487	0.05566
3390.41631	0.05544
3388.48774	0.05520
3386.55918	0.05528
3384.63062	0.05537
3382.70205	0.05529
3380.77349	0.05538
3378.84492	0.05568
3376.91636	0.05576
3374.98779	0.05552
3373.05923	0.05527
3371.13066	0.05518
3369.20210	0.05526
3367.27354	0.05533
3365.34497	0.05526
3363.41641	0.05522
3361.48784	0.05528
3359.55928	0.05529
3357.63071	0.05521
3355.70215	0.05517
3353.77358	0.05515
3351.84502	0.05519
3349.91646	0.05535
3347.98789	0.05543
3346.05933	0.05530
3344.13076	0.05519
3342.20220	0.05528
3340.27363	0.05538
3338.34507	0.05533
3336.41650	0.05508
3334.48794	0.05492
3332.55937	0.05509
3330.63081	0.05526
3328.70225	0.05520
3326.77368	0.05516
3324.84512	0.05520
3322.91655	0.05508
3320.98799	0.05490
3319.05942	0.05491
3317.13086	0.05499
3315.20229	0.05499
3313.27373	0.05504
3311.34517	0.05521
3309.41660	0.05534
3307.48804	0.05531
3305.55947	0.05524
3303.63091	0.05524
3301.70234	0.05520
3299.77378	0.05513
3297.84521	0.05505
3295.91665	0.05498
3293.98809	0.05498
3292.05952	0.05503
3290.13096	0.05507
3288.20239	0.05514
3286.27383	0.05520
3284.34526	0.05507
3282.41670	0.05485
3280.48813	0.05474
3278.55957	0.05465
3276.63101	0.05456
3274.70244	0.05447
3272.77388	0.05422
3270.84531	0.05381
3268.91675	0.05346
3266.98818	0.05329
3265.05962	0.05331
3263.13105	0.05330
3261.20249	0.05314
3259.27393	0.05294
3257.34536	0.05268
3255.41680	0.05224
3253.48823	0.05180
3251.55967	0.05151
3249.63110	0.05124
3247.70254	0.05102
3245.77397	0.05091
3243.84541	0.05078
3241.91685	0.05059
3239.98828	0.05043
3238.05972	0.05024
3236.13115	0.04988
3234.20259	0.04944
3232.27402	0.04922
3230.34546	0.04922
3228.41689	0.04914
3226.48833	0.04884
3224.55977	0.04855
3222.63120	0.04842
3220.70264	0.04824
3218.77407	0.04791
3216.84551	0.04764
3214.91694	0.04752
3212.98838	0.04742
3211.05981	0.04732
3209.13125	0.04713
3207.20269	0.04681
3205.27412	0.04648
3203.34556	0.04613
3201.41699	0.04564
3199.48843	0.04513
3197.55986	0.04486
3195.63130	0.04480
3193.70273	0.04475
3191.77417	0.04463
3189.84561	0.04451
3187.91704	0.04445
3185.98848	0.04428
3184.05991	0.04387
3182.13135	0.04332
3180.20278	0.04283
3178.27422	0.04244
3176.34565	0.04219
3174.41709	0.04212
3172.48853	0.04217
3170.55996	0.04217
3168.63140	0.04189
3166.70283	0.04138
3164.77427	0.04089
3162.84570	0.04045
3160.91714	0.04007
3158.98857	0.03993
3157.06001	0.03997
3155.13145	0.03989
3153.20288	0.03951
3151.27432	0.03905
3149.34575	0.03875
3147.41719	0.03859
3145.48862	0.03845
3143.56006	0.03818
3141.63149	0.03771
3139.70293	0.03734
3137.77437	0.03727
3135.84580	0.03734
3133.91724	0.03721
3131.98867	0.03689
3130.06011	0.03663
3128.13154	0.03646
3126.20298	0.03632
3124.27441	0.03620
3122.34585	0.03601
3120.41729	0.03565
3118.48872	0.03534
3116.56016	0.03533
3114.63159	0.03543
3112.70303	0.03527
3110.77446	0.03494
3108.84590	0.03476
3106.91733	0.03480
3104.98877	0.03478
3103.06021	0.03451
3101.13164	0.03413
3099.20308	0.03396
3097.27451	0.03403
3095.34595	0.03400
3093.41738	0.03380
3091.48882	0.03370
3089.56025	0.03364
3087.63169	0.03339
3085.70312	0.03303
3083.77456	0.03281
3081.84600	0.03275
3079.91743	0.03277
3077.98887	0.03275
3076.06030	0.03264
3074.13174	0.03243
3072.20317	0.03217
3070.27461	0.03195
3068.34604	0.03187
3066.41748	0.03188
3064.48892	0.03174
3062.56035	0.03138
3060.63179	0.03104
3058.70322	0.03086
3056.77466	0.03073
3054.84609	0.03051
3052.91753	0.03015
3050.98896	0.02985
3049.06040	0.02974
3047.13184	0.02962
3045.20327	0.02927
3043.27471	0.02885
3041.34614	0.02866
3039.41758	0.02866
3037.48901	0.02856
3035.56045	0.02833
3033.63188	0.02816
3031.70332	0.02801
3029.77476	0.02770
3027.84619	0.02735
3025.91763	0.02718
3023.98906	0.02706
3022.06050	0.02688
3020.13193	0.02661
3018.20337	0.02625
3016.27480	0.02600
3014.34624	0.02593
3012.41768	0.02590
3010.48911	0.02589
3008.56055	0.02592
3006.63198	0.02598
3004.70342	0.02601
3002.77485	0.02595
3000.84629	0.02584
2998.91772	0.02586
2996.98916	0.02602
2995.06060	0.02620
2993.13203	0.02639
2991.20347	0.02671
2989.27490	0.02727
2987.34634	0.02794
2985.41777	0.02858
2983.48921	0.02919
2981.56064	0.02990
2979.63208	0.03085
2977.70352	0.03208
2975.77495	0.03354
2973.84639	0.03511
2971.91782	0.03667
2969.98926	0.03836
2968.06069	0.04035
2966.13213	0.04257
2964.20356	0.04473
2962.27500	0.04674
2960.34644	0.04862
2958.41787	0.05042
2956.48931	0.05228
2954.56074	0.05441
2952.63218	0.05687
2950.70361	0.05970
2948.77505	0.06321
2946.84648	0.06788
2944.91792	0.07407
2942.98936	0.08188
2941.06079	0.09114
2939.13223	0.10173
2937.20366	0.11375
2935.27510	0.12744
2933.34653	0.14301
2931.41797	0.16081
2929.48940	0.18120
2927.56084	0.20451
2925.63228	0.23125
2923.70371	0.26147
2921.77515	0.29380
2919.84658	0.32489
2917.91802	0.34877
2915.98945	0.35862
2914.06089	0.35196
2912.13232	0.33317
2910.20376	0.30954
2908.27520	0.28664
2906.34663	0.26702
2904.41807	0.25103
2902.48950	0.23804
2900.56094	0.22717
2898.63237	0.21761
2896.70381	0.20872
2894.77524	0.20015
2892.84668	0.19179
2890.91812	0.18345
2888.98955	0.17498
2887.06099	0.16660
2885.13242	0.15853
2883.20386	0.15060
2881.27529	0.14269
2879.34673	0.13495
2877.41816	0.12769
2875.48960	0.12140
2873.56104	0.11641
2871.63247	0.11273
2869.70391	0.11042
2867.77534	0.10980
2865.84678	0.11132
2863.91821	0.11571
2861.98965	0.12415
2860.06108	0.13820
2858.13252	0.15953
2856.20396	0.19008
2854.27539	0.23081
2852.34683	0.27772
2850.41826	0.31744
2848.48970	0.33155
2846.56113	0.31424
2844.63257	0.27861
2842.70400	0.24048
2840.77544	0.20764
2838.84687	0.18161
2836.91831	0.16150
2834.98975	0.14605
2833.06118	0.13420
2831.13262	0.12493
2829.20405	0.11745
2827.27549	0.11122
2825.34692	0.10594
2823.41836	0.10149
2821.48979	0.09770
2819.56123	0.09434
2817.63267	0.09125
2815.70410	0.08844
2813.77554	0.08606
2811.84697	0.08405
2809.91841	0.08208
2807.98984	0.08005
2806.06128	0.07818
2804.13271	0.07662
2802.20415	0.07519
2800.27559	0.07380
2798.34702	0.07257
2796.41846	0.07148
2794.48989	0.07034
2792.56133	0.06916
2790.63276	0.06808
2788.70420	0.06702
2786.77563	0.06589
2784.84707	0.06480
2782.91851	0.06386
2780.98994	0.06300
2779.06138	0.06212
2777.13281	0.06122
2775.20425	0.06040
2773.27568	0.05975
2771.34712	0.05918
2769.41855	0.05861
2767.48999	0.05804
2765.56143	0.05742
2763.63286	0.05673
2761.70430	0.05611
2759.77573	0.05563
2757.84717	0.05522
2755.91860	0.05484
2753.99004	0.05448
2752.06147	0.05409
2750.13291	0.05368
2748.20435	0.05337
2746.27578	0.05316
2744.34722	0.05290
2742.41865	0.05252
2740.49009	0.05215
2738.56152	0.05191
2736.63296	0.05174
2734.70439	0.05153
2732.77583	0.05126
2730.84727	0.05100
2728.91870	0.05076
2726.99014	0.05045
2725.06157	0.05007
2723.13301	0.04968
2721.20444	0.04934
2719.27588	0.04904
2717.34731	0.04879
2715.41875	0.04856
2713.49019	0.04829
2711.56162	0.04797
2709.63306	0.04768
2707.70449	0.04751
2705.77593	0.04737
2703.84736	0.04714
2701.91880	0.04683
2699.99023	0.04653
2698.06167	0.04630
2696.13311	0.04613
2694.20454	0.04603
2692.27598	0.04594
2690.34741	0.04578
2688.41885	0.04555
2686.49028	0.04538
2684.56172	0.04528
2682.63315	0.04524
2680.70459	0.04520
2678.77603	0.04511
2676.84746	0.04502
2674.91890	0.04500
2672.99033	0.04500
2671.06177	0.04495
2669.13320	0.04490
2667.20464	0.04490
2665.27607	0.04505
2663.34751	0.04535
2661.41895	0.04557
2659.49038	0.04561
2657.56182	0.04553
2655.63325	0.04545
2653.70469	0.04540
2651.77612	0.04530
2649.84756	0.04511
2647.91899	0.04493
2645.99043	0.04487
2644.06187	0.04484
2642.13330	0.04469
2640.20474	0.04451
2638.27617	0.04440
2636.34761	0.04428
2634.41904	0.04406
2632.49048	0.04375
2630.56191	0.04343
2628.63335	0.04315
2626.70479	0.04292
2624.77622	0.04272
2622.84766	0.04252
2620.91909	0.04231
2618.99053	0.04202
2617.06196	0.04165
2615.13340	0.04125
2613.20483	0.04088
2611.27627	0.04054
2609.34771	0.04029
2607.41914	0.04016
2605.49058	0.04000
2603.56201	0.03963
2601.63345	0.03916
2599.70488	0.03884
2597.77632	0.03868
2595.84775	0.03848
2593.91919	0.03825
2591.99062	0.03803
2590.06206	0.03786
2588.13350	0.03781
2586.20493	0.03773
2584.27637	0.03748
2582.34780	0.03717
2580.41924	0.03685
2578.49067	0.03657
2576.56211	0.03642
2574.63354	0.03631
2572.70498	0.03620
2570.77642	0.03609
2568.84785	0.03590
2566.91929	0.03556
2564.99072	0.03522
2563.06216	0.03503
2561.13359	0.03503
2559.20503	0.03513
2557.27646	0.03516
2555.34790	0.03502
2553.41934	0.03476
2551.49077	0.03457
2549.56221	0.03442
2547.63364	0.03422
2545.70508	0.03406
2543.77651	0.03395
2541.84795	0.03382
2539.91938	0.03369
2537.99082	0.03360
2536.06226	0.03345
2534.13369	0.03316
2532.20513	0.03297
2530.27656	0.03298
2528.34800	0.03300
2526.41943	0.03294
2524.49087	0.03283
2522.56230	0.03265
2520.63374	0.03248
2518.70518	0.03236
2516.77661	0.03225
2514.84805	0.03214
2512.91948	0.03206
2510.99092	0.03192
2509.06235	0.03175
2507.13379	0.03164
2505.20522	0.03166
2503.27666	0.03171
2501.34810	0.03162
2499.41953	0.03142
2497.49097	0.03132
2495.56240	0.03130
2493.63384	0.03117
2491.70527	0.03101
2489.77671	0.03091
2487.84814	0.03087
2485.91958	0.03079
2483.99102	0.03060
2482.06245	0.03041
2480.13389	0.03039
2478.20532	0.03047
2476.27676	0.03050
2474.34819	0.03043
2472.41963	0.03027
2470.49106	0.03010
2468.56250	0.03000
2466.63394	0.02995
2464.70537	0.02998
2462.77681	0.03009
2460.84824	0.03017
2458.91968	0.03016
2456.99111	0.03005
2455.06255	0.02993
2453.13398	0.02987
2451.20542	0.02979
2449.27686	0.02967
2447.34829	0.02953
2445.41973	0.02936
2443.49116	0.02916
2441.56260	0.02899
2439.63403	0.02892
2437.70547	0.02891
2435.77690	0.02882
2433.84834	0.02867
2431.91978	0.02858
2429.99121	0.02855
2428.06265	0.02852
2426.13408	0.02850
2424.20552	0.02845
2422.27695	0.02837
2420.34839	0.02830
2418.41982	0.02830
2416.49126	0.02838
2414.56270	0.02837
2412.63413	0.02825
2410.70557	0.02812
2408.77700	0.02799
2406.84844	0.02781
2404.91987	0.02766
2402.99131	0.02758
2401.06274	0.02750
2399.13418	0.02742
2397.20562	0.02743
2395.27705	0.02746
2393.34849	0.02739
2391.41992	0.02728
2389.49136	0.02723
2387.56279	0.02731
2385.63423	0.02768
2383.70566	0.02842
2381.77710	0.02949
2379.84854	0.03074
2377.91997	0.03200
2375.99141	0.03309
2374.06284	0.03387
2372.13428	0.03443
2370.20571	0.03490
2368.27715	0.03524
2366.34858	0.03555
2364.42002	0.03599
2362.49146	0.03650
2360.56289	0.03692
2358.63433	0.03713
2356.70576	0.03700
2354.77720	0.03656
2352.84863	0.03592
2350.92007	0.03520
2348.99150	0.03479
2347.06294	0.03506
2345.13437	0.03578
2343.20581	0.03613
2341.27725	0.03591
2339.34868	0.03561
2337.42012	0.03562
2335.49155	0.03585
2333.56299	0.03613
2331.63442	0.03647
2329.70586	0.03704
2327.77729	0.03838
2325.84873	0.04023
2323.92017	0.04106
2321.99160	0.04024
2320.06304	0.03879
2318.13447	0.03755
2316.20591	0.03665
2314.27734	0.03603
2312.34878	0.03546
2310.42021	0.03476
2308.49165	0.03396
2306.56309	0.03321
2304.63452	0.03264
2302.70596	0.03226
2300.77739	0.03189
2298.84883	0.03156
2296.92026	0.03134
2294.99170	0.03117
2293.06313	0.03114
2291.13457	0.03141
2289.20601	0.03177
2287.27744	0.03186
2285.34888	0.03157
2283.42031	0.03098
2281.49175	0.03032
2279.56318	0.02987
2277.63462	0.02958
2275.70605	0.02926
2273.77749	0.02891
2271.84893	0.02862
2269.92036	0.02842
2267.99180	0.02817
2266.06323	0.02776
2264.13467	0.02743
2262.20610	0.02736
2260.27754	0.02742
2258.34897	0.02736
2256.42041	0.02712
2254.49185	0.02686
2252.56328	0.02675
2250.63472	0.02676
2248.70615	0.02675
2246.77759	0.02676
2244.84902	0.02684
2242.92046	0.02692
2240.99189	0.02697
2239.06333	0.02695
2237.13477	0.02691
2235.20620	0.02687
2233.27764	0.02678
2231.34907	0.02656
2229.42051	0.02627
2227.49194	0.02605
2225.56338	0.02597
2223.63481	0.02581
2221.70625	0.02554
2219.77769	0.02536
2217.84912	0.02528
2215.92056	0.02539
2213.99199	0.02562
2212.06343	0.02560
2210.13486	0.02538
2208.20630	0.02538
2206.27773	0.02556
2204.34917	0.02547
2202.42061	0.02529
2200.49204	0.02532
2198.56348	0.02536
2196.63491	0.02544
2194.70635	0.02577
2192.77778	0.02611
2190.84922	0.02624
2188.92065	0.02638
2186.99209	0.02647
2185.06353	0.02612
2183.13496	0.02523
2181.20640	0.02446
2179.27783	0.02442
2177.34927	0.02465
2175.42070	0.02456
2173.49214	0.02468
2171.56357	0.02563
2169.63501	0.02708
2167.70645	0.02823
2165.77788	0.02888
2163.84932	0.02947
2161.92075	0.02847
2159.99219	0.02311
2158.06362	0.01670
2156.13506	0.01493
2154.20649	0.01656
2152.27793	0.01829
2150.34937	0.01906
2148.42080	0.01920
2146.49224	0.01927
2144.56367	0.01934
2142.63511	0.01932
2140.70654	0.01924
2138.77798	0.01902
2136.84941	0.01843
2134.92085	0.01766
2132.99229	0.01762
2131.06372	0.01864
2129.13516	0.01984
2127.20659	0.02052
2125.27803	0.02103
2123.34946	0.02174
2121.42090	0.02240
2119.49233	0.02294
2117.56377	0.02369
2115.63521	0.02441
2113.70664	0.02458
2111.77808	0.02439
2109.84951	0.02416
2107.92095	0.02386
2105.99238	0.02366
2104.06382	0.02374
2102.13525	0.02386
2100.20669	0.02383
2098.27812	0.02349
2096.34956	0.02268
2094.42100	0.02208
2092.49243	0.02242
2090.56387	0.02321
2088.63530	0.02371
2086.70674	0.02400
2084.77817	0.02434
2082.84961	0.02456
2080.92104	0.02452
2078.99248	0.02433
2077.06392	0.02426
2075.13535	0.02441
2073.20679	0.02445
2071.27822	0.02418
2069.34966	0.02388
2067.42109	0.02409
2065.49253	0.02460
2063.56396	0.02467
2061.63540	0.02429
2059.70684	0.02399
2057.77827	0.02396
2055.84971	0.02418
2053.92114	0.02523
2051.99258	0.02676
2050.06401	0.02692
2048.13545	0.02563
2046.20688	0.02469
2044.27832	0.02445
2042.34976	0.02455
2040.42119	0.02498
2038.49263	0.02540
2036.56406	0.02511
2034.63550	0.02379
2032.70693	0.02233
2030.77837	0.02180
2028.84980	0.02197
2026.92124	0.02230
2024.99268	0.02262
2023.06411	0.02256
2021.13555	0.02235
2019.20698	0.02278
2017.27842	0.02333
2015.34985	0.02288
2013.42129	0.02193
2011.49272	0.02158
2009.56416	0.02165
2007.63560	0.02124
2005.70703	0.02083
2003.77847	0.02136
2001.84990	0.02212
1999.92134	0.02242
1997.99277	0.02265
1996.06421	0.02314
1994.13564	0.02397
1992.20708	0.02473
1990.27852	0.02472
1988.34995	0.02428
1986.42139	0.02432
1984.49282	0.02527
1982.56426	0.02676
1980.63569	0.02718
1978.70713	0.02520
1976.77856	0.02246
1974.85000	0.02097
1972.92144	0.02021
1970.99287	0.02006
1969.06431	0.02099
1967.13574	0.02201
1965.20718	0.02192
1963.27861	0.02118
1961.35005	0.02054
1959.42148	0.02010
1957.49292	0.01990
1955.56436	0.01994
1953.63579	0.02004
1951.70723	0.02026
1949.77866	0.02079
1947.85010	0.02138
1945.92153	0.02176
1943.99297	0.02222
1942.06440	0.02246
1940.13584	0.02207
1938.20728	0.02166
1936.27871	0.02145
1934.35015	0.02129
1932.42158	0.02132
1930.49302	0.02150
1928.56445	0.02157
1926.63589	0.02176
1924.70732	0.02260
1922.77876	0.02362
1920.85020	0.02403
1918.92163	0.02396
1916.99307	0.02348
1915.06450	0.02284
1913.13594	0.02276
1911.20737	0.02323
1909.27881	0.02354
1907.35024	0.02330
1905.42168	0.02297
1903.49312	0.02297
1901.56455	0.02313
1899.63599	0.02321
1897.70742	0.02332
1895.77886	0.02366
1893.85029	0.02405
1891.92173	0.02442
1889.99316	0.02455
1888.06460	0.02401
1886.13604	0.02343
1884.20747	0.02326
1882.27891	0.02323
1880.35034	0.02323
1878.42178	0.02325
1876.49321	0.02322
1874.56465	0.02325
1872.63608	0.02370
1870.70752	0.02490
1868.77896	0.02596
1866.85039	0.02541
1864.92183	0.02416
1862.99326	0.02347
1861.06470	0.02331
1859.13613	0.02327
1857.20757	0.02315
1855.27900	0.02302
1853.35044	0.02301
1851.42187	0.02331
1849.49331	0.02409
1847.56475	0.02517
1845.63618	0.02608
1843.70762	0.02593
1841.77905	0.02477
1839.85049	0.02399
1837.92192	0.02391
1835.99336	0.02391
1834.06479	0.02400
1832.13623	0.02480
1830.20767	0.02589
1828.27910	0.02615
1826.35054	0.02596
1824.42197	0.02564
1822.49341	0.02487
1820.56484	0.02421
1818.63628	0.02393
1816.70771	0.02387
1814.77915	0.02428
1812.85059	0.02527
1810.92202	0.02610
1808.99346	0.02615
1807.06489	0.02591
1805.13633	0.02620
1803.20776	0.02732
1801.27920	0.02840
1799.35063	0.02863
1797.42207	0.02880
1795.49351	0.02956
1793.56494	0.03076
1791.63638	0.03137
1789.70781	0.03073
1787.77925	0.03037
1785.85068	0.03107
1783.92212	0.03200
1781.99355	0.03266
1780.06499	0.03301
1778.13643	0.03306
1776.20786	0.03351
1774.27930	0.03470
1772.35073	0.03595
1770.42217	0.03636
1768.49360	0.03600
1766.56504	0.03524
1764.63647	0.03504
1762.70791	0.03586
1760.77935	0.03666
1758.85078	0.03714
1756.92222	0.03764
1754.99365	0.03816
1753.06509	0.03973
1751.13652	0.04277
1749.20796	0.04516
1747.27939	0.04584
1745.35083	0.04645
1743.42227	0.04752
1741.49370	0.04866
1739.56514	0.04982
1737.63657	0.05103
1735.70801	0.05293
1733.77944	0.05518
1731.85088	0.05543
1729.92231	0.05464
1727.99375	0.05453
1726.06519	0.05609
1724.13662	0.05931
1722.20806	0.06287
1720.27949	0.06645
1718.35093	0.07121
1716.42236	0.07517
1714.49380	0.07548
1712.56523	0.07452
1710.63667	0.07389
1708.70811	0.07382
1706.77954	0.07396
1704.85098	0.07350
1702.92241	0.07277
1700.99385	0.07259
1699.06528	0.07235
1697.13672	0.07095
1695.20815	0.06812
1693.27959	0.06561
1691.35103	0.06485
1689.42246	0.06524
1687.49390	0.06602
1685.56533	0.06767
1683.63677	0.06924
1681.70820	0.06842
1679.77964	0.06705
1677.85107	0.06647
1675.92251	0.06702
1673.99395	0.06813
1672.06538	0.06930
1670.13682	0.07058
1668.20825	0.07058
1666.27969	0.06986
1664.35112	0.07019
1662.42256	0.07113
1660.49399	0.07133
1658.56543	0.07152
1656.63687	0.07279
1654.70830	0.07524
1652.77974	0.07663
1650.85117	0.07569
1648.92261	0.07591
1646.99404	0.07642
1645.06548	0.07493
1643.13691	0.07329
1641.20835	0.07284
1639.27979	0.07340
1637.35122	0.07458
1635.42266	0.07442
1633.49409	0.07224
1631.56553	0.07068
1629.63696	0.07012
1627.70840	0.06976
1625.77983	0.06932
1623.85127	0.06872
1621.92271	0.06735
1619.99414	0.06599
1618.06558	0.06539
1616.13701	0.06446
1614.20845	0.06293
1612.27988	0.06203
1610.35132	0.06181
1608.42275	0.06162
1606.49419	0.06118
1604.56562	0.06081
1602.63706	0.06055
1600.70850	0.06021
1598.77993	0.06006
1596.85137	0.06025
1594.92280	0.06043
1592.99424	0.06037
1591.06567	0.06031
1589.13711	0.06028
1587.20854	0.06028
1585.27998	0.06045
1583.35142	0.06068
1581.42285	0.06101
1579.49429	0.06180
1577.56572	0.06299
1575.63716	0.06312
1573.70859	0.06210
1571.78003	0.06185
1569.85146	0.06219
1567.92290	0.06180
1565.99434	0.06116
1564.06577	0.06116
1562.13721	0.06219
1560.20864	0.06497
1558.28008	0.06697
1556.35151	0.06529
1554.42295	0.06382
1552.49438	0.06331
1550.56582	0.06328
1548.63726	0.06304
1546.70869	0.06351
1544.78013	0.06553
1542.85156	0.06757
1540.92300	0.06710
1538.99443	0.06285
1537.06587	0.05959
1535.13730	0.05863
1533.20874	0.05767
1531.28018	0.05574
1529.35161	0.05478
1527.42305	0.05511
1525.49448	0.05529
1523.56592	0.05526
1521.63735	0.05519
1519.70879	0.05421
1517.78022	0.05303
1515.85166	0.05134
1513.92310	0.04948
1511.99453	0.04928
1510.06597	0.05129
1508.13740	0.05351
1506.20884	0.05002
1504.28027	0.04463
1502.35171	0.04269
1500.42314	0.04256
1498.49458	0.04288
1496.56602	0.04228
1494.63745	0.04105
1492.70889	0.04137
1490.78032	0.04364
1488.85176	0.04475
1486.92319	0.04300
1484.99463	0.04162
1483.06606	0.04245
1481.13750	0.04592
1479.20894	0.05409
1477.28037	0.07320
1475.35181	0.10891
1473.42324	0.15395
1471.49468	0.17737
1469.56611	0.17215
1467.63755	0.16223
1465.70898	0.15669
1463.78042	0.15368
1461.85186	0.14832
1459.92329	0.14011
1457.99473	0.12939
1456.06616	0.11703
1454.13760	0.10770
1452.20903	0.10112
1450.28047	0.09618
1448.35190	0.09246
1446.42334	0.08914
1444.49478	0.08642
1442.56621	0.08466
1440.63765	0.08388
1438.70908	0.08411
1436.78052	0.08421
1434.85195	0.08244
1432.92339	0.08012
1430.99482	0.07819
1429.06626	0.07614
1427.13770	0.07441
1425.20913	0.07367
1423.28057	0.07339
1421.35200	0.07370
1419.42344	0.07500
1417.49487	0.07508
1415.56631	0.07339
1413.63774	0.07221
1411.70918	0.07194
1409.78062	0.07162
1407.85205	0.07117
1405.92349	0.07076
1403.99492	0.06957
1402.06636	0.06812
1400.13779	0.06768
1398.20923	0.06775
1396.28066	0.06710
1394.35210	0.06522
1392.42354	0.06301
1390.49497	0.06214
1388.56641	0.06272
1386.63784	0.06321
1384.70928	0.06305
1382.78071	0.06378
1380.85215	0.06588
1378.92358	0.06824
1376.99502	0.06998
1375.06646	0.07074
1373.13789	0.07002
1371.20933	0.06862
1369.28076	0.06765
1367.35220	0.06693
1365.42363	0.06676
1363.49507	0.06710
1361.56650	0.06619
1359.63794	0.06413
1357.70937	0.06273
1355.78081	0.06219
1353.85225	0.06178
1351.92368	0.06127
1349.99512	0.06076
1348.06655	0.06011
1346.13799	0.05938
1344.20942	0.05906
1342.28086	0.05972
1340.35229	0.06084
1338.42373	0.06051
1336.49517	0.05855
1334.56660	0.05671
1332.63804	0.05577
1330.70947	0.05553
1328.78091	0.05557
1326.85234	0.05573
1324.92378	0.05608
1322.99521	0.05670
1321.06665	0.05756
1319.13809	0.05839
1317.20952	0.05884
1315.28096	0.05903
1313.35239	0.05915
1311.42383	0.05909
1309.49526	0.05906
1307.56670	0.05928
1305.63813	0.05956
1303.70957	0.05982
1301.78101	0.06017
1299.85244	0.06062
1297.92388	0.06109
1295.99531	0.06148
1294.06675	0.06182
1292.13818	0.06229
1290.20962	0.06291
1288.28105	0.06344
1286.35249	0.06371
1284.42393	0.06391
1282.49536	0.06427
1280.56680	0.06475
1278.63823	0.06528
1276.70967	0.06587
1274.78110	0.06653
1272.85254	0.06725
1270.92397	0.06793
1268.99541	0.06845
1267.06685	0.06889
1265.13828	0.06942
1263.20972	0.07007
1261.28115	0.07072
1259.35259	0.07117
1257.42402	0.07140
1255.49546	0.07158
1253.56689	0.07180
1251.63833	0.07200
1249.70977	0.07215
1247.78120	0.07234
1245.85264	0.07262
1243.92407	0.07290
1241.99551	0.07307
1240.06694	0.07319
1238.13838	0.07330
1236.20981	0.07339
1234.28125	0.07350
1232.35269	0.07364
1230.42412	0.07374
1228.49556	0.07378
1226.56699	0.07383
1224.63843	0.07385
1222.70986	0.07374
1220.78130	0.07355
1218.85273	0.07337
1216.92417	0.07321
1214.99561	0.07305
1213.06704	0.07287
1211.13848	0.07264
1209.20991	0.07234
1207.28135	0.07196
1205.35278	0.07161
1203.42422	0.07136
1201.49565	0.07119
1199.56709	0.07102
1197.63853	0.07084
1195.70996	0.07069
1193.78140	0.07062
1191.85283	0.07065
1189.92427	0.07076
1187.99570	0.07091
1186.06714	0.07113
1184.13857	0.07148
1182.21001	0.07200
1180.28145	0.07275
1178.35288	0.07363
1176.42432	0.07443
1174.49575	0.07508
1172.56719	0.07569
1170.63862	0.07635
1168.71006	0.07697
1166.78149	0.07742
1164.85293	0.07775
1162.92437	0.07807
1160.99580	0.07839
1159.06724	0.07861
1157.13867	0.07865
1155.21011	0.07864
1153.28154	0.07865
1151.35298	0.07866
1149.42441	0.07870
1147.49585	0.07876
1145.56729	0.07880
1143.63872	0.07888
1141.71016	0.07910
1139.78159	0.07950
1137.85303	0.08008
1135.92446	0.08084
1133.99590	0.08172
1132.06733	0.08259
1130.13877	0.08344
1128.21021	0.08434
1126.28164	0.08528
1124.35308	0.08628
1122.42451	0.08730
1120.49595	0.08822
1118.56738	0.08911
1116.63882	0.09006
1114.71025	0.09103
1112.78169	0.09207
1110.85312	0.09318
1108.92456	0.09424
1106.99600	0.09519
1105.06743	0.09605
1103.13887	0.09685
1101.21030	0.09765
1099.28174	0.09857
1097.35317	0.09968
1095.42461	0.10083
1093.49604	0.10197
1091.56748	0.10313
1089.63892	0.10432
1087.71035	0.10554
1085.78179	0.10672
1083.85322	0.10776
1081.92466	0.10861
1079.99609	0.10944
1078.06753	0.11033
1076.13896	0.11107
1074.21040	0.11150
1072.28184	0.11177
1070.35327	0.11217
1068.42471	0.11262
1066.49614	0.11292
1064.56758	0.11307
1062.63901	0.11318
1060.71045	0.11335
1058.78188	0.11364
1056.85332	0.11397
1054.92476	0.11441
1052.99619	0.11511
1051.06763	0.11595
1049.13906	0.11671
1047.21050	0.11735
1045.28193	0.11784
1043.35337	0.11816
1041.42480	0.11833
1039.49624	0.11845
1037.56768	0.11844
1035.63911	0.11815
1033.71055	0.11765
1031.78198	0.11705
1029.85342	0.11624
1027.92485	0.11519
1025.99629	0.11400
1024.06772	0.11275
1022.13916	0.11147
1020.21060	0.11024
1018.28203	0.10903
1016.35347	0.10771
1014.42490	0.10625
1012.49634	0.10472
1010.56777	0.10319
1008.63921	0.10166
1006.71064	0.10002
1004.78208	0.09823
1002.85352	0.09650
1000.92495	0.09485
998.99639	0.09317
997.06782	0.09151
995.13926	0.08993
993.21069	0.08835
991.28213	0.08669
989.35356	0.08485
987.42500	0.08278
985.49644	0.08067
983.56787	0.07878
981.63931	0.07712
979.71074	0.07550
977.78218	0.07382
975.85361	0.07214
973.92505	0.07059
971.99648	0.06929
970.06792	0.06818
968.13936	0.06716
966.21079	0.06619
964.28223	0.06529
962.35366	0.06443
960.42510	0.06353
958.49653	0.06263
956.56797	0.06186
954.63940	0.06128
952.71084	0.06083
950.78228	0.06044
948.85371	0.06013
946.92515	0.05989
944.99658	0.05971
943.06802	0.05961
941.13945	0.05953
939.21089	0.05932
937.28232	0.05896
935.35376	0.05844
933.42520	0.05788
931.49663	0.05743
929.56807	0.05708
927.63950	0.05674
925.71094	0.05638
923.78237	0.05608
921.85381	0.05587
919.92524	0.05575
917.99668	0.05581
916.06812	0.05608
914.13955	0.05647
912.21099	0.05698
910.28242	0.05740
908.35386	0.05732
906.42529	0.05648
904.49673	0.05503
902.56816	0.05347
900.63960	0.05220
898.71104	0.05117
896.78247	0.05029
894.85391	0.04959
892.92534	0.04914
890.99678	0.04877
889.06821	0.04826
887.13965	0.04767
885.21108	0.04722
883.28252	0.04693
881.35396	0.04668
879.42539	0.04648
877.49683	0.04632
875.56826	0.04615
873.63970	0.04598
871.71113	0.04567
869.78257	0.04507
867.85400	0.04443
865.92544	0.04401
863.99687	0.04371
862.06831	0.04342
860.13975	0.04317
858.21118	0.04296
856.28262	0.04282
854.35405	0.04275
852.42549	0.04275
850.49692	0.04282
848.56836	0.04289
846.63979	0.04286
844.71123	0.04283
842.78267	0.04292
840.85410	0.04314
838.92554	0.04352
836.99697	0.04397
835.06841	0.04435
833.13984	0.04477
831.21128	0.04524
829.28271	0.04556
827.35415	0.04585
825.42559	0.04620
823.49702	0.04651
821.56846	0.04668
819.63989	0.04683
817.71133	0.04703
815.78276	0.04727
813.85420	0.04748
811.92563	0.04772
809.99707	0.04798
808.06851	0.04811
806.13994	0.04816
804.21138	0.04835
802.28281	0.04859
800.35425	0.04869
798.42568	0.04865
796.49712	0.04854
794.56855	0.04843
792.63999	0.04833
790.71143	0.04832
788.78286	0.04835
786.85430	0.04844
784.92573	0.04871
782.99717	0.04915
781.06860	0.04950
779.14004	0.04956
777.21147	0.04946
775.28291	0.04934
773.35435	0.04912
771.42578	0.04902
769.49722	0.04907
767.56865	0.04908
765.64009	0.04900
763.71152	0.04891
761.78296	0.04887
759.85439	0.04894
757.92583	0.04904
755.99727	0.04925
754.06870	0.04967
752.14014	0.05017
750.21157	0.05065
748.28301	0.05115
746.35444	0.05169
744.42588	0.05235
742.49731	0.05334
740.56875	0.05504
738.64019	0.05833
736.71162	0.06485
734.78306	0.07609
732.85449	0.09024
730.92593	0.10095
728.99736	0.10435
727.06880	0.10543
725.14023	0.11166
723.21167	0.12698
721.28311	0.15182
719.35454	0.17972
717.42598	0.19651
715.49741	0.19085
713.56885	0.16593
711.64028	0.13646
709.71172	0.11338
707.78315	0.09822
705.85459	0.08865
703.92603	0.08241
701.99746	0.07788
700.06890	0.07433
698.14033	0.07166
696.21177	0.06974
694.28320	0.06817
692.35464	0.06688
690.42607	0.06600
688.49751	0.06525
686.56895	0.06418
684.64038	0.06316
682.71182	0.06280
680.78325	0.06264
678.85469	0.06211
676.92612	0.06144
674.99756	0.06075
673.06899	0.06032
671.14043	0.06116
669.21187	0.06299
667.28330	0.06293
665.35474	0.06095
663.42617	0.05983
661.49761	0.05978
659.56904	0.06017
657.64048	0.06053
655.71191	0.06056
653.78335	0.06051
651.85479	0.06066
649.92622	0.06071
647.99766	0.06052
646.06909	0.06044
644.14053	0.06075
642.21196	0.06149
640.28340	0.06255
638.35483	0.06370
636.42627	0.06507
634.49771	0.06655
632.56914	0.06741
630.64058	0.06732
628.71201	0.06679
626.78345	0.06661
624.85488	0.06700
622.92632	0.06715
620.99775	0.06673
619.06919	0.06657
617.14062	0.06671
615.21206	0.06636
613.28350	0.06570
611.35493	0.06535
609.42637	0.06530
607.49780	0.06551
605.56924	0.06599
603.64067	0.06634
601.71211	0.06630
599.78354	0.06648
