3997.91411	0.00557
3995.98555	0.00560
3994.05698	0.00568
3992.12842	0.00574
3990.19985	0.00572
3988.27129	0.00564
3986.34272	0.00562
3984.41416	0.00566
3982.48560	0.00561
3980.55703	0.00547
3978.62847	0.00539
3976.69990	0.00544
3974.77134	0.00557
3972.84277	0.00566
3970.91421	0.00565
3968.98564	0.00558
3967.05708	0.00554
3965.12852	0.00560
3963.19995	0.00579
3961.27139	0.00589
3959.34282	0.00577
3957.41426	0.00560
3955.48569	0.00552
3953.55713	0.00547
3951.62856	0.00542
3949.70000	0.00541
3947.77144	0.00546
3945.84287	0.00555
3943.91431	0.00560
3941.98574	0.00551
3940.05718	0.00532
3938.12861	0.00520
3936.20005	0.00522
3934.27148	0.00531
3932.34292	0.00539
3930.41436	0.00548
3928.48579	0.00556
3926.55723	0.00562
3924.62866	0.00563
3922.70010	0.00557
3920.77153	0.00548
3918.84297	0.00540
3916.91440	0.00540
3914.98584	0.00546
3913.05728	0.00550
3911.12871	0.00546
3909.20015	0.00537
3907.27158	0.00529
3905.34302	0.00522
3903.41445	0.00520
3901.48589	0.00529
3899.55732	0.00539
3897.62876	0.00533
3895.70020	0.00517
3893.77163	0.00508
3891.84307	0.00508
3889.91450	0.00506
3887.98594	0.00503
3886.05737	0.00511
3884.12881	0.00524
3882.20024	0.00529
3880.27168	0.00519
3878.34312	0.00498
3876.41455	0.00482
3874.48599	0.00478
3872.55742	0.00475
3870.62886	0.00475
3868.70029	0.00476
3866.77173	0.00476
3864.84316	0.00481
3862.91460	0.00490
3860.98604	0.00482
3859.05747	0.00450
3857.12891	0.00411
3855.20034	0.00400
3853.27178	0.00433
3851.34321	0.00465
3849.41465	0.00462
3847.48608	0.00452
3845.55752	0.00456
3843.62896	0.00460
3841.70039	0.00448
3839.77183	0.00431
3837.84326	0.00435
3835.91470	0.00458
3833.98613	0.00470
3832.05757	0.00468
3830.12900	0.00468
3828.20044	0.00471
3826.27187	0.00466
3824.34331	0.00454
3822.41475	0.00448
3820.48618	0.00452
3818.55762	0.00455
3816.62905	0.00459
3814.70049	0.00471
3812.77192	0.00480
3810.84336	0.00474
3808.91479	0.00466
3806.98623	0.00464
3805.05767	0.00460
3803.12910	0.00456
3801.20054	0.00472
3799.27197	0.00501
3797.34341	0.00514
3795.41484	0.00510
3793.48628	0.00503
3791.55771	0.00504
3789.62915	0.00513
3787.70059	0.00521
3785.77202	0.00522
3783.84346	0.00522
3781.91489	0.00527
3779.98633	0.00536
3778.05776	0.00545
3776.12920	0.00552
3774.20063	0.00548
3772.27207	0.00531
3770.34351	0.00508
3768.41494	0.00492
3766.48638	0.00487
3764.55781	0.00480
3762.62925	0.00463
3760.70068	0.00449
3758.77212	0.00445
3756.84355	0.00441
3754.91499	0.00425
3752.98643	0.00400
3751.05786	0.00388
3749.12930	0.00392
3747.20073	0.00399
3745.27217	0.00416
3743.34360	0.00450
3741.41504	0.00472
3739.48647	0.00473
3737.55791	0.00484
3735.62935	0.00504
3733.70078	0.00510
3731.77222	0.00502
3729.84365	0.00500
3727.91509	0.00506
3725.98652	0.00521
3724.05796	0.00530
3722.12939	0.00528
3720.20083	0.00521
3718.27227	0.00509
3716.34370	0.00495
3714.41514	0.00480
3712.48657	0.00473
3710.55801	0.00495
3708.62944	0.00520
3706.70088	0.00522
3704.77231	0.00506
3702.84375	0.00506
3700.91519	0.00532
3698.98662	0.00549
3697.05806	0.00541
3695.12949	0.00522
3693.20093	0.00501
3691.27236	0.00487
3689.34380	0.00475
3687.41523	0.00471
3685.48667	0.00469
3683.55811	0.00467
3681.62954	0.00464
3679.70098	0.00455
3677.77241	0.00438
3675.84385	0.00432
3673.91528	0.00445
3671.98672	0.00467
3670.05815	0.00487
3668.12959	0.00496
3666.20103	0.00490
3664.27246	0.00479
3662.34390	0.00465
3660.41533	0.00459
3658.48677	0.00469
3656.55820	0.00484
3654.62964	0.00485
3652.70107	0.00471
3650.77251	0.00459
3648.84395	0.00460
3646.91538	0.00477
3644.98682	0.00482
3643.05825	0.00474
3641.12969	0.00471
3639.20112	0.00480
3637.27256	0.00499
3635.34399	0.00520
3633.41543	0.00531
3631.48687	0.00538
3629.55830	0.00560
3627.62974	0.00581
3625.70117	0.00572
3623.77261	0.00554
3621.84404	0.00544
3619.91548	0.00544
3617.98691	0.00540
3616.05835	0.00523
3614.12979	0.00512
3612.20122	0.00514
3610.27266	0.00528
3608.34409	0.00551
3606.41553	0.00563
3604.48696	0.00562
3602.55840	0.00564
3600.62983	0.00571
3598.70127	0.00572
3596.77271	0.00570
3594.84414	0.00572
3592.91558	0.00567
3590.98701	0.00559
3589.05845	0.00558
3587.12988	0.00567
3585.20132	0.00565
3583.27275	0.00548
3581.34419	0.00536
3579.41562	0.00532
3577.48706	0.00534
3575.55850	0.00544
3573.62993	0.00561
3571.70137	0.00572
3569.77280	0.00570
3567.84424	0.00573
3565.91567	0.00591
3563.98711	0.00610
3562.05854	0.00620
3560.12998	0.00632
3558.20142	0.00654
3556.27285	0.00676
3554.34429	0.00684
3552.41572	0.00680
3550.48716	0.00684
3548.55859	0.00697
3546.63003	0.00703
3544.70146	0.00708
3542.77290	0.00725
3540.84434	0.00742
3538.91577	0.00740
3536.98721	0.00724
3535.05864	0.00714
3533.13008	0.00719
3531.20151	0.00737
3529.27295	0.00759
3527.34438	0.00775
3525.41582	0.00782
3523.48726	0.00783
3521.55869	0.00785
3519.63013	0.00793
3517.70156	0.00796
3515.77300	0.00784
3513.84443	0.00773
3511.91587	0.00772
3509.98730	0.00765
3508.05874	0.00750
3506.13018	0.00759
3504.20161	0.00799
3502.27305	0.00824
3500.34448	0.00809
3498.41592	0.00791
3496.48735	0.00802
3494.55879	0.00818
3492.63022	0.00812
3490.70166	0.00800
3488.77310	0.00804
3486.84453	0.00820
3484.91597	0.00833
3482.98740	0.00835
3481.05884	0.00823
3479.13027	0.00807
3477.20171	0.00809
3475.27314	0.00829
3473.34458	0.00853
3471.41602	0.00867
3469.48745	0.00865
3467.55889	0.00860
3465.63032	0.00858
3463.70176	0.00863
3461.77319	0.00878
3459.84463	0.00893
3457.91606	0.00900
3455.98750	0.00906
3454.05894	0.00915
3452.13037	0.00926
3450.20181	0.00938
3448.27324	0.00947
3446.34468	0.00945
3444.41611	0.00931
3442.48755	0.00916
3440.55898	0.00920
3438.63042	0.00941
3436.70186	0.00954
3434.77329	0.00945
3432.84473	0.00929
3430.91616	0.00924
3428.98760	0.00934
3427.05903	0.00947
3425.13047	0.00948
3423.20190	0.00947
3421.27334	0.00956
3419.34478	0.00965
3417.41621	0.00964
3415.48765	0.00947
3413.55908	0.00932
3411.63052	0.00932
3409.70195	0.00941
3407.77339	0.00956
3405.84482	0.00959
3403.91626	0.00938
3401.98770	0.00925
3400.05913	0.00932
3398.13057	0.00919
3396.20200	0.00921
3394.27344	0.00936
3392.34487	0.00949
3390.41631	0.00947
3388.48774	0.00937
3386.55918	0.00937
3384.63062	0.00955
3382.70205	0.00974
3380.77349	0.00981
3378.84492	0.00974
3376.91636	0.00953
3374.98779	0.00925
3373.05923	0.00911
3371.13066	0.00927
3369.20210	0.00947
3367.27354	0.00950
3365.34497	0.00951
3363.41641	0.00970
3361.48784	0.00994
3359.55928	0.00994
3357.63071	0.00968
3355.70215	0.00939
3353.77358	0.00929
3351.84502	0.00939
3349.91646	0.00957
3347.98789	0.00969
3346.05933	0.00976
3344.13076	0.00978
3342.20220	0.00975
3340.27363	0.00965
3338.34507	0.00954
3336.41650	0.00949
3334.48794	0.00954
3332.55937	0.00957
3330.63081	0.00947
3328.70225	0.00933
3326.77368	0.00926
3324.84512	0.00927
3322.91655	0.00939
3320.98799	0.00957
3319.05942	0.00969
3317.13086	0.00968
3315.20229	0.00964
3313.27373	0.00958
3311.34517	0.00951
3309.41660	0.00951
3307.48804	0.00965
3305.55947	0.00987
3303.63091	0.00997
3301.70234	0.00984
3299.77378	0.00960
3297.84521	0.00945
3295.91665	0.00943
3293.98809	0.00945
3292.05952	0.00948
3290.13096	0.00951
3288.20239	0.00950
3286.27383	0.00945
3284.34526	0.00935
3282.41670	0.00921
3280.48813	0.00916
3278.55957	0.00918
3276.63101	0.00913
3274.70244	0.00907
3272.77388	0.00910
3270.84531	0.00919
3268.91675	0.00916
3266.98818	0.00905
3265.05962	0.00905
3263.13105	0.00917
3261.20249	0.00920
3259.27393	0.00907
3257.34536	0.00885
3255.41680	0.00871
3253.48823	0.00881
3251.55967	0.00900
3249.63110	0.00903
3247.70254	0.00879
3245.77397	0.00846
3243.84541	0.00827
3241.91685	0.00827
3239.98828	0.00833
3238.05972	0.00836
3236.13115	0.00838
3234.20259	0.00842
3232.27402	0.00844
3230.34546	0.00857
3228.41689	0.00882
3226.48833	0.00898
3224.55977	0.00898
3222.63120	0.00897
3220.70264	0.00903
3218.77407	0.00911
3216.84551	0.00905
3214.91694	0.00889
3212.98838	0.00871
3211.05981	0.00856
3209.13125	0.00847
3207.20269	0.00846
3205.27412	0.00847
3203.34556	0.00846
3201.41699	0.00841
3199.48843	0.00843
3197.55986	0.00865
3195.63130	0.00887
3193.70273	0.00888
3191.77417	0.00870
3189.84561	0.00845
3187.91704	0.00824
3185.98848	0.00824
3184.05991	0.00844
3182.13135	0.00855
3180.20278	0.00849
3178.27422	0.00838
3176.34565	0.00831
3174.41709	0.00829
3172.48853	0.00834
3170.55996	0.00840
3168.63140	0.00834
3166.70283	0.00812
3164.77427	0.00788
3162.84570	0.00782
3160.91714	0.00794
3158.98857	0.00798
3157.06001	0.00780
3155.13145	0.00760
3153.20288	0.00751
3151.27432	0.00741
3149.34575	0.00740
3147.41719	0.00753
3145.48862	0.00766
3143.56006	0.00771
3141.63149	0.00774
3139.70293	0.00774
3137.77437	0.00760
3135.84580	0.00734
3133.91724	0.00711
3131.98867	0.00710
3130.06011	0.00730
3128.13154	0.00746
3126.20298	0.00732
3124.27441	0.00707
3122.34585	0.00690
3120.41729	0.00676
3118.48872	0.00668
3116.56016	0.00673
3114.63159	0.00679
3112.70303	0.00678
3110.77446	0.00671
3108.84590	0.00665
3106.91733	0.00662
3104.98877	0.00655
3103.06021	0.00644
3101.13164	0.00641
3099.20308	0.00646
3097.27451	0.00652
3095.34595	0.00658
3093.41738	0.00654
3091.48882	0.00636
3089.56025	0.00621
3087.63169	0.00619
3085.70312	0.00616
3083.77456	0.00597
3081.84600	0.00571
3079.91743	0.00556
3077.98887	0.00553
3076.06030	0.00552
3074.13174	0.00547
3072.20317	0.00543
3070.27461	0.00549
3068.34604	0.00562
3066.41748	0.00568
3064.48892	0.00554
3062.56035	0.00535
3060.63179	0.00527
3058.70322	0.00530
3056.77466	0.00532
3054.84609	0.00528
3052.91753	0.00519
3050.98896	0.00509
3049.06040	0.00507
3047.13184	0.00510
3045.20327	0.00505
3043.27471	0.00492
3041.34614	0.00486
3039.41758	0.00484
3037.48901	0.00471
3035.56045	0.00453
3033.63188	0.00448
3031.70332	0.00455
3029.77476	0.00458
3027.84619	0.00454
3025.91763	0.00457
3023.98906	0.00467
3022.06050	0.00474
3020.13193	0.00480
3018.20337	0.00489
3016.27480	0.00504
3014.34624	0.00525
3012.41768	0.00544
3010.48911	0.00558
3008.56055	0.00574
3006.63198	0.00596
3004.70342	0.00634
3002.77485	0.00688
3000.84629	0.00746
2998.91772	0.00814
2996.98916	0.00904
2995.06060	0.01004
2993.13203	0.01113
2991.20347	0.01246
2989.27490	0.01417
2987.34634	0.01628
2985.41777	0.01879
2983.48921	0.02169
2981.56064	0.02514
2979.63208	0.02932
2977.70352	0.03429
2975.77495	0.04017
2973.84639	0.04717
2971.91782	0.05526
2969.98926	0.06421
2968.06069	0.07385
2966.13213	0.08397
2964.20356	0.09394
2962.27500	0.10250
2960.34644	0.10885
2958.41787	0.11383
2956.48931	0.11900
2954.56074	0.12493
2952.63218	0.13035
2950.70361	0.13259
2948.77505	0.12958
2946.84648	0.12150
2944.91792	0.11038
2942.98936	0.09910
2941.06079	0.09050
2939.13223	0.08623
2937.20366	0.08637
2935.27510	0.09029
2933.34653	0.09742
2931.41797	0.10699
2929.48940	0.11783
2927.56084	0.12875
2925.63228	0.13907
2923.70371	0.14845
2921.77515	0.15687
2919.84658	0.16389
2917.91802	0.16813
2915.98945	0.16823
2914.06089	0.16452
2912.13232	0.15888
2910.20376	0.15313
2908.27520	0.14783
2906.34663	0.14259
2904.41807	0.13694
2902.48950	0.13074
2900.56094	0.12434
2898.63237	0.11817
2896.70381	0.11244
2894.77524	0.10740
2892.84668	0.10337
2890.91812	0.10047
2888.98955	0.09865
2887.06099	0.09773
2885.13242	0.09761
2883.20386	0.09827
2881.27529	0.09967
2879.34673	0.10136
2877.41816	0.10255
2875.48960	0.10297
2873.56104	0.10323
2871.63247	0.10412
2869.70391	0.10549
2867.77534	0.10604
2865.84678	0.10380
2863.91821	0.09755
2861.98965	0.08833
2860.06108	0.07881
2858.13252	0.07122
2856.20396	0.06636
2854.27539	0.06406
2852.34683	0.06393
2850.41826	0.06575
2848.48970	0.06958
2846.56113	0.07538
2844.63257	0.08267
2842.70400	0.09054
2840.77544	0.09749
2838.84687	0.10154
2836.91831	0.10098
2834.98975	0.09547
2833.06118	0.08652
2831.13262	0.07662
2829.20405	0.06786
2827.27549	0.06103
2825.34692	0.05598
2823.41836	0.05225
2821.48979	0.04940
2819.56123	0.04705
2817.63267	0.04500
2815.70410	0.04330
2813.77554	0.04189
2811.84697	0.04068
2809.91841	0.03958
2807.98984	0.03849
2806.06128	0.03725
2804.13271	0.03589
2802.20415	0.03464
2800.27559	0.03366
2798.34702	0.03292
2796.41846	0.03232
2794.48989	0.03177
2792.56133	0.03115
2790.63276	0.03041
2788.70420	0.02971
2786.77563	0.02904
2784.84707	0.02834
2782.91851	0.02765
2780.98994	0.02706
2779.06138	0.02656
2777.13281	0.02613
2775.20425	0.02570
2773.27568	0.02530
2771.34712	0.02500
2769.41855	0.02482
2767.48999	0.02468
2765.56143	0.02452
2763.63286	0.02424
2761.70430	0.02389
2759.77573	0.02366
2757.84717	0.02355
2755.91860	0.02345
2753.99004	0.02329
2752.06147	0.02311
2750.13291	0.02297
2748.20435	0.02289
2746.27578	0.02286
2744.34722	0.02288
2742.41865	0.02295
2740.49009	0.02301
2738.56152	0.02303
2736.63296	0.02308
2734.70439	0.02319
2732.77583	0.02340
2730.84727	0.02370
2728.91870	0.02404
2726.99014	0.02444
2725.06157	0.02489
2723.13301	0.02521
2721.20444	0.02516
2719.27588	0.02476
2717.34731	0.02422
2715.41875	0.02366
2713.49019	0.02313
2711.56162	0.02269
2709.63306	0.02231
2707.70449	0.02196
2705.77593	0.02169
2703.84736	0.02148
2701.91880	0.02128
2699.99023	0.02111
2698.06167	0.02102
2696.13311	0.02097
2694.20454	0.02089
2692.27598	0.02078
2690.34741	0.02068
2688.41885	0.02057
2686.49028	0.02042
2684.56172	0.02031
2682.63315	0.02032
2680.70459	0.02036
2678.77603	0.02030
2676.84746	0.02017
2674.91890	0.02006
2672.99033	0.02005
2671.06177	0.02012
2669.13320	0.02017
2667.20464	0.02018
2665.27607	0.02027
2663.34751	0.02047
2661.41895	0.02067
2659.49038	0.02077
2657.56182	0.02076
2655.63325	0.02069
2653.70469	0.02060
2651.77612	0.02044
2649.84756	0.02026
2647.91899	0.02011
2645.99043	0.01994
2644.06187	0.01973
2642.13330	0.01954
2640.20474	0.01946
2638.27617	0.01946
2636.34761	0.01947
2634.41904	0.01940
2632.49048	0.01917
2630.56191	0.01889
2628.63335	0.01880
2626.70479	0.01888
2624.77622	0.01893
2622.84766	0.01885
2620.91909	0.01881
2618.99053	0.01886
2617.06196	0.01885
2615.13340	0.01873
2613.20483	0.01854
2611.27627	0.01834
2609.34771	0.01817
2607.41914	0.01801
2605.49058	0.01782
2603.56201	0.01770
2601.63345	0.01764
2599.70488	0.01752
2597.77632	0.01733
2595.84775	0.01718
2593.91919	0.01711
2591.99062	0.01713
2590.06206	0.01728
2588.13350	0.01755
2586.20493	0.01776
2584.27637	0.01783
2582.34780	0.01786
2580.41924	0.01782
2578.49067	0.01764
2576.56211	0.01742
2574.63354	0.01718
2572.70498	0.01688
2570.77642	0.01664
2568.84785	0.01648
2566.91929	0.01629
2564.99072	0.01607
2563.06216	0.01593
2561.13359	0.01593
2559.20503	0.01596
2557.27646	0.01584
2555.34790	0.01563
2553.41934	0.01550
2551.49077	0.01548
2549.56221	0.01547
2547.63364	0.01538
2545.70508	0.01524
2543.77651	0.01510
2541.84795	0.01497
2539.91938	0.01486
2537.99082	0.01483
2536.06226	0.01481
2534.13369	0.01465
2532.20513	0.01446
2530.27656	0.01445
2528.34800	0.01447
2526.41943	0.01441
2524.49087	0.01436
2522.56230	0.01431
2520.63374	0.01419
2518.70518	0.01403
2516.77661	0.01385
2514.84805	0.01378
2512.91948	0.01377
2510.99092	0.01377
2509.06235	0.01380
2507.13379	0.01377
2505.20522	0.01370
2503.27666	0.01366
2501.34810	0.01360
2499.41953	0.01347
2497.49097	0.01340
2495.56240	0.01347
2493.63384	0.01353
2491.70527	0.01347
2489.77671	0.01339
2487.84814	0.01339
2485.91958	0.01342
2483.99102	0.01339
2482.06245	0.01330
2480.13389	0.01319
2478.20532	0.01312
2476.27676	0.01313
2474.34819	0.01318
2472.41963	0.01321
2470.49106	0.01315
2468.56250	0.01306
2466.63394	0.01307
2464.70537	0.01314
2462.77681	0.01316
2460.84824	0.01319
2458.91968	0.01329
2456.99111	0.01336
2455.06255	0.01336
2453.13398	0.01333
2451.20542	0.01329
2449.27686	0.01327
2447.34829	0.01328
2445.41973	0.01326
2443.49116	0.01321
2441.56260	0.01319
2439.63403	0.01318
2437.70547	0.01313
2435.77690	0.01307
2433.84834	0.01302
2431.91978	0.01297
2429.99121	0.01299
2428.06265	0.01303
2426.13408	0.01297
2424.20552	0.01290
2422.27695	0.01286
2420.34839	0.01281
2418.41982	0.01272
2416.49126	0.01261
2414.56270	0.01256
2412.63413	0.01263
2410.70557	0.01267
2408.77700	0.01257
2406.84844	0.01242
2404.91987	0.01234
2402.99131	0.01238
2401.06274	0.01242
2399.13418	0.01025
2397.20562	0.01003
2395.27705	0.01091
2393.34849	0.01179
2391.41992	0.01263
2389.49136	0.01359
2387.56279	0.01473
2385.63423	0.01600
2383.70566	0.01720
2381.77710	0.01804
2379.84854	0.01826
2377.91997	0.01774
2375.99141	0.01663
2374.06284	0.01538
2372.13428	0.01454
2370.20571	0.01441
2368.27715	0.01365
2366.34858	0.01299
2364.42002	0.01401
2362.49146	0.01388
2360.56289	0.01523
2358.63433	0.01768
2356.70576	0.01521
2354.77720	0.01924
2352.84863	0.02381
2350.92007	0.02554
2348.99150	0.02626
2347.06294	0.02229
2345.13437	0.01728
2343.20581	0.01779
2341.27725	0.02315
2339.34868	0.02477
2337.42012	0.02218
2335.49155	0.01754
2333.56299	0.01453
2331.63442	0.01430
2329.70586	0.01589
2327.77729	0.01910
2325.84873	0.02111
2323.92017	0.02056
2321.99160	0.01876
2320.06304	0.01707
2318.13447	0.01655
2316.20591	0.01679
2314.27734	0.01715
2312.34878	0.01767
2310.42021	0.01822
2308.49165	0.01845
2306.56309	0.01849
2304.63452	0.01830
2302.70596	0.01793
2300.77739	0.01756
2298.84883	0.01717
2296.92026	0.01683
2294.99170	0.01661
2293.06313	0.01655
2291.13457	0.01638
2289.20601	0.01616
2287.27744	0.01579
2285.34888	0.01513
2283.42031	0.01435
2281.49175	0.01361
2279.56318	0.01305
2277.63462	0.01271
2275.70605	0.01264
2273.77749	0.01275
2271.84893	0.01284
2269.92036	0.01284
2267.99180	0.01273
2266.06323	0.01271
2264.13467	0.01295
2262.20610	0.01330
2260.27754	0.01355
2258.34897	0.01361
2256.42041	0.01335
2254.49185	0.01303
2252.56328	0.01327
2250.63472	0.01370
2248.70615	0.01262
2246.77759	0.01280
2244.84902	0.01277
2242.92046	0.01261
2240.99189	0.01255
2239.06333	0.01260
2237.13477	0.01268
2235.20620	0.01262
2233.27764	0.01248
2231.34907	0.01234
2229.42051	0.01213
2227.49194	0.01196
2225.56338	0.01190
2223.63481	0.01194
2221.70625	0.01210
2219.77769	0.01214
2217.84912	0.01189
2215.92056	0.01173
2213.99199	0.01188
2212.06343	0.01211
2210.13486	0.01208
2208.20630	0.01181
2206.27773	0.01169
2204.34917	0.01178
2202.42061	0.01179
2200.49204	0.01180
2198.56348	0.01190
2196.63491	0.01197
2194.70635	0.01208
2192.77778	0.01233
2190.84922	0.01260
2188.92065	0.01289
2186.99209	0.01321
2185.06353	0.01318
2183.13496	0.01250
2181.20640	0.01179
2179.27783	0.01176
2177.34927	0.01187
2175.42070	0.01152
2173.49214	0.01139
2171.56357	0.01217
2169.63501	0.01348
2167.70645	0.01431
2165.77788	0.01429
2163.84932	0.01415
2161.92075	0.01339
2159.99219	0.00997
2158.06362	0.00571
2156.13506	0.00460
2154.20649	0.00573
2152.27793	0.00659
2150.34937	0.00684
2148.42080	0.00690
2146.49224	0.00697
2144.56367	0.00709
2142.63511	0.00733
2140.70654	0.00756
2138.77798	0.00753
2136.84941	0.00701
2134.92085	0.00627
2132.99229	0.00614
2131.06372	0.00676
2129.13516	0.00761
2127.20659	0.00843
2125.27803	0.00913
2123.34946	0.00953
2121.42090	0.00974
2119.49233	0.01001
2117.56377	0.01038
2115.63521	0.01073
2113.70664	0.01086
2111.77808	0.01081
2109.84951	0.01088
2107.92095	0.01106
2105.99238	0.01110
2104.06382	0.01109
2102.13525	0.01109
2100.20669	0.01095
2098.27812	0.01078
2096.34956	0.01031
2094.42100	0.00982
2092.49243	0.00972
2090.56387	0.01000
2088.63530	0.01037
2086.70674	0.01073
2084.77817	0.01104
2082.84961	0.01132
2080.92104	0.01152
2078.99248	0.01172
2077.06392	0.01201
2075.13535	0.01225
2073.20679	0.01234
2071.27822	0.01228
2069.34966	0.01217
2067.42109	0.01207
2065.49253	0.01195
2063.56396	0.01173
2061.63540	0.01153
2059.70684	0.01149
2057.77827	0.01148
2055.84971	0.01144
2053.92114	0.01205
2051.99258	0.01353
2050.06401	0.01421
2048.13545	0.01324
2046.20688	0.01228
2044.27832	0.01235
2042.34976	0.01283
2040.42119	0.01321
2038.49263	0.01338
2036.56406	0.01309
2034.63550	0.01237
2032.70693	0.01151
2030.77837	0.01074
2028.84980	0.01027
2026.92124	0.01005
2024.99268	0.00987
2023.06411	0.00991
2021.13555	0.01022
2019.20698	0.01036
2017.27842	0.01024
2015.34985	0.01026
2013.42129	0.01050
2011.49272	0.01065
2009.56416	0.01061
2007.63560	0.01006
2005.70703	0.00910
2003.77847	0.00857
2001.84990	0.00880
1999.92134	0.00931
1997.99277	0.00960
1996.06421	0.00964
1994.13564	0.00975
1992.20708	0.01013
1990.27852	0.01066
1988.34995	0.01127
1986.42139	0.01195
1984.49282	0.01292
1982.56426	0.01442
1980.63569	0.01581
1978.70713	0.01548
1976.77856	0.01321
1974.85000	0.01100
1972.92144	0.00997
1970.99287	0.00961
1969.06431	0.00958
1967.13574	0.00977
1965.20718	0.00988
1963.27861	0.00950
1961.35005	0.00855
1959.42148	0.00752
1957.49292	0.00713
1955.56436	0.00738
1953.63579	0.00768
1951.70723	0.00792
1949.77866	0.00823
1947.85010	0.00848
1945.92153	0.00858
1943.99297	0.00866
1942.06440	0.00872
1940.13584	0.00877
1938.20728	0.00900
1936.27871	0.00938
1934.35015	0.00966
1932.42158	0.00979
1930.49302	0.00979
1928.56445	0.00959
1926.63589	0.00934
1924.70732	0.00935
1922.77876	0.00960
1920.85020	0.00982
1918.92163	0.00993
1916.99307	0.01002
1915.06450	0.01010
1913.13594	0.01011
1911.20737	0.01010
1909.27881	0.01010
1907.35024	0.01008
1905.42168	0.01009
1903.49312	0.01018
1901.56455	0.01027
1899.63599	0.01031
1897.70742	0.01039
1895.77886	0.01053
1893.85029	0.01066
1891.92173	0.01069
1889.99316	0.01061
1888.06460	0.01046
1886.13604	0.01033
1884.20747	0.01027
1882.27891	0.01027
1880.35034	0.01034
1878.42178	0.01040
1876.49321	0.01037
1874.56465	0.01033
1872.63608	0.01042
1870.70752	0.01060
1868.77896	0.01076
1866.85039	0.01073
1864.92183	0.01061
1862.99326	0.01060
1861.06470	0.01071
1859.13613	0.01078
1857.20757	0.01080
1855.27900	0.01079
1853.35044	0.01083
1851.42187	0.01091
1849.49331	0.01099
1847.56475	0.01103
1845.63618	0.01105
1843.70762	0.01104
1841.77905	0.01098
1839.85049	0.01087
1837.92192	0.01077
1835.99336	0.01072
1834.06479	0.01075
1832.13623	0.01088
1830.20767	0.01112
1828.27910	0.01138
1826.35054	0.01162
1824.42197	0.01184
1822.49341	0.01192
1820.56484	0.01176
1818.63628	0.01134
1816.70771	0.01096
1814.77915	0.01088
1812.85059	0.01108
1810.92202	0.01133
1808.99346	0.01150
1807.06489	0.01159
1805.13633	0.01171
1803.20776	0.01189
1801.27920	0.01214
1799.35063	0.01241
1797.42207	0.01262
1795.49351	0.01280
1793.56494	0.01308
1791.63638	0.01349
1789.70781	0.01390
1787.77925	0.01425
1785.85068	0.01459
1783.92212	0.01501
1781.99355	0.01547
1780.06499	0.01581
1778.13643	0.01595
1776.20786	0.01598
1774.27930	0.01602
1772.35073	0.01617
1770.42217	0.01632
1768.49360	0.01640
1766.56504	0.01647
1764.63647	0.01661
1762.70791	0.01681
1760.77935	0.01701
1758.85078	0.01719
1756.92222	0.01736
1754.99365	0.01748
1753.06509	0.01759
1751.13652	0.01775
1749.20796	0.01793
1747.27939	0.01805
1745.35083	0.01818
1743.42227	0.01839
1741.49370	0.01860
1739.56514	0.01873
1737.63657	0.01882
1735.70801	0.01904
1733.77944	0.01945
1731.85088	0.01985
1729.92231	0.02014
1727.99375	0.02039
1726.06519	0.02071
1724.13662	0.02109
1722.20806	0.02149
1720.27949	0.02189
1718.35093	0.02230
1716.42236	0.02269
1714.49380	0.02298
1712.56523	0.02312
1710.63667	0.02314
1708.70811	0.02311
1706.77954	0.02301
1704.85098	0.02278
1702.92241	0.02238
1700.99385	0.02177
1699.06528	0.02108
1697.13672	0.02052
1695.20815	0.02006
1693.27959	0.01956
1691.35103	0.01902
1689.42246	0.01857
1687.49390	0.01826
1685.56533	0.01810
1683.63677	0.01799
1681.70820	0.01777
1679.77964	0.01752
1677.85107	0.01738
1675.92251	0.01732
1673.99395	0.01720
1672.06538	0.01703
1670.13682	0.01688
1668.20825	0.01671
1666.27969	0.01653
1664.35112	0.01642
1662.42256	0.01639
1660.49399	0.01629
1658.56543	0.01612
1656.63687	0.01597
1654.70830	0.01583
1652.77974	0.01568
1650.85117	0.01559
1648.92261	0.01558
1646.99404	0.01572
1645.06548	0.01598
1643.13691	0.01623
1641.20835	0.01644
1639.27979	0.01663
1637.35122	0.01682
1635.42266	0.01704
1633.49409	0.01722
1631.56553	0.01733
1629.63696	0.01745
1627.70840	0.01764
1625.77983	0.01785
1623.85127	0.01807
1621.92271	0.01819
1619.99414	0.01815
1618.06558	0.01809
1616.13701	0.01811
1614.20845	0.01813
1612.27988	0.01813
1610.35132	0.01816
1608.42275	0.01821
1606.49419	0.01824
1604.56562	0.01824
1602.63706	0.01826
1600.70850	0.01828
1598.77993	0.01827
1596.85137	0.01824
1594.92280	0.01821
1592.99424	0.01815
1591.06567	0.01806
1589.13711	0.01795
1587.20854	0.01780
1585.27998	0.01762
1583.35142	0.01737
1581.42285	0.01710
1579.49429	0.01685
1577.56572	0.01662
1575.63716	0.01642
1573.70859	0.01620
1571.78003	0.01598
1569.85146	0.01574
1567.92290	0.01547
1565.99434	0.01522
1564.06577	0.01506
1562.13721	0.01503
1560.20864	0.01505
1558.28008	0.01495
1556.35151	0.01467
1554.42295	0.01442
1552.49438	0.01435
1550.56582	0.01435
1548.63726	0.01432
1546.70869	0.01429
1544.78013	0.01431
1542.85156	0.01421
1540.92300	0.01406
1538.99443	0.01397
1537.06587	0.01389
1535.13730	0.01386
1533.20874	0.01386
1531.28018	0.01378
1529.35161	0.01369
1527.42305	0.01366
1525.49448	0.01361
1523.56592	0.01357
1521.63735	0.01359
1519.70879	0.01358
1517.78022	0.01357
1515.85166	0.01352
1513.92310	0.01348
1511.99453	0.01357
1510.06597	0.01381
1508.13740	0.01399
1506.20884	0.01393
1504.28027	0.01375
1502.35171	0.01370
1500.42314	0.01382
1498.49458	0.01407
1496.56602	0.01436
1494.63745	0.01464
1492.70889	0.01496
1490.78032	0.01543
1488.85176	0.01602
1486.92319	0.01667
1484.99463	0.01744
1483.06606	0.01854
1481.13750	0.02007
1479.20894	0.02211
1477.28037	0.02496
1475.35181	0.02927
1473.42324	0.03578
1471.49468	0.04420
1469.56611	0.05315
1467.63755	0.06252
1465.70898	0.07296
1463.78042	0.08306
1461.85186	0.09063
1459.92329	0.09580
1457.99473	0.09986
1456.06616	0.10277
1454.13760	0.10379
1452.20903	0.10286
1450.28047	0.09977
1448.35190	0.09373
1446.42334	0.08504
1444.49478	0.07572
1442.56621	0.06785
1440.63765	0.06259
1438.70908	0.05997
1436.78052	0.05860
1434.85195	0.05614
1432.92339	0.05137
1430.99482	0.04527
1429.06626	0.03975
1427.13770	0.03598
1425.20913	0.03368
1423.28057	0.03213
1421.35200	0.03097
1419.42344	0.03009
1417.49487	0.02940
1415.56631	0.02884
1413.63774	0.02839
1411.70918	0.02801
1409.78062	0.02764
1407.85205	0.02731
1405.92349	0.02703
1403.99492	0.02674
1402.06636	0.02645
1400.13779	0.02625
1398.20923	0.02615
1396.28066	0.02616
1394.35210	0.02635
1392.42354	0.02686
1390.49497	0.02816
1388.56641	0.03125
1386.63784	0.03734
1384.70928	0.04743
1382.78071	0.06276
1380.85215	0.08434
1378.92358	0.10989
1376.99502	0.13096
1375.06646	0.13658
1373.13789	0.12407
1371.20933	0.10275
1369.28076	0.08313
1367.35220	0.06971
1365.42363	0.06278
1363.49507	0.06086
1361.56650	0.06173
1359.63794	0.06268
1357.70937	0.06141
1355.78081	0.05757
1353.85225	0.05260
1351.92368	0.04810
1349.99512	0.04456
1348.06655	0.04179
1346.13799	0.03955
1344.20942	0.03782
1342.28086	0.03659
1340.35229	0.03575
1338.42373	0.03514
1336.49517	0.03470
1334.56660	0.03459
1332.63804	0.03475
1330.70947	0.03488
1328.78091	0.03471
1326.85234	0.03414
1324.92378	0.03325
1322.99521	0.03228
1321.06665	0.03149
1319.13809	0.03090
1317.20952	0.03040
1315.28096	0.02998
1313.35239	0.02976
1311.42383	0.02986
1309.49526	0.03051
1307.56670	0.03185
1305.63813	0.03331
1303.70957	0.03394
1301.78101	0.03361
1299.85244	0.03308
1297.92388	0.03286
1295.99531	0.03276
1294.06675	0.03245
1292.13818	0.03190
1290.20962	0.03126
1288.28105	0.03066
1286.35249	0.03010
1284.42393	0.02961
1282.49536	0.02921
1280.56680	0.02891
1278.63823	0.02868
1276.70967	0.02849
1274.78110	0.02836
1272.85254	0.02833
1270.92397	0.02840
1268.99541	0.02865
1267.06685	0.02906
1265.13828	0.02958
1263.20972	0.03025
1261.28115	0.03112
1259.35259	0.03218
1257.42402	0.03317
1255.49546	0.03358
1253.56689	0.03315
1251.63833	0.03223
1249.70977	0.03138
1247.78120	0.03084
1245.85264	0.03051
1243.92407	0.03028
1241.99551	0.03019
1240.06694	0.03022
1238.13838	0.03028
1236.20981	0.03032
1234.28125	0.03036
1232.35269	0.03041
1230.42412	0.03048
1228.49556	0.03060
1226.56699	0.03086
1224.63843	0.03124
1222.70986	0.03170
1220.78130	0.03214
1218.85273	0.03239
1216.92417	0.03234
1214.99561	0.03207
1213.06704	0.03178
1211.13848	0.03158
1209.20991	0.03141
1207.28135	0.03120
1205.35278	0.03102
1203.42422	0.03091
1201.49565	0.03086
1199.56709	0.03086
1197.63853	0.03084
1195.70996	0.03088
1193.78140	0.03096
1191.85283	0.03105
1189.92427	0.03115
1187.99570	0.03131
1186.06714	0.03153
1184.13857	0.03185
1182.21001	0.03236
1180.28145	0.03322
1178.35288	0.03453
1176.42432	0.03643
1174.49575	0.03928
1172.56719	0.04332
1170.63862	0.04793
1168.71006	0.05170
1166.78149	0.05335
1164.85293	0.05291
1162.92437	0.05136
1160.99580	0.04970
1159.06724	0.04839
1157.13867	0.04754
1155.21011	0.04699
1153.28154	0.04642
1151.35298	0.04543
1149.42441	0.04393
1147.49585	0.04217
1145.56729	0.04044
1143.63872	0.03882
1141.71016	0.03740
1139.78159	0.03617
1137.85303	0.03519
1135.92446	0.03449
1133.99590	0.03403
1132.06733	0.03371
1130.13877	0.03344
1128.21021	0.03325
1126.28164	0.03315
1124.35308	0.03311
1122.42451	0.03313
1120.49595	0.03317
1118.56738	0.03325
1116.63882	0.03341
1114.71025	0.03367
1112.78169	0.03400
1110.85312	0.03441
1108.92456	0.03503
1106.99600	0.03596
1105.06743	0.03701
1103.13887	0.03768
1101.21030	0.03765
1099.28174	0.03710
1097.35317	0.03640
1095.42461	0.03579
1093.49604	0.03532
1091.56748	0.03494
1089.63892	0.03460
1087.71035	0.03432
1085.78179	0.03419
1083.85322	0.03417
1081.92466	0.03408
1079.99609	0.03389
1078.06753	0.03373
1076.13896	0.03365
1074.21040	0.03363
1072.28184	0.03366
1070.35327	0.03365
1068.42471	0.03355
1066.49614	0.03347
1064.56758	0.03363
1062.63901	0.03395
1060.71045	0.03418
1058.78188	0.03428
1056.85332	0.03446
1054.92476	0.03481
1052.99619	0.03521
1051.06763	0.03562
1049.13906	0.03608
1047.21050	0.03646
1045.28193	0.03657
1043.35337	0.03640
1041.42480	0.03607
1039.49624	0.03570
1037.56768	0.03534
1035.63911	0.03502
1033.71055	0.03472
1031.78198	0.03439
1029.85342	0.03405
1027.92485	0.03377
1025.99629	0.03360
1024.06772	0.03349
1022.13916	0.03331
1020.21060	0.03309
1018.28203	0.03288
1016.35347	0.03272
1014.42490	0.03265
1012.49634	0.03279
1010.56777	0.03314
1008.63921	0.03379
1006.71064	0.03506
1004.78208	0.03746
1002.85352	0.04161
1000.92495	0.04741
998.99639	0.05274
997.06782	0.05424
995.13926	0.05083
993.21069	0.04504
991.28213	0.03980
989.35356	0.03626
987.42500	0.03434
985.49644	0.03380
983.56787	0.03462
981.63931	0.03709
979.71074	0.04149
977.78218	0.04766
975.85361	0.05444
973.92505	0.05917
971.99648	0.05890
970.06792	0.05361
968.13936	0.04662
966.21079	0.04093
964.28223	0.03718
962.35366	0.03481
960.42510	0.03323
958.49653	0.03208
956.56797	0.03125
954.63940	0.03067
952.71084	0.03025
950.78228	0.02995
948.85371	0.02982
946.92515	0.02987
944.99658	0.03009
943.06802	0.03041
941.13945	0.03052
939.21089	0.03012
937.28232	0.02926
935.35376	0.02832
933.42520	0.02756
931.49663	0.02697
929.56807	0.02646
927.63950	0.02601
925.71094	0.02568
923.78237	0.02545
921.85381	0.02531
919.92524	0.02523
917.99668	0.02516
916.06812	0.02516
914.13955	0.02530
912.21099	0.02560
910.28242	0.02604
908.35386	0.02684
906.42529	0.02834
904.49673	0.03085
902.56816	0.03416
900.63960	0.03711
898.71104	0.03802
896.78247	0.03626
894.85391	0.03305
892.92534	0.03009
890.99678	0.02812
889.06821	0.02700
887.13965	0.02640
885.21108	0.02607
883.28252	0.02586
881.35396	0.02568
879.42539	0.02551
877.49683	0.02541
875.56826	0.02541
873.63970	0.02546
871.71113	0.02551
869.78257	0.02555
867.85400	0.02560
865.92544	0.02568
863.99687	0.02582
862.06831	0.02596
860.13975	0.02607
858.21118	0.02621
856.28262	0.02649
854.35405	0.02688
852.42549	0.02744
850.49692	0.02847
848.56836	0.03045
846.63979	0.03426
844.71123	0.04059
842.78267	0.04754
840.85410	0.05006
838.92554	0.04590
836.99697	0.03909
835.06841	0.03400
833.13984	0.03121
831.21128	0.02975
829.28271	0.02899
827.35415	0.02851
825.42559	0.02817
823.49702	0.02804
821.56846	0.02826
819.63989	0.02897
817.71133	0.03034
815.78276	0.03256
813.85420	0.03558
811.92563	0.03873
809.99707	0.04077
808.06851	0.04072
806.13994	0.03871
804.21138	0.03590
802.28281	0.03335
800.35425	0.03147
798.42568	0.03013
796.49712	0.02907
794.56855	0.02797
792.63999	0.02676
790.71143	0.02575
788.78286	0.02499
786.85430	0.02427
784.92573	0.02347
782.99717	0.02271
781.06860	0.02231
779.14004	0.02220
777.21147	0.02201
775.28291	0.02174
773.35435	0.02158
771.42578	0.02153
769.49722	0.02151
767.56865	0.02150
765.64009	0.02139
763.71152	0.02107
761.78296	0.02072
759.85439	0.02048
757.92583	0.02028
755.99727	0.02002
754.06870	0.01973
752.14014	0.01947
750.21157	0.01924
748.28301	0.01894
746.35444	0.01873
744.42588	0.01872
742.49731	0.01873
740.56875	0.01856
738.64019	0.01835
736.71162	0.01829
734.78306	0.01828
732.85449	0.01828
730.92593	0.01836
728.99736	0.01844
727.06880	0.01851
725.14023	0.01882
723.21167	0.01968
721.28311	0.01967
719.35454	0.01951
717.42598	0.01937
715.49741	0.01907
713.56885	0.01886
711.64028	0.01877
709.71172	0.01891
707.78315	0.01925
705.85459	0.01959
703.92603	0.01982
701.99746	0.02001
700.06890	0.02023
698.14033	0.02052
696.21177	0.02084
694.28320	0.02116
692.35464	0.02153
690.42607	0.02167
688.49751	0.02128
686.56895	0.02103
684.64038	0.02161
682.71182	0.02267
680.78325	0.02318
678.85469	0.02295
676.92612	0.02295
674.99756	0.02359
673.06899	0.02364
671.14043	0.01933
669.21187	0.01158
667.28330	0.01413
665.35474	0.01853
663.42617	0.02258
661.49761	0.02346
659.56904	0.02310
657.64048	0.02294
655.71191	0.02324
653.78335	0.02359
651.85479	0.02330
649.92622	0.02279
647.99766	0.02310
646.06909	0.02391
644.14053	0.02397
642.21196	0.02352
640.28340	0.02369
638.35483	0.02453
636.42627	0.02553
634.49771	0.02669
632.56914	0.02768
630.64058	0.02762
628.71201	0.02668
626.78345	0.02547
624.85488	0.02432
622.92632	0.02393
620.99775	0.02444
619.06919	0.02463
617.14062	0.02419
615.21206	0.02421
613.28350	0.02490
611.35493	0.02550
609.42637	0.02552
607.49780	0.02520
605.56924	0.02501
603.64067	0.02474
601.71211	0.02423
599.78354	0.02423
