3997.91411	-0.06870
3995.98555	-0.06896
3994.05698	-0.06920
3992.12842	-0.06919
3990.19985	-0.06904
3988.27129	-0.06897
3986.34272	-0.06899
3984.41416	-0.06899
3982.48560	-0.06903
3980.55703	-0.06914
3978.62847	-0.06915
3976.69990	-0.06907
3974.77134	-0.06909
3972.84277	-0.06919
3970.91421	-0.06929
3968.98564	-0.06938
3967.05708	-0.06945
3965.12852	-0.06945
3963.19995	-0.06936
3961.27139	-0.06928
3959.34282	-0.06920
3957.41426	-0.06917
3955.48569	-0.06938
3953.55713	-0.06969
3951.62856	-0.06962
3949.70000	-0.06927
3947.77144	-0.06917
3945.84287	-0.06928
3943.91431	-0.06923
3941.98574	-0.06912
3940.05718	-0.06922
3938.12861	-0.06932
3936.20005	-0.06922
3934.27148	-0.06903
3932.34292	-0.06892
3930.41436	-0.06903
3928.48579	-0.06926
3926.55723	-0.06933
3924.62866	-0.06921
3922.70010	-0.06907
3920.77153	-0.06903
3918.84297	-0.06912
3916.91440	-0.06924
3914.98584	-0.06929
3913.05728	-0.06924
3911.12871	-0.06919
3909.20015	-0.06928
3907.27158	-0.06927
3905.34302	-0.06883
3903.41445	-0.06813
3901.48589	-0.06787
3899.55732	-0.06843
3897.62876	-0.06925
3895.70020	-0.06949
3893.77163	-0.06913
3891.84307	-0.06871
3889.91450	-0.06858
3887.98594	-0.06850
3886.05737	-0.06861
3884.12881	-0.06901
3882.20024	-0.06905
3880.27168	-0.06885
3878.34312	-0.06888
3876.41455	-0.06898
3874.48599	-0.06898
3872.55742	-0.06880
3870.62886	-0.06840
3868.70029	-0.06824
3866.77173	-0.06844
3864.84316	-0.06871
3862.91460	-0.06900
3860.98604	-0.06930
3859.05747	-0.06943
3857.12891	-0.06928
3855.20034	-0.06882
3853.27178	-0.06848
3851.34321	-0.06892
3849.41465	-0.06948
3847.48608	-0.06980
3845.55752	-0.06988
3843.62896	-0.06969
3841.70039	-0.06927
3839.77183	-0.06887
3837.84326	-0.06878
3835.91470	-0.06899
3833.98613	-0.06911
3832.05757	-0.06917
3830.12900	-0.06928
3828.20044	-0.06931
3826.27187	-0.06928
3824.34331	-0.06912
3822.41475	-0.06877
3820.48618	-0.06872
3818.55762	-0.06888
3816.62905	-0.06870
3814.70049	-0.06877
3812.77192	-0.06917
3810.84336	-0.06941
3808.91479	-0.06951
3806.98623	-0.06959
3805.05767	-0.06955
3803.12910	-0.06942
3801.20054	-0.06952
3799.27197	-0.06979
3797.34341	-0.06996
3795.41484	-0.07015
3793.48628	-0.07028
3791.55771	-0.07011
3789.62915	-0.06979
3787.70059	-0.06959
3785.77202	-0.06955
3783.84346	-0.06969
3781.91489	-0.06990
3779.98633	-0.07001
3778.05776	-0.07007
3776.12920	-0.07014
3774.20063	-0.07021
3772.27207	-0.07016
3770.34351	-0.07008
3768.41494	-0.07009
3766.48638	-0.07003
3764.55781	-0.06992
3762.62925	-0.06995
3760.70068	-0.07002
3758.77212	-0.07000
3756.84355	-0.06987
3754.91499	-0.06955
3752.98643	-0.06901
3751.05786	-0.06887
3749.12930	-0.06948
3747.20073	-0.06982
3745.27217	-0.06967
3743.34360	-0.07000
3741.41504	-0.07083
3739.48647	-0.07120
3737.55791	-0.07074
3735.62935	-0.07019
3733.70078	-0.07079
3731.77222	-0.07215
3729.84365	-0.07310
3727.91509	-0.07332
3725.98652	-0.07311
3724.05796	-0.07285
3722.12939	-0.07259
3720.20083	-0.07237
3718.27227	-0.07222
3716.34370	-0.07190
3714.41514	-0.07136
3712.48657	-0.07094
3710.55801	-0.07110
3708.62944	-0.07178
3706.70088	-0.07238
3704.77231	-0.07252
3702.84375	-0.07243
3700.91519	-0.07265
3698.98662	-0.07309
3697.05806	-0.07327
3695.12949	-0.07311
3693.20093	-0.07247
3691.27236	-0.07135
3689.34380	-0.07050
3687.41523	-0.07086
3685.48667	-0.07161
3683.55811	-0.07178
3681.62954	-0.07125
3679.70098	-0.07045
3677.77241	-0.06992
3675.84385	-0.06995
3673.91528	-0.07024
3671.98672	-0.07009
3670.05815	-0.06963
3668.12959	-0.06963
3666.20103	-0.07003
3664.27246	-0.07036
3662.34390	-0.07055
3660.41533	-0.07058
3658.48677	-0.07041
3656.55820	-0.07035
3654.62964	-0.07043
3652.70107	-0.07005
3650.77251	-0.06924
3648.84395	-0.06894
3646.91538	-0.06938
3644.98682	-0.06986
3643.05825	-0.07015
3641.12969	-0.07022
3639.20112	-0.07012
3637.27256	-0.06999
3635.34399	-0.06999
3633.41543	-0.06997
3631.48687	-0.06961
3629.55830	-0.06932
3627.62974	-0.06994
3625.70117	-0.07065
3623.77261	-0.07077
3621.84404	-0.07043
3619.91548	-0.06968
3617.98691	-0.06894
3616.05835	-0.06858
3614.12979	-0.06834
3612.20122	-0.06807
3610.27266	-0.06794
3608.34409	-0.06824
3606.41553	-0.06884
3604.48696	-0.06942
3602.55840	-0.06978
3600.62983	-0.06984
3598.70127	-0.06966
3596.77271	-0.06941
3594.84414	-0.06932
3592.91558	-0.06937
3590.98701	-0.06923
3589.05845	-0.06893
3587.12988	-0.06876
3585.20132	-0.06879
3583.27275	-0.06897
3581.34419	-0.06919
3579.41562	-0.06922
3577.48706	-0.06899
3575.55850	-0.06857
3573.62993	-0.06817
3571.70137	-0.06801
3569.77280	-0.06785
3567.84424	-0.06754
3565.91567	-0.06729
3563.98711	-0.06715
3562.05854	-0.06725
3560.12998	-0.06761
3558.20142	-0.06767
3556.27285	-0.06730
3554.34429	-0.06705
3552.41572	-0.06722
3550.48716	-0.06758
3548.55859	-0.06764
3546.63003	-0.06737
3544.70146	-0.06698
3542.77290	-0.06668
3540.84434	-0.06669
3538.91577	-0.06685
3536.98721	-0.06689
3535.05864	-0.06683
3533.13008	-0.06664
3531.20151	-0.06626
3529.27295	-0.06604
3527.34438	-0.06615
3525.41582	-0.06618
3523.48726	-0.06609
3521.55869	-0.06611
3519.63013	-0.06605
3517.70156	-0.06569
3515.77300	-0.06528
3513.84443	-0.06510
3511.91587	-0.06510
3509.98730	-0.06534
3508.05874	-0.06567
3506.13018	-0.06581
3504.20161	-0.06587
3502.27305	-0.06588
3500.34448	-0.06563
3498.41592	-0.06523
3496.48735	-0.06490
3494.55879	-0.06477
3492.63022	-0.06475
3490.70166	-0.06471
3488.77310	-0.06475
3486.84453	-0.06495
3484.91597	-0.06509
3482.98740	-0.06502
3481.05884	-0.06480
3479.13027	-0.06450
3477.20171	-0.06433
3475.27314	-0.06456
3473.34458	-0.06492
3471.41602	-0.06490
3469.48745	-0.06464
3467.55889	-0.06436
3465.63032	-0.06406
3463.70176	-0.06392
3461.77319	-0.06384
3459.84463	-0.06363
3457.91606	-0.06338
3455.98750	-0.06321
3454.05894	-0.06314
3452.13037	-0.06316
3450.20181	-0.06321
3448.27324	-0.06333
3446.34468	-0.06349
3444.41611	-0.06352
3442.48755	-0.06352
3440.55898	-0.06362
3438.63042	-0.06370
3436.70186	-0.06375
3434.77329	-0.06380
3432.84473	-0.06380
3430.91616	-0.06372
3428.98760	-0.06349
3427.05903	-0.06314
3425.13047	-0.06291
3423.20190	-0.06289
3421.27334	-0.06303
3419.34478	-0.06311
3417.41621	-0.06295
3415.48765	-0.06286
3413.55908	-0.06312
3411.63052	-0.06337
3409.70195	-0.06324
3407.77339	-0.06291
3405.84482	-0.06274
3403.91626	-0.06292
3401.98770	-0.06323
3400.05913	-0.06327
3398.13057	-0.06308
3396.20200	-0.06296
3394.27344	-0.06314
3392.34487	-0.06353
3390.41631	-0.06379
3388.48774	-0.06392
3386.55918	-0.06389
3384.63062	-0.06348
3382.70205	-0.06304
3380.77349	-0.06306
3378.84492	-0.06324
3376.91636	-0.06331
3374.98779	-0.06327
3373.05923	-0.06314
3371.13066	-0.06311
3369.20210	-0.06325
3367.27354	-0.06328
3365.34497	-0.06327
3363.41641	-0.06353
3361.48784	-0.06375
3359.55928	-0.06377
3357.63071	-0.06374
3355.70215	-0.06364
3353.77358	-0.06359
3351.84502	-0.06367
3349.91646	-0.06368
3347.98789	-0.06363
3346.05933	-0.06350
3344.13076	-0.06338
3342.20220	-0.06350
3340.27363	-0.06360
3338.34507	-0.06334
3336.41650	-0.06318
3334.48794	-0.06337
3332.55937	-0.06356
3330.63081	-0.06363
3328.70225	-0.06371
3326.77368	-0.06373
3324.84512	-0.06372
3322.91655	-0.06380
3320.98799	-0.06382
3319.05942	-0.06364
3317.13086	-0.06350
3315.20229	-0.06351
3313.27373	-0.06350
3311.34517	-0.06342
3309.41660	-0.06341
3307.48804	-0.06337
3305.55947	-0.06322
3303.63091	-0.06330
3301.70234	-0.06366
3299.77378	-0.06390
3297.84521	-0.06389
3295.91665	-0.06387
3293.98809	-0.06393
3292.05952	-0.06399
3290.13096	-0.06397
3288.20239	-0.06381
3286.27383	-0.06348
3284.34526	-0.06326
3282.41670	-0.06350
3280.48813	-0.06408
3278.55957	-0.06441
3276.63101	-0.06440
3274.70244	-0.06434
3272.77388	-0.06428
3270.84531	-0.06414
3268.91675	-0.06396
3266.98818	-0.06386
3265.05962	-0.06398
3263.13105	-0.06426
3261.20249	-0.06460
3259.27393	-0.06494
3257.34536	-0.06506
3255.41680	-0.06494
3253.48823	-0.06479
3251.55967	-0.06463
3249.63110	-0.06436
3247.70254	-0.06421
3245.77397	-0.06438
3243.84541	-0.06470
3241.91685	-0.06502
3239.98828	-0.06531
3238.05972	-0.06549
3236.13115	-0.06563
3234.20259	-0.06563
3232.27402	-0.06544
3230.34546	-0.06529
3228.41689	-0.06525
3226.48833	-0.06532
3224.55977	-0.06547
3222.63120	-0.06548
3220.70264	-0.06542
3218.77407	-0.06563
3216.84551	-0.06592
3214.91694	-0.06599
3212.98838	-0.06606
3211.05981	-0.06614
3209.13125	-0.06594
3207.20269	-0.06560
3205.27412	-0.06557
3203.34556	-0.06578
3201.41699	-0.06587
3199.48843	-0.06588
3197.55986	-0.06602
3195.63130	-0.06613
3193.70273	-0.06608
3191.77417	-0.06624
3189.84561	-0.06672
3187.91704	-0.06696
3185.98848	-0.06683
3184.05991	-0.06679
3182.13135	-0.06695
3180.20278	-0.06703
3178.27422	-0.06707
3176.34565	-0.06729
3174.41709	-0.06758
3172.48853	-0.06775
3170.55996	-0.06778
3168.63140	-0.06767
3166.70283	-0.06747
3164.77427	-0.06742
3162.84570	-0.06767
3160.91714	-0.06797
3158.98857	-0.06800
3157.06001	-0.06786
3155.13145	-0.06787
3153.20288	-0.06814
3151.27432	-0.06844
3149.34575	-0.06843
3147.41719	-0.06822
3145.48862	-0.06815
3143.56006	-0.06833
3141.63149	-0.06856
3139.70293	-0.06868
3137.77437	-0.06875
3135.84580	-0.06888
3133.91724	-0.06904
3131.98867	-0.06903
3130.06011	-0.06874
3128.13154	-0.06849
3126.20298	-0.06852
3124.27441	-0.06877
3122.34585	-0.06903
3120.41729	-0.06925
3118.48872	-0.06958
3116.56016	-0.06988
3114.63159	-0.06978
3112.70303	-0.06941
3110.77446	-0.06920
3108.84590	-0.06916
3106.91733	-0.06922
3104.98877	-0.06936
3103.06021	-0.06940
3101.13164	-0.06933
3099.20308	-0.06925
3097.27451	-0.06916
3095.34595	-0.06906
3093.41738	-0.06915
3091.48882	-0.06932
3089.56025	-0.06924
3087.63169	-0.06904
3085.70312	-0.06887
3083.77456	-0.06861
3081.84600	-0.06836
3079.91743	-0.06832
3077.98887	-0.06846
3076.06030	-0.06854
3074.13174	-0.06849
3072.20317	-0.06848
3070.27461	-0.06867
3068.34604	-0.06893
3066.41748	-0.06902
3064.48892	-0.06904
3062.56035	-0.06915
3060.63179	-0.06932
3058.70322	-0.06950
3056.77466	-0.06960
3054.84609	-0.06958
3052.91753	-0.06950
3050.98896	-0.06950
3049.06040	-0.06956
3047.13184	-0.06962
3045.20327	-0.06970
3043.27471	-0.06986
3041.34614	-0.07002
3039.41758	-0.07009
3037.48901	-0.07025
3035.56045	-0.07047
3033.63188	-0.07055
3031.70332	-0.07056
3029.77476	-0.07078
3027.84619	-0.07107
3025.91763	-0.07123
3023.98906	-0.07136
3022.06050	-0.07154
3020.13193	-0.07177
3018.20337	-0.07204
3016.27480	-0.07228
3014.34624	-0.07253
3012.41768	-0.07281
3010.48911	-0.07307
3008.56055	-0.07316
3006.63198	-0.07322
3004.70342	-0.07348
3002.77485	-0.07375
3000.84629	-0.07390
2998.91772	-0.07394
2996.98916	-0.07389
2995.06060	-0.07372
2993.13203	-0.07346
2991.20347	-0.07332
2989.27490	-0.07330
2987.34634	-0.07298
2985.41777	-0.07223
2983.48921	-0.07132
2981.56064	-0.07047
2979.63208	-0.06953
2977.70352	-0.06829
2975.77495	-0.06683
2973.84639	-0.06538
2971.91782	-0.06371
2969.98926	-0.06164
2968.06069	-0.05941
2966.13213	-0.05706
2964.20356	-0.05451
2962.27500	-0.05186
2960.34644	-0.04922
2958.41787	-0.04654
2956.48931	-0.04388
2954.56074	-0.04123
2952.63218	-0.03836
2950.70361	-0.03500
2948.77505	-0.03067
2946.84648	-0.02482
2944.91792	-0.01730
2942.98936	-0.00802
2941.06079	0.00314
2939.13223	0.01612
2937.20366	0.03081
2935.27510	0.04771
2933.34653	0.06767
2931.41797	0.09132
2929.48940	0.11934
2927.56084	0.15338
2925.63228	0.19593
2923.70371	0.24918
2921.77515	0.31368
2919.84658	0.38606
2917.91802	0.45452
2915.98945	0.49743
2914.06089	0.49707
2912.13232	0.45885
2910.20376	0.40474
2908.27520	0.35231
2906.34663	0.30869
2904.41807	0.27452
2902.48950	0.24786
2900.56094	0.22655
2898.63237	0.20883
2896.70381	0.19322
2894.77524	0.17865
2892.84668	0.16448
2890.91812	0.15046
2888.98955	0.13661
2887.06099	0.12315
2885.13242	0.11026
2883.20386	0.09782
2881.27529	0.08562
2879.34673	0.07371
2877.41816	0.06251
2875.48960	0.05262
2873.56104	0.04461
2871.63247	0.03873
2869.70391	0.03512
2867.77534	0.03407
2865.84678	0.03597
2863.91821	0.04154
2861.98965	0.05247
2860.06108	0.07109
2858.13252	0.10054
2856.20396	0.14627
2854.27539	0.21595
2852.34683	0.31222
2850.41826	0.41394
2848.48970	0.46363
2846.56113	0.42516
2844.63257	0.34010
2842.70400	0.25791
2840.77544	0.19431
2838.84687	0.14815
2836.91831	0.11503
2834.98975	0.09097
2833.06118	0.07299
2831.13262	0.05916
2829.20405	0.04831
2827.27549	0.03965
2825.34692	0.03254
2823.41836	0.02649
2821.48979	0.02126
2819.56123	0.01673
2817.63267	0.01281
2815.70410	0.00949
2813.77554	0.00668
2811.84697	0.00411
2809.91841	0.00159
2807.98984	-0.00084
2806.06128	-0.00307
2804.13271	-0.00503
2802.20415	-0.00671
2800.27559	-0.00824
2798.34702	-0.00987
2796.41846	-0.01147
2794.48989	-0.01291
2792.56133	-0.01435
2790.63276	-0.01574
2788.70420	-0.01684
2786.77563	-0.01779
2784.84707	-0.01889
2782.91851	-0.02011
2780.98994	-0.02121
2779.06138	-0.02222
2777.13281	-0.02333
2775.20425	-0.02444
2773.27568	-0.02534
2771.34712	-0.02613
2769.41855	-0.02691
2767.48999	-0.02765
2765.56143	-0.02837
2763.63286	-0.02907
2761.70430	-0.02960
2759.77573	-0.02994
2757.84717	-0.03021
2755.91860	-0.03061
2753.99004	-0.03118
2752.06147	-0.03176
2750.13291	-0.03220
2748.20435	-0.03253
2746.27578	-0.03277
2744.34722	-0.03297
2742.41865	-0.03318
2740.49009	-0.03336
2738.56152	-0.03356
2736.63296	-0.03387
2734.70439	-0.03419
2732.77583	-0.03450
2730.84727	-0.03484
2728.91870	-0.03524
2726.99014	-0.03566
2725.06157	-0.03602
2723.13301	-0.03627
2721.20444	-0.03648
2719.27588	-0.03674
2717.34731	-0.03700
2715.41875	-0.03723
2713.49019	-0.03747
2711.56162	-0.03775
2709.63306	-0.03805
2707.70449	-0.03834
2705.77593	-0.03862
2703.84736	-0.03885
2701.91880	-0.03904
2699.99023	-0.03929
2698.06167	-0.03959
2696.13311	-0.03979
2694.20454	-0.03987
2692.27598	-0.03998
2690.34741	-0.04018
2688.41885	-0.04041
2686.49028	-0.04056
2684.56172	-0.04055
2682.63315	-0.04046
2680.70459	-0.04042
2678.77603	-0.04047
2676.84746	-0.04051
2674.91890	-0.04044
2672.99033	-0.04040
2671.06177	-0.04045
2669.13320	-0.04044
2667.20464	-0.04037
2665.27607	-0.04041
2663.34751	-0.04049
2661.41895	-0.04048
2659.49038	-0.04051
2657.56182	-0.04058
2655.63325	-0.04056
2653.70469	-0.04054
2651.77612	-0.04060
2649.84756	-0.04067
2647.91899	-0.04071
2645.99043	-0.04073
2644.06187	-0.04069
2642.13330	-0.04059
2640.20474	-0.04047
2638.27617	-0.04047
2636.34761	-0.04059
2634.41904	-0.04066
2632.49048	-0.04068
2630.56191	-0.04076
2628.63335	-0.04098
2626.70479	-0.04131
2624.77622	-0.04167
2622.84766	-0.04203
2620.91909	-0.04231
2618.99053	-0.04245
2617.06196	-0.04257
2615.13340	-0.04277
2613.20483	-0.04305
2611.27627	-0.04340
2609.34771	-0.04374
2607.41914	-0.04389
2605.49058	-0.04395
2603.56201	-0.04402
2601.63345	-0.04405
2599.70488	-0.04404
2597.77632	-0.04414
2595.84775	-0.04438
2593.91919	-0.04467
2591.99062	-0.04496
2590.06206	-0.04517
2588.13350	-0.04532
2586.20493	-0.04547
2584.27637	-0.04567
2582.34780	-0.04585
2580.41924	-0.04590
2578.49067	-0.04585
2576.56211	-0.04589
2574.63354	-0.04617
2572.70498	-0.04656
2570.77642	-0.04674
2568.84785	-0.04671
2566.91929	-0.04671
2564.99072	-0.04681
2563.06216	-0.04690
2561.13359	-0.04696
2559.20503	-0.04702
2557.27646	-0.04706
2555.34790	-0.04705
2553.41934	-0.04706
2551.49077	-0.04714
2549.56221	-0.04719
2547.63364	-0.04721
2545.70508	-0.04732
2543.77651	-0.04750
2541.84795	-0.04769
2539.91938	-0.04792
2537.99082	-0.04819
2536.06226	-0.04836
2534.13369	-0.04839
2532.20513	-0.04840
2530.27656	-0.04829
2528.34800	-0.04795
2526.41943	-0.04762
2524.49087	-0.04761
2522.56230	-0.04786
2520.63374	-0.04817
2518.70518	-0.04848
2516.77661	-0.04876
2514.84805	-0.04888
2512.91948	-0.04890
2510.99092	-0.04897
2509.06235	-0.04916
2507.13379	-0.04942
2505.20522	-0.04948
2503.27666	-0.04927
2501.34810	-0.04910
2499.41953	-0.04915
2497.49097	-0.04926
2495.56240	-0.04934
2493.63384	-0.04947
2491.70527	-0.04956
2489.77671	-0.04951
2487.84814	-0.04943
2485.91958	-0.04942
2483.99102	-0.04949
2482.06245	-0.04961
2480.13389	-0.04981
2478.20532	-0.05002
2476.27676	-0.05003
2474.34819	-0.04990
2472.41963	-0.04984
2470.49106	-0.04992
2468.56250	-0.05008
2466.63394	-0.05027
2464.70537	-0.05035
2462.77681	-0.05028
2460.84824	-0.05018
2458.91968	-0.05022
2456.99111	-0.05034
2455.06255	-0.05046
2453.13398	-0.05062
2451.20542	-0.05073
2449.27686	-0.05062
2447.34829	-0.05039
2445.41973	-0.05024
2443.49116	-0.05035
2441.56260	-0.05060
2439.63403	-0.05062
2437.70547	-0.05038
2435.77690	-0.05020
2433.84834	-0.05023
2431.91978	-0.05040
2429.99121	-0.05052
2428.06265	-0.05052
2426.13408	-0.05059
2424.20552	-0.05070
2422.27695	-0.05067
2420.34839	-0.05051
2418.41982	-0.05036
2416.49126	-0.05028
2414.56270	-0.05033
2412.63413	-0.05047
2410.70557	-0.05058
2408.77700	-0.05060
2406.84844	-0.05060
2404.91987	-0.05063
2402.99131	-0.05076
2401.06274	-0.05088
2399.13418	-0.04856
2397.20562	-0.04824
2395.27705	-0.04926
2393.34849	-0.05042
2391.41992	-0.05157
2389.49136	-0.05277
2387.56279	-0.05408
2385.63423	-0.05543
2383.70566	-0.05662
2381.77710	-0.05733
2379.84854	-0.05730
2377.91997	-0.05645
2375.99141	-0.05512
2374.06284	-0.05381
2372.13428	-0.05305
2370.20571	-0.05296
2368.27715	-0.05239
2366.34858	-0.05182
2364.42002	-0.05236
2362.49146	-0.05215
2360.56289	-0.05314
2358.63433	-0.05491
2356.70576	-0.05354
2354.77720	-0.05707
2352.84863	-0.06170
2350.92007	-0.06427
2348.99150	-0.06508
2347.06294	-0.06072
2345.13437	-0.05538
2343.20581	-0.05538
2341.27725	-0.05979
2339.34868	-0.06119
2337.42012	-0.05882
2335.49155	-0.05467
2333.56299	-0.05202
2331.63442	-0.05199
2329.70586	-0.05349
2327.77729	-0.05549
2325.84873	-0.05549
2323.92017	-0.05370
2321.99160	-0.05216
2320.06304	-0.05136
2318.13447	-0.05127
2316.20591	-0.05160
2314.27734	-0.05217
2312.34878	-0.05300
2310.42021	-0.05372
2308.49165	-0.05402
2306.56309	-0.05412
2304.63452	-0.05404
2302.70596	-0.05374
2300.77739	-0.05337
2298.84883	-0.05304
2296.92026	-0.05278
2294.99170	-0.05248
2293.06313	-0.05205
2291.13457	-0.05139
2289.20601	-0.05074
2287.27744	-0.05007
2285.34888	-0.04931
2283.42031	-0.04861
2281.49175	-0.04811
2279.56318	-0.04795
2277.63462	-0.04809
2275.70605	-0.04836
2273.77749	-0.04868
2271.84893	-0.04890
2269.92036	-0.04906
2267.99180	-0.04931
2266.06323	-0.04970
2264.13467	-0.05001
2262.20610	-0.05010
2260.27754	-0.05005
2258.34897	-0.05001
2256.42041	-0.05007
2254.49185	-0.05040
2252.56328	-0.05106
2250.63472	-0.05135
2248.70615	-0.04987
2246.77759	-0.04990
2244.84902	-0.04964
2242.92046	-0.04915
2240.99189	-0.04893
2239.06333	-0.04914
2237.13477	-0.04958
2235.20620	-0.04976
2233.27764	-0.04946
2231.34907	-0.04906
2229.42051	-0.04888
2227.49194	-0.04894
2225.56338	-0.04901
2223.63481	-0.04900
2221.70625	-0.04897
2219.77769	-0.04888
2217.84912	-0.04884
2215.92056	-0.04907
2213.99199	-0.04930
2212.06343	-0.04926
2210.13486	-0.04920
2208.20630	-0.04930
2206.27773	-0.04915
2204.34917	-0.04860
2202.42061	-0.04825
2200.49204	-0.04856
2198.56348	-0.04911
2196.63491	-0.04939
2194.70635	-0.04951
2192.77778	-0.04945
2190.84922	-0.04893
2188.92065	-0.04837
2186.99209	-0.04827
2185.06353	-0.04836
2183.13496	-0.04813
2181.20640	-0.04773
2179.27783	-0.04763
2177.34927	-0.04783
2175.42070	-0.04789
2173.49214	-0.04759
2171.56357	-0.04713
2169.63501	-0.04679
2167.70645	-0.04696
2165.77788	-0.04759
2163.84932	-0.04785
2161.92075	-0.04765
2159.99219	-0.04803
2158.06362	-0.04890
2156.13506	-0.04906
2154.20649	-0.04879
2152.27793	-0.04897
2150.34937	-0.04917
2148.42080	-0.04885
2146.49224	-0.04825
2144.56367	-0.04766
2142.63511	-0.04727
2140.70654	-0.04720
2138.77798	-0.04735
2136.84941	-0.04744
2134.92085	-0.04733
2132.99229	-0.04719
2131.06372	-0.04726
2129.13516	-0.04743
2127.20659	-0.04750
2125.27803	-0.04745
2123.34946	-0.04728
2121.42090	-0.04705
2119.49233	-0.04696
2117.56377	-0.04693
2115.63521	-0.04676
2113.70664	-0.04653
2111.77808	-0.04636
2109.84951	-0.04623
2107.92095	-0.04618
2105.99238	-0.04627
2104.06382	-0.04639
2102.13525	-0.04650
2100.20669	-0.04662
2098.27812	-0.04672
2096.34956	-0.04680
2094.42100	-0.04682
2092.49243	-0.04663
2090.56387	-0.04627
2088.63530	-0.04583
2086.70674	-0.04542
2084.77817	-0.04518
2082.84961	-0.04509
2080.92104	-0.04498
2078.99248	-0.04496
2077.06392	-0.04513
2075.13535	-0.04522
2073.20679	-0.04504
2071.27822	-0.04481
2069.34966	-0.04465
2067.42109	-0.04445
2065.49253	-0.04438
2063.56396	-0.04451
2061.63540	-0.04466
2059.70684	-0.04477
2057.77827	-0.04471
2055.84971	-0.04460
2053.92114	-0.04464
2051.99258	-0.04470
2050.06401	-0.04469
2048.13545	-0.04446
2046.20688	-0.04400
2044.27832	-0.04366
2042.34976	-0.04371
2040.42119	-0.04398
2038.49263	-0.04410
2036.56406	-0.04417
2034.63550	-0.04447
2032.70693	-0.04484
2030.77837	-0.04482
2028.84980	-0.04418
2026.92124	-0.04330
2024.99268	-0.04288
2023.06411	-0.04307
2021.13555	-0.04314
2019.20698	-0.04260
2017.27842	-0.04201
2015.34985	-0.04217
2013.42129	-0.04290
2011.49272	-0.04296
2009.56416	-0.04206
2007.63560	-0.04140
2005.70703	-0.04143
2003.77847	-0.04167
2001.84990	-0.04194
1999.92134	-0.04228
1997.99277	-0.04249
1996.06421	-0.04225
1994.13564	-0.04181
1992.20708	-0.04170
1990.27852	-0.04171
1988.34995	-0.04131
1986.42139	-0.04086
1984.49282	-0.04092
1982.56426	-0.04133
1980.63569	-0.04160
1978.70713	-0.04162
1976.77856	-0.04146
1974.85000	-0.04109
1972.92144	-0.04068
1970.99287	-0.04068
1969.06431	-0.04111
1967.13574	-0.04147
1965.20718	-0.04136
1963.27861	-0.04094
1961.35005	-0.04051
1959.42148	-0.04025
1957.49292	-0.04037
1955.56436	-0.04064
1953.63579	-0.04049
1951.70723	-0.04015
1949.77866	-0.04013
1947.85010	-0.04033
1945.92153	-0.04019
1943.99297	-0.03950
1942.06440	-0.03884
1940.13584	-0.03863
1938.20728	-0.03865
1936.27871	-0.03876
1934.35015	-0.03891
1932.42158	-0.03906
1930.49302	-0.03914
1928.56445	-0.03909
1926.63589	-0.03896
1924.70732	-0.03867
1922.77876	-0.03827
1920.85020	-0.03796
1918.92163	-0.03780
1916.99307	-0.03767
1915.06450	-0.03744
1913.13594	-0.03722
1911.20737	-0.03715
1909.27881	-0.03712
1907.35024	-0.03698
1905.42168	-0.03687
1903.49312	-0.03687
1901.56455	-0.03674
1899.63599	-0.03645
1897.70742	-0.03619
1895.77886	-0.03598
1893.85029	-0.03581
1891.92173	-0.03577
1889.99316	-0.03590
1888.06460	-0.03599
1886.13604	-0.03592
1884.20747	-0.03589
1882.27891	-0.03591
1880.35034	-0.03586
1878.42178	-0.03581
1876.49321	-0.03582
1874.56465	-0.03584
1872.63608	-0.03567
1870.70752	-0.03520
1868.77896	-0.03489
1866.85039	-0.03512
1864.92183	-0.03546
1862.99326	-0.03557
1861.06470	-0.03554
1859.13613	-0.03542
1857.20757	-0.03523
1855.27900	-0.03504
1853.35044	-0.03496
1851.42187	-0.03491
1849.49331	-0.03468
1847.56475	-0.03426
1845.63618	-0.03388
1843.70762	-0.03381
1841.77905	-0.03389
1839.85049	-0.03383
1837.92192	-0.03370
1835.99336	-0.03362
1834.06479	-0.03339
1832.13623	-0.03287
1830.20767	-0.03241
1828.27910	-0.03230
1826.35054	-0.03230
1824.42197	-0.03230
1822.49341	-0.03241
1820.56484	-0.03244
1818.63628	-0.03231
1816.70771	-0.03207
1814.77915	-0.03183
1812.85059	-0.03159
1810.92202	-0.03137
1808.99346	-0.03117
1807.06489	-0.03087
1805.13633	-0.03041
1803.20776	-0.02988
1801.27920	-0.02936
1799.35063	-0.02890
1797.42207	-0.02849
1795.49351	-0.02788
1793.56494	-0.02678
1791.63638	-0.02541
1789.70781	-0.02439
1787.77925	-0.02353
1785.85068	-0.02241
1783.92212	-0.02116
1781.99355	-0.02018
1780.06499	-0.01961
1778.13643	-0.01918
1776.20786	-0.01851
1774.27930	-0.01755
1772.35073	-0.01659
1770.42217	-0.01599
1768.49360	-0.01570
1766.56504	-0.01551
1764.63647	-0.01525
1762.70791	-0.01481
1760.77935	-0.01436
1758.85078	-0.01383
1756.92222	-0.01301
1754.99365	-0.01206
1753.06509	-0.01089
1751.13652	-0.00914
1749.20796	-0.00708
1747.27939	-0.00499
1745.35083	-0.00259
1743.42227	0.00032
1741.49370	0.00346
1739.56514	0.00637
1737.63657	0.00860
1735.70801	0.01046
1733.77944	0.01194
1731.85088	0.01242
1729.92231	0.01282
1727.99375	0.01407
1726.06519	0.01649
1724.13662	0.02007
1722.20806	0.02414
1720.27949	0.02815
1718.35093	0.03235
1716.42236	0.03583
1714.49380	0.03733
1712.56523	0.03759
1710.63667	0.03704
1708.70811	0.03581
1706.77954	0.03390
1704.85098	0.03139
1702.92241	0.02911
1700.99385	0.02711
1699.06528	0.02504
1697.13672	0.02268
1695.20815	0.01924
1693.27959	0.01576
1691.35103	0.01317
1689.42246	0.01100
1687.49390	0.00945
1685.56533	0.00859
1683.63677	0.00752
1681.70820	0.00607
1679.77964	0.00498
1677.85107	0.00441
1675.92251	0.00428
1673.99395	0.00428
1672.06538	0.00433
1670.13682	0.00431
1668.20825	0.00382
1666.27969	0.00333
1664.35112	0.00323
1662.42256	0.00318
1660.49399	0.00298
1658.56543	0.00294
1656.63687	0.00331
1654.70830	0.00404
1652.77974	0.00435
1650.85117	0.00391
1648.92261	0.00400
1646.99404	0.00459
1645.06548	0.00477
1643.13691	0.00458
1641.20835	0.00458
1639.27979	0.00490
1637.35122	0.00532
1635.42266	0.00516
1633.49409	0.00441
1631.56553	0.00411
1629.63696	0.00442
1627.70840	0.00491
1625.77983	0.00526
1623.85127	0.00532
1621.92271	0.00492
1619.99414	0.00444
1618.06558	0.00418
1616.13701	0.00363
1614.20845	0.00275
1612.27988	0.00220
1610.35132	0.00202
1608.42275	0.00191
1606.49419	0.00180
1604.56562	0.00170
1602.63706	0.00164
1600.70850	0.00174
1598.77993	0.00191
1596.85137	0.00206
1594.92280	0.00231
1592.99424	0.00269
1591.06567	0.00307
1589.13711	0.00347
1587.20854	0.00394
1585.27998	0.00438
1583.35142	0.00479
1581.42285	0.00527
1579.49429	0.00592
1577.56572	0.00683
1575.63716	0.00752
1573.70859	0.00766
1571.78003	0.00799
1569.85146	0.00859
1567.92290	0.00879
1565.99434	0.00879
1564.06577	0.00899
1562.13721	0.00951
1560.20864	0.01061
1558.28008	0.01141
1556.35151	0.01085
1554.42295	0.01019
1552.49438	0.00973
1550.56582	0.00935
1548.63726	0.00898
1546.70869	0.00878
1544.78013	0.00897
1542.85156	0.00944
1540.92300	0.00936
1538.99443	0.00780
1537.06587	0.00630
1535.13730	0.00563
1533.20874	0.00502
1531.28018	0.00413
1529.35161	0.00354
1527.42305	0.00335
1525.49448	0.00325
1523.56592	0.00307
1521.63735	0.00269
1519.70879	0.00202
1517.78022	0.00144
1515.85166	0.00084
1513.92310	0.00017
1511.99453	-0.00027
1510.06597	-0.00018
1508.13740	0.00042
1506.20884	0.00021
1504.28027	-0.00103
1502.35171	-0.00175
1500.42314	-0.00177
1498.49458	-0.00142
1496.56602	-0.00133
1494.63745	-0.00157
1492.70889	-0.00151
1490.78032	-0.00096
1488.85176	-0.00053
1486.92319	-0.00040
1484.99463	0.00010
1483.06606	0.00180
1481.13750	0.00601
1479.20894	0.01638
1477.28037	0.04285
1475.35181	0.09676
1473.42324	0.16785
1471.49468	0.20135
1469.56611	0.18314
1467.63755	0.15800
1465.70898	0.14530
1463.78042	0.14252
1461.85186	0.13558
1459.92329	0.11916
1457.99473	0.09745
1456.06616	0.07924
1454.13760	0.06911
1452.20903	0.06245
1450.28047	0.05716
1448.35190	0.05312
1446.42334	0.05007
1444.49478	0.04793
1442.56621	0.04653
1440.63765	0.04559
1438.70908	0.04482
1436.78052	0.04359
1434.85195	0.04175
1432.92339	0.03999
1430.99482	0.03833
1429.06626	0.03654
1427.13770	0.03491
1425.20913	0.03388
1423.28057	0.03350
1421.35200	0.03367
1419.42344	0.03425
1417.49487	0.03475
1415.56631	0.03505
1413.63774	0.03542
1411.70918	0.03566
1409.78062	0.03543
1407.85205	0.03489
1405.92349	0.03421
1403.99492	0.03323
1402.06636	0.03205
1400.13779	0.03088
1398.20923	0.02960
1396.28066	0.02821
1394.35210	0.02692
1392.42354	0.02604
1390.49497	0.02572
1388.56641	0.02573
1386.63784	0.02596
1384.70928	0.02659
1382.78071	0.02797
1380.85215	0.03007
1378.92358	0.03221
1376.99502	0.03367
1375.06646	0.03417
1373.13789	0.03393
1371.20933	0.03348
1369.28076	0.03305
1367.35220	0.03260
1365.42363	0.03219
1363.49507	0.03183
1361.56650	0.03124
1359.63794	0.03057
1357.70937	0.03014
1355.78081	0.02989
1353.85225	0.02968
1351.92368	0.02945
1349.99512	0.02906
1348.06655	0.02850
1346.13799	0.02785
1344.20942	0.02721
1342.28086	0.02670
1340.35229	0.02630
1338.42373	0.02585
1336.49517	0.02533
1334.56660	0.02491
1332.63804	0.02471
1330.70947	0.02473
1328.78091	0.02492
1326.85234	0.02523
1324.92378	0.02568
1322.99521	0.02631
1321.06665	0.02710
1319.13809	0.02784
1317.20952	0.02826
1315.28096	0.02836
1313.35239	0.02835
1311.42383	0.02834
1309.49526	0.02843
1307.56670	0.02873
1305.63813	0.02912
1303.70957	0.02946
1301.78101	0.02978
1299.85244	0.03007
1297.92388	0.03035
1295.99531	0.03056
1294.06675	0.03067
1292.13818	0.03072
1290.20962	0.03076
1288.28105	0.03079
1286.35249	0.03082
1284.42393	0.03081
1282.49536	0.03073
1280.56680	0.03069
1278.63823	0.03074
1276.70967	0.03082
1274.78110	0.03083
1272.85254	0.03081
1270.92397	0.03085
1268.99541	0.03094
1267.06685	0.03100
1265.13828	0.03102
1263.20972	0.03111
1261.28115	0.03120
1259.35259	0.03122
1257.42402	0.03121
1255.49546	0.03127
1253.56689	0.03137
1251.63833	0.03140
1249.70977	0.03143
1247.78120	0.03162
1245.85264	0.03191
1243.92407	0.03207
1241.99551	0.03209
1240.06694	0.03217
1238.13838	0.03224
1236.20981	0.03214
1234.28125	0.03197
1232.35269	0.03182
1230.42412	0.03165
1228.49556	0.03147
1226.56699	0.03142
1224.63843	0.03152
1222.70986	0.03163
1220.78130	0.03170
1218.85273	0.03174
1216.92417	0.03182
1214.99561	0.03202
1213.06704	0.03223
1211.13848	0.03235
1209.20991	0.03249
1207.28135	0.03273
1205.35278	0.03302
1203.42422	0.03329
1201.49565	0.03358
1199.56709	0.03396
1197.63853	0.03441
1195.70996	0.03488
1193.78140	0.03533
1191.85283	0.03576
1189.92427	0.03624
1187.99570	0.03669
1186.06714	0.03705
1184.13857	0.03742
1182.21001	0.03788
1180.28145	0.03842
1178.35288	0.03889
1176.42432	0.03915
1174.49575	0.03927
1172.56719	0.03936
1170.63862	0.03928
1168.71006	0.03895
1166.78149	0.03846
1164.85293	0.03794
1162.92437	0.03740
1160.99580	0.03677
1159.06724	0.03601
1157.13867	0.03517
1155.21011	0.03425
1153.28154	0.03323
1151.35298	0.03220
1149.42441	0.03131
1147.49585	0.03053
1145.56729	0.02986
1143.63872	0.02934
1141.71016	0.02894
1139.78159	0.02863
1137.85303	0.02843
1135.92446	0.02836
1133.99590	0.02839
1132.06733	0.02843
1130.13877	0.02845
1128.21021	0.02851
1126.28164	0.02860
1124.35308	0.02865
1122.42451	0.02871
1120.49595	0.02878
1118.56738	0.02878
1116.63882	0.02883
1114.71025	0.02906
1112.78169	0.02939
1110.85312	0.02962
1108.92456	0.02964
1106.99600	0.02949
1105.06743	0.02936
1103.13887	0.02927
1101.21030	0.02919
1099.28174	0.02923
1097.35317	0.02936
1095.42461	0.02937
1093.49604	0.02926
1091.56748	0.02911
1089.63892	0.02885
1087.71035	0.02859
1085.78179	0.02843
1083.85322	0.02820
1081.92466	0.02784
1079.99609	0.02753
1078.06753	0.02740
1076.13896	0.02736
1074.21040	0.02732
1072.28184	0.02735
1070.35327	0.02732
1068.42471	0.02703
1066.49614	0.02676
1064.56758	0.02705
1062.63901	0.02765
1060.71045	0.02787
1058.78188	0.02762
1056.85332	0.02729
1054.92476	0.02707
1052.99619	0.02693
1051.06763	0.02698
1049.13906	0.02719
1047.21050	0.02737
1045.28193	0.02753
1043.35337	0.02774
1041.42480	0.02788
1039.49624	0.02791
1037.56768	0.02806
1035.63911	0.02839
1033.71055	0.02874
1031.78198	0.02894
1029.85342	0.02890
1027.92485	0.02881
1025.99629	0.02896
1024.06772	0.02921
1022.13916	0.02930
1020.21060	0.02930
1018.28203	0.02933
1016.35347	0.02933
1014.42490	0.02928
1012.49634	0.02922
1010.56777	0.02913
1008.63921	0.02901
1006.71064	0.02892
1004.78208	0.02890
1002.85352	0.02900
1000.92495	0.02922
998.99639	0.02955
997.06782	0.03006
995.13926	0.03067
993.21069	0.03110
991.28213	0.03111
989.35356	0.03082
987.42500	0.03047
985.49644	0.03011
983.56787	0.02974
981.63931	0.02946
979.71074	0.02933
977.78218	0.02931
975.85361	0.02934
973.92505	0.02945
971.99648	0.02966
970.06792	0.02992
968.13936	0.03016
966.21079	0.03038
964.28223	0.03052
962.35366	0.03048
960.42510	0.03031
958.49653	0.03017
956.56797	0.03013
954.63940	0.03011
952.71084	0.03008
950.78228	0.02994
948.85371	0.02974
946.92515	0.02959
944.99658	0.02946
943.06802	0.02934
941.13945	0.02930
939.21089	0.02927
937.28232	0.02908
935.35376	0.02880
933.42520	0.02865
931.49663	0.02861
929.56807	0.02852
927.63950	0.02844
925.71094	0.02844
923.78237	0.02839
921.85381	0.02827
919.92524	0.02836
917.99668	0.02875
916.06812	0.02940
914.13955	0.03045
912.21099	0.03192
910.28242	0.03325
908.35386	0.03351
906.42529	0.03216
904.49673	0.02969
902.56816	0.02720
900.63960	0.02531
898.71104	0.02395
896.78247	0.02297
894.85391	0.02230
892.92534	0.02197
890.99678	0.02196
889.06821	0.02207
887.13965	0.02199
885.21108	0.02175
883.28252	0.02141
881.35396	0.02093
879.42539	0.02041
877.49683	0.02003
875.56826	0.01972
873.63970	0.01932
871.71113	0.01887
869.78257	0.01859
867.85400	0.01832
865.92544	0.01784
863.99687	0.01727
862.06831	0.01675
860.13975	0.01641
858.21118	0.01626
856.28262	0.01601
854.35405	0.01553
852.42549	0.01505
850.49692	0.01469
848.56836	0.01441
846.63979	0.01422
844.71123	0.01400
842.78267	0.01366
840.85410	0.01313
838.92554	0.01245
836.99697	0.01188
835.06841	0.01146
833.13984	0.01099
831.21128	0.01040
829.28271	0.00971
827.35415	0.00894
825.42559	0.00810
823.49702	0.00737
821.56846	0.00689
819.63989	0.00652
817.71133	0.00591
815.78276	0.00489
813.85420	0.00360
811.92563	0.00226
809.99707	0.00093
808.06851	-0.00043
806.13994	-0.00181
804.21138	-0.00305
802.28281	-0.00411
800.35425	-0.00528
798.42568	-0.00668
796.49712	-0.00801
794.56855	-0.00921
792.63999	-0.01060
790.71143	-0.01185
788.78286	-0.01248
786.85430	-0.01276
784.92573	-0.01341
782.99717	-0.01468
781.06860	-0.01629
779.14004	-0.01799
777.21147	-0.01972
775.28291	-0.02160
773.35435	-0.02378
771.42578	-0.02590
769.49722	-0.02767
767.56865	-0.02924
765.64009	-0.03071
763.71152	-0.03198
761.78296	-0.03264
759.85439	-0.03246
757.92583	-0.03173
755.99727	-0.03076
754.06870	-0.02976
752.14014	-0.02893
750.21157	-0.02835
748.28301	-0.02797
746.35444	-0.02766
744.42588	-0.02720
742.49731	-0.02637
740.56875	-0.02482
738.64019	-0.02170
736.71162	-0.01505
734.78306	-0.00070
732.85449	0.02098
730.92593	0.03749
728.99736	0.03915
727.06880	0.03478
725.14023	0.03769
723.21167	0.05444
721.28311	0.08942
719.35454	0.13285
717.42598	0.16093
715.49741	0.15330
713.56885	0.11634
711.64028	0.07589
709.71172	0.04802
707.78315	0.03226
705.85459	0.02325
703.92603	0.01750
701.99746	0.01351
700.06890	0.01073
698.14033	0.00902
696.21177	0.00794
694.28320	0.00697
692.35464	0.00610
690.42607	0.00568
688.49751	0.00581
686.56895	0.00609
684.64038	0.00630
682.71182	0.00649
680.78325	0.00695
678.85469	0.00779
676.92612	0.00850
674.99756	0.00880
673.06899	0.00980
671.14043	0.01538
669.21187	0.02435
667.28330	0.02240
665.35474	0.01795
663.42617	0.01383
661.49761	0.01345
659.56904	0.01440
657.64048	0.01459
655.71191	0.01405
653.78335	0.01316
651.85479	0.01232
649.92622	0.01121
647.99766	0.00893
646.06909	0.00550
644.14053	0.00102
642.21196	-0.00594
640.28340	-0.01744
638.35483	-0.03470
636.42627	-0.05816
634.49771	-0.08748
632.56914	-0.11783
630.64058	-0.13766
628.71201	-0.13358
626.78345	-0.10831
624.85488	-0.07706
622.92632	-0.05095
620.99775	-0.03241
619.06919	-0.02017
617.14062	-0.01262
615.21206	-0.00787
613.28350	-0.00400
611.35493	-0.00050
609.42637	0.00175
607.49780	0.00218
605.56924	0.00158
603.64067	0.00051
601.71211	-0.00122
599.78354	-0.00282
