3997.91411	0.02328
3995.98555	0.02338
3994.05698	0.02343
3992.12842	0.02336
3990.19985	0.02330
3988.27129	0.02331
3986.34272	0.02334
3984.41416	0.02334
3982.48560	0.02331
3980.55703	0.02325
3978.62847	0.02320
3976.69990	0.02319
3974.77134	0.02323
3972.84277	0.02329
3970.91421	0.02333
3968.98564	0.02334
3967.05708	0.02330
3965.12852	0.02318
3963.19995	0.02301
3961.27139	0.02290
3959.34282	0.02293
3957.41426	0.02307
3955.48569	0.02315
3953.55713	0.02311
3951.62856	0.02305
3949.70000	0.02305
3947.77144	0.02302
3945.84287	0.02298
3943.91431	0.02302
3941.98574	0.02315
3940.05718	0.02330
3938.12861	0.02337
3936.20005	0.02330
3934.27148	0.02315
3932.34292	0.02298
3930.41436	0.02295
3928.48579	0.02305
3926.55723	0.02316
3924.62866	0.02317
3922.70010	0.02315
3920.77153	0.02317
3918.84297	0.02321
3916.91440	0.02324
3914.98584	0.02325
3913.05728	0.02317
3911.12871	0.02298
3909.20015	0.02280
3907.27158	0.02277
3905.34302	0.02286
3903.41445	0.02301
3901.48589	0.02319
3899.55732	0.02334
3897.62876	0.02334
3895.70020	0.02319
3893.77163	0.02304
3891.84307	0.02296
3889.91450	0.02288
3887.98594	0.02276
3886.05737	0.02275
3884.12881	0.02288
3882.20024	0.02304
3880.27168	0.02318
3878.34312	0.02321
3876.41455	0.02307
3874.48599	0.02290
3872.55742	0.02283
3870.62886	0.02285
3868.70029	0.02282
3866.77173	0.02276
3864.84316	0.02279
3862.91460	0.02286
3860.98604	0.02284
3859.05747	0.02278
3857.12891	0.02271
3855.20034	0.02261
3853.27178	0.02252
3851.34321	0.02250
3849.41465	0.02253
3847.48608	0.02254
3845.55752	0.02252
3843.62896	0.02243
3841.70039	0.02229
3839.77183	0.02218
3837.84326	0.02221
3835.91470	0.02232
3833.98613	0.02238
3832.05757	0.02237
3830.12900	0.02230
3828.20044	0.02222
3826.27187	0.02217
3824.34331	0.02214
3822.41475	0.02214
3820.48618	0.02221
3818.55762	0.02230
3816.62905	0.02231
3814.70049	0.02225
3812.77192	0.02211
3810.84336	0.02200
3808.91479	0.02198
3806.98623	0.02202
3805.05767	0.02202
3803.12910	0.02202
3801.20054	0.02208
3799.27197	0.02213
3797.34341	0.02217
3795.41484	0.02221
3793.48628	0.02217
3791.55771	0.02203
3789.62915	0.02191
3787.70059	0.02184
3785.77202	0.02181
3783.84346	0.02174
3781.91489	0.02167
3779.98633	0.02169
3778.05776	0.02176
3776.12920	0.02177
3774.20063	0.02168
3772.27207	0.02154
3770.34351	0.02150
3768.41494	0.02159
3766.48638	0.02168
3764.55781	0.02164
3762.62925	0.02153
3760.70068	0.02149
3758.77212	0.02156
3756.84355	0.02165
3754.91499	0.02164
3752.98643	0.02153
3751.05786	0.02136
3749.12930	0.02116
3747.20073	0.02099
3745.27217	0.02109
3743.34360	0.02139
3741.41504	0.02147
3739.48647	0.02132
3737.55791	0.02119
3735.62935	0.02117
3733.70078	0.02124
3731.77222	0.02132
3729.84365	0.02132
3727.91509	0.02123
3725.98652	0.02121
3724.05796	0.02139
3722.12939	0.02161
3720.20083	0.02177
3718.27227	0.02187
3716.34370	0.02194
3714.41514	0.02197
3712.48657	0.02206
3710.55801	0.02230
3708.62944	0.02266
3706.70088	0.02309
3704.77231	0.02358
3702.84375	0.02411
3700.91519	0.02457
3698.98662	0.02480
3697.05806	0.02477
3695.12949	0.02461
3693.20093	0.02447
3691.27236	0.02447
3689.34380	0.02450
3687.41523	0.02429
3685.48667	0.02386
3683.55811	0.02352
3681.62954	0.02338
3679.70098	0.02331
3677.77241	0.02325
3675.84385	0.02323
3673.91528	0.02321
3671.98672	0.02320
3670.05815	0.02333
3668.12959	0.02361
3666.20103	0.02384
3664.27246	0.02396
3662.34390	0.02403
3660.41533	0.02412
3658.48677	0.02424
3656.55820	0.02441
3654.62964	0.02451
3652.70107	0.02446
3650.77251	0.02437
3648.84395	0.02429
3646.91538	0.02425
3644.98682	0.02427
3643.05825	0.02438
3641.12969	0.02453
3639.20112	0.02467
3637.27256	0.02482
3635.34399	0.02499
3633.41543	0.02515
3631.48687	0.02530
3629.55830	0.02554
3627.62974	0.02583
3625.70117	0.02600
3623.77261	0.02595
3621.84404	0.02578
3619.91548	0.02573
3617.98691	0.02582
3616.05835	0.02586
3614.12979	0.02588
3612.20122	0.02602
3610.27266	0.02619
3608.34409	0.02630
3606.41553	0.02637
3604.48696	0.02639
3602.55840	0.02631
3600.62983	0.02623
3598.70127	0.02623
3596.77271	0.02626
3594.84414	0.02623
3592.91558	0.02608
3590.98701	0.02597
3589.05845	0.02602
3587.12988	0.02610
3585.20132	0.02606
3583.27275	0.02596
3581.34419	0.02597
3579.41562	0.02611
3577.48706	0.02625
3575.55850	0.02635
3573.62993	0.02640
3571.70137	0.02643
3569.77280	0.02657
3567.84424	0.02682
3565.91567	0.02694
3563.98711	0.02686
3562.05854	0.02681
3560.12998	0.02689
3558.20142	0.02708
3556.27285	0.02734
3554.34429	0.02752
3552.41572	0.02756
3550.48716	0.02758
3548.55859	0.02776
3546.63003	0.02805
3544.70146	0.02827
3542.77290	0.02827
3540.84434	0.02810
3538.91577	0.02802
3536.98721	0.02826
3535.05864	0.02862
3533.13008	0.02874
3531.20151	0.02874
3529.27295	0.02885
3527.34438	0.02904
3525.41582	0.02922
3523.48726	0.02935
3521.55869	0.02940
3519.63013	0.02949
3517.70156	0.02964
3515.77300	0.02971
3513.84443	0.02972
3511.91587	0.02981
3509.98730	0.02999
3508.05874	0.03009
3506.13018	0.03012
3504.20161	0.03026
3502.27305	0.03046
3500.34448	0.03054
3498.41592	0.03053
3496.48735	0.03055
3494.55879	0.03059
3492.63022	0.03057
3490.70166	0.03044
3488.77310	0.03032
3486.84453	0.03044
3484.91597	0.03077
3482.98740	0.03104
3481.05884	0.03123
3479.13027	0.03153
3477.20171	0.03195
3475.27314	0.03216
3473.34458	0.03202
3471.41602	0.03182
3469.48745	0.03179
3467.55889	0.03185
3465.63032	0.03205
3463.70176	0.03242
3461.77319	0.03265
3459.84463	0.03249
3457.91606	0.03219
3455.98750	0.03211
3454.05894	0.03239
3452.13037	0.03273
3450.20181	0.03289
3448.27324	0.03298
3446.34468	0.03307
3444.41611	0.03311
3442.48755	0.03313
3440.55898	0.03311
3438.63042	0.03297
3436.70186	0.03278
3434.77329	0.03276
3432.84473	0.03299
3430.91616	0.03332
3428.98760	0.03350
3427.05903	0.03359
3425.13047	0.03377
3423.20190	0.03396
3421.27334	0.03398
3419.34478	0.03387
3417.41621	0.03371
3415.48765	0.03361
3413.55908	0.03368
3411.63052	0.03389
3409.70195	0.03410
3407.77339	0.03414
3405.84482	0.03399
3403.91626	0.03382
3401.98770	0.03376
3400.05913	0.03377
3398.13057	0.03371
3396.20200	0.03360
3394.27344	0.03349
3392.34487	0.03356
3390.41631	0.03379
3388.48774	0.03396
3386.55918	0.03399
3384.63062	0.03389
3382.70205	0.03379
3380.77349	0.03378
3378.84492	0.03386
3376.91636	0.03399
3374.98779	0.03406
3373.05923	0.03406
3371.13066	0.03408
3369.20210	0.03415
3367.27354	0.03418
3365.34497	0.03411
3363.41641	0.03409
3361.48784	0.03420
3359.55928	0.03426
3357.63071	0.03414
3355.70215	0.03401
3353.77358	0.03408
3351.84502	0.03422
3349.91646	0.03427
3347.98789	0.03425
3346.05933	0.03424
3344.13076	0.03420
3342.20220	0.03411
3340.27363	0.03397
3338.34507	0.03381
3336.41650	0.03377
3334.48794	0.03388
3332.55937	0.03389
3330.63081	0.03373
3328.70225	0.03370
3326.77368	0.03389
3324.84512	0.03410
3322.91655	0.03421
3320.98799	0.03414
3319.05942	0.03393
3317.13086	0.03376
3315.20229	0.03369
3313.27373	0.03365
3311.34517	0.03362
3309.41660	0.03363
3307.48804	0.03369
3305.55947	0.03375
3303.63091	0.03381
3301.70234	0.03384
3299.77378	0.03373
3297.84521	0.03346
3295.91665	0.03326
3293.98809	0.03329
3292.05952	0.03335
3290.13096	0.03332
3288.20239	0.03332
3286.27383	0.03338
3284.34526	0.03339
3282.41670	0.03328
3280.48813	0.03310
3278.55957	0.03308
3276.63101	0.03321
3274.70244	0.03323
3272.77388	0.03301
3270.84531	0.03274
3268.91675	0.03262
3266.98818	0.03269
3265.05962	0.03277
3263.13105	0.03276
3261.20249	0.03277
3259.27393	0.03276
3257.34536	0.03263
3255.41680	0.03245
3253.48823	0.03238
3251.55967	0.03240
3249.63110	0.03240
3247.70254	0.03218
3245.77397	0.03179
3243.84541	0.03151
3241.91685	0.03137
3239.98828	0.03123
3238.05972	0.03117
3236.13115	0.03125
3234.20259	0.03134
3232.27402	0.03125
3230.34546	0.03104
3228.41689	0.03089
3226.48833	0.03080
3224.55977	0.03079
3222.63120	0.03089
3220.70264	0.03094
3218.77407	0.03078
3216.84551	0.03055
3214.91694	0.03047
3212.98838	0.03048
3211.05981	0.03033
3209.13125	0.03011
3207.20269	0.03008
3205.27412	0.03017
3203.34556	0.03015
3201.41699	0.03005
3199.48843	0.03011
3197.55986	0.03028
3195.63130	0.03029
3193.70273	0.03007
3191.77417	0.02971
3189.84561	0.02932
3187.91704	0.02912
3185.98848	0.02914
3184.05991	0.02919
3182.13135	0.02912
3180.20278	0.02894
3178.27422	0.02875
3176.34565	0.02869
3174.41709	0.02876
3172.48853	0.02882
3170.55996	0.02876
3168.63140	0.02856
3166.70283	0.02823
3164.77427	0.02786
3162.84570	0.02771
3160.91714	0.02782
3158.98857	0.02802
3157.06001	0.02811
3155.13145	0.02801
3153.20288	0.02775
3151.27432	0.02740
3149.34575	0.02704
3147.41719	0.02687
3145.48862	0.02700
3143.56006	0.02717
3141.63149	0.02714
3139.70293	0.02692
3137.77437	0.02660
3135.84580	0.02633
3133.91724	0.02621
3131.98867	0.02620
3130.06011	0.02620
3128.13154	0.02621
3126.20298	0.02616
3124.27441	0.02604
3122.34585	0.02594
3120.41729	0.02585
3118.48872	0.02572
3116.56016	0.02569
3114.63159	0.02574
3112.70303	0.02568
3110.77446	0.02554
3108.84590	0.02552
3106.91733	0.02560
3104.98877	0.02558
3103.06021	0.02550
3101.13164	0.02554
3099.20308	0.02563
3097.27451	0.02566
3095.34595	0.02566
3093.41738	0.02566
3091.48882	0.02564
3089.56025	0.02558
3087.63169	0.02550
3085.70312	0.02541
3083.77456	0.02529
3081.84600	0.02515
3079.91743	0.02512
3077.98887	0.02524
3076.06030	0.02534
3074.13174	0.02535
3072.20317	0.02532
3070.27461	0.02532
3068.34604	0.02529
3066.41748	0.02520
3064.48892	0.02508
3062.56035	0.02495
3060.63179	0.02484
3058.70322	0.02478
3056.77466	0.02472
3054.84609	0.02464
3052.91753	0.02453
3050.98896	0.02440
3049.06040	0.02427
3047.13184	0.02414
3045.20327	0.02403
3043.27471	0.02396
3041.34614	0.02398
3039.41758	0.02407
3037.48901	0.02413
3035.56045	0.02403
3033.63188	0.02385
3031.70332	0.02372
3029.77476	0.02363
3027.84619	0.02356
3025.91763	0.02344
3023.98906	0.02325
3022.06050	0.02313
3020.13193	0.02313
3018.20337	0.02308
3016.27480	0.02295
3014.34624	0.02287
3012.41768	0.02285
3010.48911	0.02275
3008.56055	0.02262
3006.63198	0.02260
3004.70342	0.02264
3002.77485	0.02265
3000.84629	0.02268
2998.91772	0.02276
2996.98916	0.02280
2995.06060	0.02280
2993.13203	0.02289
2991.20347	0.02307
2989.27490	0.02334
2987.34634	0.02365
2985.41777	0.02388
2983.48921	0.02415
2981.56064	0.02465
2979.63208	0.02523
2977.70352	0.02568
2975.77495	0.02611
2973.84639	0.02672
2971.91782	0.02755
2969.98926	0.02854
2968.06069	0.02963
2966.13213	0.03085
2964.20356	0.03225
2962.27500	0.03374
2960.34644	0.03521
2958.41787	0.03668
2956.48931	0.03827
2954.56074	0.04000
2952.63218	0.04193
2950.70361	0.04420
2948.77505	0.04702
2946.84648	0.05063
2944.91792	0.05522
2942.98936	0.06099
2941.06079	0.06815
2939.13223	0.07675
2937.20366	0.08686
2935.27510	0.09871
2933.34653	0.11257
2931.41797	0.12890
2929.48940	0.14845
2927.56084	0.17233
2925.63228	0.20211
2923.70371	0.23952
2921.77515	0.28572
2919.84658	0.33978
2917.91802	0.39584
2915.98945	0.44021
2914.06089	0.45582
2912.13232	0.43832
2910.20376	0.40157
2908.27520	0.36215
2906.34663	0.32815
2904.41807	0.30119
2902.48950	0.28034
2900.56094	0.26390
2898.63237	0.25028
2896.70381	0.23834
2894.77524	0.22730
2892.84668	0.21653
2890.91812	0.20579
2888.98955	0.19510
2887.06099	0.18449
2885.13242	0.17390
2883.20386	0.16334
2881.27529	0.15274
2879.34673	0.14204
2877.41816	0.13141
2875.48960	0.12145
2873.56104	0.11286
2871.63247	0.10604
2869.70391	0.10113
2867.77534	0.09822
2865.84678	0.09765
2863.91821	0.10012
2861.98965	0.10646
2860.06108	0.11807
2858.13252	0.13751
2856.20396	0.16878
2854.27539	0.21674
2852.34683	0.28347
2850.41826	0.35880
2848.48970	0.41187
2846.56113	0.41182
2844.63257	0.36689
2842.70400	0.30931
2840.77544	0.25895
2838.84687	0.22022
2836.91831	0.19145
2834.98975	0.17007
2833.06118	0.15394
2831.13262	0.14138
2829.20405	0.13130
2827.27549	0.12305
2825.34692	0.11618
2823.41836	0.11043
2821.48979	0.10560
2819.56123	0.10144
2817.63267	0.09774
2815.70410	0.09440
2813.77554	0.09143
2811.84697	0.08887
2809.91841	0.08660
2807.98984	0.08445
2806.06128	0.08243
2804.13271	0.08059
2802.20415	0.07889
2800.27559	0.07732
2798.34702	0.07585
2796.41846	0.07444
2794.48989	0.07304
2792.56133	0.07168
2790.63276	0.07037
2788.70420	0.06913
2786.77563	0.06799
2784.84707	0.06688
2782.91851	0.06572
2780.98994	0.06464
2779.06138	0.06370
2777.13281	0.06286
2775.20425	0.06206
2773.27568	0.06128
2771.34712	0.06053
2769.41855	0.05981
2767.48999	0.05909
2765.56143	0.05843
2763.63286	0.05788
2761.70430	0.05732
2759.77573	0.05673
2757.84717	0.05617
2755.91860	0.05571
2753.99004	0.05528
2752.06147	0.05483
2750.13291	0.05440
2748.20435	0.05408
2746.27578	0.05386
2744.34722	0.05367
2742.41865	0.05348
2740.49009	0.05326
2738.56152	0.05296
2736.63296	0.05261
2734.70439	0.05223
2732.77583	0.05188
2730.84727	0.05159
2728.91870	0.05131
2726.99014	0.05094
2725.06157	0.05058
2723.13301	0.05030
2721.20444	0.05002
2719.27588	0.04971
2717.34731	0.04939
2715.41875	0.04911
2713.49019	0.04887
2711.56162	0.04863
2709.63306	0.04835
2707.70449	0.04810
2705.77593	0.04793
2703.84736	0.04777
2701.91880	0.04755
2699.99023	0.04721
2698.06167	0.04686
2696.13311	0.04657
2694.20454	0.04630
2692.27598	0.04610
2690.34741	0.04595
2688.41885	0.04584
2686.49028	0.04578
2684.56172	0.04576
2682.63315	0.04573
2680.70459	0.04565
2678.77603	0.04557
2676.84746	0.04555
2674.91890	0.04555
2672.99033	0.04558
2671.06177	0.04567
2669.13320	0.04577
2667.20464	0.04582
2665.27607	0.04587
2663.34751	0.04592
2661.41895	0.04594
2659.49038	0.04595
2657.56182	0.04590
2655.63325	0.04575
2653.70469	0.04553
2651.77612	0.04531
2649.84756	0.04513
2647.91899	0.04495
2645.99043	0.04479
2644.06187	0.04477
2642.13330	0.04483
2640.20474	0.04485
2638.27617	0.04484
2636.34761	0.04484
2634.41904	0.04478
2632.49048	0.04455
2630.56191	0.04423
2628.63335	0.04394
2626.70479	0.04366
2624.77622	0.04332
2622.84766	0.04289
2620.91909	0.04245
2618.99053	0.04208
2617.06196	0.04175
2615.13340	0.04142
2613.20483	0.04120
2611.27627	0.04107
2609.34771	0.04086
2607.41914	0.04052
2605.49058	0.04020
2603.56201	0.03995
2601.63345	0.03974
2599.70488	0.03950
2597.77632	0.03924
2595.84775	0.03906
2593.91919	0.03905
2591.99062	0.03901
2590.06206	0.03881
2588.13350	0.03860
2586.20493	0.03845
2584.27637	0.03817
2582.34780	0.03781
2580.41924	0.03760
2578.49067	0.03751
2576.56211	0.03733
2574.63354	0.03706
2572.70498	0.03690
2570.77642	0.03691
2568.84785	0.03688
2566.91929	0.03672
2564.99072	0.03648
2563.06216	0.03626
2561.13359	0.03620
2559.20503	0.03621
2557.27646	0.03609
2555.34790	0.03582
2553.41934	0.03556
2551.49077	0.03540
2549.56221	0.03534
2547.63364	0.03531
2545.70508	0.03523
2543.77651	0.03510
2541.84795	0.03495
2539.91938	0.03479
2537.99082	0.03463
2536.06226	0.03452
2534.13369	0.03450
2532.20513	0.03456
2530.27656	0.03463
2528.34800	0.03464
2526.41943	0.03452
2524.49087	0.03434
2522.56230	0.03414
2520.63374	0.03395
2518.70518	0.03384
2516.77661	0.03376
2514.84805	0.03364
2512.91948	0.03347
2510.99092	0.03329
2509.06235	0.03318
2507.13379	0.03319
2505.20522	0.03321
2503.27666	0.03312
2501.34810	0.03291
2499.41953	0.03266
2497.49097	0.03248
2495.56240	0.03248
2493.63384	0.03258
2491.70527	0.03265
2489.77671	0.03264
2487.84814	0.03254
2485.91958	0.03245
2483.99102	0.03248
2482.06245	0.03251
2480.13389	0.03247
2478.20532	0.03243
2476.27676	0.03241
2474.34819	0.03235
2472.41963	0.03223
2470.49106	0.03214
2468.56250	0.03204
2466.63394	0.03192
2464.70537	0.03180
2462.77681	0.03168
2460.84824	0.03156
2458.91968	0.03148
2456.99111	0.03139
2455.06255	0.03121
2453.13398	0.03102
2451.20542	0.03095
2449.27686	0.03101
2447.34829	0.03110
2445.41973	0.03110
2443.49116	0.03098
2441.56260	0.03085
2439.63403	0.03078
2437.70547	0.03068
2435.77690	0.03054
2433.84834	0.03046
2431.91978	0.03050
2429.99121	0.03056
2428.06265	0.03056
2426.13408	0.03048
2424.20552	0.03040
2422.27695	0.03044
2420.34839	0.03064
2418.41982	0.03083
2416.49126	0.03086
2414.56270	0.03082
2412.63413	0.03078
2410.70557	0.03070
2408.77700	0.03057
2406.84844	0.03041
2404.91987	0.03029
2402.99131	0.03028
2401.06274	0.03030
2399.13418	0.03010
2397.20562	0.03006
2395.27705	0.03009
2393.34849	0.03013
2391.41992	0.03018
2389.49136	0.03022
2387.56279	0.03028
2385.63423	0.03039
2383.70566	0.03048
2381.77710	0.03049
2379.84854	0.03044
2377.91997	0.03038
2375.99141	0.03030
2374.06284	0.03013
2372.13428	0.02989
2370.20571	0.02969
2368.27715	0.02958
2366.34858	0.02958
2364.42002	0.02972
2362.49146	0.02997
2360.56289	0.03031
2358.63433	0.03077
2356.70576	0.03121
2354.77720	0.03155
2352.84863	0.03203
2350.92007	0.03262
2348.99150	0.03296
2347.06294	0.03276
2345.13437	0.03240
2343.20581	0.03219
2341.27725	0.03208
2339.34868	0.03198
2337.42012	0.03192
2335.49155	0.03193
2333.56299	0.03200
2331.63442	0.03217
2329.70586	0.03249
2327.77729	0.03295
2325.84873	0.03328
2323.92017	0.03322
2321.99160	0.03281
2320.06304	0.03231
2318.13447	0.03195
2316.20591	0.03169
2314.27734	0.03144
2312.34878	0.03123
2310.42021	0.03113
2308.49165	0.03113
2306.56309	0.03105
2304.63452	0.03084
2302.70596	0.03061
2300.77739	0.03045
2298.84883	0.03036
2296.92026	0.03033
2294.99170	0.03032
2293.06313	0.03030
2291.13457	0.03026
2289.20601	0.03021
2287.27744	0.03013
2285.34888	0.02990
2283.42031	0.02959
2281.49175	0.02939
2279.56318	0.02928
2277.63462	0.02925
2275.70605	0.02934
2273.77749	0.02940
2271.84893	0.02923
2269.92036	0.02892
2267.99180	0.02864
2266.06323	0.02849
2264.13467	0.02842
2262.20610	0.02835
2260.27754	0.02836
2258.34897	0.02845
2256.42041	0.02838
2254.49185	0.02808
2252.56328	0.02781
2250.63472	0.02769
2248.70615	0.02757
2246.77759	0.02767
2244.84902	0.02780
2242.92046	0.02785
2240.99189	0.02769
2239.06333	0.02739
2237.13477	0.02720
2235.20620	0.02717
2233.27764	0.02716
2231.34907	0.02715
2229.42051	0.02719
2227.49194	0.02717
2225.56338	0.02696
2223.63481	0.02670
2221.70625	0.02671
2219.77769	0.02693
2217.84912	0.02693
2215.92056	0.02670
2213.99199	0.02666
2212.06343	0.02693
2210.13486	0.02715
2208.20630	0.02709
2206.27773	0.02685
2204.34917	0.02657
2202.42061	0.02626
2200.49204	0.02603
2198.56348	0.02619
2196.63491	0.02666
2194.70635	0.02695
2192.77778	0.02702
2190.84922	0.02709
2188.92065	0.02694
2186.99209	0.02650
2185.06353	0.02624
2183.13496	0.02628
2181.20640	0.02628
2179.27783	0.02607
2177.34927	0.02596
2175.42070	0.02605
2173.49214	0.02613
2171.56357	0.02634
2169.63501	0.02672
2167.70645	0.02694
2165.77788	0.02684
2163.84932	0.02694
2161.92075	0.02712
2159.99219	0.02592
2158.06362	0.02387
2156.13506	0.02317
2154.20649	0.02361
2152.27793	0.02415
2150.34937	0.02443
2148.42080	0.02448
2146.49224	0.02458
2144.56367	0.02490
2142.63511	0.02511
2140.70654	0.02490
2138.77798	0.02446
2136.84941	0.02410
2134.92085	0.02380
2132.99229	0.02380
2131.06372	0.02425
2129.13516	0.02478
2127.20659	0.02507
2125.27803	0.02525
2123.34946	0.02541
2121.42090	0.02550
2119.49233	0.02551
2117.56377	0.02558
2115.63521	0.02574
2113.70664	0.02588
2111.77808	0.02583
2109.84951	0.02564
2107.92095	0.02550
2105.99238	0.02552
2104.06382	0.02565
2102.13525	0.02570
2100.20669	0.02559
2098.27812	0.02543
2096.34956	0.02526
2094.42100	0.02518
2092.49243	0.02534
2090.56387	0.02560
2088.63530	0.02566
2086.70674	0.02553
2084.77817	0.02542
2082.84961	0.02552
2080.92104	0.02577
2078.99248	0.02592
2077.06392	0.02603
2075.13535	0.02612
2073.20679	0.02599
2071.27822	0.02579
2069.34966	0.02574
2067.42109	0.02570
2065.49253	0.02545
2063.56396	0.02506
2061.63540	0.02488
2059.70684	0.02515
2057.77827	0.02573
2055.84971	0.02624
2053.92114	0.02650
2051.99258	0.02681
2050.06401	0.02711
2048.13545	0.02676
2046.20688	0.02584
2044.27832	0.02524
2042.34976	0.02536
2040.42119	0.02567
2038.49263	0.02572
2036.56406	0.02570
2034.63550	0.02562
2032.70693	0.02536
2030.77837	0.02523
2028.84980	0.02533
2026.92124	0.02536
2024.99268	0.02540
2023.06411	0.02563
2021.13555	0.02575
2019.20698	0.02558
2017.27842	0.02540
2015.34985	0.02533
2013.42129	0.02520
2011.49272	0.02511
2009.56416	0.02506
2007.63560	0.02482
2005.70703	0.02454
2003.77847	0.02457
2001.84990	0.02468
1999.92134	0.02452
1997.99277	0.02442
1996.06421	0.02471
1994.13564	0.02505
1992.20708	0.02502
1990.27852	0.02480
1988.34995	0.02464
1986.42139	0.02452
1984.49282	0.02471
1982.56426	0.02530
1980.63569	0.02550
1978.70713	0.02480
1976.77856	0.02413
1974.85000	0.02418
1972.92144	0.02443
1970.99287	0.02441
1969.06431	0.02422
1967.13574	0.02402
1965.20718	0.02393
1963.27861	0.02386
1961.35005	0.02377
1959.42148	0.02371
1957.49292	0.02388
1955.56436	0.02431
1953.63579	0.02465
1951.70723	0.02458
1949.77866	0.02426
1947.85010	0.02408
1945.92153	0.02414
1943.99297	0.02431
1942.06440	0.02460
1940.13584	0.02487
1938.20728	0.02486
1936.27871	0.02458
1934.35015	0.02434
1932.42158	0.02433
1930.49302	0.02444
1928.56445	0.02455
1926.63589	0.02458
1924.70732	0.02454
1922.77876	0.02452
1920.85020	0.02457
1918.92163	0.02476
1916.99307	0.02497
1915.06450	0.02502
1913.13594	0.02494
1911.20737	0.02493
1909.27881	0.02505
1907.35024	0.02527
1905.42168	0.02556
1903.49312	0.02578
1901.56455	0.02584
1899.63599	0.02585
1897.70742	0.02594
1895.77886	0.02610
1893.85029	0.02618
1891.92173	0.02610
1889.99316	0.02594
1888.06460	0.02578
1886.13604	0.02563
1884.20747	0.02546
1882.27891	0.02531
1880.35034	0.02522
1878.42178	0.02519
1876.49321	0.02513
1874.56465	0.02504
1872.63608	0.02503
1870.70752	0.02509
1868.77896	0.02508
1866.85039	0.02504
1864.92183	0.02508
1862.99326	0.02516
1861.06470	0.02518
1859.13613	0.02514
1857.20757	0.02513
1855.27900	0.02512
1853.35044	0.02506
1851.42187	0.02497
1849.49331	0.02494
1847.56475	0.02506
1845.63618	0.02525
1843.70762	0.02527
1841.77905	0.02511
1839.85049	0.02501
1837.92192	0.02503
1835.99336	0.02508
1834.06479	0.02510
1832.13623	0.02512
1830.20767	0.02525
1828.27910	0.02547
1826.35054	0.02566
1824.42197	0.02579
1822.49341	0.02591
1820.56484	0.02601
1818.63628	0.02607
1816.70771	0.02611
1814.77915	0.02617
1812.85059	0.02627
1810.92202	0.02641
1808.99346	0.02656
1807.06489	0.02672
1805.13633	0.02690
1803.20776	0.02707
1801.27920	0.02722
1799.35063	0.02741
1797.42207	0.02767
1795.49351	0.02800
1793.56494	0.02846
1791.63638	0.02902
1789.70781	0.02949
1787.77925	0.02981
1785.85068	0.03006
1783.92212	0.03034
1781.99355	0.03063
1780.06499	0.03088
1778.13643	0.03102
1776.20786	0.03107
1774.27930	0.03119
1772.35073	0.03156
1770.42217	0.03203
1768.49360	0.03235
1766.56504	0.03249
1764.63647	0.03261
1762.70791	0.03280
1760.77935	0.03305
1758.85078	0.03336
1756.92222	0.03376
1754.99365	0.03425
1753.06509	0.03485
1751.13652	0.03572
1749.20796	0.03689
1747.27939	0.03823
1745.35083	0.03963
1743.42227	0.04111
1741.49370	0.04257
1739.56514	0.04384
1737.63657	0.04473
1735.70801	0.04538
1733.77944	0.04603
1731.85088	0.04663
1729.92231	0.04723
1727.99375	0.04816
1726.06519	0.04971
1724.13662	0.05180
1722.20806	0.05404
1720.27949	0.05637
1718.35093	0.05931
1716.42236	0.06279
1714.49380	0.06552
1712.56523	0.06673
1710.63667	0.06657
1708.70811	0.06549
1706.77954	0.06387
1704.85098	0.06209
1702.92241	0.06058
1700.99385	0.05942
1699.06528	0.05838
1697.13672	0.05706
1695.20815	0.05525
1693.27959	0.05335
1691.35103	0.05174
1689.42246	0.05047
1687.49390	0.04953
1685.56533	0.04884
1683.63677	0.04836
1681.70820	0.04807
1679.77964	0.04792
1677.85107	0.04786
1675.92251	0.04785
1673.99395	0.04784
1672.06538	0.04788
1670.13682	0.04807
1668.20825	0.04831
1666.27969	0.04849
1664.35112	0.04866
1662.42256	0.04889
1660.49399	0.04907
1658.56543	0.04910
1656.63687	0.04906
1654.70830	0.04906
1652.77974	0.04919
1650.85117	0.04932
1648.92261	0.04941
1646.99404	0.04958
1645.06548	0.04986
1643.13691	0.05013
1641.20835	0.05026
1639.27979	0.05019
1637.35122	0.04995
1635.42266	0.04972
1633.49409	0.04957
1631.56553	0.04945
1629.63696	0.04926
1627.70840	0.04898
1625.77983	0.04859
1623.85127	0.04814
1621.92271	0.04767
1619.99414	0.04722
1618.06558	0.04680
1616.13701	0.04635
1614.20845	0.04585
1612.27988	0.04536
1610.35132	0.04492
1608.42275	0.04461
1606.49419	0.04440
1604.56562	0.04425
1602.63706	0.04413
1600.70850	0.04406
1598.77993	0.04400
1596.85137	0.04395
1594.92280	0.04394
1592.99424	0.04403
1591.06567	0.04419
1589.13711	0.04438
1587.20854	0.04461
1585.27998	0.04491
1583.35142	0.04527
1581.42285	0.04558
1579.49429	0.04576
1577.56572	0.04582
1575.63716	0.04584
1573.70859	0.04580
1571.78003	0.04565
1569.85146	0.04546
1567.92290	0.04531
1565.99434	0.04521
1564.06577	0.04517
1562.13721	0.04520
1560.20864	0.04537
1558.28008	0.04568
1556.35151	0.04593
1554.42295	0.04606
1552.49438	0.04616
1550.56582	0.04625
1548.63726	0.04634
1546.70869	0.04646
1544.78013	0.04655
1542.85156	0.04648
1540.92300	0.04611
1538.99443	0.04540
1537.06587	0.04454
1535.13730	0.04363
1533.20874	0.04262
1531.28018	0.04159
1529.35161	0.04070
1527.42305	0.03995
1525.49448	0.03926
1523.56592	0.03862
1521.63735	0.03803
1519.70879	0.03753
1517.78022	0.03712
1515.85166	0.03674
1513.92310	0.03639
1511.99453	0.03609
1510.06597	0.03580
1508.13740	0.03547
1506.20884	0.03510
1504.28027	0.03481
1502.35171	0.03461
1500.42314	0.03448
1498.49458	0.03442
1496.56602	0.03435
1494.63745	0.03422
1492.70889	0.03407
1490.78032	0.03406
1488.85176	0.03427
1486.92319	0.03471
1484.99463	0.03544
1483.06606	0.03673
1481.13750	0.03956
1479.20894	0.04758
1477.28037	0.06954
1475.35181	0.11325
1473.42324	0.16690
1471.49468	0.19592
1469.56611	0.18746
1467.63755	0.16695
1465.70898	0.15683
1463.78042	0.15675
1461.85186	0.15220
1459.92329	0.13568
1457.99473	0.11305
1456.06616	0.09492
1454.13760	0.08514
1452.20903	0.07984
1450.28047	0.07587
1448.35190	0.07268
1446.42334	0.07036
1444.49478	0.06879
1442.56621	0.06771
1440.63765	0.06689
1438.70908	0.06617
1436.78052	0.06543
1434.85195	0.06456
1432.92339	0.06349
1430.99482	0.06225
1429.06626	0.06097
1427.13770	0.05988
1425.20913	0.05909
1423.28057	0.05853
1421.35200	0.05815
1419.42344	0.05798
1417.49487	0.05802
1415.56631	0.05816
1413.63774	0.05824
1411.70918	0.05818
1409.78062	0.05790
1407.85205	0.05736
1405.92349	0.05656
1403.99492	0.05556
1402.06636	0.05446
1400.13779	0.05340
1398.20923	0.05247
1396.28066	0.05169
1394.35210	0.05103
1392.42354	0.05045
1390.49497	0.04997
1388.56641	0.04962
1386.63784	0.04944
1384.70928	0.04946
1382.78071	0.04975
1380.85215	0.05038
1378.92358	0.05118
1376.99502	0.05181
1375.06646	0.05210
1373.13789	0.05213
1371.20933	0.05206
1369.28076	0.05188
1367.35220	0.05152
1365.42363	0.05107
1363.49507	0.05069
1361.56650	0.05041
1359.63794	0.05019
1357.70937	0.05003
1355.78081	0.04991
1353.85225	0.04984
1351.92368	0.04978
1349.99512	0.04967
1348.06655	0.04949
1346.13799	0.04925
1344.20942	0.04899
1342.28086	0.04881
1340.35229	0.04867
1338.42373	0.04843
1336.49517	0.04811
1334.56660	0.04787
1332.63804	0.04781
1330.70947	0.04793
1328.78091	0.04814
1326.85234	0.04841
1324.92378	0.04874
1322.99521	0.04911
1321.06665	0.04949
1319.13809	0.04984
1317.20952	0.05009
1315.28096	0.05029
1313.35239	0.05048
1311.42383	0.05066
1309.49526	0.05083
1307.56670	0.05103
1305.63813	0.05128
1303.70957	0.05156
1301.78101	0.05189
1299.85244	0.05220
1297.92388	0.05244
1295.99531	0.05264
1294.06675	0.05277
1292.13818	0.05284
1290.20962	0.05293
1288.28105	0.05304
1286.35249	0.05315
1284.42393	0.05319
1282.49536	0.05314
1280.56680	0.05306
1278.63823	0.05304
1276.70967	0.05304
1274.78110	0.05302
1272.85254	0.05301
1270.92397	0.05308
1268.99541	0.05319
1267.06685	0.05333
1265.13828	0.05346
1263.20972	0.05356
1261.28115	0.05364
1259.35259	0.05373
1257.42402	0.05385
1255.49546	0.05394
1253.56689	0.05397
1251.63833	0.05397
1249.70977	0.05402
1247.78120	0.05413
1245.85264	0.05419
1243.92407	0.05419
1241.99551	0.05420
1240.06694	0.05420
1238.13838	0.05413
1236.20981	0.05399
1234.28125	0.05380
1232.35269	0.05356
1230.42412	0.05331
1228.49556	0.05322
1226.56699	0.05331
1224.63843	0.05346
1222.70986	0.05354
1220.78130	0.05349
1218.85273	0.05332
1216.92417	0.05323
1214.99561	0.05335
1213.06704	0.05356
1211.13848	0.05372
1209.20991	0.05388
1207.28135	0.05410
1205.35278	0.05433
1203.42422	0.05454
1201.49565	0.05476
1199.56709	0.05503
1197.63853	0.05538
1195.70996	0.05582
1193.78140	0.05629
1191.85283	0.05675
1189.92427	0.05721
1187.99570	0.05766
1186.06714	0.05809
1184.13857	0.05853
1182.21001	0.05891
1180.28145	0.05930
1178.35288	0.05981
1176.42432	0.06028
1174.49575	0.06057
1172.56719	0.06078
1170.63862	0.06101
1168.71006	0.06119
1166.78149	0.06123
1164.85293	0.06114
1162.92437	0.06100
1160.99580	0.06078
1159.06724	0.06051
1157.13867	0.06022
1155.21011	0.05987
1153.28154	0.05950
1151.35298	0.05920
1149.42441	0.05899
1147.49585	0.05887
1145.56729	0.05880
1143.63872	0.05883
1141.71016	0.05899
1139.78159	0.05918
1137.85303	0.05941
1135.92446	0.05979
1133.99590	0.06033
1132.06733	0.06095
1130.13877	0.06165
1128.21021	0.06246
1126.28164	0.06332
1124.35308	0.06418
1122.42451	0.06507
1120.49595	0.06598
1118.56738	0.06688
1116.63882	0.06774
1114.71025	0.06860
1112.78169	0.06955
1110.85312	0.07061
1108.92456	0.07164
1106.99600	0.07251
1105.06743	0.07331
1103.13887	0.07407
1101.21030	0.07468
1099.28174	0.07515
1097.35317	0.07553
1095.42461	0.07579
1093.49604	0.07595
1091.56748	0.07610
1089.63892	0.07629
1087.71035	0.07652
1085.78179	0.07678
1083.85322	0.07701
1081.92466	0.07713
1079.99609	0.07717
1078.06753	0.07723
1076.13896	0.07729
1074.21040	0.07726
1072.28184	0.07721
1070.35327	0.07720
1068.42471	0.07723
1066.49614	0.07726
1064.56758	0.07735
1062.63901	0.07755
1060.71045	0.07788
1058.78188	0.07843
1056.85332	0.07918
1054.92476	0.07995
1052.99619	0.08075
1051.06763	0.08171
1049.13906	0.08274
1047.21050	0.08372
1045.28193	0.08457
1043.35337	0.08532
1041.42480	0.08607
1039.49624	0.08682
1037.56768	0.08741
1035.63911	0.08766
1033.71055	0.08755
1031.78198	0.08715
1029.85342	0.08642
1027.92485	0.08549
1025.99629	0.08457
1024.06772	0.08373
1022.13916	0.08297
1020.21060	0.08242
1018.28203	0.08214
1016.35347	0.08201
1014.42490	0.08195
1012.49634	0.08202
1010.56777	0.08207
1008.63921	0.08190
1006.71064	0.08143
1004.78208	0.08067
1002.85352	0.07957
1000.92495	0.07826
998.99639	0.07700
997.06782	0.07593
995.13926	0.07494
993.21069	0.07384
991.28213	0.07261
989.35356	0.07129
987.42500	0.06989
985.49644	0.06848
983.56787	0.06721
981.63931	0.06619
979.71074	0.06537
977.78218	0.06470
975.85361	0.06416
973.92505	0.06374
971.99648	0.06345
970.06792	0.06332
968.13936	0.06321
966.21079	0.06301
964.28223	0.06275
962.35366	0.06247
960.42510	0.06214
958.49653	0.06187
956.56797	0.06171
954.63940	0.06156
952.71084	0.06146
950.78228	0.06149
948.85371	0.06163
946.92515	0.06180
944.99658	0.06200
943.06802	0.06231
941.13945	0.06263
939.21089	0.06277
937.28232	0.06283
935.35376	0.06291
933.42520	0.06293
931.49663	0.06290
929.56807	0.06293
927.63950	0.06302
925.71094	0.06320
923.78237	0.06368
921.85381	0.06441
919.92524	0.06524
917.99668	0.06620
916.06812	0.06744
914.13955	0.06893
912.21099	0.07059
910.28242	0.07209
908.35386	0.07257
906.42529	0.07138
904.49673	0.06905
902.56816	0.06669
900.63960	0.06473
898.71104	0.06309
896.78247	0.06182
894.85391	0.06084
892.92534	0.06004
890.99678	0.05939
889.06821	0.05889
887.13965	0.05851
885.21108	0.05826
883.28252	0.05797
881.35396	0.05750
879.42539	0.05703
877.49683	0.05677
875.56826	0.05666
873.63970	0.05641
871.71113	0.05604
869.78257	0.05578
867.85400	0.05568
865.92544	0.05563
863.99687	0.05552
862.06831	0.05527
860.13975	0.05491
858.21118	0.05464
856.28262	0.05447
854.35405	0.05433
852.42549	0.05430
850.49692	0.05439
848.56836	0.05437
846.63979	0.05416
844.71123	0.05387
842.78267	0.05371
840.85410	0.05366
838.92554	0.05354
836.99697	0.05336
835.06841	0.05330
833.13984	0.05335
831.21128	0.05340
829.28271	0.05339
827.35415	0.05324
825.42559	0.05309
823.49702	0.05317
821.56846	0.05351
819.63989	0.05378
817.71133	0.05385
815.78276	0.05380
813.85420	0.05371
811.92563	0.05372
809.99707	0.05387
808.06851	0.05400
806.13994	0.05402
804.21138	0.05406
802.28281	0.05416
800.35425	0.05429
798.42568	0.05435
796.49712	0.05431
794.56855	0.05426
792.63999	0.05434
790.71143	0.05458
788.78286	0.05480
786.85430	0.05478
784.92573	0.05469
782.99717	0.05472
781.06860	0.05468
779.14004	0.05451
777.21147	0.05446
775.28291	0.05452
773.35435	0.05440
771.42578	0.05418
769.49722	0.05420
767.56865	0.05445
765.64009	0.05468
763.71152	0.05472
761.78296	0.05465
759.85439	0.05462
757.92583	0.05470
755.99727	0.05485
754.06870	0.05507
752.14014	0.05535
750.21157	0.05558
748.28301	0.05572
746.35444	0.05579
744.42588	0.05592
742.49731	0.05623
740.56875	0.05691
738.64019	0.05862
736.71162	0.06324
734.78306	0.07553
732.85449	0.09879
730.92593	0.12234
728.99736	0.12841
727.06880	0.12026
725.14023	0.11711
723.21167	0.13183
721.28311	0.16646
719.35454	0.20908
717.42598	0.23336
715.49741	0.22115
713.56885	0.18339
711.64028	0.14532
709.71172	0.12000
707.78315	0.10573
705.85459	0.09733
703.92603	0.09189
701.99746	0.08833
700.06890	0.08607
698.14033	0.08441
696.21177	0.08288
694.28320	0.08153
692.35464	0.08048
690.42607	0.07958
688.49751	0.07877
686.56895	0.07808
684.64038	0.07732
682.71182	0.07640
680.78325	0.07569
678.85469	0.07536
676.92612	0.07513
674.99756	0.07491
673.06899	0.07473
671.14043	0.07430
669.21187	0.07335
667.28330	0.07249
665.35474	0.07212
663.42617	0.07216
661.49761	0.07218
659.56904	0.07199
657.64048	0.07162
655.71191	0.07139
653.78335	0.07144
651.85479	0.07140
649.92622	0.07111
647.99766	0.07094
646.06909	0.07112
644.14053	0.07148
642.21196	0.07170
640.28340	0.07172
638.35483	0.07189
636.42627	0.07213
634.49771	0.07193
632.56914	0.07126
630.64058	0.07062
628.71201	0.07062
626.78345	0.07124
624.85488	0.07120
622.92632	0.07002
620.99775	0.06941
619.06919	0.07073
617.14062	0.07269
615.21206	0.07335
613.28350	0.07317
611.35493	0.07333
609.42637	0.07348
607.49780	0.07314
605.56924	0.07308
603.64067	0.07357
601.71211	0.07371
599.78354	0.07377
