3997.91411	0.01089
3995.98555	0.01097
3994.05698	0.01107
3992.12842	0.01119
3990.19985	0.01122
3988.27129	0.01111
3986.34272	0.01095
3984.41416	0.01086
3982.48560	0.01087
3980.55703	0.01094
3978.62847	0.01101
3976.69990	0.01101
3974.77134	0.01096
3972.84277	0.01101
3970.91421	0.01110
3968.98564	0.01111
3967.05708	0.01101
3965.12852	0.01088
3963.19995	0.01082
3961.27139	0.01083
3959.34282	0.01084
3957.41426	0.01084
3955.48569	0.01081
3953.55713	0.01081
3951.62856	0.01091
3949.70000	0.01108
3947.77144	0.01121
3945.84287	0.01121
3943.91431	0.01116
3941.98574	0.01112
3940.05718	0.01106
3938.12861	0.01098
3936.20005	0.01094
3934.27148	0.01100
3932.34292	0.01114
3930.41436	0.01123
3928.48579	0.01126
3926.55723	0.01131
3924.62866	0.01135
3922.70010	0.01126
3920.77153	0.01112
3918.84297	0.01110
3916.91440	0.01117
3914.98584	0.01117
3913.05728	0.01111
3911.12871	0.01107
3909.20015	0.01102
3907.27158	0.01100
3905.34302	0.01103
3903.41445	0.01109
3901.48589	0.01113
3899.55732	0.01117
3897.62876	0.01117
3895.70020	0.01107
3893.77163	0.01098
3891.84307	0.01103
3889.91450	0.01109
3887.98594	0.01104
3886.05737	0.01097
3884.12881	0.01093
3882.20024	0.01093
3880.27168	0.01103
3878.34312	0.01113
3876.41455	0.01106
3874.48599	0.01094
3872.55742	0.01090
3870.62886	0.01105
3868.70029	0.01122
3866.77173	0.01117
3864.84316	0.01099
3862.91460	0.01092
3860.98604	0.01092
3859.05747	0.01081
3857.12891	0.01056
3855.20034	0.01042
3853.27178	0.01066
3851.34321	0.01103
3849.41465	0.01114
3847.48608	0.01096
3845.55752	0.01066
3843.62896	0.01045
3841.70039	0.01040
3839.77183	0.01043
3837.84326	0.01052
3835.91470	0.01062
3833.98613	0.01071
3832.05757	0.01079
3830.12900	0.01085
3828.20044	0.01085
3826.27187	0.01081
3824.34331	0.01077
3822.41475	0.01080
3820.48618	0.01087
3818.55762	0.01087
3816.62905	0.01086
3814.70049	0.01096
3812.77192	0.01100
3810.84336	0.01091
3808.91479	0.01085
3806.98623	0.01087
3805.05767	0.01087
3803.12910	0.01080
3801.20054	0.01081
3799.27197	0.01088
3797.34341	0.01088
3795.41484	0.01083
3793.48628	0.01076
3791.55771	0.01069
3789.62915	0.01067
3787.70059	0.01072
3785.77202	0.01079
3783.84346	0.01076
3781.91489	0.01063
3779.98633	0.01056
3778.05776	0.01059
3776.12920	0.01061
3774.20063	0.01060
3772.27207	0.01061
3770.34351	0.01070
3768.41494	0.01084
3766.48638	0.01090
3764.55781	0.01084
3762.62925	0.01066
3760.70068	0.01046
3758.77212	0.01035
3756.84355	0.01033
3754.91499	0.01037
3752.98643	0.01059
3751.05786	0.01096
3749.12930	0.01113
3747.20073	0.01091
3745.27217	0.01064
3743.34360	0.01061
3741.41504	0.01054
3739.48647	0.01024
3737.55791	0.00999
3735.62935	0.01006
3733.70078	0.01032
3731.77222	0.01043
3729.84365	0.01037
3727.91509	0.01025
3725.98652	0.01024
3724.05796	0.01029
3722.12939	0.01035
3720.20083	0.01035
3718.27227	0.01027
3716.34370	0.01010
3714.41514	0.00993
3712.48657	0.00993
3710.55801	0.01013
3708.62944	0.01035
3706.70088	0.01040
3704.77231	0.01036
3702.84375	0.01036
3700.91519	0.01047
3698.98662	0.01060
3697.05806	0.01072
3695.12949	0.01077
3693.20093	0.01068
3691.27236	0.01054
3689.34380	0.01057
3687.41523	0.01075
3685.48667	0.01078
3683.55811	0.01069
3681.62954	0.01064
3679.70098	0.01060
3677.77241	0.01050
3675.84385	0.01055
3673.91528	0.01078
3671.98672	0.01097
3670.05815	0.01108
3668.12959	0.01113
3666.20103	0.01109
3664.27246	0.01107
3662.34390	0.01120
3660.41533	0.01136
3658.48677	0.01139
3656.55820	0.01134
3654.62964	0.01129
3652.70107	0.01126
3650.77251	0.01137
3648.84395	0.01170
3646.91538	0.01198
3644.98682	0.01200
3643.05825	0.01186
3641.12969	0.01176
3639.20112	0.01185
3637.27256	0.01208
3635.34399	0.01219
3633.41543	0.01204
3631.48687	0.01189
3629.55830	0.01208
3627.62974	0.01245
3625.70117	0.01263
3623.77261	0.01261
3621.84404	0.01262
3619.91548	0.01277
3617.98691	0.01292
3616.05835	0.01297
3614.12979	0.01309
3612.20122	0.01337
3610.27266	0.01370
3608.34409	0.01397
3606.41553	0.01416
3604.48696	0.01417
3602.55840	0.01399
3600.62983	0.01371
3598.70127	0.01349
3596.77271	0.01343
3594.84414	0.01341
3592.91558	0.01333
3590.98701	0.01335
3589.05845	0.01368
3587.12988	0.01418
3585.20132	0.01446
3583.27275	0.01440
3581.34419	0.01422
3579.41562	0.01414
3577.48706	0.01427
3575.55850	0.01453
3573.62993	0.01467
3571.70137	0.01454
3569.77280	0.01444
3567.84424	0.01471
3565.91567	0.01511
3563.98711	0.01519
3562.05854	0.01509
3560.12998	0.01515
3558.20142	0.01530
3556.27285	0.01535
3554.34429	0.01533
3552.41572	0.01534
3550.48716	0.01543
3548.55859	0.01564
3546.63003	0.01590
3544.70146	0.01608
3542.77290	0.01615
3540.84434	0.01625
3538.91577	0.01644
3536.98721	0.01666
3535.05864	0.01683
3533.13008	0.01688
3531.20151	0.01691
3529.27295	0.01697
3527.34438	0.01696
3525.41582	0.01688
3523.48726	0.01685
3521.55869	0.01698
3519.63013	0.01725
3517.70156	0.01746
3515.77300	0.01752
3513.84443	0.01760
3511.91587	0.01774
3509.98730	0.01791
3508.05874	0.01804
3506.13018	0.01805
3504.20161	0.01795
3502.27305	0.01783
3500.34448	0.01780
3498.41592	0.01797
3496.48735	0.01831
3494.55879	0.01857
3492.63022	0.01864
3490.70166	0.01856
3488.77310	0.01843
3486.84453	0.01839
3484.91597	0.01854
3482.98740	0.01886
3481.05884	0.01914
3479.13027	0.01919
3477.20171	0.01908
3475.27314	0.01890
3473.34458	0.01875
3471.41602	0.01872
3469.48745	0.01882
3467.55889	0.01905
3465.63032	0.01933
3463.70176	0.01952
3461.77319	0.01955
3459.84463	0.01955
3457.91606	0.01960
3455.98750	0.01972
3454.05894	0.01994
3452.13037	0.02012
3450.20181	0.02008
3448.27324	0.02001
3446.34468	0.02010
3444.41611	0.02029
3442.48755	0.02040
3440.55898	0.02038
3438.63042	0.02034
3436.70186	0.02037
3434.77329	0.02048
3432.84473	0.02058
3430.91616	0.02068
3428.98760	0.02084
3427.05903	0.02091
3425.13047	0.02083
3423.20190	0.02075
3421.27334	0.02076
3419.34478	0.02084
3417.41621	0.02097
3415.48765	0.02100
3413.55908	0.02081
3411.63052	0.02065
3409.70195	0.02074
3407.77339	0.02090
3405.84482	0.02098
3403.91626	0.02112
3401.98770	0.02136
3400.05913	0.02153
3398.13057	0.02147
3396.20200	0.02126
3394.27344	0.02108
3392.34487	0.02107
3390.41631	0.02125
3388.48774	0.02139
3386.55918	0.02136
3384.63062	0.02130
3382.70205	0.02127
3380.77349	0.02116
3378.84492	0.02105
3376.91636	0.02103
3374.98779	0.02112
3373.05923	0.02136
3371.13066	0.02168
3369.20210	0.02177
3367.27354	0.02160
3365.34497	0.02146
3363.41641	0.02142
3361.48784	0.02129
3359.55928	0.02116
3357.63071	0.02119
3355.70215	0.02124
3353.77358	0.02118
3351.84502	0.02112
3349.91646	0.02126
3347.98789	0.02146
3346.05933	0.02146
3344.13076	0.02126
3342.20220	0.02100
3340.27363	0.02087
3338.34507	0.02093
3336.41650	0.02106
3334.48794	0.02106
3332.55937	0.02098
3330.63081	0.02093
3328.70225	0.02092
3326.77368	0.02083
3324.84512	0.02071
3322.91655	0.02071
3320.98799	0.02078
3319.05942	0.02077
3317.13086	0.02071
3315.20229	0.02067
3313.27373	0.02069
3311.34517	0.02078
3309.41660	0.02088
3307.48804	0.02083
3305.55947	0.02070
3303.63091	0.02063
3301.70234	0.02060
3299.77378	0.02054
3297.84521	0.02048
3295.91665	0.02049
3293.98809	0.02058
3292.05952	0.02071
3290.13096	0.02082
3288.20239	0.02080
3286.27383	0.02066
3284.34526	0.02046
3282.41670	0.02027
3280.48813	0.02013
3278.55957	0.02008
3276.63101	0.02009
3274.70244	0.02014
3272.77388	0.02023
3270.84531	0.02031
3268.91675	0.02039
3266.98818	0.02048
3265.05962	0.02044
3263.13105	0.02022
3261.20249	0.01994
3259.27393	0.01972
3257.34536	0.01969
3255.41680	0.01983
3253.48823	0.01990
3251.55967	0.01975
3249.63110	0.01951
3247.70254	0.01935
3245.77397	0.01926
3243.84541	0.01926
3241.91685	0.01931
3239.98828	0.01924
3238.05972	0.01910
3236.13115	0.01897
3234.20259	0.01878
3232.27402	0.01861
3230.34546	0.01860
3228.41689	0.01865
3226.48833	0.01866
3224.55977	0.01865
3222.63120	0.01854
3220.70264	0.01830
3218.77407	0.01813
3216.84551	0.01815
3214.91694	0.01823
3212.98838	0.01827
3211.05981	0.01825
3209.13125	0.01825
3207.20269	0.01821
3205.27412	0.01804
3203.34556	0.01783
3201.41699	0.01768
3199.48843	0.01766
3197.55986	0.01768
3195.63130	0.01762
3193.70273	0.01750
3191.77417	0.01750
3189.84561	0.01751
3187.91704	0.01732
3185.98848	0.01704
3184.05991	0.01691
3182.13135	0.01690
3180.20278	0.01681
3178.27422	0.01661
3176.34565	0.01645
3174.41709	0.01643
3172.48853	0.01642
3170.55996	0.01634
3168.63140	0.01620
3166.70283	0.01607
3164.77427	0.01606
3162.84570	0.01603
3160.91714	0.01581
3158.98857	0.01552
3157.06001	0.01536
3155.13145	0.01533
3153.20288	0.01540
3151.27432	0.01547
3149.34575	0.01549
3147.41719	0.01551
3145.48862	0.01551
3143.56006	0.01540
3141.63149	0.01522
3139.70293	0.01510
3137.77437	0.01500
3135.84580	0.01484
3133.91724	0.01467
3131.98867	0.01456
3130.06011	0.01448
3128.13154	0.01444
3126.20298	0.01443
3124.27441	0.01433
3122.34585	0.01416
3120.41729	0.01406
3118.48872	0.01401
3116.56016	0.01400
3114.63159	0.01404
3112.70303	0.01405
3110.77446	0.01397
3108.84590	0.01387
3106.91733	0.01374
3104.98877	0.01364
3103.06021	0.01365
3101.13164	0.01380
3099.20308	0.01398
3097.27451	0.01407
3095.34595	0.01397
3093.41738	0.01370
3091.48882	0.01348
3089.56025	0.01343
3087.63169	0.01345
3085.70312	0.01344
3083.77456	0.01342
3081.84600	0.01342
3079.91743	0.01338
3077.98887	0.01327
3076.06030	0.01318
3074.13174	0.01313
3072.20317	0.01304
3070.27461	0.01291
3068.34604	0.01287
3066.41748	0.01293
3064.48892	0.01296
3062.56035	0.01289
3060.63179	0.01285
3058.70322	0.01277
3056.77466	0.01251
3054.84609	0.01220
3052.91753	0.01207
3050.98896	0.01209
3049.06040	0.01211
3047.13184	0.01208
3045.20327	0.01204
3043.27471	0.01200
3041.34614	0.01195
3039.41758	0.01190
3037.48901	0.01174
3035.56045	0.01155
3033.63188	0.01139
3031.70332	0.01122
3029.77476	0.01107
3027.84619	0.01096
3025.91763	0.01096
3023.98906	0.01109
3022.06050	0.01123
3020.13193	0.01124
3018.20337	0.01122
3016.27480	0.01125
3014.34624	0.01122
3012.41768	0.01110
3010.48911	0.01104
3008.56055	0.01108
3006.63198	0.01109
3004.70342	0.01106
3002.77485	0.01106
3000.84629	0.01113
2998.91772	0.01125
2996.98916	0.01142
2995.06060	0.01159
2993.13203	0.01179
2991.20347	0.01208
2989.27490	0.01248
2987.34634	0.01296
2985.41777	0.01349
2983.48921	0.01397
2981.56064	0.01443
2979.63208	0.01493
2977.70352	0.01553
2975.77495	0.01625
2973.84639	0.01705
2971.91782	0.01787
2969.98926	0.01896
2968.06069	0.02040
2966.13213	0.02203
2964.20356	0.02366
2962.27500	0.02520
2960.34644	0.02660
2958.41787	0.02787
2956.48931	0.02901
2954.56074	0.03013
2952.63218	0.03146
2950.70361	0.03323
2948.77505	0.03558
2946.84648	0.03870
2944.91792	0.04278
2942.98936	0.04786
2941.06079	0.05395
2939.13223	0.06105
2937.20366	0.06909
2935.27510	0.07805
2933.34653	0.08803
2931.41797	0.09917
2929.48940	0.11153
2927.56084	0.12514
2925.63228	0.13991
2923.70371	0.15552
2921.77515	0.17109
2919.84658	0.18488
2917.91802	0.19451
2915.98945	0.19783
2914.06089	0.19437
2912.13232	0.18589
2910.20376	0.17523
2908.27520	0.16452
2906.34663	0.15478
2904.41807	0.14646
2902.48950	0.13967
2900.56094	0.13404
2898.63237	0.12901
2896.70381	0.12417
2894.77524	0.11925
2892.84668	0.11415
2890.91812	0.10910
2888.98955	0.10416
2887.06099	0.09913
2885.13242	0.09409
2883.20386	0.08930
2881.27529	0.08469
2879.34673	0.08010
2877.41816	0.07572
2875.48960	0.07196
2873.56104	0.06904
2871.63247	0.06694
2869.70391	0.06567
2867.77534	0.06549
2865.84678	0.06686
2863.91821	0.07031
2861.98965	0.07645
2860.06108	0.08608
2858.13252	0.09983
2856.20396	0.11802
2854.27539	0.14014
2852.34683	0.16335
2850.41826	0.18155
2848.48970	0.18815
2846.56113	0.18144
2844.63257	0.16567
2842.70400	0.14656
2840.77544	0.12806
2838.84687	0.11213
2836.91831	0.09928
2834.98975	0.08928
2833.06118	0.08160
2831.13262	0.07558
2829.20405	0.07067
2827.27549	0.06656
2825.34692	0.06314
2823.41836	0.06028
2821.48979	0.05782
2819.56123	0.05561
2817.63267	0.05364
2815.70410	0.05191
2813.77554	0.05036
2811.84697	0.04894
2809.91841	0.04762
2807.98984	0.04639
2806.06128	0.04525
2804.13271	0.04424
2802.20415	0.04336
2800.27559	0.04249
2798.34702	0.04157
2796.41846	0.04065
2794.48989	0.03981
2792.56133	0.03908
2790.63276	0.03845
2788.70420	0.03783
2786.77563	0.03722
2784.84707	0.03662
2782.91851	0.03601
2780.98994	0.03541
2779.06138	0.03489
2777.13281	0.03443
2775.20425	0.03397
2773.27568	0.03353
2771.34712	0.03310
2769.41855	0.03263
2767.48999	0.03224
2765.56143	0.03197
2763.63286	0.03168
2761.70430	0.03137
2759.77573	0.03108
2757.84717	0.03078
2755.91860	0.03046
2753.99004	0.03017
2752.06147	0.02990
2750.13291	0.02965
2748.20435	0.02943
2746.27578	0.02926
2744.34722	0.02906
2742.41865	0.02884
2740.49009	0.02874
2738.56152	0.02870
2736.63296	0.02859
2734.70439	0.02842
2732.77583	0.02829
2730.84727	0.02812
2728.91870	0.02785
2726.99014	0.02761
2725.06157	0.02744
2723.13301	0.02731
2721.20444	0.02717
2719.27588	0.02698
2717.34731	0.02676
2715.41875	0.02659
2713.49019	0.02646
2711.56162	0.02629
2709.63306	0.02607
2707.70449	0.02590
2705.77593	0.02580
2703.84736	0.02564
2701.91880	0.02542
2699.99023	0.02525
2698.06167	0.02520
2696.13311	0.02517
2694.20454	0.02508
2692.27598	0.02503
2690.34741	0.02506
2688.41885	0.02503
2686.49028	0.02490
2684.56172	0.02479
2682.63315	0.02473
2680.70459	0.02468
2678.77603	0.02470
2676.84746	0.02481
2674.91890	0.02486
2672.99033	0.02483
2671.06177	0.02481
2669.13320	0.02486
2667.20464	0.02493
2665.27607	0.02507
2663.34751	0.02519
2661.41895	0.02520
2659.49038	0.02515
2657.56182	0.02521
2655.63325	0.02533
2653.70469	0.02537
2651.77612	0.02531
2649.84756	0.02522
2647.91899	0.02516
2645.99043	0.02512
2644.06187	0.02509
2642.13330	0.02503
2640.20474	0.02492
2638.27617	0.02479
2636.34761	0.02467
2634.41904	0.02456
2632.49048	0.02442
2630.56191	0.02428
2628.63335	0.02417
2626.70479	0.02399
2624.77622	0.02375
2622.84766	0.02352
2620.91909	0.02326
2618.99053	0.02305
2617.06196	0.02293
2615.13340	0.02279
2613.20483	0.02258
2611.27627	0.02245
2609.34771	0.02235
2607.41914	0.02215
2605.49058	0.02190
2603.56201	0.02174
2601.63345	0.02166
2599.70488	0.02162
2597.77632	0.02150
2595.84775	0.02123
2593.91919	0.02093
2591.99062	0.02072
2590.06206	0.02056
2588.13350	0.02041
2586.20493	0.02031
2584.27637	0.02023
2582.34780	0.02016
2580.41924	0.02004
2578.49067	0.01987
2576.56211	0.01977
2574.63354	0.01974
2572.70498	0.01961
2570.77642	0.01937
2568.84785	0.01913
2566.91929	0.01901
2564.99072	0.01900
2563.06216	0.01895
2561.13359	0.01879
2559.20503	0.01864
2557.27646	0.01858
2555.34790	0.01856
2553.41934	0.01856
2551.49077	0.01851
2549.56221	0.01834
2547.63364	0.01816
2545.70508	0.01808
2543.77651	0.01807
2541.84795	0.01813
2539.91938	0.01817
2537.99082	0.01808
2536.06226	0.01787
2534.13369	0.01766
2532.20513	0.01745
2530.27656	0.01730
2528.34800	0.01729
2526.41943	0.01732
2524.49087	0.01730
2522.56230	0.01723
2520.63374	0.01713
2518.70518	0.01705
2516.77661	0.01702
2514.84805	0.01704
2512.91948	0.01702
2510.99092	0.01692
2509.06235	0.01681
2507.13379	0.01682
2505.20522	0.01688
2503.27666	0.01683
2501.34810	0.01670
2499.41953	0.01662
2497.49097	0.01660
2495.56240	0.01660
2493.63384	0.01659
2491.70527	0.01661
2489.77671	0.01655
2487.84814	0.01642
2485.91958	0.01634
2483.99102	0.01632
2482.06245	0.01630
2480.13389	0.01630
2478.20532	0.01629
2476.27676	0.01628
2474.34819	0.01628
2472.41963	0.01617
2470.49106	0.01597
2468.56250	0.01583
2466.63394	0.01578
2464.70537	0.01579
2462.77681	0.01588
2460.84824	0.01603
2458.91968	0.01616
2456.99111	0.01620
2455.06255	0.01616
2453.13398	0.01606
2451.20542	0.01596
2449.27686	0.01586
2447.34829	0.01572
2445.41973	0.01555
2443.49116	0.01549
2441.56260	0.01549
2439.63403	0.01546
2437.70547	0.01542
2435.77690	0.01542
2433.84834	0.01537
2431.91978	0.01527
2429.99121	0.01519
2428.06265	0.01513
2426.13408	0.01509
2424.20552	0.01510
2422.27695	0.01512
2420.34839	0.01508
2418.41982	0.01503
2416.49126	0.01498
2414.56270	0.01496
2412.63413	0.01498
2410.70557	0.01503
2408.77700	0.01501
2406.84844	0.01484
2404.91987	0.01468
2402.99131	0.01467
2401.06274	0.01468
2399.13418	0.01524
2397.20562	0.01527
2395.27705	0.01503
2393.34849	0.01479
2391.41992	0.01448
2389.49136	0.01411
2387.56279	0.01373
2385.63423	0.01340
2383.70566	0.01313
2381.77710	0.01290
2379.84854	0.01273
2377.91997	0.01271
2375.99141	0.01291
2374.06284	0.01325
2372.13428	0.01349
2370.20571	0.01350
2368.27715	0.01346
2366.34858	0.01350
2364.42002	0.01352
2362.49146	0.01357
2360.56289	0.01364
2358.63433	0.01372
2356.70576	0.01381
2354.77720	0.01369
2352.84863	0.01296
2350.92007	0.01193
2348.99150	0.01140
2347.06294	0.01220
2345.13437	0.01332
2343.20581	0.01391
2341.27725	0.01412
2339.34868	0.01424
2337.42012	0.01422
2335.49155	0.01420
2333.56299	0.01414
2331.63442	0.01396
2329.70586	0.01401
2327.77729	0.01482
2325.84873	0.01631
2323.92017	0.01739
2321.99160	0.01743
2320.06304	0.01704
2318.13447	0.01666
2316.20591	0.01637
2314.27734	0.01617
2312.34878	0.01599
2310.42021	0.01584
2308.49165	0.01576
2306.56309	0.01583
2304.63452	0.01596
2302.70596	0.01610
2300.77739	0.01624
2298.84883	0.01633
2296.92026	0.01645
2294.99170	0.01665
2293.06313	0.01697
2291.13457	0.01738
2289.20601	0.01777
2287.27744	0.01804
2285.34888	0.01810
2283.42031	0.01797
2281.49175	0.01768
2279.56318	0.01733
2277.63462	0.01697
2275.70605	0.01666
2273.77749	0.01639
2271.84893	0.01624
2269.92036	0.01618
2267.99180	0.01603
2266.06323	0.01572
2264.13467	0.01545
2262.20610	0.01535
2260.27754	0.01533
2258.34897	0.01523
2256.42041	0.01504
2254.49185	0.01491
2252.56328	0.01483
2250.63472	0.01478
2248.70615	0.01517
2246.77759	0.01519
2244.84902	0.01522
2242.92046	0.01529
2240.99189	0.01533
2239.06333	0.01527
2237.13477	0.01517
2235.20620	0.01505
2233.27764	0.01486
2231.34907	0.01481
2229.42051	0.01496
2227.49194	0.01499
2225.56338	0.01475
2223.63481	0.01447
2221.70625	0.01443
2219.77769	0.01451
2217.84912	0.01442
2215.92056	0.01435
2213.99199	0.01446
2212.06343	0.01443
2210.13486	0.01409
2208.20630	0.01366
2206.27773	0.01356
2204.34917	0.01386
2202.42061	0.01423
2200.49204	0.01441
2198.56348	0.01439
2196.63491	0.01445
2194.70635	0.01476
2192.77778	0.01502
2190.84922	0.01516
2188.92065	0.01542
2186.99209	0.01562
2185.06353	0.01539
2183.13496	0.01460
2181.20640	0.01370
2179.27783	0.01338
2177.34927	0.01317
2175.42070	0.01275
2173.49214	0.01298
2171.56357	0.01400
2169.63501	0.01519
2167.70645	0.01610
2165.77788	0.01660
2163.84932	0.01699
2161.92075	0.01622
2159.99219	0.01228
2158.06362	0.00752
2156.13506	0.00591
2154.20649	0.00682
2152.27793	0.00810
2150.34937	0.00885
2148.42080	0.00911
2146.49224	0.00918
2144.56367	0.00918
2142.63511	0.00923
2140.70654	0.00943
2138.77798	0.00965
2136.84941	0.00949
2134.92085	0.00883
2132.99229	0.00841
2131.06372	0.00886
2129.13516	0.00971
2127.20659	0.01026
2125.27803	0.01058
2123.34946	0.01099
2121.42090	0.01149
2119.49233	0.01195
2117.56377	0.01245
2115.63521	0.01291
2113.70664	0.01321
2111.77808	0.01334
2109.84951	0.01331
2107.92095	0.01316
2105.99238	0.01298
2104.06382	0.01289
2102.13525	0.01288
2100.20669	0.01274
2098.27812	0.01243
2096.34956	0.01207
2094.42100	0.01186
2092.49243	0.01210
2090.56387	0.01270
2088.63530	0.01323
2086.70674	0.01343
2084.77817	0.01346
2082.84961	0.01359
2080.92104	0.01382
2078.99248	0.01402
2077.06392	0.01410
2075.13535	0.01401
2073.20679	0.01382
2071.27822	0.01360
2069.34966	0.01332
2067.42109	0.01308
2065.49253	0.01313
2063.56396	0.01336
2061.63540	0.01346
2059.70684	0.01338
2057.77827	0.01323
2055.84971	0.01321
2053.92114	0.01399
2051.99258	0.01553
2050.06401	0.01619
2048.13545	0.01521
2046.20688	0.01404
2044.27832	0.01368
2042.34976	0.01369
2040.42119	0.01367
2038.49263	0.01369
2036.56406	0.01380
2034.63550	0.01375
2032.70693	0.01334
2030.77837	0.01269
2028.84980	0.01231
2026.92124	0.01228
2024.99268	0.01220
2023.06411	0.01201
2021.13555	0.01196
2019.20698	0.01201
2017.27842	0.01207
2015.34985	0.01231
2013.42129	0.01274
2011.49272	0.01309
2009.56416	0.01280
2007.63560	0.01152
2005.70703	0.01006
2003.77847	0.00965
2001.84990	0.01037
1999.92134	0.01131
1997.99277	0.01184
1996.06421	0.01215
1994.13564	0.01252
1992.20708	0.01290
1990.27852	0.01320
1988.34995	0.01355
1986.42139	0.01402
1984.49282	0.01469
1982.56426	0.01549
1980.63569	0.01555
1978.70713	0.01391
1976.77856	0.01147
1974.85000	0.01001
1972.92144	0.00981
1970.99287	0.01006
1969.06431	0.01023
1967.13574	0.01047
1965.20718	0.01077
1963.27861	0.01054
1961.35005	0.00970
1959.42148	0.00896
1957.49292	0.00892
1955.56436	0.00947
1953.63579	0.01010
1951.70723	0.01044
1949.77866	0.01048
1947.85010	0.01047
1945.92153	0.01059
1943.99297	0.01073
1942.06440	0.01088
1940.13584	0.01109
1938.20728	0.01116
1936.27871	0.01107
1934.35015	0.01109
1932.42158	0.01112
1930.49302	0.01093
1928.56445	0.01073
1926.63589	0.01087
1924.70732	0.01134
1922.77876	0.01188
1920.85020	0.01218
1918.92163	0.01221
1916.99307	0.01215
1915.06450	0.01211
1913.13594	0.01206
1911.20737	0.01202
1909.27881	0.01203
1907.35024	0.01205
1905.42168	0.01209
1903.49312	0.01222
1901.56455	0.01238
1899.63599	0.01251
1897.70742	0.01262
1895.77886	0.01266
1893.85029	0.01253
1891.92173	0.01228
1889.99316	0.01213
1888.06460	0.01217
1886.13604	0.01228
1884.20747	0.01233
1882.27891	0.01234
1880.35034	0.01234
1878.42178	0.01235
1876.49321	0.01238
1874.56465	0.01232
1872.63608	0.01214
1870.70752	0.01207
1868.77896	0.01228
1866.85039	0.01259
1864.92183	0.01271
1862.99326	0.01261
1861.06470	0.01246
1859.13613	0.01237
1857.20757	0.01235
1855.27900	0.01234
1853.35044	0.01230
1851.42187	0.01226
1849.49331	0.01227
1847.56475	0.01232
1845.63618	0.01240
1843.70762	0.01251
1841.77905	0.01258
1839.85049	0.01254
1837.92192	0.01249
1835.99336	0.01249
1834.06479	0.01255
1832.13623	0.01270
1830.20767	0.01289
1828.27910	0.01300
1826.35054	0.01301
1824.42197	0.01305
1822.49341	0.01312
1820.56484	0.01306
1818.63628	0.01284
1816.70771	0.01268
1814.77915	0.01273
1812.85059	0.01291
1810.92202	0.01307
1808.99346	0.01322
1807.06489	0.01333
1805.13633	0.01338
1803.20776	0.01346
1801.27920	0.01356
1799.35063	0.01362
1797.42207	0.01363
1795.49351	0.01369
1793.56494	0.01385
1791.63638	0.01408
1789.70781	0.01422
1787.77925	0.01423
1785.85068	0.01421
1783.92212	0.01418
1781.99355	0.01412
1780.06499	0.01404
1778.13643	0.01392
1776.20786	0.01378
1774.27930	0.01369
1772.35073	0.01368
1770.42217	0.01364
1768.49360	0.01344
1766.56504	0.01312
1764.63647	0.01275
1762.70791	0.01240
1760.77935	0.01216
1758.85078	0.01200
1756.92222	0.01181
1754.99365	0.01159
1753.06509	0.01139
1751.13652	0.01134
1749.20796	0.01139
1747.27939	0.01146
1745.35083	0.01155
1743.42227	0.01162
1741.49370	0.01161
1739.56514	0.01164
1737.63657	0.01188
1735.70801	0.01245
1733.77944	0.01330
1731.85088	0.01402
1729.92231	0.01443
1727.99375	0.01483
1726.06519	0.01545
1724.13662	0.01623
1722.20806	0.01697
1720.27949	0.01762
1718.35093	0.01847
1716.42236	0.01957
1714.49380	0.02058
1712.56523	0.02132
1710.63667	0.02191
1708.70811	0.02240
1706.77954	0.02275
1704.85098	0.02287
1702.92241	0.02281
1700.99385	0.02276
1699.06528	0.02283
1697.13672	0.02298
1695.20815	0.02315
1693.27959	0.02329
1691.35103	0.02338
1689.42246	0.02347
1687.49390	0.02356
1685.56533	0.02380
1683.63677	0.02434
1681.70820	0.02485
1679.77964	0.02507
1677.85107	0.02519
1675.92251	0.02543
1673.99395	0.02574
1672.06538	0.02601
1670.13682	0.02630
1668.20825	0.02667
1666.27969	0.02700
1664.35112	0.02733
1662.42256	0.02772
1660.49399	0.02805
1658.56543	0.02819
1656.63687	0.02821
1654.70830	0.02836
1652.77974	0.02882
1650.85117	0.02922
1648.92261	0.02937
1646.99404	0.02961
1645.06548	0.03002
1643.13691	0.03028
1641.20835	0.03030
1639.27979	0.03018
1637.35122	0.03017
1635.42266	0.03043
1633.49409	0.03077
1631.56553	0.03096
1629.63696	0.03109
1627.70840	0.03129
1625.77983	0.03154
1623.85127	0.03181
1621.92271	0.03207
1619.99414	0.03221
1618.06558	0.03239
1616.13701	0.03275
1614.20845	0.03315
1612.27988	0.03339
1610.35132	0.03355
1608.42275	0.03377
1606.49419	0.03406
1604.56562	0.03433
1602.63706	0.03451
1600.70850	0.03461
1598.77993	0.03465
1596.85137	0.03467
1594.92280	0.03464
1592.99424	0.03451
1591.06567	0.03430
1589.13711	0.03408
1587.20854	0.03387
1585.27998	0.03357
1583.35142	0.03318
1581.42285	0.03276
1579.49429	0.03233
1577.56572	0.03187
1575.63716	0.03134
1573.70859	0.03079
1571.78003	0.03023
1569.85146	0.02969
1567.92290	0.02921
1565.99434	0.02879
1564.06577	0.02837
1562.13721	0.02790
1560.20864	0.02747
1558.28008	0.02720
1556.35151	0.02702
1554.42295	0.02679
1552.49438	0.02650
1550.56582	0.02619
1548.63726	0.02582
1546.70869	0.02540
1544.78013	0.02497
1542.85156	0.02454
1540.92300	0.02408
1538.99443	0.02361
1537.06587	0.02318
1535.13730	0.02283
1533.20874	0.02254
1531.28018	0.02222
1529.35161	0.02182
1527.42305	0.02143
1525.49448	0.02112
1523.56592	0.02092
1521.63735	0.02082
1519.70879	0.02074
1517.78022	0.02059
1515.85166	0.02036
1513.92310	0.02013
1511.99453	0.01990
1510.06597	0.01970
1508.13740	0.01956
1506.20884	0.01952
1504.28027	0.01948
1502.35171	0.01936
1500.42314	0.01919
1498.49458	0.01906
1496.56602	0.01902
1494.63745	0.01902
1492.70889	0.01900
1490.78032	0.01904
1488.85176	0.01923
1486.92319	0.01958
1484.99463	0.02008
1483.06606	0.02091
1481.13750	0.02273
1479.20894	0.02737
1477.28037	0.03806
1475.35181	0.05703
1473.42324	0.08060
1471.49468	0.09879
1469.56611	0.10576
1467.63755	0.10520
1465.70898	0.10117
1463.78042	0.09474
1461.85186	0.08694
1459.92329	0.07888
1457.99473	0.07112
1456.06616	0.06448
1454.13760	0.05951
1452.20903	0.05552
1450.28047	0.05200
1448.35190	0.04906
1446.42334	0.04685
1444.49478	0.04525
1442.56621	0.04400
1440.63765	0.04292
1438.70908	0.04188
1436.78052	0.04077
1434.85195	0.03955
1432.92339	0.03822
1430.99482	0.03673
1429.06626	0.03516
1427.13770	0.03367
1425.20913	0.03235
1423.28057	0.03122
1421.35200	0.03033
1419.42344	0.02973
1417.49487	0.02936
1415.56631	0.02912
1413.63774	0.02891
1411.70918	0.02868
1409.78062	0.02840
1407.85205	0.02805
1405.92349	0.02767
1403.99492	0.02727
1402.06636	0.02686
1400.13779	0.02646
1398.20923	0.02612
1396.28066	0.02581
1394.35210	0.02551
1392.42354	0.02521
1390.49497	0.02498
1388.56641	0.02494
1386.63784	0.02514
1384.70928	0.02568
1382.78071	0.02664
1380.85215	0.02793
1378.92358	0.02903
1376.99502	0.02936
1375.06646	0.02890
1373.13789	0.02817
1371.20933	0.02764
1369.28076	0.02726
1367.35220	0.02678
1365.42363	0.02628
1363.49507	0.02601
1361.56650	0.02595
1359.63794	0.02589
1357.70937	0.02573
1355.78081	0.02557
1353.85225	0.02551
1351.92368	0.02552
1349.99512	0.02543
1348.06655	0.02523
1346.13799	0.02500
1344.20942	0.02476
1342.28086	0.02453
1340.35229	0.02429
1338.42373	0.02403
1336.49517	0.02374
1334.56660	0.02342
1332.63804	0.02313
1330.70947	0.02293
1328.78091	0.02287
1326.85234	0.02295
1324.92378	0.02317
1322.99521	0.02344
1321.06665	0.02371
1319.13809	0.02396
1317.20952	0.02423
1315.28096	0.02451
1313.35239	0.02479
1311.42383	0.02505
1309.49526	0.02525
1307.56670	0.02539
1305.63813	0.02548
1303.70957	0.02553
1301.78101	0.02557
1299.85244	0.02559
1297.92388	0.02557
1295.99531	0.02546
1294.06675	0.02528
1292.13818	0.02505
1290.20962	0.02479
1288.28105	0.02453
1286.35249	0.02436
1284.42393	0.02429
1282.49536	0.02426
1280.56680	0.02426
1278.63823	0.02429
1276.70967	0.02431
1274.78110	0.02429
1272.85254	0.02422
1270.92397	0.02417
1268.99541	0.02416
1267.06685	0.02416
1265.13828	0.02415
1263.20972	0.02411
1261.28115	0.02405
1259.35259	0.02395
1257.42402	0.02384
1255.49546	0.02375
1253.56689	0.02367
1251.63833	0.02359
1249.70977	0.02352
1247.78120	0.02347
1245.85264	0.02336
1243.92407	0.02314
1241.99551	0.02275
1240.06694	0.02219
1238.13838	0.02148
1236.20981	0.02072
1234.28125	0.02001
1232.35269	0.01940
1230.42412	0.01896
1228.49556	0.01877
1226.56699	0.01885
1224.63843	0.01918
1222.70986	0.01943
1220.78130	0.01907
1218.85273	0.01817
1216.92417	0.01770
1214.99561	0.01809
1213.06704	0.01869
1211.13848	0.01896
1209.20991	0.01893
1207.28135	0.01885
1205.35278	0.01893
1203.42422	0.01924
1201.49565	0.01966
1199.56709	0.02013
1197.63853	0.02067
1195.70996	0.02130
1193.78140	0.02188
1191.85283	0.02233
1189.92427	0.02274
1187.99570	0.02316
1186.06714	0.02356
1184.13857	0.02392
1182.21001	0.02426
1180.28145	0.02457
1178.35288	0.02484
1176.42432	0.02505
1174.49575	0.02519
1172.56719	0.02530
1170.63862	0.02543
1168.71006	0.02550
1166.78149	0.02550
1164.85293	0.02550
1162.92437	0.02555
1160.99580	0.02563
1159.06724	0.02569
1157.13867	0.02569
1155.21011	0.02563
1153.28154	0.02561
1151.35298	0.02566
1149.42441	0.02572
1147.49585	0.02578
1145.56729	0.02590
1143.63872	0.02606
1141.71016	0.02623
1139.78159	0.02646
1137.85303	0.02678
1135.92446	0.02708
1133.99590	0.02734
1132.06733	0.02769
1130.13877	0.02806
1128.21021	0.02830
1126.28164	0.02846
1124.35308	0.02864
1122.42451	0.02883
1120.49595	0.02901
1118.56738	0.02918
1116.63882	0.02934
1114.71025	0.02951
1112.78169	0.02970
1110.85312	0.02987
1108.92456	0.03002
1106.99600	0.03016
1105.06743	0.03035
1103.13887	0.03067
1101.21030	0.03104
1099.28174	0.03137
1097.35317	0.03164
1095.42461	0.03188
1093.49604	0.03211
1091.56748	0.03237
1089.63892	0.03272
1087.71035	0.03309
1085.78179	0.03335
1083.85322	0.03345
1081.92466	0.03343
1079.99609	0.03343
1078.06753	0.03347
1076.13896	0.03349
1074.21040	0.03350
1072.28184	0.03354
1070.35327	0.03364
1068.42471	0.03376
1066.49614	0.03384
1064.56758	0.03386
1062.63901	0.03388
1060.71045	0.03390
1058.78188	0.03384
1056.85332	0.03375
1054.92476	0.03381
1052.99619	0.03401
1051.06763	0.03416
1049.13906	0.03416
1047.21050	0.03413
1045.28193	0.03413
1043.35337	0.03411
1041.42480	0.03405
1039.49624	0.03399
1037.56768	0.03392
1035.63911	0.03378
1033.71055	0.03355
1031.78198	0.03335
1029.85342	0.03311
1027.92485	0.03275
1025.99629	0.03233
1024.06772	0.03197
1022.13916	0.03166
1020.21060	0.03137
1018.28203	0.03102
1016.35347	0.03063
1014.42490	0.03029
1012.49634	0.02996
1010.56777	0.02962
1008.63921	0.02929
1006.71064	0.02890
1004.78208	0.02844
1002.85352	0.02802
1000.92495	0.02765
998.99639	0.02726
997.06782	0.02690
995.13926	0.02662
993.21069	0.02631
991.28213	0.02589
989.35356	0.02539
987.42500	0.02480
985.49644	0.02419
983.56787	0.02372
981.63931	0.02340
979.71074	0.02312
977.78218	0.02281
975.85361	0.02248
973.92505	0.02217
971.99648	0.02192
970.06792	0.02172
968.13936	0.02154
966.21079	0.02128
964.28223	0.02092
962.35366	0.02058
960.42510	0.02037
958.49653	0.02017
956.56797	0.01991
954.63940	0.01965
952.71084	0.01944
950.78228	0.01929
948.85371	0.01921
946.92515	0.01917
944.99658	0.01914
943.06802	0.01909
941.13945	0.01902
939.21089	0.01899
937.28232	0.01900
935.35376	0.01897
933.42520	0.01886
931.49663	0.01877
929.56807	0.01876
927.63950	0.01870
925.71094	0.01856
923.78237	0.01843
921.85381	0.01837
919.92524	0.01841
917.99668	0.01857
916.06812	0.01892
914.13955	0.01956
912.21099	0.02044
910.28242	0.02118
908.35386	0.02136
906.42529	0.02085
904.49673	0.01996
902.56816	0.01913
900.63960	0.01852
898.71104	0.01807
896.78247	0.01769
894.85391	0.01742
892.92534	0.01731
890.99678	0.01730
889.06821	0.01724
887.13965	0.01701
885.21108	0.01671
883.28252	0.01645
881.35396	0.01619
879.42539	0.01590
877.49683	0.01564
875.56826	0.01540
873.63970	0.01525
871.71113	0.01527
869.78257	0.01539
867.85400	0.01548
865.92544	0.01546
863.99687	0.01533
862.06831	0.01521
860.13975	0.01519
858.21118	0.01514
856.28262	0.01497
854.35405	0.01482
852.42549	0.01477
850.49692	0.01470
848.56836	0.01452
846.63979	0.01436
844.71123	0.01437
842.78267	0.01446
840.85410	0.01445
838.92554	0.01444
836.99697	0.01467
835.06841	0.01494
833.13984	0.01496
831.21128	0.01491
829.28271	0.01498
827.35415	0.01503
825.42559	0.01504
823.49702	0.01518
821.56846	0.01537
819.63989	0.01547
817.71133	0.01553
815.78276	0.01574
813.85420	0.01605
811.92563	0.01628
809.99707	0.01643
808.06851	0.01665
806.13994	0.01691
804.21138	0.01711
802.28281	0.01732
800.35425	0.01752
798.42568	0.01769
796.49712	0.01784
794.56855	0.01793
792.63999	0.01800
790.71143	0.01812
788.78286	0.01831
786.85430	0.01853
784.92573	0.01871
782.99717	0.01890
781.06860	0.01916
779.14004	0.01944
777.21147	0.01968
775.28291	0.01987
773.35435	0.01992
771.42578	0.01984
769.49722	0.01985
767.56865	0.01997
765.64009	0.02004
763.71152	0.02008
761.78296	0.02004
759.85439	0.02001
757.92583	0.02024
755.99727	0.02057
754.06870	0.02082
752.14014	0.02116
750.21157	0.02170
748.28301	0.02226
746.35444	0.02278
744.42588	0.02338
742.49731	0.02428
740.56875	0.02561
738.64019	0.02753
736.71162	0.03057
734.78306	0.03558
732.85449	0.04253
730.92593	0.04989
728.99736	0.05652
727.06880	0.06327
725.14023	0.07191
723.21167	0.08356
721.28311	0.09820
719.35454	0.11193
717.42598	0.11770
715.49741	0.11059
713.56885	0.09343
711.64028	0.07448
709.71172	0.05958
707.78315	0.04946
705.85459	0.04267
703.92603	0.03796
701.99746	0.03451
700.06890	0.03171
698.14033	0.02938
696.21177	0.02763
694.28320	0.02634
692.35464	0.02523
690.42607	0.02424
688.49751	0.02340
686.56895	0.02263
684.64038	0.02192
682.71182	0.02145
680.78325	0.02108
678.85469	0.02044
676.92612	0.01974
674.99756	0.01937
673.06899	0.01938
671.14043	0.02010
669.21187	0.02147
667.28330	0.02146
665.35474	0.02047
663.42617	0.01932
661.49761	0.01908
659.56904	0.01927
657.64048	0.01934
655.71191	0.01924
653.78335	0.01910
651.85479	0.01902
649.92622	0.01919
647.99766	0.01971
646.06909	0.02008
644.14053	0.01988
642.21196	0.01965
640.28340	0.02007
638.35483	0.02133
636.42627	0.02327
634.49771	0.02510
632.56914	0.02581
630.64058	0.02537
628.71201	0.02432
626.78345	0.02304
624.85488	0.02180
622.92632	0.02081
620.99775	0.02015
619.06919	0.02022
617.14062	0.02120
615.21206	0.02232
613.28350	0.02266
611.35493	0.02220
609.42637	0.02169
607.49780	0.02154
605.56924	0.02157
603.64067	0.02218
601.71211	0.02286
599.78354	0.02255
