3997.91411	-0.02124
3995.98555	-0.02103
3994.05698	-0.02093
3992.12842	-0.02103
3990.19985	-0.02110
3988.27129	-0.02103
3986.34272	-0.02104
3984.41416	-0.02112
3982.48560	-0.02110
3980.55703	-0.02101
3978.62847	-0.02097
3976.69990	-0.02100
3974.77134	-0.02102
3972.84277	-0.02104
3970.91421	-0.02109
3968.98564	-0.02112
3967.05708	-0.02112
3965.12852	-0.02113
3963.19995	-0.02109
3961.27139	-0.02100
3959.34282	-0.02097
3957.41426	-0.02103
3955.48569	-0.02102
3953.55713	-0.02089
3951.62856	-0.02076
3949.70000	-0.02076
3947.77144	-0.02084
3945.84287	-0.02091
3943.91431	-0.02091
3941.98574	-0.02087
3940.05718	-0.02085
3938.12861	-0.02084
3936.20005	-0.02082
3934.27148	-0.02079
3932.34292	-0.02078
3930.41436	-0.02080
3928.48579	-0.02083
3926.55723	-0.02083
3924.62866	-0.02077
3922.70010	-0.02071
3920.77153	-0.02059
3918.84297	-0.02044
3916.91440	-0.02039
3914.98584	-0.02049
3913.05728	-0.02060
3911.12871	-0.02063
3909.20015	-0.02063
3907.27158	-0.02069
3905.34302	-0.02074
3903.41445	-0.02067
3901.48589	-0.02049
3899.55732	-0.02034
3897.62876	-0.02034
3895.70020	-0.02049
3893.77163	-0.02067
3891.84307	-0.02069
3889.91450	-0.02060
3887.98594	-0.02057
3886.05737	-0.02055
3884.12881	-0.02046
3882.20024	-0.02030
3880.27168	-0.02012
3878.34312	-0.02010
3876.41455	-0.02031
3874.48599	-0.02054
3872.55742	-0.02055
3870.62886	-0.02032
3868.70029	-0.02010
3866.77173	-0.02011
3864.84316	-0.02019
3862.91460	-0.02015
3860.98604	-0.02010
3859.05747	-0.02018
3857.12891	-0.02039
3855.20034	-0.02049
3853.27178	-0.02028
3851.34321	-0.02000
3849.41465	-0.01998
3847.48608	-0.02009
3845.55752	-0.02010
3843.62896	-0.01999
3841.70039	-0.01993
3839.77183	-0.02004
3837.84326	-0.02028
3835.91470	-0.02044
3833.98613	-0.02037
3832.05757	-0.02017
3830.12900	-0.02006
3828.20044	-0.02011
3826.27187	-0.02023
3824.34331	-0.02036
3822.41475	-0.02038
3820.48618	-0.02018
3818.55762	-0.01995
3816.62905	-0.01974
3814.70049	-0.01959
3812.77192	-0.01967
3810.84336	-0.01989
3808.91479	-0.02000
3806.98623	-0.01992
3805.05767	-0.01987
3803.12910	-0.02002
3801.20054	-0.02012
3799.27197	-0.02009
3797.34341	-0.02003
3795.41484	-0.01995
3793.48628	-0.01986
3791.55771	-0.01980
3789.62915	-0.01984
3787.70059	-0.01999
3785.77202	-0.02019
3783.84346	-0.02035
3781.91489	-0.02047
3779.98633	-0.02049
3778.05776	-0.02037
3776.12920	-0.02014
3774.20063	-0.01995
3772.27207	-0.01983
3770.34351	-0.01978
3768.41494	-0.01977
3766.48638	-0.01982
3764.55781	-0.01992
3762.62925	-0.02006
3760.70068	-0.02010
3758.77212	-0.02003
3756.84355	-0.02001
3754.91499	-0.02009
3752.98643	-0.02004
3751.05786	-0.01976
3749.12930	-0.01952
3747.20073	-0.01956
3745.27217	-0.01963
3743.34360	-0.01959
3741.41504	-0.01965
3739.48647	-0.01982
3737.55791	-0.01990
3735.62935	-0.01999
3733.70078	-0.02033
3731.77222	-0.02074
3729.84365	-0.02095
3727.91509	-0.02084
3725.98652	-0.02059
3724.05796	-0.02039
3722.12939	-0.02043
3720.20083	-0.02051
3718.27227	-0.02036
3716.34370	-0.02022
3714.41514	-0.02027
3712.48657	-0.02033
3710.55801	-0.02027
3708.62944	-0.02011
3706.70088	-0.02011
3704.77231	-0.02024
3702.84375	-0.02032
3700.91519	-0.02034
3698.98662	-0.02037
3697.05806	-0.02046
3695.12949	-0.02053
3693.20093	-0.02049
3691.27236	-0.02042
3689.34380	-0.02025
3687.41523	-0.02002
3685.48667	-0.01983
3683.55811	-0.01971
3681.62954	-0.01963
3679.70098	-0.01959
3677.77241	-0.01956
3675.84385	-0.01945
3673.91528	-0.01930
3671.98672	-0.01921
3670.05815	-0.01910
3668.12959	-0.01898
3666.20103	-0.01901
3664.27246	-0.01912
3662.34390	-0.01916
3660.41533	-0.01906
3658.48677	-0.01886
3656.55820	-0.01869
3654.62964	-0.01871
3652.70107	-0.01882
3650.77251	-0.01868
3648.84395	-0.01825
3646.91538	-0.01804
3644.98682	-0.01816
3643.05825	-0.01830
3641.12969	-0.01823
3639.20112	-0.01801
3637.27256	-0.01782
3635.34399	-0.01782
3633.41543	-0.01796
3631.48687	-0.01809
3629.55830	-0.01803
3627.62974	-0.01767
3625.70117	-0.01731
3623.77261	-0.01717
3621.84404	-0.01707
3619.91548	-0.01686
3617.98691	-0.01657
3616.05835	-0.01629
3614.12979	-0.01601
3612.20122	-0.01579
3610.27266	-0.01580
3608.34409	-0.01597
3606.41553	-0.01599
3604.48696	-0.01586
3602.55840	-0.01572
3600.62983	-0.01568
3598.70127	-0.01568
3596.77271	-0.01553
3594.84414	-0.01535
3592.91558	-0.01540
3590.98701	-0.01559
3589.05845	-0.01556
3587.12988	-0.01521
3585.20132	-0.01488
3583.27275	-0.01472
3581.34419	-0.01460
3579.41562	-0.01453
3577.48706	-0.01450
3575.55850	-0.01444
3573.62993	-0.01426
3571.70137	-0.01401
3569.77280	-0.01369
3567.84424	-0.01339
3565.91567	-0.01332
3563.98711	-0.01341
3562.05854	-0.01336
3560.12998	-0.01322
3558.20142	-0.01325
3556.27285	-0.01332
3554.34429	-0.01321
3552.41572	-0.01298
3550.48716	-0.01270
3548.55859	-0.01245
3546.63003	-0.01229
3544.70146	-0.01222
3542.77290	-0.01221
3540.84434	-0.01224
3538.91577	-0.01220
3536.98721	-0.01201
3535.05864	-0.01168
3533.13008	-0.01128
3531.20151	-0.01089
3529.27295	-0.01061
3527.34438	-0.01043
3525.41582	-0.01032
3523.48726	-0.01027
3521.55869	-0.01026
3519.63013	-0.01016
3517.70156	-0.00996
3515.77300	-0.00990
3513.84443	-0.01002
3511.91587	-0.01001
3509.98730	-0.00978
3508.05874	-0.00949
3506.13018	-0.00925
3504.20161	-0.00911
3502.27305	-0.00914
3500.34448	-0.00920
3498.41592	-0.00913
3496.48735	-0.00897
3494.55879	-0.00878
3492.63022	-0.00852
3490.70166	-0.00816
3488.77310	-0.00792
3486.84453	-0.00785
3484.91597	-0.00779
3482.98740	-0.00775
3481.05884	-0.00787
3479.13027	-0.00803
3477.20171	-0.00797
3475.27314	-0.00772
3473.34458	-0.00753
3471.41602	-0.00744
3469.48745	-0.00729
3467.55889	-0.00710
3465.63032	-0.00703
3463.70176	-0.00711
3461.77319	-0.00715
3459.84463	-0.00697
3457.91606	-0.00662
3455.98750	-0.00636
3454.05894	-0.00622
3452.13037	-0.00606
3450.20181	-0.00588
3448.27324	-0.00574
3446.34468	-0.00558
3444.41611	-0.00542
3442.48755	-0.00526
3440.55898	-0.00516
3438.63042	-0.00519
3436.70186	-0.00527
3434.77329	-0.00519
3432.84473	-0.00498
3430.91616	-0.00489
3428.98760	-0.00492
3427.05903	-0.00492
3425.13047	-0.00484
3423.20190	-0.00473
3421.27334	-0.00470
3419.34478	-0.00474
3417.41621	-0.00472
3415.48765	-0.00459
3413.55908	-0.00448
3411.63052	-0.00444
3409.70195	-0.00437
3407.77339	-0.00435
3405.84482	-0.00449
3403.91626	-0.00468
3401.98770	-0.00467
3400.05913	-0.00440
3398.13057	-0.00406
3396.20200	-0.00391
3394.27344	-0.00378
3392.34487	-0.00361
3390.41631	-0.00355
3388.48774	-0.00365
3386.55918	-0.00378
3384.63062	-0.00384
3382.70205	-0.00372
3380.77349	-0.00335
3378.84492	-0.00302
3376.91636	-0.00305
3374.98779	-0.00333
3373.05923	-0.00355
3371.13066	-0.00361
3369.20210	-0.00356
3367.27354	-0.00349
3365.34497	-0.00347
3363.41641	-0.00348
3361.48784	-0.00349
3359.55928	-0.00351
3357.63071	-0.00345
3355.70215	-0.00325
3353.77358	-0.00314
3351.84502	-0.00331
3349.91646	-0.00357
3347.98789	-0.00373
3346.05933	-0.00381
3344.13076	-0.00391
3342.20220	-0.00402
3340.27363	-0.00412
3338.34507	-0.00418
3336.41650	-0.00412
3334.48794	-0.00394
3332.55937	-0.00375
3330.63081	-0.00362
3328.70225	-0.00351
3326.77368	-0.00348
3324.84512	-0.00361
3322.91655	-0.00389
3320.98799	-0.00422
3319.05942	-0.00443
3317.13086	-0.00444
3315.20229	-0.00436
3313.27373	-0.00426
3311.34517	-0.00412
3309.41660	-0.00405
3307.48804	-0.00411
3305.55947	-0.00421
3303.63091	-0.00428
3301.70234	-0.00424
3299.77378	-0.00423
3297.84521	-0.00440
3295.91665	-0.00464
3293.98809	-0.00466
3292.05952	-0.00438
3290.13096	-0.00410
3288.20239	-0.00407
3286.27383	-0.00420
3284.34526	-0.00429
3282.41670	-0.00433
3280.48813	-0.00441
3278.55957	-0.00457
3276.63101	-0.00464
3274.70244	-0.00449
3272.77388	-0.00443
3270.84531	-0.00467
3268.91675	-0.00500
3266.98818	-0.00517
3265.05962	-0.00512
3263.13105	-0.00496
3261.20249	-0.00482
3259.27393	-0.00479
3257.34536	-0.00497
3255.41680	-0.00523
3253.48823	-0.00533
3251.55967	-0.00531
3249.63110	-0.00527
3247.70254	-0.00532
3245.77397	-0.00548
3243.84541	-0.00561
3241.91685	-0.00559
3239.98828	-0.00557
3238.05972	-0.00573
3236.13115	-0.00607
3234.20259	-0.00636
3232.27402	-0.00641
3230.34546	-0.00620
3228.41689	-0.00599
3226.48833	-0.00597
3224.55977	-0.00604
3222.63120	-0.00610
3220.70264	-0.00618
3218.77407	-0.00634
3216.84551	-0.00647
3214.91694	-0.00648
3212.98838	-0.00647
3211.05981	-0.00658
3209.13125	-0.00680
3207.20269	-0.00696
3205.27412	-0.00691
3203.34556	-0.00678
3201.41699	-0.00673
3199.48843	-0.00681
3197.55986	-0.00698
3195.63130	-0.00714
3193.70273	-0.00727
3191.77417	-0.00738
3189.84561	-0.00747
3187.91704	-0.00764
3185.98848	-0.00777
3184.05991	-0.00772
3182.13135	-0.00771
3180.20278	-0.00796
3178.27422	-0.00817
3176.34565	-0.00819
3174.41709	-0.00822
3172.48853	-0.00835
3170.55996	-0.00843
3168.63140	-0.00844
3166.70283	-0.00849
3164.77427	-0.00870
3162.84570	-0.00899
3160.91714	-0.00917
3158.98857	-0.00917
3157.06001	-0.00918
3155.13145	-0.00927
3153.20288	-0.00931
3151.27432	-0.00929
3149.34575	-0.00936
3147.41719	-0.00960
3145.48862	-0.00995
3143.56006	-0.01024
3141.63149	-0.01036
3139.70293	-0.01043
3137.77437	-0.01057
3135.84580	-0.01064
3133.91724	-0.01064
3131.98867	-0.01070
3130.06011	-0.01082
3128.13154	-0.01091
3126.20298	-0.01094
3124.27441	-0.01083
3122.34585	-0.01065
3120.41729	-0.01057
3118.48872	-0.01068
3116.56016	-0.01094
3114.63159	-0.01118
3112.70303	-0.01127
3110.77446	-0.01129
3108.84590	-0.01131
3106.91733	-0.01126
3104.98877	-0.01109
3103.06021	-0.01091
3101.13164	-0.01089
3099.20308	-0.01105
3097.27451	-0.01123
3095.34595	-0.01127
3093.41738	-0.01117
3091.48882	-0.01104
3089.56025	-0.01099
3087.63169	-0.01113
3085.70312	-0.01138
3083.77456	-0.01156
3081.84600	-0.01154
3079.91743	-0.01137
3077.98887	-0.01125
3076.06030	-0.01132
3074.13174	-0.01151
3072.20317	-0.01164
3070.27461	-0.01166
3068.34604	-0.01157
3066.41748	-0.01147
3064.48892	-0.01146
3062.56035	-0.01158
3060.63179	-0.01173
3058.70322	-0.01185
3056.77466	-0.01193
3054.84609	-0.01188
3052.91753	-0.01172
3050.98896	-0.01160
3049.06040	-0.01166
3047.13184	-0.01184
3045.20327	-0.01198
3043.27471	-0.01198
3041.34614	-0.01188
3039.41758	-0.01181
3037.48901	-0.01187
3035.56045	-0.01198
3033.63188	-0.01203
3031.70332	-0.01207
3029.77476	-0.01215
3027.84619	-0.01220
3025.91763	-0.01216
3023.98906	-0.01204
3022.06050	-0.01194
3020.13193	-0.01198
3018.20337	-0.01219
3016.27480	-0.01236
3014.34624	-0.01235
3012.41768	-0.01220
3010.48911	-0.01196
3008.56055	-0.01171
3006.63198	-0.01156
3004.70342	-0.01161
3002.77485	-0.01181
3000.84629	-0.01191
2998.91772	-0.01178
2996.98916	-0.01146
2995.06060	-0.01113
2993.13203	-0.01081
2991.20347	-0.01040
2989.27490	-0.01003
2987.34634	-0.00981
2985.41777	-0.00954
2983.48921	-0.00902
2981.56064	-0.00830
2979.63208	-0.00747
2977.70352	-0.00650
2975.77495	-0.00539
2973.84639	-0.00418
2971.91782	-0.00290
2969.98926	-0.00144
2968.06069	0.00017
2966.13213	0.00182
2964.20356	0.00358
2962.27500	0.00547
2960.34644	0.00732
2958.41787	0.00898
2956.48931	0.01044
2954.56074	0.01182
2952.63218	0.01327
2950.70361	0.01495
2948.77505	0.01718
2946.84648	0.02035
2944.91792	0.02467
2942.98936	0.03020
2941.06079	0.03686
2939.13223	0.04453
2937.20366	0.05330
2935.27510	0.06343
2933.34653	0.07506
2931.41797	0.08836
2929.48940	0.10357
2927.56084	0.12094
2925.63228	0.14091
2923.70371	0.16388
2921.77515	0.18935
2919.84658	0.21494
2917.91802	0.23621
2915.98945	0.24774
2914.06089	0.24624
2912.13232	0.23362
2910.20376	0.21555
2908.27520	0.19703
2906.34663	0.18073
2904.41807	0.16737
2902.48950	0.15653
2900.56094	0.14749
2898.63237	0.13954
2896.70381	0.13225
2894.77524	0.12536
2892.84668	0.11855
2890.91812	0.11162
2888.98955	0.10466
2887.06099	0.09780
2885.13242	0.09109
2883.20386	0.08448
2881.27529	0.07804
2879.34673	0.07190
2877.41816	0.06628
2875.48960	0.06147
2873.56104	0.05766
2871.63247	0.05484
2869.70391	0.05301
2867.77534	0.05242
2865.84678	0.05354
2863.91821	0.05694
2861.98965	0.06341
2860.06108	0.07387
2858.13252	0.08955
2856.20396	0.11224
2854.27539	0.14352
2852.34683	0.18168
2850.41826	0.21693
2848.48970	0.23281
2846.56113	0.22151
2844.63257	0.19272
2842.70400	0.16062
2840.77544	0.13271
2838.84687	0.11079
2836.91831	0.09418
2834.98975	0.08158
2833.06118	0.07194
2831.13262	0.06447
2829.20405	0.05854
2827.27549	0.05368
2825.34692	0.04956
2823.41836	0.04602
2821.48979	0.04299
2819.56123	0.04046
2817.63267	0.03830
2815.70410	0.03627
2813.77554	0.03427
2811.84697	0.03250
2809.91841	0.03099
2807.98984	0.02966
2806.06128	0.02845
2804.13271	0.02729
2802.20415	0.02613
2800.27559	0.02506
2798.34702	0.02412
2796.41846	0.02324
2794.48989	0.02235
2792.56133	0.02150
2790.63276	0.02075
2788.70420	0.02002
2786.77563	0.01928
2784.84707	0.01856
2782.91851	0.01786
2780.98994	0.01720
2779.06138	0.01661
2777.13281	0.01606
2775.20425	0.01543
2773.27568	0.01477
2771.34712	0.01428
2769.41855	0.01389
2767.48999	0.01349
2765.56143	0.01311
2763.63286	0.01277
2761.70430	0.01237
2759.77573	0.01195
2757.84717	0.01161
2755.91860	0.01134
2753.99004	0.01099
2752.06147	0.01062
2750.13291	0.01042
2748.20435	0.01035
2746.27578	0.01025
2744.34722	0.01010
2742.41865	0.00990
2740.49009	0.00966
2738.56152	0.00947
2736.63296	0.00936
2734.70439	0.00923
2732.77583	0.00904
2730.84727	0.00880
2728.91870	0.00852
2726.99014	0.00828
2725.06157	0.00810
2723.13301	0.00796
2721.20444	0.00785
2719.27588	0.00768
2717.34731	0.00743
2715.41875	0.00718
2713.49019	0.00698
2711.56162	0.00680
2709.63306	0.00663
2707.70449	0.00651
2705.77593	0.00643
2703.84736	0.00629
2701.91880	0.00611
2699.99023	0.00597
2698.06167	0.00589
2696.13311	0.00588
2694.20454	0.00590
2692.27598	0.00590
2690.34741	0.00585
2688.41885	0.00574
2686.49028	0.00554
2684.56172	0.00543
2682.63315	0.00545
2680.70459	0.00546
2678.77603	0.00545
2676.84746	0.00549
2674.91890	0.00552
2672.99033	0.00552
2671.06177	0.00555
2669.13320	0.00564
2667.20464	0.00579
2665.27607	0.00592
2663.34751	0.00601
2661.41895	0.00603
2659.49038	0.00601
2657.56182	0.00594
2655.63325	0.00588
2653.70469	0.00588
2651.77612	0.00591
2649.84756	0.00590
2647.91899	0.00585
2645.99043	0.00579
2644.06187	0.00570
2642.13330	0.00557
2640.20474	0.00550
2638.27617	0.00551
2636.34761	0.00548
2634.41904	0.00530
2632.49048	0.00503
2630.56191	0.00485
2628.63335	0.00474
2626.70479	0.00459
2624.77622	0.00434
2622.84766	0.00407
2620.91909	0.00387
2618.99053	0.00370
2617.06196	0.00352
2615.13340	0.00334
2613.20483	0.00322
2611.27627	0.00317
2609.34771	0.00303
2607.41914	0.00274
2605.49058	0.00247
2603.56201	0.00234
2601.63345	0.00222
2599.70488	0.00204
2597.77632	0.00184
2595.84775	0.00167
2593.91919	0.00153
2591.99062	0.00145
2590.06206	0.00137
2588.13350	0.00127
2586.20493	0.00117
2584.27637	0.00099
2582.34780	0.00071
2580.41924	0.00038
2578.49067	0.00018
2576.56211	0.00020
2574.63354	0.00026
2572.70498	0.00016
2570.77642	-0.00006
2568.84785	-0.00027
2566.91929	-0.00036
2564.99072	-0.00033
2563.06216	-0.00036
2561.13359	-0.00049
2559.20503	-0.00060
2557.27646	-0.00071
2555.34790	-0.00091
2553.41934	-0.00113
2551.49077	-0.00125
2549.56221	-0.00130
2547.63364	-0.00128
2545.70508	-0.00117
2543.77651	-0.00119
2541.84795	-0.00147
2539.91938	-0.00175
2537.99082	-0.00181
2536.06226	-0.00172
2534.13369	-0.00170
2532.20513	-0.00183
2530.27656	-0.00197
2528.34800	-0.00199
2526.41943	-0.00197
2524.49087	-0.00203
2522.56230	-0.00209
2520.63374	-0.00208
2518.70518	-0.00217
2516.77661	-0.00248
2514.84805	-0.00279
2512.91948	-0.00287
2510.99092	-0.00282
2509.06235	-0.00278
2507.13379	-0.00281
2505.20522	-0.00294
2503.27666	-0.00303
2501.34810	-0.00305
2499.41953	-0.00312
2497.49097	-0.00316
2495.56240	-0.00313
2493.63384	-0.00313
2491.70527	-0.00312
2489.77671	-0.00311
2487.84814	-0.00319
2485.91958	-0.00333
2483.99102	-0.00350
2482.06245	-0.00365
2480.13389	-0.00369
2478.20532	-0.00368
2476.27676	-0.00371
2474.34819	-0.00369
2472.41963	-0.00362
2470.49106	-0.00358
2468.56250	-0.00357
2466.63394	-0.00356
2464.70537	-0.00360
2462.77681	-0.00364
2460.84824	-0.00363
2458.91968	-0.00360
2456.99111	-0.00357
2455.06255	-0.00359
2453.13398	-0.00363
2451.20542	-0.00365
2449.27686	-0.00368
2447.34829	-0.00371
2445.41973	-0.00375
2443.49116	-0.00384
2441.56260	-0.00390
2439.63403	-0.00387
2437.70547	-0.00379
2435.77690	-0.00375
2433.84834	-0.00380
2431.91978	-0.00390
2429.99121	-0.00394
2428.06265	-0.00389
2426.13408	-0.00378
2424.20552	-0.00369
2422.27695	-0.00364
2420.34839	-0.00372
2418.41982	-0.00392
2416.49126	-0.00402
2414.56270	-0.00391
2412.63413	-0.00381
2410.70557	-0.00389
2408.77700	-0.00406
2406.84844	-0.00420
2404.91987	-0.00429
2402.99131	-0.00435
2401.06274	-0.00435
2399.13418	-0.00295
2397.20562	-0.00280
2395.27705	-0.00341
2393.34849	-0.00403
2391.41992	-0.00471
2389.49136	-0.00552
2387.56279	-0.00637
2385.63423	-0.00716
2383.70566	-0.00783
2381.77710	-0.00830
2379.84854	-0.00846
2377.91997	-0.00822
2375.99141	-0.00773
2374.06284	-0.00723
2372.13428	-0.00701
2370.20571	-0.00721
2368.27715	-0.00679
2366.34858	-0.00630
2364.42002	-0.00693
2362.49146	-0.00660
2360.56289	-0.00735
2358.63433	-0.00891
2356.70576	-0.00680
2354.77720	-0.00934
2352.84863	-0.01186
2350.92007	-0.01217
2348.99150	-0.01225
2347.06294	-0.00975
2345.13437	-0.00654
2343.20581	-0.00719
2341.27725	-0.01145
2339.34868	-0.01271
2337.42012	-0.01036
2335.49155	-0.00628
2333.56299	-0.00360
2331.63442	-0.00314
2329.70586	-0.00371
2327.77729	-0.00442
2325.84873	-0.00368
2323.92017	-0.00216
2321.99160	-0.00151
2320.06304	-0.00156
2318.13447	-0.00198
2316.20591	-0.00249
2314.27734	-0.00302
2312.34878	-0.00373
2310.42021	-0.00457
2308.49165	-0.00516
2306.56309	-0.00549
2304.63452	-0.00548
2302.70596	-0.00519
2300.77739	-0.00488
2298.84883	-0.00458
2296.92026	-0.00430
2294.99170	-0.00409
2293.06313	-0.00390
2291.13457	-0.00350
2289.20601	-0.00301
2287.27744	-0.00249
2285.34888	-0.00201
2283.42031	-0.00183
2281.49175	-0.00192
2279.56318	-0.00205
2277.63462	-0.00218
2275.70605	-0.00247
2273.77749	-0.00296
2271.84893	-0.00337
2269.92036	-0.00350
2267.99180	-0.00351
2266.06323	-0.00373
2264.13467	-0.00410
2262.20610	-0.00433
2260.27754	-0.00439
2258.34897	-0.00451
2256.42041	-0.00475
2254.49185	-0.00513
2252.56328	-0.00567
2250.63472	-0.00584
2248.70615	-0.00473
2246.77759	-0.00442
2244.84902	-0.00405
2242.92046	-0.00374
2240.99189	-0.00366
2239.06333	-0.00383
2237.13477	-0.00415
2235.20620	-0.00433
2233.27764	-0.00410
2231.34907	-0.00380
2229.42051	-0.00392
2227.49194	-0.00421
2225.56338	-0.00423
2223.63481	-0.00413
2221.70625	-0.00422
2219.77769	-0.00439
2217.84912	-0.00447
2215.92056	-0.00447
2213.99199	-0.00441
2212.06343	-0.00431
2210.13486	-0.00435
2208.20630	-0.00442
2206.27773	-0.00427
2204.34917	-0.00413
2202.42061	-0.00410
2200.49204	-0.00388
2198.56348	-0.00365
2196.63491	-0.00372
2194.70635	-0.00378
2192.77778	-0.00364
2190.84922	-0.00365
2188.92065	-0.00374
2186.99209	-0.00361
2185.06353	-0.00359
2183.13496	-0.00432
2181.20640	-0.00520
2179.27783	-0.00527
2177.34927	-0.00497
2175.42070	-0.00487
2173.49214	-0.00461
2171.56357	-0.00389
2169.63501	-0.00309
2167.70645	-0.00282
2165.77788	-0.00279
2163.84932	-0.00250
2161.92075	-0.00300
2159.99219	-0.00580
2158.06362	-0.00897
2156.13506	-0.00986
2154.20649	-0.00939
2152.27793	-0.00881
2150.34937	-0.00812
2148.42080	-0.00754
2146.49224	-0.00744
2144.56367	-0.00768
2142.63511	-0.00812
2140.70654	-0.00853
2138.77798	-0.00863
2136.84941	-0.00878
2134.92085	-0.00925
2132.99229	-0.00944
2131.06372	-0.00894
2129.13516	-0.00809
2127.20659	-0.00740
2125.27803	-0.00712
2123.34946	-0.00700
2121.42090	-0.00671
2119.49233	-0.00623
2117.56377	-0.00574
2115.63521	-0.00536
2113.70664	-0.00522
2111.77808	-0.00527
2109.84951	-0.00536
2107.92095	-0.00548
2105.99238	-0.00561
2104.06382	-0.00560
2102.13525	-0.00540
2100.20669	-0.00535
2098.27812	-0.00573
2096.34956	-0.00637
2094.42100	-0.00684
2092.49243	-0.00672
2090.56387	-0.00620
2088.63530	-0.00577
2086.70674	-0.00550
2084.77817	-0.00521
2082.84961	-0.00492
2080.92104	-0.00472
2078.99248	-0.00466
2077.06392	-0.00473
2075.13535	-0.00493
2073.20679	-0.00523
2071.27822	-0.00542
2069.34966	-0.00528
2067.42109	-0.00497
2065.49253	-0.00476
2063.56396	-0.00477
2061.63540	-0.00490
2059.70684	-0.00486
2057.77827	-0.00459
2055.84971	-0.00435
2053.92114	-0.00396
2051.99258	-0.00320
2050.06401	-0.00296
2048.13545	-0.00375
2046.20688	-0.00460
2044.27832	-0.00478
2042.34976	-0.00465
2040.42119	-0.00477
2038.49263	-0.00516
2036.56406	-0.00550
2034.63550	-0.00561
2032.70693	-0.00554
2030.77837	-0.00532
2028.84980	-0.00497
2026.92124	-0.00484
2024.99268	-0.00512
2023.06411	-0.00518
2021.13555	-0.00476
2019.20698	-0.00456
2017.27842	-0.00485
2015.34985	-0.00517
2013.42129	-0.00533
2011.49272	-0.00544
2009.56416	-0.00563
2007.63560	-0.00600
2005.70703	-0.00620
2003.77847	-0.00584
2001.84990	-0.00527
1999.92134	-0.00499
1997.99277	-0.00492
1996.06421	-0.00469
1994.13564	-0.00423
1992.20708	-0.00391
1990.27852	-0.00384
1988.34995	-0.00370
1986.42139	-0.00337
1984.49282	-0.00301
1982.56426	-0.00273
1980.63569	-0.00300
1978.70713	-0.00429
1976.77856	-0.00587
1974.85000	-0.00675
1972.92144	-0.00711
1970.99287	-0.00727
1969.06431	-0.00715
1967.13574	-0.00674
1965.20718	-0.00641
1963.27861	-0.00644
1961.35005	-0.00680
1959.42148	-0.00705
1957.49292	-0.00669
1955.56436	-0.00609
1953.63579	-0.00590
1951.70723	-0.00601
1949.77866	-0.00608
1947.85010	-0.00612
1945.92153	-0.00620
1943.99297	-0.00616
1942.06440	-0.00595
1940.13584	-0.00587
1938.20728	-0.00609
1936.27871	-0.00636
1934.35015	-0.00647
1932.42158	-0.00649
1930.49302	-0.00653
1928.56445	-0.00646
1926.63589	-0.00614
1924.70732	-0.00575
1922.77876	-0.00552
1920.85020	-0.00541
1918.92163	-0.00523
1916.99307	-0.00500
1915.06450	-0.00499
1913.13594	-0.00514
1911.20737	-0.00515
1909.27881	-0.00495
1907.35024	-0.00480
1905.42168	-0.00477
1903.49312	-0.00471
1901.56455	-0.00454
1899.63599	-0.00439
1897.70742	-0.00433
1895.77886	-0.00426
1893.85029	-0.00419
1891.92173	-0.00420
1889.99316	-0.00425
1888.06460	-0.00428
1886.13604	-0.00434
1884.20747	-0.00445
1882.27891	-0.00455
1880.35034	-0.00461
1878.42178	-0.00460
1876.49321	-0.00451
1874.56465	-0.00433
1872.63608	-0.00417
1870.70752	-0.00411
1868.77896	-0.00410
1866.85039	-0.00408
1864.92183	-0.00408
1862.99326	-0.00404
1861.06470	-0.00391
1859.13613	-0.00381
1857.20757	-0.00381
1855.27900	-0.00381
1853.35044	-0.00373
1851.42187	-0.00365
1849.49331	-0.00369
1847.56475	-0.00383
1845.63618	-0.00393
1843.70762	-0.00387
1841.77905	-0.00372
1839.85049	-0.00360
1837.92192	-0.00351
1835.99336	-0.00345
1834.06479	-0.00341
1832.13623	-0.00329
1830.20767	-0.00308
1828.27910	-0.00287
1826.35054	-0.00273
1824.42197	-0.00266
1822.49341	-0.00271
1820.56484	-0.00284
1818.63628	-0.00288
1816.70771	-0.00278
1814.77915	-0.00259
1812.85059	-0.00235
1810.92202	-0.00207
1808.99346	-0.00177
1807.06489	-0.00153
1805.13633	-0.00133
1803.20776	-0.00110
1801.27920	-0.00084
1799.35063	-0.00062
1797.42207	-0.00045
1795.49351	-0.00025
1793.56494	0.00012
1791.63638	0.00059
1789.70781	0.00101
1787.77925	0.00138
1785.85068	0.00178
1783.92212	0.00216
1781.99355	0.00244
1780.06499	0.00262
1778.13643	0.00270
1776.20786	0.00268
1774.27930	0.00269
1772.35073	0.00293
1770.42217	0.00343
1768.49360	0.00389
1766.56504	0.00409
1764.63647	0.00412
1762.70791	0.00428
1760.77935	0.00469
1758.85078	0.00520
1756.92222	0.00572
1754.99365	0.00620
1753.06509	0.00672
1751.13652	0.00751
1749.20796	0.00858
1747.27939	0.00978
1745.35083	0.01099
1743.42227	0.01216
1741.49370	0.01322
1739.56514	0.01410
1737.63657	0.01465
1735.70801	0.01499
1733.77944	0.01541
1731.85088	0.01586
1729.92231	0.01631
1727.99375	0.01700
1726.06519	0.01811
1724.13662	0.01952
1722.20806	0.02083
1720.27949	0.02191
1718.35093	0.02315
1716.42236	0.02477
1714.49380	0.02626
1712.56523	0.02715
1710.63667	0.02736
1708.70811	0.02699
1706.77954	0.02610
1704.85098	0.02484
1702.92241	0.02337
1700.99385	0.02183
1699.06528	0.02047
1697.13672	0.01936
1695.20815	0.01836
1693.27959	0.01746
1691.35103	0.01667
1689.42246	0.01596
1687.49390	0.01538
1685.56533	0.01506
1683.63677	0.01513
1681.70820	0.01535
1679.77964	0.01539
1677.85107	0.01526
1675.92251	0.01518
1673.99395	0.01528
1672.06538	0.01545
1670.13682	0.01569
1668.20825	0.01596
1666.27969	0.01615
1664.35112	0.01631
1662.42256	0.01657
1660.49399	0.01685
1658.56543	0.01697
1656.63687	0.01695
1654.70830	0.01700
1652.77974	0.01723
1650.85117	0.01735
1648.92261	0.01727
1646.99404	0.01727
1645.06548	0.01749
1643.13691	0.01767
1641.20835	0.01762
1639.27979	0.01733
1637.35122	0.01697
1635.42266	0.01679
1633.49409	0.01676
1631.56553	0.01663
1629.63696	0.01632
1627.70840	0.01600
1625.77983	0.01577
1623.85127	0.01559
1621.92271	0.01536
1619.99414	0.01504
1618.06558	0.01471
1616.13701	0.01446
1614.20845	0.01426
1612.27988	0.01406
1610.35132	0.01389
1608.42275	0.01378
1606.49419	0.01371
1604.56562	0.01366
1602.63706	0.01361
1600.70850	0.01352
1598.77993	0.01342
1596.85137	0.01331
1594.92280	0.01321
1592.99424	0.01309
1591.06567	0.01295
1589.13711	0.01282
1587.20854	0.01270
1585.27998	0.01257
1583.35142	0.01241
1581.42285	0.01222
1579.49429	0.01202
1577.56572	0.01182
1575.63716	0.01169
1573.70859	0.01160
1571.78003	0.01149
1569.85146	0.01143
1567.92290	0.01143
1565.99434	0.01141
1564.06577	0.01128
1562.13721	0.01101
1560.20864	0.01080
1558.28008	0.01092
1556.35151	0.01126
1554.42295	0.01150
1552.49438	0.01158
1550.56582	0.01151
1548.63726	0.01132
1546.70869	0.01108
1544.78013	0.01083
1542.85156	0.01054
1540.92300	0.01027
1538.99443	0.01014
1537.06587	0.01003
1535.13730	0.00982
1533.20874	0.00956
1531.28018	0.00929
1529.35161	0.00903
1527.42305	0.00878
1525.49448	0.00851
1523.56592	0.00821
1521.63735	0.00799
1519.70879	0.00791
1517.78022	0.00788
1515.85166	0.00778
1513.92310	0.00763
1511.99453	0.00746
1510.06597	0.00725
1508.13740	0.00695
1506.20884	0.00662
1504.28027	0.00643
1502.35171	0.00632
1500.42314	0.00622
1498.49458	0.00613
1496.56602	0.00610
1494.63745	0.00611
1492.70889	0.00617
1490.78032	0.00634
1488.85176	0.00659
1486.92319	0.00688
1484.99463	0.00735
1483.06606	0.00826
1481.13750	0.01034
1479.20894	0.01597
1477.28037	0.03035
1475.35181	0.05729
1473.42324	0.08917
1471.49468	0.10782
1469.56611	0.10731
1467.63755	0.09958
1465.70898	0.09441
1463.78042	0.09168
1461.85186	0.08674
1459.92329	0.07772
1457.99473	0.06701
1456.06616	0.05818
1454.13760	0.05230
1452.20903	0.04789
1450.28047	0.04408
1448.35190	0.04104
1446.42334	0.03889
1444.49478	0.03743
1442.56621	0.03634
1440.63765	0.03534
1438.70908	0.03433
1436.78052	0.03326
1434.85195	0.03213
1432.92339	0.03092
1430.99482	0.02956
1429.06626	0.02813
1427.13770	0.02682
1425.20913	0.02577
1423.28057	0.02503
1421.35200	0.02459
1419.42344	0.02443
1417.49487	0.02439
1415.56631	0.02435
1413.63774	0.02427
1411.70918	0.02416
1409.78062	0.02393
1407.85205	0.02352
1405.92349	0.02297
1403.99492	0.02234
1402.06636	0.02168
1400.13779	0.02106
1398.20923	0.02054
1396.28066	0.02011
1394.35210	0.01981
1392.42354	0.01967
1390.49497	0.01965
1388.56641	0.01977
1386.63784	0.02014
1384.70928	0.02094
1382.78071	0.02231
1380.85215	0.02412
1378.92358	0.02580
1376.99502	0.02673
1375.06646	0.02676
1373.13789	0.02628
1371.20933	0.02581
1369.28076	0.02547
1367.35220	0.02511
1365.42363	0.02462
1363.49507	0.02400
1361.56650	0.02337
1359.63794	0.02283
1357.70937	0.02248
1355.78081	0.02230
1353.85225	0.02222
1351.92368	0.02212
1349.99512	0.02185
1348.06655	0.02142
1346.13799	0.02097
1344.20942	0.02060
1342.28086	0.02027
1340.35229	0.01997
1338.42373	0.01962
1336.49517	0.01921
1334.56660	0.01879
1332.63804	0.01848
1330.70947	0.01835
1328.78091	0.01833
1326.85234	0.01840
1324.92378	0.01858
1322.99521	0.01888
1321.06665	0.01925
1319.13809	0.01964
1317.20952	0.01997
1315.28096	0.02025
1313.35239	0.02050
1311.42383	0.02076
1309.49526	0.02107
1307.56670	0.02135
1305.63813	0.02158
1303.70957	0.02180
1301.78101	0.02202
1299.85244	0.02221
1297.92388	0.02232
1295.99531	0.02233
1294.06675	0.02231
1292.13818	0.02230
1290.20962	0.02230
1288.28105	0.02228
1286.35249	0.02224
1284.42393	0.02220
1282.49536	0.02220
1280.56680	0.02224
1278.63823	0.02227
1276.70967	0.02222
1274.78110	0.02213
1272.85254	0.02208
1270.92397	0.02210
1268.99541	0.02221
1267.06685	0.02240
1265.13828	0.02260
1263.20972	0.02276
1261.28115	0.02286
1259.35259	0.02292
1257.42402	0.02291
1255.49546	0.02282
1253.56689	0.02273
1251.63833	0.02267
1249.70977	0.02263
1247.78120	0.02258
1245.85264	0.02254
1243.92407	0.02249
1241.99551	0.02243
1240.06694	0.02230
1238.13838	0.02215
1236.20981	0.02202
1234.28125	0.02194
1232.35269	0.02190
1230.42412	0.02186
1228.49556	0.02175
1226.56699	0.02159
1224.63843	0.02145
1222.70986	0.02138
1220.78130	0.02132
1218.85273	0.02124
1216.92417	0.02119
1214.99561	0.02121
1213.06704	0.02123
1211.13848	0.02118
1209.20991	0.02110
1207.28135	0.02109
1205.35278	0.02115
1203.42422	0.02121
1201.49565	0.02131
1199.56709	0.02147
1197.63853	0.02164
1195.70996	0.02178
1193.78140	0.02197
1191.85283	0.02224
1189.92427	0.02252
1187.99570	0.02279
1186.06714	0.02311
1184.13857	0.02343
1182.21001	0.02372
1180.28145	0.02405
1178.35288	0.02444
1176.42432	0.02478
1174.49575	0.02502
1172.56719	0.02521
1170.63862	0.02545
1168.71006	0.02570
1166.78149	0.02586
1164.85293	0.02592
1162.92437	0.02594
1160.99580	0.02587
1159.06724	0.02571
1157.13867	0.02550
1155.21011	0.02527
1153.28154	0.02498
1151.35298	0.02465
1149.42441	0.02435
1147.49585	0.02411
1145.56729	0.02392
1143.63872	0.02377
1141.71016	0.02373
1139.78159	0.02384
1137.85303	0.02410
1135.92446	0.02447
1133.99590	0.02489
1132.06733	0.02531
1130.13877	0.02567
1128.21021	0.02596
1126.28164	0.02624
1124.35308	0.02652
1122.42451	0.02691
1120.49595	0.02743
1118.56738	0.02806
1116.63882	0.02862
1114.71025	0.02900
1112.78169	0.02929
1110.85312	0.02956
1108.92456	0.02985
1106.99600	0.03021
1105.06743	0.03058
1103.13887	0.03094
1101.21030	0.03132
1099.28174	0.03172
1097.35317	0.03208
1095.42461	0.03239
1093.49604	0.03270
1091.56748	0.03304
1089.63892	0.03339
1087.71035	0.03380
1085.78179	0.03423
1083.85322	0.03459
1081.92466	0.03493
1079.99609	0.03535
1078.06753	0.03573
1076.13896	0.03595
1074.21040	0.03607
1072.28184	0.03620
1070.35327	0.03637
1068.42471	0.03659
1066.49614	0.03684
1064.56758	0.03708
1062.63901	0.03727
1060.71045	0.03735
1058.78188	0.03744
1056.85332	0.03758
1054.92476	0.03768
1052.99619	0.03775
1051.06763	0.03784
1049.13906	0.03792
1047.21050	0.03798
1045.28193	0.03799
1043.35337	0.03794
1041.42480	0.03780
1039.49624	0.03762
1037.56768	0.03741
1035.63911	0.03711
1033.71055	0.03670
1031.78198	0.03627
1029.85342	0.03582
1027.92485	0.03524
1025.99629	0.03457
1024.06772	0.03401
1022.13916	0.03358
1020.21060	0.03312
1018.28203	0.03261
1016.35347	0.03209
1014.42490	0.03148
1012.49634	0.03079
1010.56777	0.03016
1008.63921	0.02966
1006.71064	0.02917
1004.78208	0.02867
1002.85352	0.02824
1000.92495	0.02790
998.99639	0.02767
997.06782	0.02760
995.13926	0.02760
993.21069	0.02749
991.28213	0.02722
989.35356	0.02675
987.42500	0.02611
985.49644	0.02545
983.56787	0.02484
981.63931	0.02421
979.71074	0.02359
977.78218	0.02307
975.85361	0.02262
973.92505	0.02225
971.99648	0.02194
970.06792	0.02167
968.13936	0.02137
966.21079	0.02109
964.28223	0.02083
962.35366	0.02046
960.42510	0.01998
958.49653	0.01959
956.56797	0.01939
954.63940	0.01927
952.71084	0.01909
950.78228	0.01886
948.85371	0.01864
946.92515	0.01849
944.99658	0.01837
943.06802	0.01831
941.13945	0.01831
939.21089	0.01830
937.28232	0.01818
935.35376	0.01798
933.42520	0.01781
931.49663	0.01768
929.56807	0.01752
927.63950	0.01731
925.71094	0.01707
923.78237	0.01697
921.85381	0.01704
919.92524	0.01721
917.99668	0.01753
916.06812	0.01817
914.13955	0.01930
912.21099	0.02078
910.28242	0.02215
908.35386	0.02273
906.42529	0.02217
904.49673	0.02094
902.56816	0.01957
900.63960	0.01826
898.71104	0.01726
896.78247	0.01666
894.85391	0.01620
892.92534	0.01575
890.99678	0.01534
889.06821	0.01494
887.13965	0.01445
885.21108	0.01399
883.28252	0.01366
881.35396	0.01338
879.42539	0.01311
877.49683	0.01290
875.56826	0.01271
873.63970	0.01248
871.71113	0.01222
869.78257	0.01198
867.85400	0.01185
865.92544	0.01181
863.99687	0.01171
862.06831	0.01156
860.13975	0.01142
858.21118	0.01127
856.28262	0.01116
854.35405	0.01113
852.42549	0.01113
850.49692	0.01104
848.56836	0.01082
846.63979	0.01062
844.71123	0.01063
842.78267	0.01071
840.85410	0.01067
838.92554	0.01062
836.99697	0.01069
835.06841	0.01079
833.13984	0.01090
831.21128	0.01111
829.28271	0.01129
827.35415	0.01129
825.42559	0.01125
823.49702	0.01136
821.56846	0.01154
819.63989	0.01179
817.71133	0.01204
815.78276	0.01218
813.85420	0.01221
811.92563	0.01222
809.99707	0.01232
808.06851	0.01244
806.13994	0.01249
804.21138	0.01256
802.28281	0.01283
800.35425	0.01307
798.42568	0.01295
796.49712	0.01268
794.56855	0.01256
792.63999	0.01262
790.71143	0.01274
788.78286	0.01281
786.85430	0.01281
784.92573	0.01285
782.99717	0.01301
781.06860	0.01319
779.14004	0.01323
777.21147	0.01317
775.28291	0.01316
773.35435	0.01318
771.42578	0.01319
769.49722	0.01329
767.56865	0.01346
765.64009	0.01352
763.71152	0.01347
761.78296	0.01353
759.85439	0.01374
757.92583	0.01395
755.99727	0.01421
754.06870	0.01460
752.14014	0.01508
750.21157	0.01564
748.28301	0.01625
746.35444	0.01685
744.42588	0.01753
742.49731	0.01845
740.56875	0.01982
738.64019	0.02210
736.71162	0.02676
734.78306	0.03630
732.85449	0.05035
730.92593	0.06208
728.99736	0.06558
727.06880	0.06512
725.14023	0.06866
723.21167	0.08000
721.28311	0.10017
719.35454	0.12294
717.42598	0.13596
715.49741	0.12958
713.56885	0.10709
711.64028	0.08178
709.71172	0.06273
707.78315	0.05032
705.85459	0.04202
703.92603	0.03620
701.99746	0.03204
700.06890	0.02896
698.14033	0.02662
696.21177	0.02477
694.28320	0.02310
692.35464	0.02148
690.42607	0.02024
688.49751	0.01973
686.56895	0.01940
684.64038	0.01872
682.71182	0.01789
680.78325	0.01752
678.85469	0.01768
676.92612	0.01760
674.99756	0.01698
673.06899	0.01671
671.14043	0.01921
669.21187	0.02387
667.28330	0.02189
665.35474	0.01909
663.42617	0.01665
661.49761	0.01621
659.56904	0.01657
657.64048	0.01701
655.71191	0.01719
653.78335	0.01683
651.85479	0.01655
649.92622	0.01692
647.99766	0.01762
646.06909	0.01814
644.14053	0.01858
642.21196	0.01921
640.28340	0.02010
638.35483	0.02125
636.42627	0.02261
634.49771	0.02381
632.56914	0.02459
630.64058	0.02502
628.71201	0.02485
626.78345	0.02409
624.85488	0.02296
622.92632	0.02172
620.99775	0.02117
619.06919	0.02147
617.14062	0.02196
615.21206	0.02237
613.28350	0.02205
611.35493	0.02104
609.42637	0.02094
607.49780	0.02146
605.56924	0.02087
603.64067	0.01984
601.71211	0.01982
599.78354	0.02057
