3997.91411	-0.02810
3995.98555	-0.02829
3994.05698	-0.02846
3992.12842	-0.02857
3990.19985	-0.02855
3988.27129	-0.02845
3986.34272	-0.02834
3984.41416	-0.02812
3982.48560	-0.02777
3980.55703	-0.02754
3978.62847	-0.02749
3976.69990	-0.02746
3974.77134	-0.02740
3972.84277	-0.02739
3970.91421	-0.02741
3968.98564	-0.02741
3967.05708	-0.02740
3965.12852	-0.02745
3963.19995	-0.02757
3961.27139	-0.02776
3959.34282	-0.02797
3957.41426	-0.02808
3955.48569	-0.02805
3953.55713	-0.02784
3951.62856	-0.02737
3949.70000	-0.02685
3947.77144	-0.02659
3945.84287	-0.02656
3943.91431	-0.02651
3941.98574	-0.02653
3940.05718	-0.02681
3938.12861	-0.02721
3936.20005	-0.02734
3934.27148	-0.02707
3932.34292	-0.02679
3930.41436	-0.02691
3928.48579	-0.02723
3926.55723	-0.02732
3924.62866	-0.02718
3922.70010	-0.02694
3920.77153	-0.02656
3918.84297	-0.02616
3916.91440	-0.02616
3914.98584	-0.02661
3913.05728	-0.02703
3911.12871	-0.02709
3909.20015	-0.02691
3907.27158	-0.02662
3905.34302	-0.02624
3903.41445	-0.02595
3901.48589	-0.02596
3899.55732	-0.02627
3897.62876	-0.02671
3895.70020	-0.02707
3893.77163	-0.02720
3891.84307	-0.02704
3889.91450	-0.02673
3887.98594	-0.02640
3886.05737	-0.02611
3884.12881	-0.02592
3882.20024	-0.02590
3880.27168	-0.02604
3878.34312	-0.02629
3876.41455	-0.02634
3874.48599	-0.02612
3872.55742	-0.02594
3870.62886	-0.02603
3868.70029	-0.02627
3866.77173	-0.02642
3864.84316	-0.02637
3862.91460	-0.02638
3860.98604	-0.02663
3859.05747	-0.02679
3857.12891	-0.02657
3855.20034	-0.02603
3853.27178	-0.02556
3851.34321	-0.02556
3849.41465	-0.02586
3847.48608	-0.02605
3845.55752	-0.02603
3843.62896	-0.02592
3841.70039	-0.02589
3839.77183	-0.02608
3837.84326	-0.02649
3835.91470	-0.02691
3833.98613	-0.02709
3832.05757	-0.02699
3830.12900	-0.02674
3828.20044	-0.02647
3826.27187	-0.02620
3824.34331	-0.02587
3822.41475	-0.02547
3820.48618	-0.02520
3818.55762	-0.02532
3816.62905	-0.02568
3814.70049	-0.02600
3812.77192	-0.02619
3810.84336	-0.02633
3808.91479	-0.02653
3806.98623	-0.02675
3805.05767	-0.02690
3803.12910	-0.02693
3801.20054	-0.02683
3799.27197	-0.02669
3797.34341	-0.02655
3795.41484	-0.02644
3793.48628	-0.02645
3791.55771	-0.02646
3789.62915	-0.02637
3787.70059	-0.02621
3785.77202	-0.02612
3783.84346	-0.02620
3781.91489	-0.02629
3779.98633	-0.02622
3778.05776	-0.02618
3776.12920	-0.02639
3774.20063	-0.02671
3772.27207	-0.02686
3770.34351	-0.02679
3768.41494	-0.02661
3766.48638	-0.02648
3764.55781	-0.02644
3762.62925	-0.02640
3760.70068	-0.02613
3758.77212	-0.02568
3756.84355	-0.02539
3754.91499	-0.02531
3752.98643	-0.02522
3751.05786	-0.02513
3749.12930	-0.02515
3747.20073	-0.02518
3745.27217	-0.02515
3743.34360	-0.02520
3741.41504	-0.02542
3739.48647	-0.02556
3737.55791	-0.02540
3735.62935	-0.02517
3733.70078	-0.02538
3731.77222	-0.02583
3729.84365	-0.02604
3727.91509	-0.02591
3725.98652	-0.02572
3724.05796	-0.02561
3722.12939	-0.02558
3720.20083	-0.02559
3718.27227	-0.02570
3716.34370	-0.02600
3714.41514	-0.02625
3712.48657	-0.02635
3710.55801	-0.02651
3708.62944	-0.02670
3706.70088	-0.02691
3704.77231	-0.02712
3702.84375	-0.02712
3700.91519	-0.02687
3698.98662	-0.02656
3697.05806	-0.02626
3695.12949	-0.02600
3693.20093	-0.02581
3691.27236	-0.02570
3689.34380	-0.02562
3687.41523	-0.02573
3685.48667	-0.02600
3683.55811	-0.02632
3681.62954	-0.02649
3679.70098	-0.02631
3677.77241	-0.02580
3675.84385	-0.02530
3673.91528	-0.02510
3671.98672	-0.02502
3670.05815	-0.02481
3668.12959	-0.02456
3666.20103	-0.02440
3664.27246	-0.02433
3662.34390	-0.02437
3660.41533	-0.02450
3658.48677	-0.02458
3656.55820	-0.02452
3654.62964	-0.02446
3652.70107	-0.02428
3650.77251	-0.02372
3648.84395	-0.02314
3646.91538	-0.02320
3644.98682	-0.02365
3643.05825	-0.02407
3641.12969	-0.02437
3639.20112	-0.02452
3637.27256	-0.02441
3635.34399	-0.02405
3633.41543	-0.02346
3631.48687	-0.02276
3629.55830	-0.02233
3627.62974	-0.02253
3625.70117	-0.02308
3623.77261	-0.02338
3621.84404	-0.02310
3619.91548	-0.02252
3617.98691	-0.02218
3616.05835	-0.02215
3614.12979	-0.02217
3612.20122	-0.02198
3610.27266	-0.02161
3608.34409	-0.02150
3606.41553	-0.02180
3604.48696	-0.02206
3602.55840	-0.02191
3600.62983	-0.02165
3598.70127	-0.02154
3596.77271	-0.02151
3594.84414	-0.02180
3592.91558	-0.02237
3590.98701	-0.02257
3589.05845	-0.02203
3587.12988	-0.02150
3585.20132	-0.02172
3583.27275	-0.02233
3581.34419	-0.02276
3579.41562	-0.02281
3577.48706	-0.02254
3575.55850	-0.02217
3573.62993	-0.02182
3571.70137	-0.02131
3569.77280	-0.02036
3567.84424	-0.01933
3565.91567	-0.01909
3563.98711	-0.01969
3562.05854	-0.02039
3560.12998	-0.02091
3558.20142	-0.02139
3556.27285	-0.02170
3554.34429	-0.02164
3552.41572	-0.02143
3550.48716	-0.02139
3548.55859	-0.02134
3546.63003	-0.02101
3544.70146	-0.02056
3542.77290	-0.02034
3540.84434	-0.02040
3538.91577	-0.02057
3536.98721	-0.02070
3535.05864	-0.02073
3533.13008	-0.02070
3531.20151	-0.02075
3529.27295	-0.02083
3527.34438	-0.02074
3525.41582	-0.02056
3523.48726	-0.02059
3521.55869	-0.02082
3519.63013	-0.02093
3517.70156	-0.02084
3515.77300	-0.02065
3513.84443	-0.02039
3511.91587	-0.02009
3509.98730	-0.01981
3508.05874	-0.01941
3506.13018	-0.01889
3504.20161	-0.01861
3502.27305	-0.01875
3500.34448	-0.01905
3498.41592	-0.01926
3496.48735	-0.01943
3494.55879	-0.01962
3492.63022	-0.01973
3490.70166	-0.01962
3488.77310	-0.01944
3486.84453	-0.01940
3484.91597	-0.01938
3482.98740	-0.01924
3481.05884	-0.01904
3479.13027	-0.01869
3477.20171	-0.01812
3475.27314	-0.01767
3473.34458	-0.01760
3471.41602	-0.01777
3469.48745	-0.01794
3467.55889	-0.01801
3465.63032	-0.01799
3463.70176	-0.01810
3461.77319	-0.01846
3459.84463	-0.01873
3457.91606	-0.01870
3455.98750	-0.01847
3454.05894	-0.01809
3452.13037	-0.01772
3450.20181	-0.01752
3448.27324	-0.01738
3446.34468	-0.01724
3444.41611	-0.01715
3442.48755	-0.01698
3440.55898	-0.01674
3438.63042	-0.01682
3436.70186	-0.01724
3434.77329	-0.01749
3432.84473	-0.01745
3430.91616	-0.01744
3428.98760	-0.01762
3427.05903	-0.01783
3425.13047	-0.01791
3423.20190	-0.01773
3421.27334	-0.01720
3419.34478	-0.01661
3417.41621	-0.01629
3415.48765	-0.01625
3413.55908	-0.01626
3411.63052	-0.01618
3409.70195	-0.01607
3407.77339	-0.01611
3405.84482	-0.01628
3403.91626	-0.01660
3401.98770	-0.01703
3400.05913	-0.01717
3398.13057	-0.01688
3396.20200	-0.01682
3394.27344	-0.01704
3392.34487	-0.01715
3390.41631	-0.01702
3388.48774	-0.01679
3386.55918	-0.01647
3384.63062	-0.01623
3382.70205	-0.01618
3380.77349	-0.01618
3378.84492	-0.01630
3376.91636	-0.01651
3374.98779	-0.01658
3373.05923	-0.01664
3371.13066	-0.01685
3369.20210	-0.01701
3367.27354	-0.01698
3365.34497	-0.01692
3363.41641	-0.01685
3361.48784	-0.01672
3359.55928	-0.01661
3357.63071	-0.01655
3355.70215	-0.01643
3353.77358	-0.01619
3351.84502	-0.01589
3349.91646	-0.01573
3347.98789	-0.01588
3346.05933	-0.01611
3344.13076	-0.01618
3342.20220	-0.01620
3340.27363	-0.01635
3338.34507	-0.01662
3336.41650	-0.01691
3334.48794	-0.01711
3332.55937	-0.01710
3330.63081	-0.01684
3328.70225	-0.01659
3326.77368	-0.01648
3324.84512	-0.01631
3322.91655	-0.01592
3320.98799	-0.01555
3319.05942	-0.01547
3317.13086	-0.01561
3315.20229	-0.01573
3313.27373	-0.01584
3311.34517	-0.01604
3309.41660	-0.01622
3307.48804	-0.01641
3305.55947	-0.01670
3303.63091	-0.01698
3301.70234	-0.01707
3299.77378	-0.01691
3297.84521	-0.01648
3295.91665	-0.01597
3293.98809	-0.01571
3292.05952	-0.01566
3290.13096	-0.01557
3288.20239	-0.01531
3286.27383	-0.01508
3284.34526	-0.01516
3282.41670	-0.01553
3280.48813	-0.01592
3278.55957	-0.01617
3276.63101	-0.01643
3274.70244	-0.01672
3272.77388	-0.01685
3270.84531	-0.01679
3268.91675	-0.01673
3266.98818	-0.01670
3265.05962	-0.01665
3263.13105	-0.01661
3261.20249	-0.01663
3259.27393	-0.01662
3257.34536	-0.01654
3255.41680	-0.01642
3253.48823	-0.01634
3251.55967	-0.01649
3249.63110	-0.01689
3247.70254	-0.01724
3245.77397	-0.01734
3243.84541	-0.01732
3241.91685	-0.01734
3239.98828	-0.01751
3238.05972	-0.01782
3236.13115	-0.01806
3234.20259	-0.01796
3232.27402	-0.01753
3230.34546	-0.01718
3228.41689	-0.01716
3226.48833	-0.01722
3224.55977	-0.01725
3222.63120	-0.01731
3220.70264	-0.01736
3218.77407	-0.01747
3216.84551	-0.01769
3214.91694	-0.01790
3212.98838	-0.01808
3211.05981	-0.01824
3209.13125	-0.01839
3207.20269	-0.01844
3205.27412	-0.01841
3203.34556	-0.01844
3201.41699	-0.01851
3199.48843	-0.01841
3197.55986	-0.01815
3195.63130	-0.01798
3193.70273	-0.01804
3191.77417	-0.01810
3189.84561	-0.01796
3187.91704	-0.01781
3185.98848	-0.01797
3184.05991	-0.01849
3182.13135	-0.01906
3180.20278	-0.01942
3178.27422	-0.01961
3176.34565	-0.01974
3174.41709	-0.01979
3172.48853	-0.01971
3170.55996	-0.01962
3168.63140	-0.01957
3166.70283	-0.01934
3164.77427	-0.01891
3162.84570	-0.01871
3160.91714	-0.01892
3158.98857	-0.01925
3157.06001	-0.01943
3155.13145	-0.01942
3153.20288	-0.01944
3151.27432	-0.01960
3149.34575	-0.01984
3147.41719	-0.02003
3145.48862	-0.02002
3143.56006	-0.01985
3141.63149	-0.01984
3139.70293	-0.02009
3137.77437	-0.02027
3135.84580	-0.02018
3133.91724	-0.02001
3131.98867	-0.01985
3130.06011	-0.01973
3128.13154	-0.01969
3126.20298	-0.01976
3124.27441	-0.01991
3122.34585	-0.02013
3120.41729	-0.02036
3118.48872	-0.02050
3116.56016	-0.02066
3114.63159	-0.02095
3112.70303	-0.02105
3110.77446	-0.02079
3108.84590	-0.02052
3106.91733	-0.02044
3104.98877	-0.02028
3103.06021	-0.01989
3101.13164	-0.01944
3099.20308	-0.01917
3097.27451	-0.01910
3095.34595	-0.01921
3093.41738	-0.01950
3091.48882	-0.01978
3089.56025	-0.01983
3087.63169	-0.01982
3085.70312	-0.02000
3083.77456	-0.02020
3081.84600	-0.02024
3079.91743	-0.02017
3077.98887	-0.02005
3076.06030	-0.01987
3074.13174	-0.01976
3072.20317	-0.01978
3070.27461	-0.01981
3068.34604	-0.01975
3066.41748	-0.01965
3064.48892	-0.01951
3062.56035	-0.01942
3060.63179	-0.01954
3058.70322	-0.01984
3056.77466	-0.01994
3054.84609	-0.01975
3052.91753	-0.01967
3050.98896	-0.01993
3049.06040	-0.02027
3047.13184	-0.02038
3045.20327	-0.02024
3043.27471	-0.01998
3041.34614	-0.01972
3039.41758	-0.01960
3037.48901	-0.01954
3035.56045	-0.01941
3033.63188	-0.01937
3031.70332	-0.01963
3029.77476	-0.02007
3027.84619	-0.02043
3025.91763	-0.02064
3023.98906	-0.02082
3022.06050	-0.02093
3020.13193	-0.02088
3018.20337	-0.02078
3016.27480	-0.02066
3014.34624	-0.02046
3012.41768	-0.02017
3010.48911	-0.01992
3008.56055	-0.01973
3006.63198	-0.01965
3004.70342	-0.01970
3002.77485	-0.01972
3000.84629	-0.01967
2998.91772	-0.01964
2996.98916	-0.01969
2995.06060	-0.01983
2993.13203	-0.02001
2991.20347	-0.02013
2989.27490	-0.02008
2987.34634	-0.01983
2985.41777	-0.01949
2983.48921	-0.01923
2981.56064	-0.01899
2979.63208	-0.01856
2977.70352	-0.01800
2975.77495	-0.01753
2973.84639	-0.01708
2971.91782	-0.01650
2969.98926	-0.01589
2968.06069	-0.01527
2966.13213	-0.01457
2964.20356	-0.01385
2962.27500	-0.01324
2960.34644	-0.01264
2958.41787	-0.01188
2956.48931	-0.01095
2954.56074	-0.00996
2952.63218	-0.00890
2950.70361	-0.00768
2948.77505	-0.00611
2946.84648	-0.00395
2944.91792	-0.00098
2942.98936	0.00284
2941.06079	0.00737
2939.13223	0.01254
2937.20366	0.01842
2935.27510	0.02531
2933.34653	0.03355
2931.41797	0.04318
2929.48940	0.05423
2927.56084	0.06732
2925.63228	0.08312
2923.70371	0.10165
2921.77515	0.12227
2919.84658	0.14345
2917.91802	0.16243
2915.98945	0.17518
2914.06089	0.17842
2912.13232	0.17254
2910.20376	0.16135
2908.27520	0.14871
2906.34663	0.13680
2904.41807	0.12638
2902.48950	0.11750
2900.56094	0.11012
2898.63237	0.10397
2896.70381	0.09843
2894.77524	0.09304
2892.84668	0.08768
2890.91812	0.08234
2888.98955	0.07697
2887.06099	0.07152
2885.13242	0.06602
2883.20386	0.06051
2881.27529	0.05490
2879.34673	0.04927
2877.41816	0.04374
2875.48960	0.03833
2873.56104	0.03332
2871.63247	0.02921
2869.70391	0.02621
2867.77534	0.02443
2865.84678	0.02421
2863.91821	0.02590
2861.98965	0.02996
2860.06108	0.03714
2858.13252	0.04869
2856.20396	0.06597
2854.27539	0.08992
2852.34683	0.11958
2850.41826	0.14918
2848.48970	0.16789
2846.56113	0.16764
2844.63257	0.15121
2842.70400	0.12803
2840.77544	0.10557
2838.84687	0.08699
2836.91831	0.07267
2834.98975	0.06179
2833.06118	0.05339
2831.13262	0.04682
2829.20405	0.04162
2827.27549	0.03730
2825.34692	0.03358
2823.41836	0.03055
2821.48979	0.02811
2819.56123	0.02599
2817.63267	0.02403
2815.70410	0.02224
2813.77554	0.02061
2811.84697	0.01910
2809.91841	0.01772
2807.98984	0.01644
2806.06128	0.01519
2804.13271	0.01404
2802.20415	0.01303
2800.27559	0.01210
2798.34702	0.01126
2796.41846	0.01050
2794.48989	0.00981
2792.56133	0.00920
2790.63276	0.00865
2788.70420	0.00811
2786.77563	0.00756
2784.84707	0.00696
2782.91851	0.00626
2780.98994	0.00551
2779.06138	0.00484
2777.13281	0.00430
2775.20425	0.00380
2773.27568	0.00321
2771.34712	0.00261
2769.41855	0.00219
2767.48999	0.00201
2765.56143	0.00185
2763.63286	0.00157
2761.70430	0.00126
2759.77573	0.00101
2757.84717	0.00085
2755.91860	0.00074
2753.99004	0.00059
2752.06147	0.00035
2750.13291	0.00006
2748.20435	-0.00013
2746.27578	-0.00026
2744.34722	-0.00045
2742.41865	-0.00070
2740.49009	-0.00093
2738.56152	-0.00117
2736.63296	-0.00140
2734.70439	-0.00150
2732.77583	-0.00144
2730.84727	-0.00138
2728.91870	-0.00146
2726.99014	-0.00165
2725.06157	-0.00187
2723.13301	-0.00207
2721.20444	-0.00221
2719.27588	-0.00233
2717.34731	-0.00258
2715.41875	-0.00292
2713.49019	-0.00319
2711.56162	-0.00338
2709.63306	-0.00351
2707.70449	-0.00355
2705.77593	-0.00356
2703.84736	-0.00366
2701.91880	-0.00377
2699.99023	-0.00376
2698.06167	-0.00375
2696.13311	-0.00382
2694.20454	-0.00392
2692.27598	-0.00406
2690.34741	-0.00419
2688.41885	-0.00422
2686.49028	-0.00424
2684.56172	-0.00436
2682.63315	-0.00454
2680.70459	-0.00467
2678.77603	-0.00472
2676.84746	-0.00472
2674.91890	-0.00471
2672.99033	-0.00472
2671.06177	-0.00472
2669.13320	-0.00466
2667.20464	-0.00452
2665.27607	-0.00434
2663.34751	-0.00423
2661.41895	-0.00424
2659.49038	-0.00424
2657.56182	-0.00418
2655.63325	-0.00417
2653.70469	-0.00429
2651.77612	-0.00447
2649.84756	-0.00474
2647.91899	-0.00510
2645.99043	-0.00533
2644.06187	-0.00529
2642.13330	-0.00521
2640.20474	-0.00521
2638.27617	-0.00513
2636.34761	-0.00497
2634.41904	-0.00489
2632.49048	-0.00492
2630.56191	-0.00500
2628.63335	-0.00515
2626.70479	-0.00543
2624.77622	-0.00576
2622.84766	-0.00602
2620.91909	-0.00620
2618.99053	-0.00645
2617.06196	-0.00684
2615.13340	-0.00728
2613.20483	-0.00760
2611.27627	-0.00763
2609.34771	-0.00746
2607.41914	-0.00736
2605.49058	-0.00741
2603.56201	-0.00747
2601.63345	-0.00743
2599.70488	-0.00737
2597.77632	-0.00732
2595.84775	-0.00737
2593.91919	-0.00763
2591.99062	-0.00799
2590.06206	-0.00819
2588.13350	-0.00834
2586.20493	-0.00863
2584.27637	-0.00893
2582.34780	-0.00911
2580.41924	-0.00924
2578.49067	-0.00920
2576.56211	-0.00896
2574.63354	-0.00877
2572.70498	-0.00875
2570.77642	-0.00883
2568.84785	-0.00894
2566.91929	-0.00901
2564.99072	-0.00900
2563.06216	-0.00901
2561.13359	-0.00920
2559.20503	-0.00946
2557.27646	-0.00956
2555.34790	-0.00950
2553.41934	-0.00948
2551.49077	-0.00960
2549.56221	-0.00974
2547.63364	-0.00985
2545.70508	-0.00992
2543.77651	-0.00988
2541.84795	-0.00966
2539.91938	-0.00944
2537.99082	-0.00942
2536.06226	-0.00941
2534.13369	-0.00923
2532.20513	-0.00909
2530.27656	-0.00921
2528.34800	-0.00953
2526.41943	-0.00980
2524.49087	-0.00992
2522.56230	-0.01000
2520.63374	-0.01016
2518.70518	-0.01037
2516.77661	-0.01056
2514.84805	-0.01062
2512.91948	-0.01059
2510.99092	-0.01057
2509.06235	-0.01046
2507.13379	-0.01023
2505.20522	-0.01011
2503.27666	-0.01023
2501.34810	-0.01034
2499.41953	-0.01030
2497.49097	-0.01026
2495.56240	-0.01039
2493.63384	-0.01069
2491.70527	-0.01092
2489.77671	-0.01098
2487.84814	-0.01095
2485.91958	-0.01095
2483.99102	-0.01103
2482.06245	-0.01108
2480.13389	-0.01096
2478.20532	-0.01075
2476.27676	-0.01056
2474.34819	-0.01045
2472.41963	-0.01047
2470.49106	-0.01058
2468.56250	-0.01072
2466.63394	-0.01082
2464.70537	-0.01095
2462.77681	-0.01114
2460.84824	-0.01131
2458.91968	-0.01141
2456.99111	-0.01157
2455.06255	-0.01170
2453.13398	-0.01172
2451.20542	-0.01168
2449.27686	-0.01166
2447.34829	-0.01153
2445.41973	-0.01124
2443.49116	-0.01096
2441.56260	-0.01084
2439.63403	-0.01092
2437.70547	-0.01105
2435.77690	-0.01114
2433.84834	-0.01117
2431.91978	-0.01122
2429.99121	-0.01138
2428.06265	-0.01165
2426.13408	-0.01182
2424.20552	-0.01170
2422.27695	-0.01138
2420.34839	-0.01112
2418.41982	-0.01098
2416.49126	-0.01095
2414.56270	-0.01094
2412.63413	-0.01081
2410.70557	-0.01069
2408.77700	-0.01078
2406.84844	-0.01101
2404.91987	-0.01116
2402.99131	-0.01122
2401.06274	-0.01121
2399.13418	-0.00935
2397.20562	-0.00914
2395.27705	-0.00999
2393.34849	-0.01090
2391.41992	-0.01174
2389.49136	-0.01259
2387.56279	-0.01354
2385.63423	-0.01451
2383.70566	-0.01532
2381.77710	-0.01578
2379.84854	-0.01572
2377.91997	-0.01507
2375.99141	-0.01412
2374.06284	-0.01337
2372.13428	-0.01318
2370.20571	-0.01366
2368.27715	-0.01379
2366.34858	-0.01400
2364.42002	-0.01528
2362.49146	-0.01557
2360.56289	-0.01676
2358.63433	-0.01836
2356.70576	-0.01611
2354.77720	-0.01843
2352.84863	-0.02143
2350.92007	-0.02261
2348.99150	-0.02306
2347.06294	-0.01981
2345.13437	-0.01572
2343.20581	-0.01607
2341.27725	-0.02048
2339.34868	-0.02214
2337.42012	-0.02017
2335.49155	-0.01625
2333.56299	-0.01350
2331.63442	-0.01290
2329.70586	-0.01360
2327.77729	-0.01504
2325.84873	-0.01502
2323.92017	-0.01338
2321.99160	-0.01173
2320.06304	-0.01067
2318.13447	-0.01042
2316.20591	-0.01068
2314.27734	-0.01111
2312.34878	-0.01176
2310.42021	-0.01244
2308.49165	-0.01292
2306.56309	-0.01334
2304.63452	-0.01355
2302.70596	-0.01336
2300.77739	-0.01304
2298.84883	-0.01282
2296.92026	-0.01265
2294.99170	-0.01247
2293.06313	-0.01236
2291.13457	-0.01201
2289.20601	-0.01141
2287.27744	-0.01067
2285.34888	-0.00993
2283.42031	-0.00944
2281.49175	-0.00920
2279.56318	-0.00918
2277.63462	-0.00941
2275.70605	-0.00986
2273.77749	-0.01045
2271.84893	-0.01094
2269.92036	-0.01113
2267.99180	-0.01110
2266.06323	-0.01120
2264.13467	-0.01146
2262.20610	-0.01170
2260.27754	-0.01183
2258.34897	-0.01170
2256.42041	-0.01138
2254.49185	-0.01130
2252.56328	-0.01168
2250.63472	-0.01196
2248.70615	-0.01093
2246.77759	-0.01123
2244.84902	-0.01156
2242.92046	-0.01178
2240.99189	-0.01172
2239.06333	-0.01155
2237.13477	-0.01154
2235.20620	-0.01169
2233.27764	-0.01191
2231.34907	-0.01197
2229.42051	-0.01169
2227.49194	-0.01126
2225.56338	-0.01093
2223.63481	-0.01073
2221.70625	-0.01048
2219.77769	-0.01019
2217.84912	-0.01023
2215.92056	-0.01073
2213.99199	-0.01132
2212.06343	-0.01156
2210.13486	-0.01155
2208.20630	-0.01180
2206.27773	-0.01231
2204.34917	-0.01251
2202.42061	-0.01218
2200.49204	-0.01160
2198.56348	-0.01108
2196.63491	-0.01079
2194.70635	-0.01060
2192.77778	-0.01015
2190.84922	-0.00943
2188.92065	-0.00890
2186.99209	-0.00884
2185.06353	-0.00918
2183.13496	-0.00989
2181.20640	-0.01082
2179.27783	-0.01142
2177.34927	-0.01148
2175.42070	-0.01149
2173.49214	-0.01157
2171.56357	-0.01132
2169.63501	-0.01074
2167.70645	-0.01025
2165.77788	-0.01003
2163.84932	-0.00979
2161.92075	-0.00947
2159.99219	-0.00949
2158.06362	-0.00993
2156.13506	-0.01018
2154.20649	-0.00999
2152.27793	-0.00998
2150.34937	-0.01054
2148.42080	-0.01150
2146.49224	-0.01222
2144.56367	-0.01219
2142.63511	-0.01175
2140.70654	-0.01149
2138.77798	-0.01147
2136.84941	-0.01149
2134.92085	-0.01135
2132.99229	-0.01090
2131.06372	-0.01048
2129.13516	-0.01055
2127.20659	-0.01090
2125.27803	-0.01097
2123.34946	-0.01069
2121.42090	-0.01054
2119.49233	-0.01077
2117.56377	-0.01107
2115.63521	-0.01116
2113.70664	-0.01120
2111.77808	-0.01121
2109.84951	-0.01112
2107.92095	-0.01111
2105.99238	-0.01124
2104.06382	-0.01122
2102.13525	-0.01091
2100.20669	-0.01055
2098.27812	-0.01035
2096.34956	-0.01030
2094.42100	-0.01050
2092.49243	-0.01062
2090.56387	-0.01039
2088.63530	-0.01016
2086.70674	-0.01035
2084.77817	-0.01079
2082.84961	-0.01120
2080.92104	-0.01148
2078.99248	-0.01169
2077.06392	-0.01177
2075.13535	-0.01165
2073.20679	-0.01142
2071.27822	-0.01114
2069.34966	-0.01062
2067.42109	-0.00997
2065.49253	-0.00978
2063.56396	-0.01013
2061.63540	-0.01055
2059.70684	-0.01085
2057.77827	-0.01096
2055.84971	-0.01080
2053.92114	-0.01068
2051.99258	-0.01102
2050.06401	-0.01177
2048.13545	-0.01234
2046.20688	-0.01220
2044.27832	-0.01146
2042.34976	-0.01058
2040.42119	-0.00984
2038.49263	-0.00939
2036.56406	-0.00933
2034.63550	-0.00945
2032.70693	-0.00934
2030.77837	-0.00902
2028.84980	-0.00932
2026.92124	-0.01031
2024.99268	-0.01080
2023.06411	-0.01036
2021.13555	-0.00992
2019.20698	-0.01030
2017.27842	-0.01124
2015.34985	-0.01161
2013.42129	-0.01104
2011.49272	-0.01034
2009.56416	-0.00988
2007.63560	-0.00938
2005.70703	-0.00900
2003.77847	-0.00878
2001.84990	-0.00834
1999.92134	-0.00788
1997.99277	-0.00788
1996.06421	-0.00827
1994.13564	-0.00869
1992.20708	-0.00885
1990.27852	-0.00884
1988.34995	-0.00907
1986.42139	-0.00971
1984.49282	-0.01052
1982.56426	-0.01107
1980.63569	-0.01099
1978.70713	-0.01021
1976.77856	-0.00897
1974.85000	-0.00781
1972.92144	-0.00740
1970.99287	-0.00770
1969.06431	-0.00806
1967.13574	-0.00830
1965.20718	-0.00874
1963.27861	-0.00941
1961.35005	-0.01006
1959.42148	-0.01043
1957.49292	-0.01061
1955.56436	-0.01071
1953.63579	-0.01061
1951.70723	-0.01044
1949.77866	-0.01051
1947.85010	-0.01058
1945.92153	-0.01022
1943.99297	-0.00947
1942.06440	-0.00886
1940.13584	-0.00877
1938.20728	-0.00900
1936.27871	-0.00927
1934.35015	-0.00942
1932.42158	-0.00942
1930.49302	-0.00953
1928.56445	-0.00988
1926.63589	-0.01016
1924.70732	-0.01016
1922.77876	-0.01000
1920.85020	-0.00983
1918.92163	-0.00962
1916.99307	-0.00946
1915.06450	-0.00943
1913.13594	-0.00930
1911.20737	-0.00886
1909.27881	-0.00839
1907.35024	-0.00836
1905.42168	-0.00870
1903.49312	-0.00894
1901.56455	-0.00896
1899.63599	-0.00883
1897.70742	-0.00877
1895.77886	-0.00896
1893.85029	-0.00922
1891.92173	-0.00918
1889.99316	-0.00888
1888.06460	-0.00874
1886.13604	-0.00882
1884.20747	-0.00889
1882.27891	-0.00894
1880.35034	-0.00896
1878.42178	-0.00880
1876.49321	-0.00847
1874.56465	-0.00827
1872.63608	-0.00824
1870.70752	-0.00817
1868.77896	-0.00815
1866.85039	-0.00838
1864.92183	-0.00873
1862.99326	-0.00902
1861.06470	-0.00921
1859.13613	-0.00930
1857.20757	-0.00922
1855.27900	-0.00900
1853.35044	-0.00872
1851.42187	-0.00842
1849.49331	-0.00806
1847.56475	-0.00769
1845.63618	-0.00739
1843.70762	-0.00730
1841.77905	-0.00752
1839.85049	-0.00784
1837.92192	-0.00806
1835.99336	-0.00814
1834.06479	-0.00814
1832.13623	-0.00813
1830.20767	-0.00809
1828.27910	-0.00800
1826.35054	-0.00787
1824.42197	-0.00776
1822.49341	-0.00768
1820.56484	-0.00754
1818.63628	-0.00733
1816.70771	-0.00718
1814.77915	-0.00711
1812.85059	-0.00698
1810.92202	-0.00681
1808.99346	-0.00683
1807.06489	-0.00706
1805.13633	-0.00717
1803.20776	-0.00690
1801.27920	-0.00659
1799.35063	-0.00660
1797.42207	-0.00675
1795.49351	-0.00675
1793.56494	-0.00657
1791.63638	-0.00641
1789.70781	-0.00642
1787.77925	-0.00643
1785.85068	-0.00623
1783.92212	-0.00601
1781.99355	-0.00598
1780.06499	-0.00611
1778.13643	-0.00624
1776.20786	-0.00628
1774.27930	-0.00627
1772.35073	-0.00622
1770.42217	-0.00604
1768.49360	-0.00589
1766.56504	-0.00605
1764.63647	-0.00633
1762.70791	-0.00635
1760.77935	-0.00608
1758.85078	-0.00573
1756.92222	-0.00540
1754.99365	-0.00505
1753.06509	-0.00452
1751.13652	-0.00389
1749.20796	-0.00355
1747.27939	-0.00351
1745.35083	-0.00350
1743.42227	-0.00351
1741.49370	-0.00357
1739.56514	-0.00363
1737.63657	-0.00359
1735.70801	-0.00333
1733.77944	-0.00286
1731.85088	-0.00262
1729.92231	-0.00285
1727.99375	-0.00320
1726.06519	-0.00325
1724.13662	-0.00293
1722.20806	-0.00247
1720.27949	-0.00190
1718.35093	-0.00117
1716.42236	-0.00057
1714.49380	-0.00042
1712.56523	-0.00055
1710.63667	-0.00074
1708.70811	-0.00088
1706.77954	-0.00091
1704.85098	-0.00088
1702.92241	-0.00081
1700.99385	-0.00045
1699.06528	0.00019
1697.13672	0.00068
1695.20815	0.00084
1693.27959	0.00090
1691.35103	0.00121
1689.42246	0.00174
1687.49390	0.00227
1685.56533	0.00277
1683.63677	0.00326
1681.70820	0.00346
1679.77964	0.00338
1677.85107	0.00332
1675.92251	0.00347
1673.99395	0.00375
1672.06538	0.00404
1670.13682	0.00440
1668.20825	0.00476
1666.27969	0.00501
1664.35112	0.00529
1662.42256	0.00567
1660.49399	0.00595
1658.56543	0.00608
1656.63687	0.00620
1654.70830	0.00645
1652.77974	0.00665
1650.85117	0.00660
1648.92261	0.00651
1646.99404	0.00646
1645.06548	0.00639
1643.13691	0.00627
1641.20835	0.00619
1639.27979	0.00613
1637.35122	0.00604
1635.42266	0.00597
1633.49409	0.00594
1631.56553	0.00596
1629.63696	0.00598
1627.70840	0.00591
1625.77983	0.00579
1623.85127	0.00567
1621.92271	0.00546
1619.99414	0.00503
1618.06558	0.00452
1616.13701	0.00417
1614.20845	0.00395
1612.27988	0.00383
1610.35132	0.00386
1608.42275	0.00397
1606.49419	0.00400
1604.56562	0.00398
1602.63706	0.00400
1600.70850	0.00404
1598.77993	0.00409
1596.85137	0.00416
1594.92280	0.00421
1592.99424	0.00421
1591.06567	0.00419
1589.13711	0.00414
1587.20854	0.00405
1585.27998	0.00390
1583.35142	0.00373
1581.42285	0.00354
1579.49429	0.00336
1577.56572	0.00329
1575.63716	0.00329
1573.70859	0.00321
1571.78003	0.00306
1569.85146	0.00300
1567.92290	0.00305
1565.99434	0.00313
1564.06577	0.00322
1562.13721	0.00336
1560.20864	0.00356
1558.28008	0.00369
1556.35151	0.00371
1554.42295	0.00371
1552.49438	0.00367
1550.56582	0.00360
1548.63726	0.00353
1546.70869	0.00364
1544.78013	0.00394
1542.85156	0.00413
1540.92300	0.00400
1538.99443	0.00370
1537.06587	0.00350
1535.13730	0.00350
1533.20874	0.00346
1531.28018	0.00321
1529.35161	0.00297
1527.42305	0.00286
1525.49448	0.00264
1523.56592	0.00231
1521.63735	0.00219
1519.70879	0.00223
1517.78022	0.00217
1515.85166	0.00196
1513.92310	0.00179
1511.99453	0.00199
1510.06597	0.00249
1508.13740	0.00265
1506.20884	0.00187
1504.28027	0.00078
1502.35171	0.00025
1500.42314	0.00025
1498.49458	0.00035
1496.56602	0.00028
1494.63745	0.00013
1492.70889	0.00026
1490.78032	0.00071
1488.85176	0.00095
1486.92319	0.00078
1484.99463	0.00070
1483.06606	0.00121
1481.13750	0.00284
1479.20894	0.00754
1477.28037	0.01964
1475.35181	0.04240
1473.42324	0.06953
1471.49468	0.08550
1469.56611	0.08480
1467.63755	0.07752
1465.70898	0.07238
1463.78042	0.06949
1461.85186	0.06437
1459.92329	0.05503
1457.99473	0.04380
1456.06616	0.03455
1454.13760	0.02876
1452.20903	0.02506
1450.28047	0.02228
1448.35190	0.02015
1446.42334	0.01858
1444.49478	0.01743
1442.56621	0.01663
1440.63765	0.01616
1438.70908	0.01599
1436.78052	0.01576
1434.85195	0.01510
1432.92339	0.01411
1430.99482	0.01298
1429.06626	0.01175
1427.13770	0.01062
1425.20913	0.00976
1423.28057	0.00916
1421.35200	0.00883
1419.42344	0.00870
1417.49487	0.00831
1415.56631	0.00752
1413.63774	0.00678
1411.70918	0.00643
1409.78062	0.00633
1407.85205	0.00632
1405.92349	0.00626
1403.99492	0.00605
1402.06636	0.00582
1400.13779	0.00585
1398.20923	0.00599
1396.28066	0.00586
1394.35210	0.00533
1392.42354	0.00468
1390.49497	0.00437
1388.56641	0.00443
1386.63784	0.00447
1384.70928	0.00439
1382.78071	0.00457
1380.85215	0.00518
1378.92358	0.00595
1376.99502	0.00659
1375.06646	0.00697
1373.13789	0.00711
1371.20933	0.00718
1369.28076	0.00724
1367.35220	0.00723
1365.42363	0.00722
1363.49507	0.00717
1361.56650	0.00673
1359.63794	0.00594
1357.70937	0.00539
1355.78081	0.00525
1353.85225	0.00523
1351.92368	0.00514
1349.99512	0.00498
1348.06655	0.00480
1346.13799	0.00464
1344.20942	0.00462
1342.28086	0.00490
1340.35229	0.00523
1338.42373	0.00502
1336.49517	0.00423
1334.56660	0.00341
1332.63804	0.00293
1330.70947	0.00279
1328.78091	0.00278
1326.85234	0.00280
1324.92378	0.00290
1322.99521	0.00324
1321.06665	0.00378
1319.13809	0.00434
1317.20952	0.00475
1315.28096	0.00504
1313.35239	0.00523
1311.42383	0.00530
1309.49526	0.00532
1307.56670	0.00533
1305.63813	0.00524
1303.70957	0.00506
1301.78101	0.00493
1299.85244	0.00486
1297.92388	0.00476
1295.99531	0.00461
1294.06675	0.00443
1292.13818	0.00432
1290.20962	0.00434
1288.28105	0.00438
1286.35249	0.00428
1284.42393	0.00407
1282.49536	0.00393
1280.56680	0.00395
1278.63823	0.00401
1276.70967	0.00401
1274.78110	0.00390
1272.85254	0.00379
1270.92397	0.00371
1268.99541	0.00364
1267.06685	0.00353
1265.13828	0.00345
1263.20972	0.00342
1261.28115	0.00341
1259.35259	0.00331
1257.42402	0.00317
1255.49546	0.00311
1253.56689	0.00312
1251.63833	0.00307
1249.70977	0.00290
1247.78120	0.00271
1245.85264	0.00256
1243.92407	0.00239
1241.99551	0.00215
1240.06694	0.00182
1238.13838	0.00144
1236.20981	0.00111
1234.28125	0.00085
1232.35269	0.00065
1230.42412	0.00052
1228.49556	0.00048
1226.56699	0.00051
1224.63843	0.00057
1222.70986	0.00060
1220.78130	0.00060
1218.85273	0.00051
1216.92417	0.00037
1214.99561	0.00029
1213.06704	0.00035
1211.13848	0.00049
1209.20991	0.00060
1207.28135	0.00055
1205.35278	0.00033
1203.42422	0.00010
1201.49565	-0.00001
1199.56709	0.00009
1197.63853	0.00034
1195.70996	0.00054
1193.78140	0.00071
1191.85283	0.00098
1189.92427	0.00132
1187.99570	0.00158
1186.06714	0.00175
1184.13857	0.00185
1182.21001	0.00184
1180.28145	0.00181
1178.35288	0.00194
1176.42432	0.00213
1174.49575	0.00214
1172.56719	0.00203
1170.63862	0.00201
1168.71006	0.00210
1166.78149	0.00230
1164.85293	0.00261
1162.92437	0.00286
1160.99580	0.00292
1159.06724	0.00288
1157.13867	0.00285
1155.21011	0.00288
1153.28154	0.00291
1151.35298	0.00283
1149.42441	0.00263
1147.49585	0.00252
1145.56729	0.00267
1143.63872	0.00290
1141.71016	0.00294
1139.78159	0.00282
1137.85303	0.00280
1135.92446	0.00303
1133.99590	0.00348
1132.06733	0.00407
1130.13877	0.00459
1128.21021	0.00491
1126.28164	0.00516
1124.35308	0.00548
1122.42451	0.00580
1120.49595	0.00598
1118.56738	0.00604
1116.63882	0.00606
1114.71025	0.00603
1112.78169	0.00598
1110.85312	0.00602
1108.92456	0.00607
1106.99600	0.00600
1105.06743	0.00597
1103.13887	0.00614
1101.21030	0.00644
1099.28174	0.00675
1097.35317	0.00711
1095.42461	0.00742
1093.49604	0.00753
1091.56748	0.00762
1089.63892	0.00802
1087.71035	0.00855
1085.78179	0.00886
1083.85322	0.00903
1081.92466	0.00915
1079.99609	0.00911
1078.06753	0.00902
1076.13896	0.00904
1074.21040	0.00904
1072.28184	0.00888
1070.35327	0.00871
1068.42471	0.00886
1066.49614	0.00936
1064.56758	0.00989
1062.63901	0.01024
1060.71045	0.01033
1058.78188	0.01029
1056.85332	0.01033
1054.92476	0.01046
1052.99619	0.01059
1051.06763	0.01061
1049.13906	0.01052
1047.21050	0.01045
1045.28193	0.01046
1043.35337	0.01052
1041.42480	0.01061
1039.49624	0.01072
1037.56768	0.01084
1035.63911	0.01102
1033.71055	0.01122
1031.78198	0.01130
1029.85342	0.01117
1027.92485	0.01090
1025.99629	0.01057
1024.06772	0.01021
1022.13916	0.00988
1020.21060	0.00952
1018.28203	0.00910
1016.35347	0.00865
1014.42490	0.00827
1012.49634	0.00798
1010.56777	0.00772
1008.63921	0.00745
1006.71064	0.00716
1004.78208	0.00697
1002.85352	0.00694
1000.92495	0.00690
998.99639	0.00668
997.06782	0.00633
995.13926	0.00598
993.21069	0.00566
991.28213	0.00535
989.35356	0.00500
987.42500	0.00464
985.49644	0.00430
983.56787	0.00391
981.63931	0.00353
979.71074	0.00331
977.78218	0.00334
975.85361	0.00359
973.92505	0.00392
971.99648	0.00411
970.06792	0.00413
968.13936	0.00414
966.21079	0.00428
964.28223	0.00430
962.35366	0.00399
960.42510	0.00356
958.49653	0.00323
956.56797	0.00294
954.63940	0.00263
952.71084	0.00240
950.78228	0.00220
948.85371	0.00195
946.92515	0.00183
944.99658	0.00198
943.06802	0.00223
941.13945	0.00239
939.21089	0.00242
937.28232	0.00233
935.35376	0.00221
933.42520	0.00222
931.49663	0.00226
929.56807	0.00205
927.63950	0.00167
925.71094	0.00142
923.78237	0.00132
921.85381	0.00123
919.92524	0.00109
917.99668	0.00104
916.06812	0.00110
914.13955	0.00118
912.21099	0.00145
910.28242	0.00195
908.35386	0.00233
906.42529	0.00236
904.49673	0.00213
902.56816	0.00186
900.63960	0.00170
898.71104	0.00171
896.78247	0.00173
894.85391	0.00149
892.92534	0.00101
890.99678	0.00065
889.06821	0.00055
887.13965	0.00053
885.21108	0.00044
883.28252	0.00024
881.35396	0.00003
879.42539	0.00010
877.49683	0.00060
875.56826	0.00100
873.63970	0.00090
871.71113	0.00066
869.78257	0.00059
867.85400	0.00051
865.92544	0.00041
863.99687	0.00029
862.06831	-0.00001
860.13975	-0.00042
858.21118	-0.00057
856.28262	-0.00035
854.35405	-0.00013
852.42549	-0.00011
850.49692	-0.00012
848.56836	-0.00004
846.63979	0.00005
844.71123	0.00028
842.78267	0.00076
840.85410	0.00124
838.92554	0.00132
836.99697	0.00107
835.06841	0.00087
833.13984	0.00088
831.21128	0.00097
829.28271	0.00108
827.35415	0.00110
825.42559	0.00098
823.49702	0.00098
821.56846	0.00134
819.63989	0.00186
817.71133	0.00226
815.78276	0.00264
813.85420	0.00309
811.92563	0.00357
809.99707	0.00412
808.06851	0.00476
806.13994	0.00519
804.21138	0.00509
802.28281	0.00482
800.35425	0.00485
798.42568	0.00486
796.49712	0.00457
794.56855	0.00421
792.63999	0.00415
790.71143	0.00446
788.78286	0.00494
786.85430	0.00543
784.92573	0.00589
782.99717	0.00632
781.06860	0.00681
779.14004	0.00737
777.21147	0.00791
775.28291	0.00832
773.35435	0.00846
771.42578	0.00825
769.49722	0.00793
767.56865	0.00787
765.64009	0.00816
763.71152	0.00854
761.78296	0.00890
759.85439	0.00920
757.92583	0.00950
755.99727	0.01002
754.06870	0.01092
752.14014	0.01189
750.21157	0.01260
748.28301	0.01327
746.35444	0.01412
744.42588	0.01503
742.49731	0.01592
740.56875	0.01687
738.64019	0.01790
736.71162	0.01985
734.78306	0.02562
732.85449	0.03685
730.92593	0.04789
728.99736	0.05126
727.06880	0.04966
725.14023	0.05134
723.21167	0.06033
721.28311	0.07819
719.35454	0.09874
717.42598	0.11092
715.49741	0.10720
713.56885	0.09057
711.64028	0.07147
709.71172	0.05711
707.78315	0.04802
705.85459	0.04211
703.92603	0.03780
701.99746	0.03447
700.06890	0.03221
698.14033	0.03107
696.21177	0.03026
694.28320	0.02896
692.35464	0.02760
690.42607	0.02710
688.49751	0.02747
686.56895	0.02778
684.64038	0.02742
682.71182	0.02642
680.78325	0.02547
678.85469	0.02517
676.92612	0.02486
674.99756	0.02376
673.06899	0.02285
671.14043	0.02564
669.21187	0.03138
667.28330	0.02931
665.35474	0.02625
663.42617	0.02343
661.49761	0.02293
659.56904	0.02354
657.64048	0.02454
655.71191	0.02547
653.78335	0.02582
651.85479	0.02590
649.92622	0.02588
647.99766	0.02526
646.06909	0.02426
644.14053	0.02367
642.21196	0.02337
640.28340	0.02282
638.35483	0.02228
636.42627	0.02224
634.49771	0.02257
632.56914	0.02311
630.64058	0.02389
628.71201	0.02444
626.78345	0.02430
624.85488	0.02441
622.92632	0.02614
620.99775	0.02836
619.06919	0.02903
617.14062	0.02889
615.21206	0.02868
613.28350	0.02759
611.35493	0.02671
609.42637	0.02698
607.49780	0.02681
605.56924	0.02526
603.64067	0.02387
601.71211	0.02404
599.78354	0.02499
