3997.91411	-0.01928
3995.98555	-0.01918
3994.05698	-0.01918
3992.12842	-0.01931
3990.19985	-0.01941
3988.27129	-0.01939
3986.34272	-0.01941
3984.41416	-0.01951
3982.48560	-0.01961
3980.55703	-0.01962
3978.62847	-0.01960
3976.69990	-0.01960
3974.77134	-0.01951
3972.84277	-0.01938
3970.91421	-0.01935
3968.98564	-0.01942
3967.05708	-0.01953
3965.12852	-0.01961
3963.19995	-0.01956
3961.27139	-0.01942
3959.34282	-0.01940
3957.41426	-0.01954
3955.48569	-0.01962
3953.55713	-0.01950
3951.62856	-0.01928
3949.70000	-0.01916
3947.77144	-0.01920
3945.84287	-0.01934
3943.91431	-0.01941
3941.98574	-0.01936
3940.05718	-0.01927
3938.12861	-0.01924
3936.20005	-0.01927
3934.27148	-0.01928
3932.34292	-0.01926
3930.41436	-0.01929
3928.48579	-0.01937
3926.55723	-0.01940
3924.62866	-0.01936
3922.70010	-0.01935
3920.77153	-0.01936
3918.84297	-0.01931
3916.91440	-0.01923
3914.98584	-0.01921
3913.05728	-0.01923
3911.12871	-0.01922
3909.20015	-0.01924
3907.27158	-0.01939
3905.34302	-0.01960
3903.41445	-0.01961
3901.48589	-0.01938
3899.55732	-0.01911
3897.62876	-0.01906
3895.70020	-0.01925
3893.77163	-0.01949
3891.84307	-0.01950
3889.91450	-0.01931
3887.98594	-0.01918
3886.05737	-0.01909
3884.12881	-0.01897
3882.20024	-0.01886
3880.27168	-0.01884
3878.34312	-0.01894
3876.41455	-0.01909
3874.48599	-0.01913
3872.55742	-0.01901
3870.62886	-0.01883
3868.70029	-0.01871
3866.77173	-0.01875
3864.84316	-0.01881
3862.91460	-0.01876
3860.98604	-0.01872
3859.05747	-0.01888
3857.12891	-0.01917
3855.20034	-0.01928
3853.27178	-0.01901
3851.34321	-0.01869
3849.41465	-0.01865
3847.48608	-0.01872
3845.55752	-0.01870
3843.62896	-0.01862
3841.70039	-0.01863
3839.77183	-0.01872
3837.84326	-0.01877
3835.91470	-0.01875
3833.98613	-0.01866
3832.05757	-0.01854
3830.12900	-0.01851
3828.20044	-0.01855
3826.27187	-0.01861
3824.34331	-0.01874
3822.41475	-0.01878
3820.48618	-0.01858
3818.55762	-0.01832
3816.62905	-0.01814
3814.70049	-0.01803
3812.77192	-0.01808
3810.84336	-0.01824
3808.91479	-0.01832
3806.98623	-0.01825
3805.05767	-0.01817
3803.12910	-0.01816
3801.20054	-0.01817
3799.27197	-0.01821
3797.34341	-0.01822
3795.41484	-0.01812
3793.48628	-0.01802
3791.55771	-0.01804
3789.62915	-0.01810
3787.70059	-0.01813
3785.77202	-0.01817
3783.84346	-0.01829
3781.91489	-0.01842
3779.98633	-0.01845
3778.05776	-0.01835
3776.12920	-0.01819
3774.20063	-0.01805
3772.27207	-0.01788
3770.34351	-0.01766
3768.41494	-0.01751
3766.48638	-0.01752
3764.55781	-0.01766
3762.62925	-0.01786
3760.70068	-0.01792
3758.77212	-0.01783
3756.84355	-0.01785
3754.91499	-0.01803
3752.98643	-0.01816
3751.05786	-0.01808
3749.12930	-0.01791
3747.20073	-0.01788
3745.27217	-0.01785
3743.34360	-0.01772
3741.41504	-0.01771
3739.48647	-0.01789
3737.55791	-0.01808
3735.62935	-0.01826
3733.70078	-0.01848
3731.77222	-0.01863
3729.84365	-0.01866
3727.91509	-0.01857
3725.98652	-0.01845
3724.05796	-0.01833
3722.12939	-0.01831
3720.20083	-0.01840
3718.27227	-0.01843
3716.34370	-0.01847
3714.41514	-0.01857
3712.48657	-0.01855
3710.55801	-0.01837
3708.62944	-0.01821
3706.70088	-0.01831
3704.77231	-0.01856
3702.84375	-0.01868
3700.91519	-0.01865
3698.98662	-0.01865
3697.05806	-0.01878
3695.12949	-0.01894
3693.20093	-0.01906
3691.27236	-0.01911
3689.34380	-0.01893
3687.41523	-0.01857
3685.48667	-0.01833
3683.55811	-0.01829
3681.62954	-0.01828
3679.70098	-0.01828
3677.77241	-0.01832
3675.84385	-0.01829
3673.91528	-0.01814
3671.98672	-0.01804
3670.05815	-0.01796
3668.12959	-0.01786
3666.20103	-0.01784
3664.27246	-0.01791
3662.34390	-0.01802
3660.41533	-0.01814
3658.48677	-0.01820
3656.55820	-0.01819
3654.62964	-0.01824
3652.70107	-0.01838
3650.77251	-0.01834
3648.84395	-0.01803
3646.91538	-0.01779
3644.98682	-0.01778
3643.05825	-0.01785
3641.12969	-0.01786
3639.20112	-0.01779
3637.27256	-0.01775
3635.34399	-0.01785
3633.41543	-0.01801
3631.48687	-0.01810
3629.55830	-0.01806
3627.62974	-0.01790
3625.70117	-0.01781
3623.77261	-0.01785
3621.84404	-0.01782
3619.91548	-0.01755
3617.98691	-0.01708
3616.05835	-0.01666
3614.12979	-0.01647
3612.20122	-0.01641
3610.27266	-0.01644
3608.34409	-0.01657
3606.41553	-0.01668
3604.48696	-0.01673
3602.55840	-0.01676
3600.62983	-0.01676
3598.70127	-0.01665
3596.77271	-0.01643
3594.84414	-0.01624
3592.91558	-0.01617
3590.98701	-0.01621
3589.05845	-0.01624
3587.12988	-0.01622
3585.20132	-0.01613
3583.27275	-0.01594
3581.34419	-0.01571
3579.41562	-0.01558
3577.48706	-0.01554
3575.55850	-0.01547
3573.62993	-0.01536
3571.70137	-0.01535
3569.77280	-0.01538
3567.84424	-0.01528
3565.91567	-0.01517
3563.98711	-0.01515
3562.05854	-0.01504
3560.12998	-0.01485
3558.20142	-0.01483
3556.27285	-0.01494
3554.34429	-0.01491
3552.41572	-0.01471
3550.48716	-0.01453
3548.55859	-0.01439
3546.63003	-0.01415
3544.70146	-0.01396
3542.77290	-0.01399
3540.84434	-0.01408
3538.91577	-0.01406
3536.98721	-0.01400
3535.05864	-0.01398
3533.13008	-0.01394
3531.20151	-0.01374
3529.27295	-0.01340
3527.34438	-0.01314
3525.41582	-0.01311
3523.48726	-0.01314
3521.55869	-0.01317
3519.63013	-0.01321
3517.70156	-0.01310
3515.77300	-0.01292
3513.84443	-0.01292
3511.91587	-0.01302
3509.98730	-0.01295
3508.05874	-0.01276
3506.13018	-0.01263
3504.20161	-0.01263
3502.27305	-0.01271
3500.34448	-0.01273
3498.41592	-0.01263
3496.48735	-0.01247
3494.55879	-0.01240
3492.63022	-0.01237
3490.70166	-0.01217
3488.77310	-0.01190
3486.84453	-0.01174
3484.91597	-0.01165
3482.98740	-0.01172
3481.05884	-0.01194
3479.13027	-0.01202
3477.20171	-0.01197
3475.27314	-0.01194
3473.34458	-0.01185
3471.41602	-0.01166
3469.48745	-0.01140
3467.55889	-0.01122
3465.63032	-0.01131
3463.70176	-0.01153
3461.77319	-0.01156
3459.84463	-0.01138
3457.91606	-0.01116
3455.98750	-0.01104
3454.05894	-0.01092
3452.13037	-0.01066
3450.20181	-0.01029
3448.27324	-0.01001
3446.34468	-0.00997
3444.41611	-0.01013
3442.48755	-0.01029
3440.55898	-0.01025
3438.63042	-0.01009
3436.70186	-0.01002
3434.77329	-0.00997
3432.84473	-0.00966
3430.91616	-0.00923
3428.98760	-0.00906
3427.05903	-0.00918
3425.13047	-0.00932
3423.20190	-0.00934
3421.27334	-0.00930
3419.34478	-0.00927
3417.41621	-0.00924
3415.48765	-0.00920
3413.55908	-0.00929
3411.63052	-0.00950
3409.70195	-0.00961
3407.77339	-0.00957
3405.84482	-0.00951
3403.91626	-0.00962
3401.98770	-0.00978
3400.05913	-0.00969
3398.13057	-0.00934
3396.20200	-0.00917
3394.27344	-0.00913
3392.34487	-0.00899
3390.41631	-0.00888
3388.48774	-0.00895
3386.55918	-0.00915
3384.63062	-0.00938
3382.70205	-0.00943
3380.77349	-0.00923
3378.84492	-0.00902
3376.91636	-0.00896
3374.98779	-0.00893
3373.05923	-0.00887
3371.13066	-0.00887
3369.20210	-0.00890
3367.27354	-0.00882
3365.34497	-0.00860
3363.41641	-0.00852
3361.48784	-0.00870
3359.55928	-0.00889
3357.63071	-0.00889
3355.70215	-0.00870
3353.77358	-0.00858
3351.84502	-0.00875
3349.91646	-0.00901
3347.98789	-0.00907
3346.05933	-0.00901
3344.13076	-0.00901
3342.20220	-0.00908
3340.27363	-0.00917
3338.34507	-0.00931
3336.41650	-0.00947
3334.48794	-0.00950
3332.55937	-0.00934
3330.63081	-0.00912
3328.70225	-0.00897
3326.77368	-0.00901
3324.84512	-0.00923
3322.91655	-0.00941
3320.98799	-0.00944
3319.05942	-0.00947
3317.13086	-0.00952
3315.20229	-0.00942
3313.27373	-0.00919
3311.34517	-0.00907
3309.41660	-0.00917
3307.48804	-0.00944
3305.55947	-0.00963
3303.63091	-0.00960
3301.70234	-0.00949
3299.77378	-0.00943
3297.84521	-0.00948
3295.91665	-0.00962
3293.98809	-0.00971
3292.05952	-0.00958
3290.13096	-0.00942
3288.20239	-0.00940
3286.27383	-0.00945
3284.34526	-0.00946
3282.41670	-0.00937
3280.48813	-0.00931
3278.55957	-0.00949
3276.63101	-0.00969
3274.70244	-0.00958
3272.77388	-0.00934
3270.84531	-0.00931
3268.91675	-0.00950
3266.98818	-0.00967
3265.05962	-0.00966
3263.13105	-0.00957
3261.20249	-0.00949
3259.27393	-0.00941
3257.34536	-0.00945
3255.41680	-0.00955
3253.48823	-0.00952
3251.55967	-0.00940
3249.63110	-0.00936
3247.70254	-0.00946
3245.77397	-0.00967
3243.84541	-0.00983
3241.91685	-0.00978
3239.98828	-0.00968
3238.05972	-0.00974
3236.13115	-0.00989
3234.20259	-0.00992
3232.27402	-0.00982
3230.34546	-0.00972
3228.41689	-0.00966
3226.48833	-0.00959
3224.55977	-0.00955
3222.63120	-0.00960
3220.70264	-0.00973
3218.77407	-0.00980
3216.84551	-0.00975
3214.91694	-0.00962
3212.98838	-0.00962
3211.05981	-0.00978
3209.13125	-0.00987
3207.20269	-0.00970
3205.27412	-0.00941
3203.34556	-0.00926
3201.41699	-0.00936
3199.48843	-0.00956
3197.55986	-0.00970
3195.63130	-0.00971
3193.70273	-0.00967
3191.77417	-0.00971
3189.84561	-0.00977
3187.91704	-0.00982
3185.98848	-0.00988
3184.05991	-0.00992
3182.13135	-0.01008
3180.20278	-0.01039
3178.27422	-0.01053
3176.34565	-0.01032
3174.41709	-0.01009
3172.48853	-0.01018
3170.55996	-0.01040
3168.63140	-0.01051
3166.70283	-0.01051
3164.77427	-0.01059
3162.84570	-0.01082
3160.91714	-0.01097
3158.98857	-0.01087
3157.06001	-0.01069
3155.13145	-0.01067
3153.20288	-0.01085
3151.27432	-0.01104
3149.34575	-0.01111
3147.41719	-0.01117
3145.48862	-0.01128
3143.56006	-0.01131
3141.63149	-0.01126
3139.70293	-0.01141
3137.77437	-0.01174
3135.84580	-0.01183
3133.91724	-0.01160
3131.98867	-0.01152
3130.06011	-0.01177
3128.13154	-0.01206
3126.20298	-0.01213
3124.27441	-0.01201
3122.34585	-0.01200
3120.41729	-0.01217
3118.48872	-0.01242
3116.56016	-0.01265
3114.63159	-0.01274
3112.70303	-0.01271
3110.77446	-0.01269
3108.84590	-0.01271
3106.91733	-0.01268
3104.98877	-0.01261
3103.06021	-0.01256
3101.13164	-0.01265
3099.20308	-0.01290
3097.27451	-0.01320
3095.34595	-0.01331
3093.41738	-0.01326
3091.48882	-0.01326
3089.56025	-0.01335
3087.63169	-0.01350
3085.70312	-0.01369
3083.77456	-0.01384
3081.84600	-0.01381
3079.91743	-0.01361
3077.98887	-0.01342
3076.06030	-0.01342
3074.13174	-0.01363
3072.20317	-0.01382
3070.27461	-0.01386
3068.34604	-0.01383
3066.41748	-0.01375
3064.48892	-0.01365
3062.56035	-0.01370
3060.63179	-0.01391
3058.70322	-0.01412
3056.77466	-0.01425
3054.84609	-0.01428
3052.91753	-0.01420
3050.98896	-0.01411
3049.06040	-0.01415
3047.13184	-0.01429
3045.20327	-0.01440
3043.27471	-0.01440
3041.34614	-0.01438
3039.41758	-0.01439
3037.48901	-0.01447
3035.56045	-0.01457
3033.63188	-0.01462
3031.70332	-0.01459
3029.77476	-0.01452
3027.84619	-0.01444
3025.91763	-0.01441
3023.98906	-0.01437
3022.06050	-0.01419
3020.13193	-0.01400
3018.20337	-0.01396
3016.27480	-0.01387
3014.34624	-0.01359
3012.41768	-0.01320
3010.48911	-0.01279
3008.56055	-0.01238
3006.63198	-0.01198
3004.70342	-0.01161
3002.77485	-0.01125
3000.84629	-0.01077
2998.91772	-0.01000
2996.98916	-0.00894
2995.06060	-0.00775
2993.13203	-0.00645
2991.20347	-0.00493
2989.27490	-0.00322
2987.34634	-0.00139
2985.41777	0.00073
2983.48921	0.00334
2981.56064	0.00648
2979.63208	0.01015
2977.70352	0.01446
2975.77495	0.01949
2973.84639	0.02526
2971.91782	0.03199
2969.98926	0.03996
2968.06069	0.04898
2966.13213	0.05852
2964.20356	0.06785
2962.27500	0.07582
2960.34644	0.08140
2958.41787	0.08492
2956.48931	0.08791
2954.56074	0.09146
2952.63218	0.09481
2950.70361	0.09573
2948.77505	0.09245
2946.84648	0.08516
2944.91792	0.07589
2942.98936	0.06736
2941.06079	0.06160
2939.13223	0.05943
2937.20366	0.06075
2935.27510	0.06505
2933.34653	0.07175
2931.41797	0.08018
2929.48940	0.08952
2927.56084	0.09889
2925.63228	0.10755
2923.70371	0.11521
2921.77515	0.12184
2919.84658	0.12675
2917.91802	0.12858
2915.98945	0.12640
2914.06089	0.12108
2912.13232	0.11482
2910.20376	0.10926
2908.27520	0.10453
2906.34663	0.10000
2904.41807	0.09519
2902.48950	0.09009
2900.56094	0.08499
2898.63237	0.08012
2896.70381	0.07565
2894.77524	0.07183
2892.84668	0.06882
2890.91812	0.06668
2888.98955	0.06538
2887.06099	0.06482
2885.13242	0.06487
2883.20386	0.06548
2881.27529	0.06660
2879.34673	0.06794
2877.41816	0.06892
2875.48960	0.06917
2873.56104	0.06908
2871.63247	0.06934
2869.70391	0.06997
2867.77534	0.07009
2865.84678	0.06817
2863.91821	0.06323
2861.98965	0.05614
2860.06108	0.04905
2858.13252	0.04371
2856.20396	0.04077
2854.27539	0.04000
2852.34683	0.04088
2850.41826	0.04297
2848.48970	0.04592
2846.56113	0.04978
2844.63257	0.05467
2842.70400	0.06006
2840.77544	0.06469
2838.84687	0.06703
2836.91831	0.06578
2834.98975	0.06079
2833.06118	0.05336
2831.13262	0.04551
2829.20405	0.03878
2827.27549	0.03356
2825.34692	0.02963
2823.41836	0.02668
2821.48979	0.02441
2819.56123	0.02260
2817.63267	0.02111
2815.70410	0.01977
2813.77554	0.01853
2811.84697	0.01749
2809.91841	0.01661
2807.98984	0.01573
2806.06128	0.01477
2804.13271	0.01376
2802.20415	0.01279
2800.27559	0.01201
2798.34702	0.01146
2796.41846	0.01100
2794.48989	0.01045
2792.56133	0.00985
2790.63276	0.00932
2788.70420	0.00878
2786.77563	0.00814
2784.84707	0.00750
2782.91851	0.00700
2780.98994	0.00661
2779.06138	0.00623
2777.13281	0.00582
2775.20425	0.00541
2773.27568	0.00504
2771.34712	0.00476
2769.41855	0.00460
2767.48999	0.00443
2765.56143	0.00423
2763.63286	0.00405
2761.70430	0.00388
2759.77573	0.00371
2757.84717	0.00351
2755.91860	0.00329
2753.99004	0.00304
2752.06147	0.00285
2750.13291	0.00276
2748.20435	0.00273
2746.27578	0.00270
2744.34722	0.00267
2742.41865	0.00268
2740.49009	0.00276
2738.56152	0.00290
2736.63296	0.00310
2734.70439	0.00328
2732.77583	0.00339
2730.84727	0.00347
2728.91870	0.00359
2726.99014	0.00382
2725.06157	0.00417
2723.13301	0.00448
2721.20444	0.00450
2719.27588	0.00419
2717.34731	0.00370
2715.41875	0.00320
2713.49019	0.00279
2711.56162	0.00247
2709.63306	0.00220
2707.70449	0.00199
2705.77593	0.00181
2703.84736	0.00159
2701.91880	0.00134
2699.99023	0.00117
2698.06167	0.00108
2696.13311	0.00102
2694.20454	0.00100
2692.27598	0.00100
2690.34741	0.00097
2688.41885	0.00089
2686.49028	0.00078
2684.56172	0.00070
2682.63315	0.00069
2680.70459	0.00069
2678.77603	0.00066
2676.84746	0.00065
2674.91890	0.00063
2672.99033	0.00054
2671.06177	0.00048
2669.13320	0.00054
2667.20464	0.00068
2665.27607	0.00089
2663.34751	0.00114
2661.41895	0.00133
2659.49038	0.00142
2657.56182	0.00146
2655.63325	0.00151
2653.70469	0.00150
2651.77612	0.00151
2649.84756	0.00156
2647.91899	0.00152
2645.99043	0.00139
2644.06187	0.00129
2642.13330	0.00120
2640.20474	0.00109
2638.27617	0.00098
2636.34761	0.00086
2634.41904	0.00071
2632.49048	0.00061
2630.56191	0.00066
2628.63335	0.00069
2626.70479	0.00061
2624.77622	0.00050
2622.84766	0.00048
2620.91909	0.00042
2618.99053	0.00033
2617.06196	0.00028
2615.13340	0.00024
2613.20483	0.00021
2611.27627	0.00018
2609.34771	0.00006
2607.41914	-0.00015
2605.49058	-0.00040
2603.56201	-0.00056
2601.63345	-0.00063
2599.70488	-0.00071
2597.77632	-0.00079
2595.84775	-0.00089
2593.91919	-0.00093
2591.99062	-0.00080
2590.06206	-0.00062
2588.13350	-0.00055
2586.20493	-0.00050
2584.27637	-0.00047
2582.34780	-0.00054
2580.41924	-0.00073
2578.49067	-0.00091
2576.56211	-0.00096
2574.63354	-0.00101
2572.70498	-0.00127
2570.77642	-0.00158
2568.84785	-0.00182
2566.91929	-0.00201
2564.99072	-0.00222
2563.06216	-0.00239
2561.13359	-0.00245
2559.20503	-0.00252
2557.27646	-0.00265
2555.34790	-0.00281
2553.41934	-0.00293
2551.49077	-0.00297
2549.56221	-0.00298
2547.63364	-0.00299
2545.70508	-0.00296
2543.77651	-0.00296
2541.84795	-0.00313
2539.91938	-0.00338
2537.99082	-0.00353
2536.06226	-0.00358
2534.13369	-0.00365
2532.20513	-0.00381
2530.27656	-0.00393
2528.34800	-0.00389
2526.41943	-0.00382
2524.49087	-0.00391
2522.56230	-0.00403
2520.63374	-0.00406
2518.70518	-0.00415
2516.77661	-0.00443
2514.84805	-0.00466
2512.91948	-0.00464
2510.99092	-0.00453
2509.06235	-0.00453
2507.13379	-0.00461
2505.20522	-0.00469
2503.27666	-0.00474
2501.34810	-0.00473
2499.41953	-0.00467
2497.49097	-0.00462
2495.56240	-0.00455
2493.63384	-0.00452
2491.70527	-0.00455
2489.77671	-0.00468
2487.84814	-0.00488
2485.91958	-0.00505
2483.99102	-0.00511
2482.06245	-0.00512
2480.13389	-0.00512
2478.20532	-0.00513
2476.27676	-0.00508
2474.34819	-0.00497
2472.41963	-0.00491
2470.49106	-0.00493
2468.56250	-0.00495
2466.63394	-0.00496
2464.70537	-0.00495
2462.77681	-0.00482
2460.84824	-0.00458
2458.91968	-0.00439
2456.99111	-0.00430
2455.06255	-0.00431
2453.13398	-0.00437
2451.20542	-0.00440
2449.27686	-0.00440
2447.34829	-0.00446
2445.41973	-0.00455
2443.49116	-0.00453
2441.56260	-0.00445
2439.63403	-0.00442
2437.70547	-0.00435
2435.77690	-0.00422
2433.84834	-0.00420
2431.91978	-0.00433
2429.99121	-0.00451
2428.06265	-0.00461
2426.13408	-0.00460
2424.20552	-0.00457
2422.27695	-0.00463
2420.34839	-0.00482
2418.41982	-0.00505
2416.49126	-0.00509
2414.56270	-0.00496
2412.63413	-0.00485
2410.70557	-0.00487
2408.77700	-0.00500
2406.84844	-0.00521
2404.91987	-0.00532
2402.99131	-0.00532
2401.06274	-0.00531
2399.13418	-0.00405
2397.20562	-0.00393
2395.27705	-0.00446
2393.34849	-0.00505
2391.41992	-0.00570
2389.49136	-0.00642
2387.56279	-0.00718
2385.63423	-0.00795
2383.70566	-0.00870
2381.77710	-0.00928
2379.84854	-0.00951
2377.91997	-0.00929
2375.99141	-0.00885
2374.06284	-0.00852
2372.13428	-0.00854
2370.20571	-0.00888
2368.27715	-0.00845
2366.34858	-0.00793
2364.42002	-0.00849
2362.49146	-0.00797
2360.56289	-0.00855
2358.63433	-0.01009
2356.70576	-0.00792
2354.77720	-0.01038
2352.84863	-0.01282
2350.92007	-0.01304
2348.99150	-0.01309
2347.06294	-0.01078
2345.13437	-0.00790
2343.20581	-0.00883
2341.27725	-0.01324
2339.34868	-0.01456
2337.42012	-0.01223
2335.49155	-0.00813
2333.56299	-0.00536
2331.63442	-0.00471
2329.70586	-0.00482
2327.77729	-0.00469
2325.84873	-0.00318
2323.92017	-0.00154
2321.99160	-0.00127
2320.06304	-0.00166
2318.13447	-0.00223
2316.20591	-0.00281
2314.27734	-0.00334
2312.34878	-0.00396
2310.42021	-0.00470
2308.49165	-0.00527
2306.56309	-0.00567
2304.63452	-0.00568
2302.70596	-0.00532
2300.77739	-0.00484
2298.84883	-0.00435
2296.92026	-0.00389
2294.99170	-0.00347
2293.06313	-0.00305
2291.13457	-0.00241
2289.20601	-0.00185
2287.27744	-0.00148
2285.34888	-0.00125
2283.42031	-0.00122
2281.49175	-0.00139
2279.56318	-0.00164
2277.63462	-0.00185
2275.70605	-0.00203
2273.77749	-0.00228
2271.84893	-0.00249
2269.92036	-0.00261
2267.99180	-0.00277
2266.06323	-0.00311
2264.13467	-0.00352
2262.20610	-0.00373
2260.27754	-0.00368
2258.34897	-0.00358
2256.42041	-0.00371
2254.49185	-0.00412
2252.56328	-0.00461
2250.63472	-0.00482
2248.70615	-0.00397
2246.77759	-0.00368
2244.84902	-0.00318
2242.92046	-0.00291
2240.99189	-0.00295
2239.06333	-0.00306
2237.13477	-0.00317
2235.20620	-0.00323
2233.27764	-0.00323
2231.34907	-0.00329
2229.42051	-0.00343
2227.49194	-0.00352
2225.56338	-0.00353
2223.63481	-0.00357
2221.70625	-0.00371
2219.77769	-0.00381
2217.84912	-0.00373
2215.92056	-0.00354
2213.99199	-0.00343
2212.06343	-0.00353
2210.13486	-0.00368
2208.20630	-0.00368
2206.27773	-0.00351
2204.34917	-0.00328
2202.42061	-0.00316
2200.49204	-0.00307
2198.56348	-0.00287
2196.63491	-0.00279
2194.70635	-0.00272
2192.77778	-0.00235
2190.84922	-0.00201
2188.92065	-0.00197
2186.99209	-0.00200
2185.06353	-0.00247
2183.13496	-0.00365
2181.20640	-0.00437
2179.27783	-0.00430
2177.34927	-0.00457
2175.42070	-0.00502
2173.49214	-0.00449
2171.56357	-0.00303
2169.63501	-0.00153
2167.70645	-0.00078
2165.77788	-0.00066
2163.84932	-0.00058
2161.92075	-0.00213
2159.99219	-0.00735
2158.06362	-0.01279
2156.13506	-0.01406
2154.20649	-0.01268
2152.27793	-0.01124
2150.34937	-0.01030
2148.42080	-0.00961
2146.49224	-0.00929
2144.56367	-0.00956
2142.63511	-0.01004
2140.70654	-0.01026
2138.77798	-0.01032
2136.84941	-0.01083
2134.92085	-0.01165
2132.99229	-0.01172
2131.06372	-0.01075
2129.13516	-0.00959
2127.20659	-0.00886
2125.27803	-0.00849
2123.34946	-0.00810
2121.42090	-0.00745
2119.49233	-0.00665
2117.56377	-0.00589
2115.63521	-0.00527
2113.70664	-0.00483
2111.77808	-0.00474
2109.84951	-0.00497
2107.92095	-0.00526
2105.99238	-0.00544
2104.06382	-0.00549
2102.13525	-0.00539
2100.20669	-0.00547
2098.27812	-0.00624
2096.34956	-0.00729
2094.42100	-0.00779
2092.49243	-0.00734
2090.56387	-0.00645
2088.63530	-0.00575
2086.70674	-0.00533
2084.77817	-0.00497
2082.84961	-0.00471
2080.92104	-0.00462
2078.99248	-0.00465
2077.06392	-0.00474
2075.13535	-0.00486
2073.20679	-0.00504
2071.27822	-0.00513
2069.34966	-0.00503
2067.42109	-0.00489
2065.49253	-0.00485
2063.56396	-0.00500
2061.63540	-0.00524
2059.70684	-0.00517
2057.77827	-0.00477
2055.84971	-0.00435
2053.92114	-0.00347
2051.99258	-0.00205
2050.06401	-0.00168
2048.13545	-0.00284
2046.20688	-0.00380
2044.27832	-0.00379
2042.34976	-0.00366
2040.42119	-0.00402
2038.49263	-0.00463
2036.56406	-0.00522
2034.63550	-0.00586
2032.70693	-0.00655
2030.77837	-0.00701
2028.84980	-0.00690
2026.92124	-0.00654
2024.99268	-0.00652
2023.06411	-0.00681
2021.13555	-0.00713
2019.20698	-0.00728
2017.27842	-0.00708
2015.34985	-0.00676
2013.42129	-0.00676
2011.49272	-0.00700
2009.56416	-0.00737
2007.63560	-0.00801
2005.70703	-0.00841
2003.77847	-0.00794
2001.84990	-0.00705
1999.92134	-0.00633
1997.99277	-0.00578
1996.06421	-0.00522
1994.13564	-0.00460
1992.20708	-0.00410
1990.27852	-0.00394
1988.34995	-0.00390
1986.42139	-0.00361
1984.49282	-0.00281
1982.56426	-0.00161
1980.63569	-0.00138
1978.70713	-0.00326
1976.77856	-0.00580
1974.85000	-0.00717
1972.92144	-0.00777
1970.99287	-0.00837
1969.06431	-0.00865
1967.13574	-0.00823
1965.20718	-0.00770
1963.27861	-0.00803
1961.35005	-0.00909
1959.42148	-0.00978
1957.49292	-0.00934
1955.56436	-0.00839
1953.63579	-0.00794
1951.70723	-0.00803
1949.77866	-0.00809
1947.85010	-0.00795
1945.92153	-0.00784
1943.99297	-0.00784
1942.06440	-0.00779
1940.13584	-0.00778
1938.20728	-0.00799
1936.27871	-0.00837
1934.35015	-0.00862
1932.42158	-0.00859
1930.49302	-0.00852
1928.56445	-0.00846
1926.63589	-0.00819
1924.70732	-0.00781
1922.77876	-0.00750
1920.85020	-0.00720
1918.92163	-0.00685
1916.99307	-0.00651
1915.06450	-0.00637
1913.13594	-0.00643
1911.20737	-0.00658
1909.27881	-0.00667
1907.35024	-0.00660
1905.42168	-0.00645
1903.49312	-0.00638
1901.56455	-0.00640
1899.63599	-0.00638
1897.70742	-0.00621
1895.77886	-0.00596
1893.85029	-0.00579
1891.92173	-0.00585
1889.99316	-0.00597
1888.06460	-0.00596
1886.13604	-0.00591
1884.20747	-0.00589
1882.27891	-0.00584
1880.35034	-0.00580
1878.42178	-0.00580
1876.49321	-0.00577
1874.56465	-0.00568
1872.63608	-0.00560
1870.70752	-0.00554
1868.77896	-0.00547
1866.85039	-0.00543
1864.92183	-0.00540
1862.99326	-0.00529
1861.06470	-0.00516
1859.13613	-0.00514
1857.20757	-0.00525
1855.27900	-0.00533
1853.35044	-0.00526
1851.42187	-0.00511
1849.49331	-0.00500
1847.56475	-0.00504
1845.63618	-0.00514
1843.70762	-0.00514
1841.77905	-0.00505
1839.85049	-0.00496
1837.92192	-0.00489
1835.99336	-0.00477
1834.06479	-0.00462
1832.13623	-0.00449
1830.20767	-0.00442
1828.27910	-0.00435
1826.35054	-0.00428
1824.42197	-0.00420
1822.49341	-0.00426
1820.56484	-0.00459
1818.63628	-0.00501
1816.70771	-0.00518
1814.77915	-0.00497
1812.85059	-0.00461
1810.92202	-0.00424
1808.99346	-0.00389
1807.06489	-0.00358
1805.13633	-0.00335
1803.20776	-0.00315
1801.27920	-0.00293
1799.35063	-0.00276
1797.42207	-0.00264
1795.49351	-0.00245
1793.56494	-0.00214
1791.63638	-0.00173
1789.70781	-0.00129
1787.77925	-0.00078
1785.85068	-0.00016
1783.92212	0.00050
1781.99355	0.00108
1780.06499	0.00155
1778.13643	0.00190
1776.20786	0.00210
1774.27930	0.00227
1772.35073	0.00259
1770.42217	0.00308
1768.49360	0.00348
1766.56504	0.00356
1764.63647	0.00345
1762.70791	0.00347
1760.77935	0.00375
1758.85078	0.00409
1756.92222	0.00432
1754.99365	0.00442
1753.06509	0.00443
1751.13652	0.00449
1749.20796	0.00469
1747.27939	0.00501
1745.35083	0.00530
1743.42227	0.00555
1741.49370	0.00581
1739.56514	0.00609
1737.63657	0.00628
1735.70801	0.00644
1733.77944	0.00679
1731.85088	0.00730
1729.92231	0.00776
1727.99375	0.00822
1726.06519	0.00882
1724.13662	0.00955
1722.20806	0.01025
1720.27949	0.01085
1718.35093	0.01153
1716.42236	0.01233
1714.49380	0.01298
1712.56523	0.01338
1710.63667	0.01354
1708.70811	0.01347
1706.77954	0.01327
1704.85098	0.01299
1702.92241	0.01257
1700.99385	0.01196
1699.06528	0.01129
1697.13672	0.01069
1695.20815	0.01019
1693.27959	0.00979
1691.35103	0.00942
1689.42246	0.00902
1687.49390	0.00856
1685.56533	0.00809
1683.63677	0.00787
1681.70820	0.00795
1679.77964	0.00800
1677.85107	0.00782
1675.92251	0.00758
1673.99395	0.00748
1672.06538	0.00753
1670.13682	0.00766
1668.20825	0.00783
1666.27969	0.00791
1664.35112	0.00793
1662.42256	0.00806
1660.49399	0.00826
1658.56543	0.00833
1656.63687	0.00821
1654.70830	0.00811
1652.77974	0.00825
1650.85117	0.00840
1648.92261	0.00836
1646.99404	0.00835
1645.06548	0.00856
1643.13691	0.00873
1641.20835	0.00868
1639.27979	0.00845
1637.35122	0.00830
1635.42266	0.00840
1633.49409	0.00858
1631.56553	0.00860
1629.63696	0.00850
1627.70840	0.00838
1625.77983	0.00830
1623.85127	0.00827
1621.92271	0.00830
1619.99414	0.00826
1618.06558	0.00818
1616.13701	0.00818
1614.20845	0.00827
1612.27988	0.00826
1610.35132	0.00818
1608.42275	0.00813
1606.49419	0.00815
1604.56562	0.00819
1602.63706	0.00822
1600.70850	0.00824
1598.77993	0.00823
1596.85137	0.00822
1594.92280	0.00825
1592.99424	0.00830
1591.06567	0.00840
1589.13711	0.00856
1587.20854	0.00874
1585.27998	0.00891
1583.35142	0.00909
1581.42285	0.00930
1579.49429	0.00944
1577.56572	0.00951
1575.63716	0.00955
1573.70859	0.00951
1571.78003	0.00933
1569.85146	0.00912
1567.92290	0.00901
1565.99434	0.00890
1564.06577	0.00871
1562.13721	0.00835
1560.20864	0.00798
1558.28008	0.00796
1556.35151	0.00825
1554.42295	0.00846
1552.49438	0.00852
1550.56582	0.00853
1548.63726	0.00852
1546.70869	0.00846
1544.78013	0.00829
1542.85156	0.00794
1540.92300	0.00749
1538.99443	0.00715
1537.06587	0.00682
1535.13730	0.00630
1533.20874	0.00566
1531.28018	0.00509
1529.35161	0.00463
1527.42305	0.00423
1525.49448	0.00377
1523.56592	0.00329
1521.63735	0.00297
1519.70879	0.00290
1517.78022	0.00288
1515.85166	0.00285
1513.92310	0.00281
1511.99453	0.00275
1510.06597	0.00256
1508.13740	0.00224
1506.20884	0.00202
1504.28027	0.00206
1502.35171	0.00212
1500.42314	0.00210
1498.49458	0.00210
1496.56602	0.00224
1494.63745	0.00243
1492.70889	0.00261
1490.78032	0.00289
1488.85176	0.00339
1486.92319	0.00409
1484.99463	0.00499
1483.06606	0.00621
1481.13750	0.00785
1479.20894	0.00995
1477.28037	0.01269
1475.35181	0.01668
1473.42324	0.02271
1471.49468	0.03040
1469.56611	0.03821
1467.63755	0.04590
1465.70898	0.05419
1463.78042	0.06210
1461.85186	0.06776
1459.92329	0.07125
1457.99473	0.07401
1456.06616	0.07641
1454.13760	0.07769
1452.20903	0.07758
1450.28047	0.07571
1448.35190	0.07122
1446.42334	0.06425
1444.49478	0.05650
1442.56621	0.04979
1440.63765	0.04520
1438.70908	0.04278
1436.78052	0.04143
1434.85195	0.03934
1432.92339	0.03557
1430.99482	0.03084
1429.06626	0.02659
1427.13770	0.02368
1425.20913	0.02188
1423.28057	0.02073
1421.35200	0.01991
1419.42344	0.01926
1417.49487	0.01870
1415.56631	0.01821
1413.63774	0.01776
1411.70918	0.01733
1409.78062	0.01689
1407.85205	0.01646
1405.92349	0.01604
1403.99492	0.01567
1402.06636	0.01532
1400.13779	0.01496
1398.20923	0.01468
1396.28066	0.01459
1394.35210	0.01480
1392.42354	0.01546
1390.49497	0.01686
1388.56641	0.01975
1386.63784	0.02512
1384.70928	0.03372
1382.78071	0.04634
1380.85215	0.06366
1378.92358	0.08378
1376.99502	0.09979
1375.06646	0.10309
1373.13789	0.09224
1371.20933	0.07520
1369.28076	0.05992
1367.35220	0.04948
1365.42363	0.04397
1363.49507	0.04221
1361.56650	0.04254
1359.63794	0.04291
1357.70937	0.04161
1355.78081	0.03834
1353.85225	0.03416
1351.92368	0.03031
1349.99512	0.02723
1348.06655	0.02481
1346.13799	0.02288
1344.20942	0.02137
1342.28086	0.02025
1340.35229	0.01946
1338.42373	0.01897
1336.49517	0.01874
1334.56660	0.01877
1332.63804	0.01904
1330.70947	0.01932
1328.78091	0.01930
1326.85234	0.01885
1324.92378	0.01811
1322.99521	0.01734
1321.06665	0.01674
1319.13809	0.01632
1317.20952	0.01601
1315.28096	0.01577
1313.35239	0.01565
1311.42383	0.01579
1309.49526	0.01646
1307.56670	0.01777
1305.63813	0.01915
1303.70957	0.01967
1301.78101	0.01926
1299.85244	0.01871
1297.92388	0.01845
1295.99531	0.01824
1294.06675	0.01783
1292.13818	0.01723
1290.20962	0.01657
1288.28105	0.01595
1286.35249	0.01545
1284.42393	0.01512
1282.49536	0.01491
1280.56680	0.01477
1278.63823	0.01467
1276.70967	0.01458
1274.78110	0.01448
1272.85254	0.01439
1270.92397	0.01437
1268.99541	0.01448
1267.06685	0.01474
1265.13828	0.01512
1263.20972	0.01568
1261.28115	0.01650
1259.35259	0.01764
1257.42402	0.01881
1255.49546	0.01940
1253.56689	0.01901
1251.63833	0.01802
1249.70977	0.01711
1247.78120	0.01659
1245.85264	0.01632
1243.92407	0.01611
1241.99551	0.01592
1240.06694	0.01576
1238.13838	0.01568
1236.20981	0.01569
1234.28125	0.01576
1232.35269	0.01588
1230.42412	0.01602
1228.49556	0.01615
1226.56699	0.01634
1224.63843	0.01670
1222.70986	0.01719
1220.78130	0.01761
1218.85273	0.01780
1216.92417	0.01775
1214.99561	0.01750
1213.06704	0.01716
1211.13848	0.01684
1209.20991	0.01656
1207.28135	0.01634
1205.35278	0.01618
1203.42422	0.01610
1201.49565	0.01610
1199.56709	0.01613
1197.63853	0.01616
1195.70996	0.01616
1193.78140	0.01617
1191.85283	0.01622
1189.92427	0.01633
1187.99570	0.01650
1186.06714	0.01678
1184.13857	0.01724
1182.21001	0.01790
1180.28145	0.01886
1178.35288	0.02026
1176.42432	0.02233
1174.49575	0.02536
1172.56719	0.02931
1170.63862	0.03342
1168.71006	0.03624
1166.78149	0.03677
1164.85293	0.03544
1162.92437	0.03344
1160.99580	0.03156
1159.06724	0.03010
1157.13867	0.02913
1155.21011	0.02853
1153.28154	0.02793
1151.35298	0.02701
1149.42441	0.02571
1147.49585	0.02423
1145.56729	0.02280
1143.63872	0.02154
1141.71016	0.02052
1139.78159	0.01975
1137.85303	0.01919
1135.92446	0.01877
1133.99590	0.01849
1132.06733	0.01828
1130.13877	0.01802
1128.21021	0.01775
1126.28164	0.01752
1124.35308	0.01735
1122.42451	0.01727
1120.49595	0.01734
1118.56738	0.01749
1116.63882	0.01763
1114.71025	0.01774
1112.78169	0.01786
1110.85312	0.01807
1108.92456	0.01849
1106.99600	0.01917
1105.06743	0.01995
1103.13887	0.02045
1101.21030	0.02039
1099.28174	0.01981
1097.35317	0.01906
1095.42461	0.01846
1093.49604	0.01810
1091.56748	0.01788
1089.63892	0.01770
1087.71035	0.01755
1085.78179	0.01746
1083.85322	0.01742
1081.92466	0.01736
1079.99609	0.01730
1078.06753	0.01728
1076.13896	0.01726
1074.21040	0.01724
1072.28184	0.01728
1070.35327	0.01735
1068.42471	0.01742
1066.49614	0.01753
1064.56758	0.01767
1062.63901	0.01776
1060.71045	0.01782
1058.78188	0.01798
1056.85332	0.01835
1054.92476	0.01884
1052.99619	0.01930
1051.06763	0.01971
1049.13906	0.02010
1047.21050	0.02045
1045.28193	0.02061
1043.35337	0.02043
1041.42480	0.01998
1039.49624	0.01953
1037.56768	0.01918
1035.63911	0.01885
1033.71055	0.01840
1031.78198	0.01795
1029.85342	0.01760
1027.92485	0.01724
1025.99629	0.01679
1024.06772	0.01645
1022.13916	0.01635
1020.21060	0.01635
1018.28203	0.01635
1016.35347	0.01636
1014.42490	0.01636
1012.49634	0.01641
1010.56777	0.01675
1008.63921	0.01758
1006.71064	0.01903
1004.78208	0.02163
1002.85352	0.02609
1000.92495	0.03201
998.99639	0.03676
997.06782	0.03719
995.13926	0.03307
993.21069	0.02731
991.28213	0.02264
989.35356	0.01981
987.42500	0.01848
985.49644	0.01830
983.56787	0.01919
981.63931	0.02127
979.71074	0.02480
977.78218	0.02982
975.85361	0.03544
973.92505	0.03939
971.99648	0.03903
970.06792	0.03429
968.13936	0.02815
966.21079	0.02330
964.28223	0.02022
962.35366	0.01828
960.42510	0.01697
958.49653	0.01600
956.56797	0.01524
954.63940	0.01466
952.71084	0.01433
950.78228	0.01420
948.85371	0.01422
946.92515	0.01437
944.99658	0.01469
943.06802	0.01503
941.13945	0.01510
939.21089	0.01465
937.28232	0.01372
935.35376	0.01271
933.42520	0.01195
931.49663	0.01139
929.56807	0.01095
927.63950	0.01059
925.71094	0.01024
923.78237	0.00994
921.85381	0.00972
919.92524	0.00954
917.99668	0.00944
916.06812	0.00943
914.13955	0.00952
912.21099	0.00975
910.28242	0.01028
908.35386	0.01132
906.42529	0.01300
904.49673	0.01542
902.56816	0.01822
900.63960	0.02031
898.71104	0.02057
896.78247	0.01887
894.85391	0.01627
892.92534	0.01400
890.99678	0.01245
889.06821	0.01147
887.13965	0.01091
885.21108	0.01064
883.28252	0.01054
881.35396	0.01051
879.42539	0.01047
877.49683	0.01051
875.56826	0.01063
873.63970	0.01069
871.71113	0.01063
869.78257	0.01058
867.85400	0.01062
865.92544	0.01077
863.99687	0.01095
862.06831	0.01108
860.13975	0.01114
858.21118	0.01128
856.28262	0.01168
854.35405	0.01222
852.42549	0.01293
850.49692	0.01406
848.56836	0.01606
846.63979	0.01986
844.71123	0.02618
842.78267	0.03301
840.85410	0.03519
838.92554	0.03078
836.99697	0.02422
835.06841	0.01973
833.13984	0.01753
831.21128	0.01647
829.28271	0.01586
827.35415	0.01549
825.42559	0.01548
823.49702	0.01589
821.56846	0.01664
819.63989	0.01767
817.71133	0.01899
815.78276	0.02068
813.85420	0.02283
811.92563	0.02507
809.99707	0.02651
808.06851	0.02630
806.13994	0.02457
804.21138	0.02243
802.28281	0.02087
800.35425	0.02000
798.42568	0.01946
796.49712	0.01898
794.56855	0.01853
792.63999	0.01816
790.71143	0.01791
788.78286	0.01772
786.85430	0.01753
784.92573	0.01747
782.99717	0.01749
781.06860	0.01754
779.14004	0.01763
777.21147	0.01767
775.28291	0.01770
773.35435	0.01793
771.42578	0.01828
769.49722	0.01859
767.56865	0.01880
765.64009	0.01881
763.71152	0.01871
761.78296	0.01867
759.85439	0.01871
757.92583	0.01876
755.99727	0.01883
754.06870	0.01883
752.14014	0.01879
750.21157	0.01891
748.28301	0.01910
746.35444	0.01915
744.42588	0.01904
742.49731	0.01896
740.56875	0.01898
738.64019	0.01910
736.71162	0.01938
734.78306	0.01974
732.85449	0.02005
730.92593	0.02040
728.99736	0.02087
727.06880	0.02131
725.14023	0.02162
723.21167	0.02162
721.28311	0.02224
719.35454	0.02284
717.42598	0.02323
715.49741	0.02363
713.56885	0.02389
711.64028	0.02406
709.71172	0.02434
707.78315	0.02475
705.85459	0.02510
703.92603	0.02525
701.99746	0.02524
700.06890	0.02527
698.14033	0.02544
696.21177	0.02567
694.28320	0.02576
692.35464	0.02566
690.42607	0.02558
688.49751	0.02579
686.56895	0.02601
684.64038	0.02599
682.71182	0.02586
680.78325	0.02606
678.85469	0.02669
676.92612	0.02708
674.99756	0.02683
673.06899	0.02674
671.14043	0.02937
669.21187	0.03430
667.28330	0.03304
665.35474	0.03086
663.42617	0.02870
661.49761	0.02826
659.56904	0.02853
657.64048	0.02891
655.71191	0.02919
653.78335	0.02921
651.85479	0.02930
649.92622	0.02959
647.99766	0.02969
646.06909	0.02975
644.14053	0.03039
642.21196	0.03144
640.28340	0.03211
638.35483	0.03242
636.42627	0.03298
634.49771	0.03358
632.56914	0.03378
630.64058	0.03380
628.71201	0.03373
626.78345	0.03354
624.85488	0.03322
622.92632	0.03298
620.99775	0.03331
619.06919	0.03405
617.14062	0.03460
615.21206	0.03525
613.28350	0.03597
611.35493	0.03614
609.42637	0.03577
607.49780	0.03510
605.56924	0.03404
603.64067	0.03276
601.71211	0.03205
599.78354	0.03273
