3997.91411	-0.01203
3995.98555	-0.01190
3994.05698	-0.01181
3992.12842	-0.01187
3990.19985	-0.01195
3988.27129	-0.01198
3986.34272	-0.01201
3984.41416	-0.01201
3982.48560	-0.01194
3980.55703	-0.01190
3978.62847	-0.01197
3976.69990	-0.01200
3974.77134	-0.01193
3972.84277	-0.01191
3970.91421	-0.01198
3968.98564	-0.01200
3967.05708	-0.01195
3965.12852	-0.01199
3963.19995	-0.01210
3961.27139	-0.01213
3959.34282	-0.01205
3957.41426	-0.01198
3955.48569	-0.01191
3953.55713	-0.01176
3951.62856	-0.01157
3949.70000	-0.01150
3947.77144	-0.01160
3945.84287	-0.01177
3943.91431	-0.01186
3941.98574	-0.01181
3940.05718	-0.01171
3938.12861	-0.01164
3936.20005	-0.01161
3934.27148	-0.01161
3932.34292	-0.01165
3930.41436	-0.01167
3928.48579	-0.01163
3926.55723	-0.01158
3924.62866	-0.01157
3922.70010	-0.01159
3920.77153	-0.01159
3918.84297	-0.01149
3916.91440	-0.01134
3914.98584	-0.01131
3913.05728	-0.01134
3911.12871	-0.01134
3909.20015	-0.01137
3907.27158	-0.01155
3905.34302	-0.01178
3903.41445	-0.01189
3901.48589	-0.01182
3899.55732	-0.01161
3897.62876	-0.01144
3895.70020	-0.01148
3893.77163	-0.01164
3891.84307	-0.01171
3889.91450	-0.01168
3887.98594	-0.01167
3886.05737	-0.01164
3884.12881	-0.01151
3882.20024	-0.01134
3880.27168	-0.01121
3878.34312	-0.01119
3876.41455	-0.01132
3874.48599	-0.01150
3872.55742	-0.01157
3870.62886	-0.01148
3868.70029	-0.01136
3866.77173	-0.01138
3864.84316	-0.01144
3862.91460	-0.01134
3860.98604	-0.01125
3859.05747	-0.01141
3857.12891	-0.01178
3855.20034	-0.01202
3853.27178	-0.01178
3851.34321	-0.01133
3849.41465	-0.01115
3847.48608	-0.01121
3845.55752	-0.01131
3843.62896	-0.01137
3841.70039	-0.01143
3839.77183	-0.01150
3837.84326	-0.01153
3835.91470	-0.01145
3833.98613	-0.01125
3832.05757	-0.01108
3830.12900	-0.01104
3828.20044	-0.01114
3826.27187	-0.01129
3824.34331	-0.01147
3822.41475	-0.01150
3820.48618	-0.01130
3818.55762	-0.01109
3816.62905	-0.01086
3814.70049	-0.01061
3812.77192	-0.01060
3810.84336	-0.01088
3808.91479	-0.01113
3806.98623	-0.01109
3805.05767	-0.01096
3803.12910	-0.01100
3801.20054	-0.01114
3799.27197	-0.01125
3797.34341	-0.01122
3795.41484	-0.01103
3793.48628	-0.01085
3791.55771	-0.01079
3789.62915	-0.01081
3787.70059	-0.01086
3785.77202	-0.01094
3783.84346	-0.01104
3781.91489	-0.01109
3779.98633	-0.01104
3778.05776	-0.01096
3776.12920	-0.01098
3774.20063	-0.01108
3772.27207	-0.01114
3770.34351	-0.01104
3768.41494	-0.01087
3766.48638	-0.01082
3764.55781	-0.01089
3762.62925	-0.01104
3760.70068	-0.01115
3758.77212	-0.01117
3756.84355	-0.01125
3754.91499	-0.01143
3752.98643	-0.01150
3751.05786	-0.01137
3749.12930	-0.01122
3747.20073	-0.01123
3745.27217	-0.01114
3743.34360	-0.01089
3741.41504	-0.01095
3739.48647	-0.01137
3737.55791	-0.01169
3735.62935	-0.01176
3733.70078	-0.01174
3731.77222	-0.01177
3729.84365	-0.01192
3727.91509	-0.01200
3725.98652	-0.01195
3724.05796	-0.01173
3722.12939	-0.01156
3720.20083	-0.01151
3718.27227	-0.01148
3716.34370	-0.01155
3714.41514	-0.01172
3712.48657	-0.01182
3710.55801	-0.01175
3708.62944	-0.01164
3706.70088	-0.01166
3704.77231	-0.01178
3702.84375	-0.01183
3700.91519	-0.01176
3698.98662	-0.01171
3697.05806	-0.01179
3695.12949	-0.01196
3693.20093	-0.01211
3691.27236	-0.01210
3689.34380	-0.01182
3687.41523	-0.01146
3685.48667	-0.01129
3683.55811	-0.01129
3681.62954	-0.01136
3679.70098	-0.01150
3677.77241	-0.01172
3675.84385	-0.01180
3673.91528	-0.01164
3671.98672	-0.01152
3670.05815	-0.01146
3668.12959	-0.01133
3666.20103	-0.01122
3664.27246	-0.01121
3662.34390	-0.01131
3660.41533	-0.01140
3658.48677	-0.01135
3656.55820	-0.01120
3654.62964	-0.01123
3652.70107	-0.01149
3650.77251	-0.01159
3648.84395	-0.01135
3646.91538	-0.01109
3644.98682	-0.01108
3643.05825	-0.01118
3641.12969	-0.01119
3639.20112	-0.01110
3637.27256	-0.01104
3635.34399	-0.01114
3633.41543	-0.01141
3631.48687	-0.01169
3629.55830	-0.01165
3627.62974	-0.01116
3625.70117	-0.01078
3623.77261	-0.01078
3621.84404	-0.01084
3619.91548	-0.01071
3617.98691	-0.01036
3616.05835	-0.01009
3614.12979	-0.01000
3612.20122	-0.00995
3610.27266	-0.00992
3608.34409	-0.00987
3606.41553	-0.00972
3604.48696	-0.00961
3602.55840	-0.00970
3600.62983	-0.00993
3598.70127	-0.01013
3596.77271	-0.01022
3594.84414	-0.01033
3592.91558	-0.01052
3590.98701	-0.01075
3589.05845	-0.01088
3587.12988	-0.01086
3585.20132	-0.01075
3583.27275	-0.01060
3581.34419	-0.01048
3579.41562	-0.01044
3577.48706	-0.01045
3575.55850	-0.01040
3573.62993	-0.01029
3571.70137	-0.01023
3569.77280	-0.01020
3567.84424	-0.01019
3565.91567	-0.01028
3563.98711	-0.01045
3562.05854	-0.01047
3560.12998	-0.01035
3558.20142	-0.01038
3556.27285	-0.01050
3554.34429	-0.01038
3552.41572	-0.01002
3550.48716	-0.00970
3548.55859	-0.00966
3546.63003	-0.00984
3544.70146	-0.01007
3542.77290	-0.01029
3540.84434	-0.01030
3538.91577	-0.01000
3536.98721	-0.00969
3535.05864	-0.00967
3533.13008	-0.00982
3531.20151	-0.00989
3529.27295	-0.00980
3527.34438	-0.00967
3525.41582	-0.00955
3523.48726	-0.00943
3521.55869	-0.00939
3519.63013	-0.00944
3517.70156	-0.00951
3515.77300	-0.00953
3513.84443	-0.00946
3511.91587	-0.00928
3509.98730	-0.00918
3508.05874	-0.00928
3506.13018	-0.00937
3504.20161	-0.00933
3502.27305	-0.00930
3500.34448	-0.00932
3498.41592	-0.00936
3496.48735	-0.00933
3494.55879	-0.00916
3492.63022	-0.00890
3490.70166	-0.00858
3488.77310	-0.00834
3486.84453	-0.00825
3484.91597	-0.00823
3482.98740	-0.00842
3481.05884	-0.00874
3479.13027	-0.00877
3477.20171	-0.00857
3475.27314	-0.00852
3473.34458	-0.00866
3471.41602	-0.00882
3469.48745	-0.00890
3467.55889	-0.00885
3465.63032	-0.00873
3463.70176	-0.00861
3461.77319	-0.00849
3459.84463	-0.00842
3457.91606	-0.00839
3455.98750	-0.00833
3454.05894	-0.00816
3452.13037	-0.00789
3450.20181	-0.00772
3448.27324	-0.00773
3446.34468	-0.00778
3444.41611	-0.00777
3442.48755	-0.00767
3440.55898	-0.00759
3438.63042	-0.00765
3436.70186	-0.00779
3434.77329	-0.00774
3432.84473	-0.00749
3430.91616	-0.00732
3428.98760	-0.00737
3427.05903	-0.00749
3425.13047	-0.00753
3423.20190	-0.00751
3421.27334	-0.00745
3419.34478	-0.00733
3417.41621	-0.00718
3415.48765	-0.00708
3413.55908	-0.00709
3411.63052	-0.00718
3409.70195	-0.00726
3407.77339	-0.00731
3405.84482	-0.00737
3403.91626	-0.00748
3401.98770	-0.00765
3400.05913	-0.00766
3398.13057	-0.00740
3396.20200	-0.00719
3394.27344	-0.00711
3392.34487	-0.00694
3390.41631	-0.00669
3388.48774	-0.00663
3386.55918	-0.00683
3384.63062	-0.00711
3382.70205	-0.00722
3380.77349	-0.00710
3378.84492	-0.00684
3376.91636	-0.00663
3374.98779	-0.00658
3373.05923	-0.00671
3371.13066	-0.00694
3369.20210	-0.00710
3367.27354	-0.00706
3365.34497	-0.00693
3363.41641	-0.00692
3361.48784	-0.00699
3359.55928	-0.00705
3357.63071	-0.00703
3355.70215	-0.00689
3353.77358	-0.00679
3351.84502	-0.00695
3349.91646	-0.00713
3347.98789	-0.00711
3346.05933	-0.00699
3344.13076	-0.00692
3342.20220	-0.00687
3340.27363	-0.00686
3338.34507	-0.00699
3336.41650	-0.00724
3334.48794	-0.00743
3332.55937	-0.00739
3330.63081	-0.00707
3328.70225	-0.00668
3326.77368	-0.00659
3324.84512	-0.00684
3322.91655	-0.00713
3320.98799	-0.00730
3319.05942	-0.00736
3317.13086	-0.00722
3315.20229	-0.00690
3313.27373	-0.00669
3311.34517	-0.00678
3309.41660	-0.00711
3307.48804	-0.00747
3305.55947	-0.00766
3303.63091	-0.00758
3301.70234	-0.00730
3299.77378	-0.00709
3297.84521	-0.00716
3295.91665	-0.00739
3293.98809	-0.00745
3292.05952	-0.00730
3290.13096	-0.00717
3288.20239	-0.00709
3286.27383	-0.00705
3284.34526	-0.00710
3282.41670	-0.00718
3280.48813	-0.00728
3278.55957	-0.00744
3276.63101	-0.00754
3274.70244	-0.00732
3272.77388	-0.00708
3270.84531	-0.00719
3268.91675	-0.00746
3266.98818	-0.00759
3265.05962	-0.00758
3263.13105	-0.00753
3261.20249	-0.00744
3259.27393	-0.00738
3257.34536	-0.00752
3255.41680	-0.00775
3253.48823	-0.00781
3251.55967	-0.00768
3249.63110	-0.00760
3247.70254	-0.00767
3245.77397	-0.00785
3243.84541	-0.00798
3241.91685	-0.00795
3239.98828	-0.00788
3238.05972	-0.00794
3236.13115	-0.00808
3234.20259	-0.00819
3232.27402	-0.00811
3230.34546	-0.00780
3228.41689	-0.00755
3226.48833	-0.00758
3224.55977	-0.00778
3222.63120	-0.00790
3220.70264	-0.00790
3218.77407	-0.00789
3216.84551	-0.00791
3214.91694	-0.00791
3212.98838	-0.00790
3211.05981	-0.00789
3209.13125	-0.00793
3207.20269	-0.00801
3205.27412	-0.00797
3203.34556	-0.00785
3201.41699	-0.00787
3199.48843	-0.00804
3197.55986	-0.00821
3195.63130	-0.00830
3193.70273	-0.00830
3191.77417	-0.00825
3189.84561	-0.00824
3187.91704	-0.00835
3185.98848	-0.00847
3184.05991	-0.00849
3182.13135	-0.00854
3180.20278	-0.00870
3178.27422	-0.00878
3176.34565	-0.00866
3174.41709	-0.00855
3172.48853	-0.00866
3170.55996	-0.00887
3168.63140	-0.00890
3166.70283	-0.00873
3164.77427	-0.00871
3162.84570	-0.00899
3160.91714	-0.00924
3158.98857	-0.00927
3157.06001	-0.00922
3155.13145	-0.00923
3153.20288	-0.00932
3151.27432	-0.00943
3149.34575	-0.00957
3147.41719	-0.00979
3145.48862	-0.00997
3143.56006	-0.01003
3141.63149	-0.01008
3139.70293	-0.01020
3137.77437	-0.01028
3135.84580	-0.01013
3133.91724	-0.00987
3131.98867	-0.00977
3130.06011	-0.00996
3128.13154	-0.01019
3126.20298	-0.01025
3124.27441	-0.01019
3122.34585	-0.01015
3120.41729	-0.01015
3118.48872	-0.01018
3116.56016	-0.01024
3114.63159	-0.01024
3112.70303	-0.01018
3110.77446	-0.01017
3108.84590	-0.01014
3106.91733	-0.01002
3104.98877	-0.00987
3103.06021	-0.00972
3101.13164	-0.00960
3099.20308	-0.00956
3097.27451	-0.00963
3095.34595	-0.00967
3093.41738	-0.00957
3091.48882	-0.00946
3089.56025	-0.00950
3087.63169	-0.00970
3085.70312	-0.00998
3083.77456	-0.01020
3081.84600	-0.01026
3079.91743	-0.01009
3077.98887	-0.00980
3076.06030	-0.00962
3074.13174	-0.00967
3072.20317	-0.00984
3070.27461	-0.00996
3068.34604	-0.00994
3066.41748	-0.00982
3064.48892	-0.00974
3062.56035	-0.00988
3060.63179	-0.01014
3058.70322	-0.01027
3056.77466	-0.01029
3054.84609	-0.01021
3052.91753	-0.01003
3050.98896	-0.00980
3049.06040	-0.00968
3047.13184	-0.00974
3045.20327	-0.00987
3043.27471	-0.00987
3041.34614	-0.00977
3039.41758	-0.00978
3037.48901	-0.00993
3035.56045	-0.01006
3033.63188	-0.01014
3031.70332	-0.01019
3029.77476	-0.01021
3027.84619	-0.01019
3025.91763	-0.01025
3023.98906	-0.01037
3022.06050	-0.01039
3020.13193	-0.01039
3018.20337	-0.01059
3016.27480	-0.01088
3014.34624	-0.01104
3012.41768	-0.01100
3010.48911	-0.01088
3008.56055	-0.01082
3006.63198	-0.01082
3004.70342	-0.01087
3002.77485	-0.01101
3000.84629	-0.01118
2998.91772	-0.01120
2996.98916	-0.01105
2995.06060	-0.01092
2993.13203	-0.01082
2991.20347	-0.01053
2989.27490	-0.01010
2987.34634	-0.00982
2985.41777	-0.00964
2983.48921	-0.00927
2981.56064	-0.00869
2979.63208	-0.00790
2977.70352	-0.00688
2975.77495	-0.00564
2973.84639	-0.00420
2971.91782	-0.00240
2969.98926	-0.00008
2968.06069	0.00280
2966.13213	0.00626
2964.20356	0.01035
2962.27500	0.01503
2960.34644	0.01972
2958.41787	0.02333
2956.48931	0.02499
2954.56074	0.02438
2952.63218	0.02167
2950.70361	0.01807
2948.77505	0.01535
2946.84648	0.01466
2944.91792	0.01625
2942.98936	0.01996
2941.06079	0.02547
2939.13223	0.03258
2937.20366	0.04147
2935.27510	0.05256
2933.34653	0.06615
2931.41797	0.08244
2929.48940	0.10169
2927.56084	0.12434
2925.63228	0.15097
2923.70371	0.18170
2921.77515	0.21516
2919.84658	0.24790
2917.91802	0.27475
2915.98945	0.28979
2914.06089	0.28948
2912.13232	0.27580
2910.20376	0.25490
2908.27520	0.23283
2906.34663	0.21331
2904.41807	0.19749
2902.48950	0.18490
2900.56094	0.17474
2898.63237	0.16620
2896.70381	0.15853
2894.77524	0.15117
2892.84668	0.14378
2890.91812	0.13623
2888.98955	0.12852
2887.06099	0.12072
2885.13242	0.11276
2883.20386	0.10449
2881.27529	0.09601
2879.34673	0.08779
2877.41816	0.08052
2875.48960	0.07461
2873.56104	0.06999
2871.63247	0.06616
2869.70391	0.06246
2867.77534	0.05913
2865.84678	0.05751
2863.91821	0.05892
2861.98965	0.06429
2860.06108	0.07470
2858.13252	0.09206
2856.20396	0.11932
2854.27539	0.15913
2852.34683	0.20966
2850.41826	0.25834
2848.48970	0.28303
2846.56113	0.27135
2844.63257	0.23523
2842.70400	0.19486
2840.77544	0.16116
2838.84687	0.13590
2836.91831	0.11734
2834.98975	0.10352
2833.06118	0.09297
2831.13262	0.08457
2829.20405	0.07774
2827.27549	0.07212
2825.34692	0.06739
2823.41836	0.06328
2821.48979	0.05967
2819.56123	0.05657
2817.63267	0.05389
2815.70410	0.05145
2813.77554	0.04920
2811.84697	0.04719
2809.91841	0.04541
2807.98984	0.04381
2806.06128	0.04241
2804.13271	0.04112
2802.20415	0.03983
2800.27559	0.03858
2798.34702	0.03749
2796.41846	0.03652
2794.48989	0.03555
2792.56133	0.03459
2790.63276	0.03372
2788.70420	0.03291
2786.77563	0.03203
2784.84707	0.03105
2782.91851	0.03011
2780.98994	0.02925
2779.06138	0.02842
2777.13281	0.02767
2775.20425	0.02696
2773.27568	0.02625
2771.34712	0.02554
2769.41855	0.02488
2767.48999	0.02433
2765.56143	0.02391
2763.63286	0.02350
2761.70430	0.02303
2759.77573	0.02255
2757.84717	0.02210
2755.91860	0.02170
2753.99004	0.02130
2752.06147	0.02091
2750.13291	0.02059
2748.20435	0.02039
2746.27578	0.02022
2744.34722	0.02004
2742.41865	0.01985
2740.49009	0.01968
2738.56152	0.01954
2736.63296	0.01940
2734.70439	0.01920
2732.77583	0.01897
2730.84727	0.01871
2728.91870	0.01838
2726.99014	0.01798
2725.06157	0.01766
2723.13301	0.01745
2721.20444	0.01724
2719.27588	0.01699
2717.34731	0.01672
2715.41875	0.01643
2713.49019	0.01618
2711.56162	0.01594
2709.63306	0.01568
2707.70449	0.01549
2705.77593	0.01532
2703.84736	0.01507
2701.91880	0.01479
2699.99023	0.01456
2698.06167	0.01433
2696.13311	0.01413
2694.20454	0.01399
2692.27598	0.01385
2690.34741	0.01366
2688.41885	0.01340
2686.49028	0.01313
2684.56172	0.01296
2682.63315	0.01288
2680.70459	0.01284
2678.77603	0.01286
2676.84746	0.01293
2674.91890	0.01302
2672.99033	0.01317
2671.06177	0.01341
2669.13320	0.01371
2667.20464	0.01403
2665.27607	0.01433
2663.34751	0.01457
2661.41895	0.01480
2659.49038	0.01502
2657.56182	0.01513
2655.63325	0.01511
2653.70469	0.01504
2651.77612	0.01498
2649.84756	0.01495
2647.91899	0.01496
2645.99043	0.01496
2644.06187	0.01495
2642.13330	0.01498
2640.20474	0.01508
2638.27617	0.01522
2636.34761	0.01524
2634.41904	0.01504
2632.49048	0.01476
2630.56191	0.01459
2628.63335	0.01447
2626.70479	0.01422
2624.77622	0.01381
2622.84766	0.01338
2620.91909	0.01300
2618.99053	0.01267
2617.06196	0.01241
2615.13340	0.01217
2613.20483	0.01196
2611.27627	0.01176
2609.34771	0.01153
2607.41914	0.01125
2605.49058	0.01098
2603.56201	0.01077
2601.63345	0.01054
2599.70488	0.01021
2597.77632	0.00991
2595.84775	0.00972
2593.91919	0.00953
2591.99062	0.00935
2590.06206	0.00923
2588.13350	0.00918
2586.20493	0.00913
2584.27637	0.00898
2582.34780	0.00871
2580.41924	0.00843
2578.49067	0.00818
2576.56211	0.00796
2574.63354	0.00775
2572.70498	0.00753
2570.77642	0.00735
2568.84785	0.00721
2566.91929	0.00710
2564.99072	0.00699
2563.06216	0.00685
2561.13359	0.00674
2559.20503	0.00662
2557.27646	0.00648
2555.34790	0.00635
2553.41934	0.00620
2551.49077	0.00608
2549.56221	0.00602
2547.63364	0.00601
2545.70508	0.00598
2543.77651	0.00587
2541.84795	0.00562
2539.91938	0.00529
2537.99082	0.00511
2536.06226	0.00515
2534.13369	0.00526
2532.20513	0.00528
2530.27656	0.00525
2528.34800	0.00526
2526.41943	0.00527
2524.49087	0.00524
2522.56230	0.00511
2520.63374	0.00488
2518.70518	0.00467
2516.77661	0.00443
2514.84805	0.00410
2512.91948	0.00390
2510.99092	0.00395
2509.06235	0.00406
2507.13379	0.00410
2505.20522	0.00406
2503.27666	0.00401
2501.34810	0.00404
2499.41953	0.00410
2497.49097	0.00409
2495.56240	0.00404
2493.63384	0.00396
2491.70527	0.00380
2489.77671	0.00366
2487.84814	0.00357
2485.91958	0.00352
2483.99102	0.00346
2482.06245	0.00337
2480.13389	0.00331
2478.20532	0.00333
2476.27676	0.00336
2474.34819	0.00340
2472.41963	0.00343
2470.49106	0.00343
2468.56250	0.00340
2466.63394	0.00330
2464.70537	0.00324
2462.77681	0.00341
2460.84824	0.00366
2458.91968	0.00376
2456.99111	0.00371
2455.06255	0.00362
2453.13398	0.00350
2451.20542	0.00341
2449.27686	0.00340
2447.34829	0.00345
2445.41973	0.00342
2443.49116	0.00332
2441.56260	0.00329
2439.63403	0.00332
2437.70547	0.00340
2435.77690	0.00347
2433.84834	0.00344
2431.91978	0.00331
2429.99121	0.00321
2428.06265	0.00321
2426.13408	0.00326
2424.20552	0.00335
2422.27695	0.00344
2420.34839	0.00343
2418.41982	0.00330
2416.49126	0.00324
2414.56270	0.00331
2412.63413	0.00337
2410.70557	0.00331
2408.77700	0.00312
2406.84844	0.00284
2404.91987	0.00265
2402.99131	0.00263
2401.06274	0.00267
2399.13418	0.00323
2397.20562	0.00327
2395.27705	0.00300
2393.34849	0.00268
2391.41992	0.00237
2389.49136	0.00207
2387.56279	0.00178
2385.63423	0.00145
2383.70566	0.00100
2381.77710	0.00053
2379.84854	0.00020
2377.91997	-0.00000
2375.99141	-0.00026
2374.06284	-0.00065
2372.13428	-0.00115
2370.20571	-0.00176
2368.27715	-0.00141
2366.34858	-0.00084
2364.42002	-0.00139
2362.49146	-0.00089
2360.56289	-0.00143
2358.63433	-0.00267
2356.70576	0.00037
2354.77720	-0.00119
2352.84863	-0.00185
2350.92007	0.00007
2348.99150	0.00098
2347.06294	0.00218
2345.13437	0.00347
2343.20581	0.00153
2341.27725	-0.00342
2339.34868	-0.00479
2337.42012	-0.00212
2335.49155	0.00239
2333.56299	0.00546
2331.63442	0.00645
2329.70586	0.00674
2327.77729	0.00727
2325.84873	0.00880
2323.92017	0.00995
2321.99160	0.00962
2320.06304	0.00885
2318.13447	0.00814
2316.20591	0.00746
2314.27734	0.00686
2312.34878	0.00620
2310.42021	0.00531
2308.49165	0.00453
2306.56309	0.00399
2304.63452	0.00398
2302.70596	0.00429
2300.77739	0.00463
2298.84883	0.00505
2296.92026	0.00543
2294.99170	0.00566
2293.06313	0.00583
2291.13457	0.00624
2289.20601	0.00670
2287.27744	0.00705
2285.34888	0.00718
2283.42031	0.00694
2281.49175	0.00645
2279.56318	0.00598
2277.63462	0.00575
2275.70605	0.00557
2273.77749	0.00524
2271.84893	0.00493
2269.92036	0.00474
2267.99180	0.00452
2266.06323	0.00421
2264.13467	0.00401
2262.20610	0.00403
2260.27754	0.00408
2258.34897	0.00398
2256.42041	0.00369
2254.49185	0.00333
2252.56328	0.00304
2250.63472	0.00293
2248.70615	0.00324
2246.77759	0.00343
2244.84902	0.00389
2242.92046	0.00430
2240.99189	0.00447
2239.06333	0.00441
2237.13477	0.00414
2235.20620	0.00387
2233.27764	0.00372
2231.34907	0.00363
2229.42051	0.00359
2227.49194	0.00358
2225.56338	0.00343
2223.63481	0.00326
2221.70625	0.00321
2219.77769	0.00325
2217.84912	0.00342
2215.92056	0.00351
2213.99199	0.00326
2212.06343	0.00293
2210.13486	0.00285
2208.20630	0.00310
2206.27773	0.00351
2204.34917	0.00356
2202.42061	0.00338
2200.49204	0.00364
2198.56348	0.00412
2196.63491	0.00429
2194.70635	0.00440
2192.77778	0.00463
2190.84922	0.00471
2188.92065	0.00457
2186.99209	0.00442
2185.06353	0.00411
2183.13496	0.00308
2181.20640	0.00207
2179.27783	0.00208
2177.34927	0.00221
2175.42070	0.00185
2173.49214	0.00194
2171.56357	0.00294
2169.63501	0.00431
2167.70645	0.00535
2165.77788	0.00595
2163.84932	0.00653
2161.92075	0.00556
2159.99219	0.00070
2158.06362	-0.00497
2156.13506	-0.00675
2154.20649	-0.00563
2152.27793	-0.00405
2150.34937	-0.00287
2148.42080	-0.00237
2146.49224	-0.00241
2144.56367	-0.00261
2142.63511	-0.00269
2140.70654	-0.00259
2138.77798	-0.00259
2136.84941	-0.00320
2134.92085	-0.00422
2132.99229	-0.00447
2131.06372	-0.00349
2129.13516	-0.00226
2127.20659	-0.00162
2125.27803	-0.00134
2123.34946	-0.00092
2121.42090	-0.00026
2119.49233	0.00051
2117.56377	0.00123
2115.63521	0.00184
2113.70664	0.00223
2111.77808	0.00230
2109.84951	0.00218
2107.92095	0.00194
2105.99238	0.00172
2104.06382	0.00178
2102.13525	0.00203
2100.20669	0.00202
2098.27812	0.00146
2096.34956	0.00056
2094.42100	-0.00006
2092.49243	0.00018
2090.56387	0.00101
2088.63530	0.00177
2086.70674	0.00225
2084.77817	0.00259
2082.84961	0.00282
2080.92104	0.00290
2078.99248	0.00283
2077.06392	0.00278
2075.13535	0.00279
2073.20679	0.00277
2071.27822	0.00272
2069.34966	0.00274
2067.42109	0.00273
2065.49253	0.00263
2063.56396	0.00250
2061.63540	0.00248
2059.70684	0.00282
2057.77827	0.00335
2055.84971	0.00366
2053.92114	0.00439
2051.99258	0.00580
2050.06401	0.00632
2048.13545	0.00529
2046.20688	0.00420
2044.27832	0.00375
2042.34976	0.00357
2040.42119	0.00353
2038.49263	0.00348
2036.56406	0.00303
2034.63550	0.00229
2032.70693	0.00178
2030.77837	0.00171
2028.84980	0.00206
2026.92124	0.00240
2024.99268	0.00236
2023.06411	0.00217
2021.13555	0.00204
2019.20698	0.00195
2017.27842	0.00202
2015.34985	0.00221
2013.42129	0.00230
2011.49272	0.00226
2009.56416	0.00179
2007.63560	0.00058
2005.70703	-0.00037
2003.77847	-0.00007
2001.84990	0.00086
1999.92134	0.00156
1997.99277	0.00208
1996.06421	0.00259
1994.13564	0.00304
1992.20708	0.00338
1990.27852	0.00369
1988.34995	0.00393
1986.42139	0.00396
1984.49282	0.00419
1982.56426	0.00501
1980.63569	0.00543
1978.70713	0.00417
1976.77856	0.00202
1974.85000	0.00061
1972.92144	-0.00000
1970.99287	-0.00034
1969.06431	-0.00040
1967.13574	-0.00007
1965.20718	0.00037
1963.27861	0.00032
1961.35005	-0.00058
1959.42148	-0.00161
1957.49292	-0.00167
1955.56436	-0.00092
1953.63579	-0.00039
1951.70723	-0.00017
1949.77866	0.00014
1947.85010	0.00042
1945.92153	0.00041
1943.99297	0.00026
1942.06440	0.00024
1940.13584	0.00033
1938.20728	0.00035
1936.27871	0.00026
1934.35015	0.00009
1932.42158	-0.00005
1930.49302	-0.00005
1928.56445	0.00009
1926.63589	0.00026
1924.70732	0.00047
1922.77876	0.00077
1920.85020	0.00113
1918.92163	0.00140
1916.99307	0.00151
1915.06450	0.00148
1913.13594	0.00144
1911.20737	0.00158
1909.27881	0.00185
1907.35024	0.00210
1905.42168	0.00224
1903.49312	0.00232
1901.56455	0.00247
1899.63599	0.00275
1897.70742	0.00301
1895.77886	0.00313
1893.85029	0.00308
1891.92173	0.00297
1889.99316	0.00293
1888.06460	0.00291
1886.13604	0.00276
1884.20747	0.00256
1882.27891	0.00244
1880.35034	0.00240
1878.42178	0.00241
1876.49321	0.00243
1874.56465	0.00243
1872.63608	0.00237
1870.70752	0.00231
1868.77896	0.00234
1866.85039	0.00242
1864.92183	0.00252
1862.99326	0.00269
1861.06470	0.00289
1859.13613	0.00300
1857.20757	0.00299
1855.27900	0.00299
1853.35044	0.00307
1851.42187	0.00316
1849.49331	0.00318
1847.56475	0.00305
1845.63618	0.00289
1843.70762	0.00289
1841.77905	0.00297
1839.85049	0.00301
1837.92192	0.00307
1835.99336	0.00319
1834.06479	0.00329
1832.13623	0.00341
1830.20767	0.00361
1828.27910	0.00383
1826.35054	0.00402
1824.42197	0.00422
1822.49341	0.00434
1820.56484	0.00422
1818.63628	0.00393
1816.70771	0.00377
1814.77915	0.00389
1812.85059	0.00416
1810.92202	0.00446
1808.99346	0.00475
1807.06489	0.00495
1805.13633	0.00507
1803.20776	0.00519
1801.27920	0.00537
1799.35063	0.00551
1797.42207	0.00549
1795.49351	0.00536
1793.56494	0.00531
1791.63638	0.00536
1789.70781	0.00542
1787.77925	0.00551
1785.85068	0.00566
1783.92212	0.00581
1781.99355	0.00589
1780.06499	0.00588
1778.13643	0.00577
1776.20786	0.00560
1774.27930	0.00549
1772.35073	0.00562
1770.42217	0.00595
1768.49360	0.00626
1766.56504	0.00636
1764.63647	0.00634
1762.70791	0.00639
1760.77935	0.00659
1758.85078	0.00683
1756.92222	0.00704
1754.99365	0.00721
1753.06509	0.00737
1751.13652	0.00760
1749.20796	0.00793
1747.27939	0.00823
1745.35083	0.00845
1743.42227	0.00860
1741.49370	0.00872
1739.56514	0.00880
1737.63657	0.00882
1735.70801	0.00880
1733.77944	0.00888
1731.85088	0.00899
1729.92231	0.00903
1727.99375	0.00902
1726.06519	0.00901
1724.13662	0.00896
1722.20806	0.00884
1720.27949	0.00865
1718.35093	0.00853
1716.42236	0.00861
1714.49380	0.00877
1712.56523	0.00891
1710.63667	0.00900
1708.70811	0.00903
1706.77954	0.00903
1704.85098	0.00900
1702.92241	0.00893
1700.99385	0.00894
1699.06528	0.00913
1697.13672	0.00941
1695.20815	0.00975
1693.27959	0.01007
1691.35103	0.01025
1689.42246	0.01030
1687.49390	0.01029
1685.56533	0.01034
1683.63677	0.01069
1681.70820	0.01114
1679.77964	0.01140
1677.85107	0.01148
1675.92251	0.01153
1673.99395	0.01163
1672.06538	0.01175
1670.13682	0.01194
1668.20825	0.01224
1666.27969	0.01246
1664.35112	0.01258
1662.42256	0.01276
1660.49399	0.01297
1658.56543	0.01308
1656.63687	0.01303
1654.70830	0.01301
1652.77974	0.01323
1650.85117	0.01343
1648.92261	0.01344
1646.99404	0.01352
1645.06548	0.01378
1643.13691	0.01394
1641.20835	0.01385
1639.27979	0.01365
1637.35122	0.01351
1635.42266	0.01360
1633.49409	0.01376
1631.56553	0.01372
1629.63696	0.01352
1627.70840	0.01334
1625.77983	0.01324
1623.85127	0.01321
1621.92271	0.01316
1619.99414	0.01302
1618.06558	0.01280
1616.13701	0.01262
1614.20845	0.01255
1612.27988	0.01251
1610.35132	0.01248
1608.42275	0.01245
1606.49419	0.01244
1604.56562	0.01244
1602.63706	0.01247
1600.70850	0.01248
1598.77993	0.01241
1596.85137	0.01231
1594.92280	0.01225
1592.99424	0.01221
1591.06567	0.01217
1589.13711	0.01211
1587.20854	0.01206
1585.27998	0.01200
1583.35142	0.01196
1581.42285	0.01191
1579.49429	0.01180
1577.56572	0.01165
1575.63716	0.01153
1573.70859	0.01141
1571.78003	0.01119
1569.85146	0.01100
1567.92290	0.01095
1565.99434	0.01095
1564.06577	0.01084
1562.13721	0.01058
1560.20864	0.01037
1558.28008	0.01051
1556.35151	0.01083
1554.42295	0.01101
1552.49438	0.01107
1550.56582	0.01106
1548.63726	0.01095
1546.70869	0.01074
1544.78013	0.01046
1542.85156	0.01017
1540.92300	0.01005
1538.99443	0.01022
1537.06587	0.01040
1535.13730	0.01039
1533.20874	0.01029
1531.28018	0.01017
1529.35161	0.00998
1527.42305	0.00975
1525.49448	0.00946
1523.56592	0.00911
1521.63735	0.00890
1519.70879	0.00892
1517.78022	0.00901
1515.85166	0.00906
1513.92310	0.00908
1511.99453	0.00902
1510.06597	0.00883
1508.13740	0.00860
1506.20884	0.00860
1504.28027	0.00882
1502.35171	0.00896
1500.42314	0.00895
1498.49458	0.00892
1496.56602	0.00899
1494.63745	0.00912
1492.70889	0.00915
1490.78032	0.00915
1488.85176	0.00931
1486.92319	0.00972
1484.99463	0.01037
1483.06606	0.01159
1481.13750	0.01468
1479.20894	0.02386
1477.28037	0.04720
1475.35181	0.08822
1473.42324	0.12988
1471.49468	0.14195
1469.56611	0.12299
1467.63755	0.10115
1465.70898	0.09713
1463.78042	0.10892
1461.85186	0.11639
1459.92329	0.10596
1457.99473	0.08338
1456.06616	0.06318
1454.13760	0.05168
1452.20903	0.04471
1450.28047	0.03869
1448.35190	0.03328
1446.42334	0.02898
1444.49478	0.02589
1442.56621	0.02365
1440.63765	0.02189
1438.70908	0.02041
1436.78052	0.01905
1434.85195	0.01772
1432.92339	0.01644
1430.99482	0.01516
1429.06626	0.01393
1427.13770	0.01277
1425.20913	0.01171
1423.28057	0.01080
1421.35200	0.01004
1419.42344	0.00938
1417.49487	0.00884
1415.56631	0.00842
1413.63774	0.00805
1411.70918	0.00772
1409.78062	0.00744
1407.85205	0.00717
1405.92349	0.00694
1403.99492	0.00679
1402.06636	0.00670
1400.13779	0.00661
1398.20923	0.00651
1396.28066	0.00644
1394.35210	0.00648
1392.42354	0.00668
1390.49497	0.00705
1388.56641	0.00767
1386.63784	0.00886
1384.70928	0.01096
1382.78071	0.01414
1380.85215	0.01801
1378.92358	0.02132
1376.99502	0.02248
1375.06646	0.02097
1373.13789	0.01792
1371.20933	0.01498
1369.28076	0.01277
1367.35220	0.01110
1365.42363	0.00975
1363.49507	0.00860
1361.56650	0.00771
1359.63794	0.00714
1357.70937	0.00680
1355.78081	0.00656
1353.85225	0.00643
1351.92368	0.00636
1349.99512	0.00623
1348.06655	0.00606
1346.13799	0.00597
1344.20942	0.00599
1342.28086	0.00598
1340.35229	0.00582
1338.42373	0.00549
1336.49517	0.00511
1334.56660	0.00477
1332.63804	0.00451
1330.70947	0.00431
1328.78091	0.00416
1326.85234	0.00404
1324.92378	0.00393
1322.99521	0.00388
1321.06665	0.00391
1319.13809	0.00399
1317.20952	0.00410
1315.28096	0.00428
1313.35239	0.00453
1311.42383	0.00483
1309.49526	0.00510
1307.56670	0.00530
1305.63813	0.00541
1303.70957	0.00541
1301.78101	0.00532
1299.85244	0.00519
1297.92388	0.00501
1295.99531	0.00473
1294.06675	0.00439
1292.13818	0.00404
1290.20962	0.00371
1288.28105	0.00343
1286.35249	0.00323
1284.42393	0.00309
1282.49536	0.00299
1280.56680	0.00289
1278.63823	0.00282
1276.70967	0.00275
1274.78110	0.00265
1272.85254	0.00249
1270.92397	0.00232
1268.99541	0.00224
1267.06685	0.00219
1265.13828	0.00212
1263.20972	0.00206
1261.28115	0.00206
1259.35259	0.00209
1257.42402	0.00206
1255.49546	0.00192
1253.56689	0.00173
1251.63833	0.00160
1249.70977	0.00157
1247.78120	0.00154
1245.85264	0.00145
1243.92407	0.00131
1241.99551	0.00112
1240.06694	0.00089
1238.13838	0.00066
1236.20981	0.00050
1234.28125	0.00043
1232.35269	0.00039
1230.42412	0.00036
1228.49556	0.00027
1226.56699	0.00010
1224.63843	-0.00008
1222.70986	-0.00019
1220.78130	-0.00030
1218.85273	-0.00044
1216.92417	-0.00053
1214.99561	-0.00055
1213.06704	-0.00055
1211.13848	-0.00058
1209.20991	-0.00063
1207.28135	-0.00067
1205.35278	-0.00065
1203.42422	-0.00062
1201.49565	-0.00060
1199.56709	-0.00062
1197.63853	-0.00065
1195.70996	-0.00070
1193.78140	-0.00074
1191.85283	-0.00072
1189.92427	-0.00068
1187.99570	-0.00066
1186.06714	-0.00058
1184.13857	-0.00038
1182.21001	-0.00009
1180.28145	0.00032
1178.35288	0.00070
1176.42432	0.00072
1174.49575	0.00042
1172.56719	0.00013
1170.63862	-0.00001
1168.71006	-0.00008
1166.78149	-0.00013
1164.85293	-0.00017
1162.92437	-0.00018
1160.99580	-0.00019
1159.06724	-0.00027
1157.13867	-0.00033
1155.21011	-0.00036
1153.28154	-0.00040
1151.35298	-0.00040
1149.42441	-0.00038
1147.49585	-0.00039
1145.56729	-0.00043
1143.63872	-0.00047
1141.71016	-0.00042
1139.78159	-0.00020
1137.85303	0.00030
1135.92446	0.00116
1133.99590	0.00232
1132.06733	0.00331
1130.13877	0.00357
1128.21021	0.00302
1126.28164	0.00210
1124.35308	0.00131
1122.42451	0.00089
1120.49595	0.00079
1118.56738	0.00086
1116.63882	0.00092
1114.71025	0.00090
1112.78169	0.00084
1110.85312	0.00079
1108.92456	0.00074
1106.99600	0.00073
1105.06743	0.00074
1103.13887	0.00073
1101.21030	0.00069
1099.28174	0.00060
1097.35317	0.00054
1095.42461	0.00056
1093.49604	0.00057
1091.56748	0.00050
1089.63892	0.00044
1087.71035	0.00053
1085.78179	0.00066
1083.85322	0.00071
1081.92466	0.00081
1079.99609	0.00100
1078.06753	0.00115
1076.13896	0.00119
1074.21040	0.00118
1072.28184	0.00127
1070.35327	0.00146
1068.42471	0.00169
1066.49614	0.00194
1064.56758	0.00214
1062.63901	0.00219
1060.71045	0.00211
1058.78188	0.00209
1056.85332	0.00218
1054.92476	0.00230
1052.99619	0.00247
1051.06763	0.00272
1049.13906	0.00271
1047.21050	0.00237
1045.28193	0.00204
1043.35337	0.00190
1041.42480	0.00180
1039.49624	0.00164
1037.56768	0.00147
1035.63911	0.00133
1033.71055	0.00119
1031.78198	0.00108
1029.85342	0.00097
1027.92485	0.00075
1025.99629	0.00042
1024.06772	0.00022
1022.13916	0.00021
1020.21060	0.00016
1018.28203	-0.00005
1016.35347	-0.00031
1014.42490	-0.00056
1012.49634	-0.00083
1010.56777	-0.00103
1008.63921	-0.00115
1006.71064	-0.00131
1004.78208	-0.00153
1002.85352	-0.00166
1000.92495	-0.00177
998.99639	-0.00195
997.06782	-0.00212
995.13926	-0.00225
993.21069	-0.00242
991.28213	-0.00258
989.35356	-0.00268
987.42500	-0.00279
985.49644	-0.00296
983.56787	-0.00319
981.63931	-0.00347
979.71074	-0.00368
977.78218	-0.00379
975.85361	-0.00392
973.92505	-0.00409
971.99648	-0.00418
970.06792	-0.00418
968.13936	-0.00420
966.21079	-0.00430
964.28223	-0.00438
962.35366	-0.00441
960.42510	-0.00442
958.49653	-0.00450
956.56797	-0.00471
954.63940	-0.00495
952.71084	-0.00511
950.78228	-0.00522
948.85371	-0.00537
946.92515	-0.00553
944.99658	-0.00564
943.06802	-0.00570
941.13945	-0.00570
939.21089	-0.00570
937.28232	-0.00577
935.35376	-0.00581
933.42520	-0.00573
931.49663	-0.00563
929.56807	-0.00563
927.63950	-0.00572
925.71094	-0.00582
923.78237	-0.00584
921.85381	-0.00585
919.92524	-0.00582
917.99668	-0.00573
916.06812	-0.00562
914.13955	-0.00544
912.21099	-0.00524
910.28242	-0.00504
908.35386	-0.00481
906.42529	-0.00456
904.49673	-0.00426
902.56816	-0.00401
900.63960	-0.00378
898.71104	-0.00333
896.78247	-0.00253
894.85391	-0.00138
892.92534	0.00021
890.99678	0.00203
889.06821	0.00299
887.13965	0.00199
885.21108	-0.00042
883.28252	-0.00260
881.35396	-0.00378
879.42539	-0.00431
877.49683	-0.00460
875.56826	-0.00477
873.63970	-0.00484
871.71113	-0.00490
869.78257	-0.00499
867.85400	-0.00511
865.92544	-0.00523
863.99687	-0.00532
862.06831	-0.00538
860.13975	-0.00545
858.21118	-0.00544
856.28262	-0.00525
854.35405	-0.00501
852.42549	-0.00492
850.49692	-0.00496
848.56836	-0.00500
846.63979	-0.00496
844.71123	-0.00495
842.78267	-0.00506
840.85410	-0.00523
838.92554	-0.00529
836.99697	-0.00521
835.06841	-0.00511
833.13984	-0.00507
831.21128	-0.00502
829.28271	-0.00503
827.35415	-0.00513
825.42559	-0.00514
823.49702	-0.00498
821.56846	-0.00478
819.63989	-0.00462
817.71133	-0.00458
815.78276	-0.00467
813.85420	-0.00482
811.92563	-0.00487
809.99707	-0.00475
808.06851	-0.00465
806.13994	-0.00470
804.21138	-0.00474
802.28281	-0.00460
800.35425	-0.00443
798.42568	-0.00454
796.49712	-0.00480
794.56855	-0.00483
792.63999	-0.00461
790.71143	-0.00447
788.78286	-0.00451
786.85430	-0.00457
784.92573	-0.00448
782.99717	-0.00434
781.06860	-0.00428
779.14004	-0.00426
777.21147	-0.00424
775.28291	-0.00422
773.35435	-0.00419
771.42578	-0.00418
769.49722	-0.00415
767.56865	-0.00404
765.64009	-0.00393
763.71152	-0.00390
761.78296	-0.00383
759.85439	-0.00370
757.92583	-0.00362
755.99727	-0.00353
754.06870	-0.00332
752.14014	-0.00297
750.21157	-0.00246
748.28301	-0.00181
746.35444	-0.00099
744.42588	0.00021
742.49731	0.00214
740.56875	0.00562
738.64019	0.01263
736.71162	0.02666
734.78306	0.05062
732.85449	0.07920
730.92593	0.09503
728.99736	0.08755
727.06880	0.07047
725.14023	0.06368
723.21167	0.07777
721.28311	0.11240
719.35454	0.14949
717.42598	0.16158
715.49741	0.14074
713.56885	0.10309
711.64028	0.06786
709.71172	0.04374
707.78315	0.02958
705.85459	0.02123
703.92603	0.01587
701.99746	0.01221
700.06890	0.00972
698.14033	0.00800
696.21177	0.00667
694.28320	0.00537
692.35464	0.00394
690.42607	0.00271
688.49751	0.00199
686.56895	0.00154
684.64038	0.00091
682.71182	0.00002
680.78325	-0.00055
678.85469	-0.00042
676.92612	-0.00038
674.99756	-0.00100
673.06899	-0.00172
671.14043	-0.00081
669.21187	0.00155
667.28330	-0.00029
665.35474	-0.00123
663.42617	-0.00209
661.49761	-0.00249
659.56904	-0.00255
657.64048	-0.00223
655.71191	-0.00200
653.78335	-0.00234
651.85479	-0.00262
649.92622	-0.00221
647.99766	-0.00163
646.06909	-0.00134
644.14053	-0.00086
642.21196	0.00017
640.28340	0.00160
638.35483	0.00331
636.42627	0.00506
634.49771	0.00634
632.56914	0.00681
630.64058	0.00642
628.71201	0.00523
626.78345	0.00389
624.85488	0.00291
622.92632	0.00208
620.99775	0.00198
619.06919	0.00300
617.14062	0.00405
615.21206	0.00462
613.28350	0.00496
611.35493	0.00484
609.42637	0.00473
607.49780	0.00519
605.56924	0.00559
603.64067	0.00564
601.71211	0.00612
599.78354	0.00745
