3997.91411	0.00976
3995.98555	0.00982
3994.05698	0.00975
3992.12842	0.00968
3990.19985	0.00971
3988.27129	0.00977
3986.34272	0.00985
3984.41416	0.00993
3982.48560	0.00999
3980.55703	0.01003
3978.62847	0.01003
3976.69990	0.01000
3974.77134	0.00989
3972.84277	0.00982
3970.91421	0.00987
3968.98564	0.00992
3967.05708	0.00987
3965.12852	0.00987
3963.19995	0.01001
3961.27139	0.01000
3959.34282	0.00981
3957.41426	0.00969
3955.48569	0.00965
3953.55713	0.00968
3951.62856	0.00987
3949.70000	0.01014
3947.77144	0.01013
3945.84287	0.00998
3943.91431	0.01007
3941.98574	0.01007
3940.05718	0.00984
3938.12861	0.00973
3936.20005	0.00970
3934.27148	0.00986
3932.34292	0.01004
3930.41436	0.00991
3928.48579	0.00971
3926.55723	0.00981
3924.62866	0.00986
3922.70010	0.00966
3920.77153	0.00980
3918.84297	0.01029
3916.91440	0.01043
3914.98584	0.01005
3913.05728	0.00979
3911.12871	0.00979
3909.20015	0.00972
3907.27158	0.00981
3905.34302	0.01017
3903.41445	0.01030
3901.48589	0.01023
3899.55732	0.01021
3897.62876	0.00984
3895.70020	0.00946
3893.77163	0.00975
3891.84307	0.01016
3889.91450	0.00979
3887.98594	0.00966
3886.05737	0.01010
3884.12881	0.00994
3882.20024	0.00996
3880.27168	0.01016
3878.34312	0.00957
3876.41455	0.00930
3874.48599	0.00958
3872.55742	0.00985
3870.62886	0.01028
3868.70029	0.01000
3866.77173	0.00960
3864.84316	0.00995
3862.91460	0.01001
3860.98604	0.00950
3859.05747	0.00888
3857.12891	0.00899
3855.20034	0.01043
3853.27178	0.01129
3851.34321	0.01005
3849.41465	0.00900
3847.48608	0.00901
3845.55752	0.00939
3843.62896	0.00952
3841.70039	0.00940
3839.77183	0.00961
3837.84326	0.00972
3835.91470	0.00928
3833.98613	0.00915
3832.05757	0.00943
3830.12900	0.00945
3828.20044	0.00938
3826.27187	0.00919
3824.34331	0.00906
3822.41475	0.00969
3820.48618	0.00976
3818.55762	0.00937
3816.62905	0.00992
3814.70049	0.00988
3812.77192	0.00910
3810.84336	0.00889
3808.91479	0.00939
3806.98623	0.00958
3805.05767	0.00896
3803.12910	0.00920
3801.20054	0.00973
3799.27197	0.00924
3797.34341	0.00917
3795.41484	0.00932
3793.48628	0.00919
3791.55771	0.00925
3789.62915	0.00936
3787.70059	0.00938
3785.77202	0.00935
3783.84346	0.00921
3781.91489	0.00933
3779.98633	0.00976
3778.05776	0.00964
3776.12920	0.00912
3774.20063	0.00885
3772.27207	0.00915
3770.34351	0.00971
3768.41494	0.00980
3766.48638	0.00968
3764.55781	0.00944
3762.62925	0.00927
3760.70068	0.00966
3758.77212	0.00979
3756.84355	0.00919
3754.91499	0.00881
3752.98643	0.00939
3751.05786	0.00982
3749.12930	0.00900
3747.20073	0.00874
3745.27217	0.01018
3743.34360	0.01025
3741.41504	0.00888
3739.48647	0.00867
3737.55791	0.00969
3735.62935	0.01054
3733.70078	0.01035
3731.77222	0.00962
3729.84365	0.00907
3727.91509	0.00938
3725.98652	0.00996
3724.05796	0.01010
3722.12939	0.00998
3720.20083	0.00972
3718.27227	0.00935
3716.34370	0.00902
3714.41514	0.00922
3712.48657	0.00982
3710.55801	0.00988
3708.62944	0.00942
3706.70088	0.00916
3704.77231	0.00942
3702.84375	0.01000
3700.91519	0.01017
3698.98662	0.00993
3697.05806	0.00984
3695.12949	0.00970
3693.20093	0.00960
3691.27236	0.00998
3689.34380	0.01038
3687.41523	0.00995
3685.48667	0.00932
3683.55811	0.00936
3681.62954	0.00948
3679.70098	0.00927
3677.77241	0.00946
3675.84385	0.00987
3673.91528	0.00912
3671.98672	0.00897
3670.05815	0.00986
3668.12959	0.00972
3666.20103	0.00926
3664.27246	0.00939
3662.34390	0.00950
3660.41533	0.00943
3658.48677	0.00971
3656.55820	0.00992
3654.62964	0.00926
3652.70107	0.00920
3650.77251	0.01049
3648.84395	0.01124
3646.91538	0.01066
3644.98682	0.00992
3643.05825	0.00986
3641.12969	0.01013
3639.20112	0.01033
3637.27256	0.01050
3635.34399	0.01063
3633.41543	0.01051
3631.48687	0.01086
3629.55830	0.01187
3627.62974	0.01158
3625.70117	0.01043
3623.77261	0.01024
3621.84404	0.01099
3619.91548	0.01174
3617.98691	0.01164
3616.05835	0.01136
3614.12979	0.01165
3612.20122	0.01187
3610.27266	0.01193
3608.34409	0.01211
3606.41553	0.01192
3604.48696	0.01165
3602.55840	0.01181
3600.62983	0.01206
3598.70127	0.01208
3596.77271	0.01213
3594.84414	0.01221
3592.91558	0.01205
3590.98701	0.01214
3589.05845	0.01286
3587.12988	0.01323
3585.20132	0.01266
3583.27275	0.01219
3581.34419	0.01233
3579.41562	0.01259
3577.48706	0.01276
3575.55850	0.01289
3573.62993	0.01292
3571.70137	0.01301
3569.77280	0.01359
3567.84424	0.01435
3565.91567	0.01435
3563.98711	0.01392
3562.05854	0.01394
3560.12998	0.01421
3558.20142	0.01425
3556.27285	0.01424
3554.34429	0.01455
3552.41572	0.01487
3550.48716	0.01487
3548.55859	0.01507
3546.63003	0.01550
3544.70146	0.01552
3542.77290	0.01525
3540.84434	0.01521
3538.91577	0.01544
3536.98721	0.01563
3535.05864	0.01551
3533.13008	0.01540
3531.20151	0.01568
3529.27295	0.01612
3527.34438	0.01631
3525.41582	0.01628
3523.48726	0.01622
3521.55869	0.01629
3519.63013	0.01664
3517.70156	0.01702
3515.77300	0.01714
3513.84443	0.01715
3511.91587	0.01719
3509.98730	0.01717
3508.05874	0.01705
3506.13018	0.01721
3504.20161	0.01772
3502.27305	0.01801
3500.34448	0.01796
3498.41592	0.01792
3496.48735	0.01792
3494.55879	0.01786
3492.63022	0.01783
3490.70166	0.01798
3488.77310	0.01817
3486.84453	0.01819
3484.91597	0.01830
3482.98740	0.01867
3481.05884	0.01889
3479.13027	0.01877
3477.20171	0.01865
3475.27314	0.01876
3473.34458	0.01906
3471.41602	0.01945
3469.48745	0.01971
3467.55889	0.01967
3465.63032	0.01942
3463.70176	0.01929
3461.77319	0.01941
3459.84463	0.01958
3457.91606	0.01964
3455.98750	0.01963
3454.05894	0.01964
3452.13037	0.01955
3450.20181	0.01944
3448.27324	0.01964
3446.34468	0.01993
3444.41611	0.01996
3442.48755	0.01994
3440.55898	0.02007
3438.63042	0.02026
3436.70186	0.02036
3434.77329	0.02037
3432.84473	0.02030
3430.91616	0.02014
3428.98760	0.02003
3427.05903	0.02009
3425.13047	0.02018
3423.20190	0.02016
3421.27334	0.02005
3419.34478	0.02000
3417.41621	0.02020
3415.48765	0.02050
3413.55908	0.02060
3411.63052	0.02067
3409.70195	0.02079
3407.77339	0.02087
3405.84482	0.02084
3403.91626	0.02069
3401.98770	0.02052
3400.05913	0.02054
3398.13057	0.02057
3396.20200	0.02044
3394.27344	0.02035
3392.34487	0.02039
3390.41631	0.02042
3388.48774	0.02043
3386.55918	0.02045
3384.63062	0.02051
3382.70205	0.02063
3380.77349	0.02075
3378.84492	0.02069
3376.91636	0.02049
3374.98779	0.02048
3373.05923	0.02074
3371.13066	0.02097
3369.20210	0.02095
3367.27354	0.02085
3365.34497	0.02089
3363.41641	0.02098
3361.48784	0.02104
3359.55928	0.02109
3357.63071	0.02127
3355.70215	0.02150
3353.77358	0.02151
3351.84502	0.02131
3349.91646	0.02111
3347.98789	0.02104
3346.05933	0.02105
3344.13076	0.02105
3342.20220	0.02096
3340.27363	0.02082
3338.34507	0.02084
3336.41650	0.02106
3334.48794	0.02127
3332.55937	0.02138
3330.63081	0.02146
3328.70225	0.02142
3326.77368	0.02124
3324.84512	0.02110
3322.91655	0.02112
3320.98799	0.02114
3319.05942	0.02111
3317.13086	0.02123
3315.20229	0.02145
3313.27373	0.02151
3311.34517	0.02137
3309.41660	0.02114
3307.48804	0.02081
3305.55947	0.02055
3303.63091	0.02046
3301.70234	0.02054
3299.77378	0.02073
3297.84521	0.02092
3295.91665	0.02098
3293.98809	0.02088
3292.05952	0.02076
3290.13096	0.02076
3288.20239	0.02076
3286.27383	0.02061
3284.34526	0.02043
3282.41670	0.02041
3280.48813	0.02046
3278.55957	0.02036
3276.63101	0.02013
3274.70244	0.02005
3272.77388	0.02016
3270.84531	0.02025
3268.91675	0.02025
3266.98818	0.02016
3265.05962	0.02004
3263.13105	0.01992
3261.20249	0.01977
3259.27393	0.01959
3257.34536	0.01948
3255.41680	0.01947
3253.48823	0.01945
3251.55967	0.01941
3249.63110	0.01934
3247.70254	0.01918
3245.77397	0.01898
3243.84541	0.01879
3241.91685	0.01868
3239.98828	0.01876
3238.05972	0.01885
3236.13115	0.01874
3234.20259	0.01859
3232.27402	0.01864
3230.34546	0.01886
3228.41689	0.01900
3226.48833	0.01890
3224.55977	0.01871
3222.63120	0.01864
3220.70264	0.01863
3218.77407	0.01855
3216.84551	0.01846
3214.91694	0.01840
3212.98838	0.01822
3211.05981	0.01796
3209.13125	0.01782
3207.20269	0.01780
3205.27412	0.01777
3203.34556	0.01770
3201.41699	0.01761
3199.48843	0.01755
3197.55986	0.01753
3195.63130	0.01752
3193.70273	0.01750
3191.77417	0.01747
3189.84561	0.01736
3187.91704	0.01718
3185.98848	0.01703
3184.05991	0.01696
3182.13135	0.01690
3180.20278	0.01686
3178.27422	0.01682
3176.34565	0.01669
3174.41709	0.01649
3172.48853	0.01630
3170.55996	0.01619
3168.63140	0.01615
3166.70283	0.01608
3164.77427	0.01600
3162.84570	0.01592
3160.91714	0.01575
3158.98857	0.01554
3157.06001	0.01548
3155.13145	0.01558
3153.20288	0.01564
3151.27432	0.01560
3149.34575	0.01552
3147.41719	0.01543
3145.48862	0.01535
3143.56006	0.01531
3141.63149	0.01533
3139.70293	0.01538
3137.77437	0.01537
3135.84580	0.01524
3133.91724	0.01510
3131.98867	0.01503
3130.06011	0.01500
3128.13154	0.01495
3126.20298	0.01487
3124.27441	0.01477
3122.34585	0.01464
3120.41729	0.01451
3118.48872	0.01439
3116.56016	0.01423
3114.63159	0.01405
3112.70303	0.01387
3110.77446	0.01365
3108.84590	0.01345
3106.91733	0.01339
3104.98877	0.01345
3103.06021	0.01356
3101.13164	0.01364
3099.20308	0.01362
3097.27451	0.01351
3095.34595	0.01340
3093.41738	0.01328
3091.48882	0.01309
3089.56025	0.01285
3087.63169	0.01268
3085.70312	0.01269
3083.77456	0.01282
3081.84600	0.01289
3079.91743	0.01283
3077.98887	0.01271
3076.06030	0.01260
3074.13174	0.01254
3072.20317	0.01249
3070.27461	0.01237
3068.34604	0.01222
3066.41748	0.01210
3064.48892	0.01204
3062.56035	0.01198
3060.63179	0.01191
3058.70322	0.01182
3056.77466	0.01167
3054.84609	0.01148
3052.91753	0.01138
3050.98896	0.01136
3049.06040	0.01131
3047.13184	0.01117
3045.20327	0.01098
3043.27471	0.01077
3041.34614	0.01057
3039.41758	0.01041
3037.48901	0.01029
3035.56045	0.01019
3033.63188	0.01007
3031.70332	0.00993
3029.77476	0.00982
3027.84619	0.00982
3025.91763	0.00995
3023.98906	0.01001
3022.06050	0.00986
3020.13193	0.00965
3018.20337	0.00963
3016.27480	0.00977
3014.34624	0.00990
3012.41768	0.00995
3010.48911	0.00992
3008.56055	0.00986
3006.63198	0.00985
3004.70342	0.00994
3002.77485	0.01017
3000.84629	0.01045
2998.91772	0.01070
2996.98916	0.01096
2995.06060	0.01134
2993.13203	0.01188
2991.20347	0.01258
2989.27490	0.01336
2987.34634	0.01422
2985.41777	0.01529
2983.48921	0.01662
2981.56064	0.01826
2979.63208	0.02030
2977.70352	0.02291
2975.77495	0.02627
2973.84639	0.03061
2971.91782	0.03619
2969.98926	0.04333
2968.06069	0.05219
2966.13213	0.06262
2964.20356	0.07412
2962.27500	0.08534
2960.34644	0.09410
2958.41787	0.09926
2956.48931	0.10218
2954.56074	0.10545
2952.63218	0.11004
2950.70361	0.11394
2948.77505	0.11366
2946.84648	0.10727
2944.91792	0.09629
2942.98936	0.08442
2941.06079	0.07492
2939.13223	0.06925
2937.20366	0.06761
2935.27510	0.06964
2933.34653	0.07474
2931.41797	0.08217
2929.48940	0.09096
2927.56084	0.10001
2925.63228	0.10851
2923.70371	0.11636
2921.77515	0.12392
2919.84658	0.13077
2917.91802	0.13504
2915.98945	0.13479
2914.06089	0.13010
2912.13232	0.12347
2910.20376	0.11765
2908.27520	0.11340
2906.34663	0.10959
2904.41807	0.10513
2902.48950	0.09990
2900.56094	0.09427
2898.63237	0.08862
2896.70381	0.08348
2894.77524	0.07938
2892.84668	0.07657
2890.91812	0.07496
2888.98955	0.07435
2887.06099	0.07454
2885.13242	0.07534
2883.20386	0.07666
2881.27529	0.07859
2879.34673	0.08093
2877.41816	0.08280
2875.48960	0.08330
2873.56104	0.08276
2871.63247	0.08251
2869.70391	0.08340
2867.77534	0.08483
2865.84678	0.08486
2863.91821	0.08153
2861.98965	0.07487
2860.06108	0.06707
2858.13252	0.06042
2856.20396	0.05579
2854.27539	0.05304
2852.34683	0.05190
2850.41826	0.05215
2848.48970	0.05384
2846.56113	0.05753
2844.63257	0.06368
2842.70400	0.07179
2840.77544	0.08016
2838.84687	0.08640
2836.91831	0.08819
2834.98975	0.08455
2833.06118	0.07703
2831.13262	0.06858
2829.20405	0.06130
2827.27549	0.05569
2825.34692	0.05146
2823.41836	0.04822
2821.48979	0.04573
2819.56123	0.04381
2817.63267	0.04226
2815.70410	0.04098
2813.77554	0.03988
2811.84697	0.03895
2809.91841	0.03812
2807.98984	0.03727
2806.06128	0.03637
2804.13271	0.03545
2802.20415	0.03452
2800.27559	0.03369
2798.34702	0.03310
2796.41846	0.03265
2794.48989	0.03211
2792.56133	0.03148
2790.63276	0.03088
2788.70420	0.03032
2786.77563	0.02976
2784.84707	0.02920
2782.91851	0.02869
2780.98994	0.02818
2779.06138	0.02773
2777.13281	0.02742
2775.20425	0.02714
2773.27568	0.02678
2771.34712	0.02643
2769.41855	0.02619
2767.48999	0.02602
2765.56143	0.02581
2763.63286	0.02559
2761.70430	0.02537
2759.77573	0.02515
2757.84717	0.02499
2755.91860	0.02490
2753.99004	0.02485
2752.06147	0.02480
2750.13291	0.02473
2748.20435	0.02465
2746.27578	0.02460
2744.34722	0.02454
2742.41865	0.02443
2740.49009	0.02432
2738.56152	0.02426
2736.63296	0.02435
2734.70439	0.02454
2732.77583	0.02466
2730.84727	0.02476
2728.91870	0.02495
2726.99014	0.02526
2725.06157	0.02562
2723.13301	0.02587
2721.20444	0.02591
2719.27588	0.02567
2717.34731	0.02522
2715.41875	0.02478
2713.49019	0.02446
2711.56162	0.02418
2709.63306	0.02390
2707.70449	0.02367
2705.77593	0.02344
2703.84736	0.02318
2701.91880	0.02290
2699.99023	0.02266
2698.06167	0.02252
2696.13311	0.02247
2694.20454	0.02243
2692.27598	0.02235
2690.34741	0.02228
2688.41885	0.02223
2686.49028	0.02221
2684.56172	0.02216
2682.63315	0.02210
2680.70459	0.02207
2678.77603	0.02210
2676.84746	0.02213
2674.91890	0.02209
2672.99033	0.02197
2671.06177	0.02185
2669.13320	0.02176
2667.20464	0.02170
2665.27607	0.02169
2663.34751	0.02176
2661.41895	0.02184
2659.49038	0.02181
2657.56182	0.02166
2655.63325	0.02147
2653.70469	0.02129
2651.77612	0.02118
2649.84756	0.02109
2647.91899	0.02095
2645.99043	0.02078
2644.06187	0.02068
2642.13330	0.02059
2640.20474	0.02047
2638.27617	0.02041
2636.34761	0.02040
2634.41904	0.02030
2632.49048	0.02012
2630.56191	0.02002
2628.63335	0.02005
2626.70479	0.02006
2624.77622	0.01999
2622.84766	0.01990
2620.91909	0.01985
2618.99053	0.01983
2617.06196	0.01979
2615.13340	0.01974
2613.20483	0.01972
2611.27627	0.01970
2609.34771	0.01959
2607.41914	0.01945
2605.49058	0.01927
2603.56201	0.01904
2601.63345	0.01882
2599.70488	0.01868
2597.77632	0.01863
2595.84775	0.01862
2593.91919	0.01864
2591.99062	0.01866
2590.06206	0.01865
2588.13350	0.01867
2586.20493	0.01878
2584.27637	0.01891
2582.34780	0.01902
2580.41924	0.01908
2578.49067	0.01904
2576.56211	0.01885
2574.63354	0.01857
2572.70498	0.01838
2570.77642	0.01831
2568.84785	0.01827
2566.91929	0.01818
2564.99072	0.01801
2563.06216	0.01785
2561.13359	0.01786
2559.20503	0.01796
2557.27646	0.01790
2555.34790	0.01774
2553.41934	0.01771
2551.49077	0.01772
2549.56221	0.01751
2547.63364	0.01722
2545.70508	0.01712
2543.77651	0.01721
2541.84795	0.01729
2539.91938	0.01732
2537.99082	0.01727
2536.06226	0.01711
2534.13369	0.01692
2532.20513	0.01684
2530.27656	0.01682
2528.34800	0.01681
2526.41943	0.01683
2524.49087	0.01684
2522.56230	0.01675
2520.63374	0.01661
2518.70518	0.01644
2516.77661	0.01626
2514.84805	0.01616
2512.91948	0.01621
2510.99092	0.01633
2509.06235	0.01640
2507.13379	0.01636
2505.20522	0.01622
2503.27666	0.01601
2501.34810	0.01589
2499.41953	0.01597
2497.49097	0.01608
2495.56240	0.01605
2493.63384	0.01599
2491.70527	0.01600
2489.77671	0.01604
2487.84814	0.01605
2485.91958	0.01598
2483.99102	0.01590
2482.06245	0.01591
2480.13389	0.01594
2478.20532	0.01589
2476.27676	0.01579
2474.34819	0.01572
2472.41963	0.01567
2470.49106	0.01564
2468.56250	0.01561
2466.63394	0.01558
2464.70537	0.01559
2462.77681	0.01561
2460.84824	0.01557
2458.91968	0.01550
2456.99111	0.01547
2455.06255	0.01552
2453.13398	0.01562
2451.20542	0.01563
2449.27686	0.01558
2447.34829	0.01558
2445.41973	0.01563
2443.49116	0.01561
2441.56260	0.01552
2439.63403	0.01545
2437.70547	0.01543
2435.77690	0.01543
2433.84834	0.01547
2431.91978	0.01555
2429.99121	0.01557
2428.06265	0.01551
2426.13408	0.01539
2424.20552	0.01527
2422.27695	0.01522
2420.34839	0.01523
2418.41982	0.01526
2416.49126	0.01525
2414.56270	0.01520
2412.63413	0.01519
2410.70557	0.01526
2408.77700	0.01534
2406.84844	0.01530
2404.91987	0.01518
2402.99131	0.01513
2401.06274	0.01512
2399.13418	0.01392
2397.20562	0.01375
2395.27705	0.01422
2393.34849	0.01473
2391.41992	0.01529
2389.49136	0.01593
2387.56279	0.01663
2385.63423	0.01735
2383.70566	0.01803
2381.77710	0.01857
2379.84854	0.01879
2377.91997	0.01853
2375.99141	0.01800
2374.06284	0.01742
2372.13428	0.01688
2370.20571	0.01650
2368.27715	0.01639
2366.34858	0.01654
2364.42002	0.01680
2362.49146	0.01699
2360.56289	0.01715
2358.63433	0.01731
2356.70576	0.01768
2354.77720	0.01862
2352.84863	0.02072
2350.92007	0.02310
2348.99150	0.02417
2347.06294	0.02233
2345.13437	0.01992
2343.20581	0.01871
2341.27725	0.01844
2339.34868	0.01848
2337.42012	0.01863
2335.49155	0.01867
2333.56299	0.01886
2331.63442	0.01946
2329.70586	0.02039
2327.77729	0.02158
2325.84873	0.02204
2323.92017	0.02132
2321.99160	0.02009
2320.06304	0.01913
2318.13447	0.01867
2316.20591	0.01846
2314.27734	0.01832
2312.34878	0.01828
2310.42021	0.01815
2308.49165	0.01792
2306.56309	0.01759
2304.63452	0.01732
2302.70596	0.01706
2300.77739	0.01677
2298.84883	0.01657
2296.92026	0.01647
2294.99170	0.01638
2293.06313	0.01626
2291.13457	0.01607
2289.20601	0.01578
2287.27744	0.01531
2285.34888	0.01465
2283.42031	0.01414
2281.49175	0.01393
2279.56318	0.01381
2277.63462	0.01367
2275.70605	0.01362
2273.77749	0.01365
2271.84893	0.01370
2269.92036	0.01372
2267.99180	0.01368
2266.06323	0.01373
2264.13467	0.01402
2262.20610	0.01439
2260.27754	0.01462
2258.34897	0.01466
2256.42041	0.01453
2254.49185	0.01444
2252.56328	0.01462
2250.63472	0.01473
2248.70615	0.01387
2246.77759	0.01378
2244.84902	0.01377
2242.92046	0.01370
2240.99189	0.01360
2239.06333	0.01374
2237.13477	0.01406
2235.20620	0.01412
2233.27764	0.01385
2231.34907	0.01359
2229.42051	0.01360
2227.49194	0.01374
2225.56338	0.01376
2223.63481	0.01361
2221.70625	0.01345
2219.77769	0.01336
2217.84912	0.01323
2215.92056	0.01309
2213.99199	0.01312
2212.06343	0.01329
2210.13486	0.01341
2208.20630	0.01347
2206.27773	0.01350
2204.34917	0.01340
2202.42061	0.01311
2200.49204	0.01295
2198.56348	0.01332
2196.63491	0.01383
2194.70635	0.01385
2192.77778	0.01369
2190.84922	0.01396
2188.92065	0.01438
2186.99209	0.01437
2185.06353	0.01390
2183.13496	0.01340
2181.20640	0.01311
2179.27783	0.01283
2177.34927	0.01240
2175.42070	0.01210
2173.49214	0.01233
2171.56357	0.01287
2169.63501	0.01334
2167.70645	0.01371
2165.77788	0.01392
2163.84932	0.01397
2161.92075	0.01382
2159.99219	0.01311
2158.06362	0.01206
2156.13506	0.01142
2154.20649	0.01124
2152.27793	0.01136
2150.34937	0.01167
2148.42080	0.01183
2146.49224	0.01179
2144.56367	0.01197
2142.63511	0.01233
2140.70654	0.01240
2138.77798	0.01219
2136.84941	0.01202
2134.92085	0.01198
2132.99229	0.01198
2131.06372	0.01201
2129.13516	0.01203
2127.20659	0.01204
2125.27803	0.01216
2123.34946	0.01242
2121.42090	0.01257
2119.49233	0.01261
2117.56377	0.01277
2115.63521	0.01304
2113.70664	0.01319
2111.77808	0.01314
2109.84951	0.01307
2107.92095	0.01308
2105.99238	0.01301
2104.06382	0.01291
2102.13525	0.01297
2100.20669	0.01300
2098.27812	0.01286
2096.34956	0.01268
2094.42100	0.01265
2092.49243	0.01273
2090.56387	0.01277
2088.63530	0.01275
2086.70674	0.01274
2084.77817	0.01270
2082.84961	0.01262
2080.92104	0.01251
2078.99248	0.01244
2077.06392	0.01246
2075.13535	0.01254
2073.20679	0.01269
2071.27822	0.01292
2069.34966	0.01300
2067.42109	0.01285
2065.49253	0.01264
2063.56396	0.01244
2061.63540	0.01233
2059.70684	0.01240
2057.77827	0.01270
2055.84971	0.01312
2053.92114	0.01349
2051.99258	0.01382
2050.06401	0.01391
2048.13545	0.01340
2046.20688	0.01266
2044.27832	0.01241
2042.34976	0.01249
2040.42119	0.01224
2038.49263	0.01179
2036.56406	0.01172
2034.63550	0.01201
2032.70693	0.01227
2030.77837	0.01236
2028.84980	0.01231
2026.92124	0.01219
2024.99268	0.01205
2023.06411	0.01183
2021.13555	0.01150
2019.20698	0.01130
2017.27842	0.01141
2015.34985	0.01164
2013.42129	0.01191
2011.49272	0.01213
2009.56416	0.01207
2007.63560	0.01182
2005.70703	0.01171
2003.77847	0.01177
2001.84990	0.01173
1999.92134	0.01153
1997.99277	0.01140
1996.06421	0.01152
1994.13564	0.01199
1992.20708	0.01253
1990.27852	0.01271
1988.34995	0.01262
1986.42139	0.01244
1984.49282	0.01227
1982.56426	0.01226
1980.63569	0.01232
1978.70713	0.01209
1976.77856	0.01158
1974.85000	0.01127
1972.92144	0.01121
1970.99287	0.01113
1969.06431	0.01132
1967.13574	0.01180
1965.20718	0.01207
1963.27861	0.01203
1961.35005	0.01165
1959.42148	0.01118
1957.49292	0.01115
1955.56436	0.01138
1953.63579	0.01127
1951.70723	0.01096
1949.77866	0.01093
1947.85010	0.01115
1945.92153	0.01135
1943.99297	0.01167
1942.06440	0.01183
1940.13584	0.01162
1938.20728	0.01161
1936.27871	0.01169
1934.35015	0.01147
1932.42158	0.01123
1930.49302	0.01128
1928.56445	0.01148
1926.63589	0.01147
1924.70732	0.01147
1922.77876	0.01157
1920.85020	0.01171
1918.92163	0.01211
1916.99307	0.01215
1915.06450	0.01176
1913.13594	0.01171
1911.20737	0.01192
1909.27881	0.01200
1907.35024	0.01186
1905.42168	0.01184
1903.49312	0.01200
1901.56455	0.01210
1899.63599	0.01205
1897.70742	0.01204
1895.77886	0.01214
1893.85029	0.01216
1891.92173	0.01230
1889.99316	0.01260
1888.06460	0.01245
1886.13604	0.01211
1884.20747	0.01193
1882.27891	0.01186
1880.35034	0.01203
1878.42178	0.01232
1876.49321	0.01241
1874.56465	0.01217
1872.63608	0.01193
1870.70752	0.01223
1868.77896	0.01260
1866.85039	0.01227
1864.92183	0.01188
1862.99326	0.01193
1861.06470	0.01211
1859.13613	0.01226
1857.20757	0.01233
1855.27900	0.01229
1853.35044	0.01222
1851.42187	0.01221
1849.49331	0.01221
1847.56475	0.01225
1845.63618	0.01266
1843.70762	0.01282
1841.77905	0.01225
1839.85049	0.01208
1837.92192	0.01239
1835.99336	0.01246
1834.06479	0.01231
1832.13623	0.01248
1830.20767	0.01279
1828.27910	0.01265
1826.35054	0.01272
1824.42197	0.01291
1822.49341	0.01270
1820.56484	0.01254
1818.63628	0.01261
1816.70771	0.01263
1814.77915	0.01260
1812.85059	0.01274
1810.92202	0.01292
1808.99346	0.01290
1807.06489	0.01284
1805.13633	0.01296
1803.20776	0.01335
1801.27920	0.01378
1799.35063	0.01378
1797.42207	0.01354
1795.49351	0.01372
1793.56494	0.01459
1791.63638	0.01522
1789.70781	0.01514
1787.77925	0.01540
1785.85068	0.01622
1783.92212	0.01692
1781.99355	0.01752
1780.06499	0.01809
1778.13643	0.01835
1776.20786	0.01863
1774.27930	0.01946
1772.35073	0.02025
1770.42217	0.02028
1768.49360	0.02017
1766.56504	0.02010
1764.63647	0.02029
1762.70791	0.02101
1760.77935	0.02131
1758.85078	0.02133
1756.92222	0.02150
1754.99365	0.02136
1753.06509	0.02166
1751.13652	0.02241
1749.20796	0.02252
1747.27939	0.02222
1745.35083	0.02224
1743.42227	0.02263
1741.49370	0.02318
1739.56514	0.02330
1737.63657	0.02303
1735.70801	0.02403
1733.77944	0.02537
1731.85088	0.02518
1729.92231	0.02501
1727.99375	0.02536
1726.06519	0.02591
1724.13662	0.02652
1722.20806	0.02688
1720.27949	0.02771
1718.35093	0.02927
1716.42236	0.03007
1714.49380	0.03000
1712.56523	0.03000
1710.63667	0.03025
1708.70811	0.03066
1706.77954	0.03100
1704.85098	0.03061
1702.92241	0.03031
1700.99385	0.03090
1699.06528	0.03045
1697.13672	0.02997
1695.20815	0.02991
1693.27959	0.02911
1691.35103	0.02885
1689.42246	0.02882
1687.49390	0.02876
1685.56533	0.02984
1683.63677	0.03048
1681.70820	0.02952
1679.77964	0.02894
1677.85107	0.02939
1675.92251	0.03013
1673.99395	0.02997
1672.06538	0.02994
1670.13682	0.03092
1668.20825	0.03117
1666.27969	0.03081
1664.35112	0.03141
1662.42256	0.03216
1660.49399	0.03182
1658.56543	0.03109
1656.63687	0.03117
1654.70830	0.03274
1652.77974	0.03306
1650.85117	0.03064
1648.92261	0.03000
1646.99404	0.03122
1645.06548	0.03127
1643.13691	0.03084
1641.20835	0.03101
1639.27979	0.03154
1637.35122	0.03273
1635.42266	0.03349
1633.49409	0.03254
1631.56553	0.03182
1629.63696	0.03205
1627.70840	0.03209
1625.77983	0.03188
1623.85127	0.03184
1621.92271	0.03111
1619.99414	0.03030
1618.06558	0.03068
1616.13701	0.03073
1614.20845	0.02977
1612.27988	0.02934
1610.35132	0.02952
1608.42275	0.02954
1606.49419	0.02935
1604.56562	0.02919
1602.63706	0.02910
1600.70850	0.02894
1598.77993	0.02880
1596.85137	0.02880
1594.92280	0.02884
1592.99424	0.02880
1591.06567	0.02877
1589.13711	0.02877
1587.20854	0.02871
1585.27998	0.02861
1583.35142	0.02846
1581.42285	0.02814
1579.49429	0.02800
1577.56572	0.02864
1575.63716	0.02878
1573.70859	0.02779
1571.78003	0.02779
1569.85146	0.02853
1567.92290	0.02821
1565.99434	0.02749
1564.06577	0.02691
1562.13721	0.02715
1560.20864	0.02892
1558.28008	0.02917
1556.35151	0.02732
1554.42295	0.02668
1552.49438	0.02691
1550.56582	0.02700
1548.63726	0.02660
1546.70869	0.02609
1544.78013	0.02590
1542.85156	0.02589
1540.92300	0.02614
1538.99443	0.02514
1537.06587	0.02338
1535.13730	0.02340
1533.20874	0.02394
1531.28018	0.02315
1529.35161	0.02254
1527.42305	0.02249
1525.49448	0.02209
1523.56592	0.02194
1521.63735	0.02213
1519.70879	0.02154
1517.78022	0.02110
1515.85166	0.02085
1513.92310	0.02019
1511.99453	0.01965
1510.06597	0.01981
1508.13740	0.02099
1506.20884	0.02098
1504.28027	0.01889
1502.35171	0.01782
1500.42314	0.01831
1498.49458	0.01907
1496.56602	0.01912
1494.63745	0.01836
1492.70889	0.01826
1490.78032	0.01930
1488.85176	0.01987
1486.92319	0.01967
1484.99463	0.01964
1483.06606	0.02030
1481.13750	0.02130
1479.20894	0.02244
1477.28037	0.02431
1475.35181	0.02756
1473.42324	0.03256
1471.49468	0.03825
1469.56611	0.04413
1467.63755	0.05190
1465.70898	0.06180
1463.78042	0.07070
1461.85186	0.07651
1459.92329	0.08108
1457.99473	0.08577
1456.06616	0.08873
1454.13760	0.08995
1452.20903	0.09120
1450.28047	0.09141
1448.35190	0.08806
1446.42334	0.08043
1444.49478	0.07112
1442.56621	0.06314
1440.63765	0.05793
1438.70908	0.05624
1436.78052	0.05625
1434.85195	0.05434
1432.92339	0.05047
1430.99482	0.04627
1429.06626	0.04240
1427.13770	0.03965
1425.20913	0.03821
1423.28057	0.03729
1421.35200	0.03704
1419.42344	0.03736
1417.49487	0.03682
1415.56631	0.03585
1413.63774	0.03545
1411.70918	0.03530
1409.78062	0.03499
1407.85205	0.03471
1405.92349	0.03458
1403.99492	0.03415
1402.06636	0.03361
1400.13779	0.03351
1398.20923	0.03333
1396.28066	0.03303
1394.35210	0.03275
1392.42354	0.03232
1390.49497	0.03264
1388.56641	0.03445
1386.63784	0.03758
1384.70928	0.04295
1382.78071	0.05311
1380.85215	0.07029
1378.92358	0.09336
1376.99502	0.11467
1375.06646	0.12261
1373.13789	0.11269
1371.20933	0.09364
1369.28076	0.07614
1367.35220	0.06414
1365.42363	0.05794
1363.49507	0.05650
1361.56650	0.05752
1359.63794	0.05873
1357.70937	0.05841
1355.78081	0.05570
1353.85225	0.05140
1351.92368	0.04720
1349.99512	0.04395
1348.06655	0.04152
1346.13799	0.03967
1344.20942	0.03828
1342.28086	0.03747
1340.35229	0.03718
1338.42373	0.03677
1336.49517	0.03620
1334.56660	0.03608
1332.63804	0.03653
1330.70947	0.03712
1328.78091	0.03740
1326.85234	0.03721
1324.92378	0.03669
1322.99521	0.03610
1321.06665	0.03574
1319.13809	0.03553
1317.20952	0.03520
1315.28096	0.03483
1313.35239	0.03457
1311.42383	0.03447
1309.49526	0.03495
1307.56670	0.03635
1305.63813	0.03812
1303.70957	0.03904
1301.78101	0.03868
1299.85244	0.03796
1297.92388	0.03768
1295.99531	0.03764
1294.06675	0.03737
1292.13818	0.03680
1290.20962	0.03617
1288.28105	0.03567
1286.35249	0.03534
1284.42393	0.03514
1282.49536	0.03505
1280.56680	0.03501
1278.63823	0.03502
1276.70967	0.03504
1274.78110	0.03508
1272.85254	0.03517
1270.92397	0.03537
1268.99541	0.03570
1267.06685	0.03613
1265.13828	0.03656
1263.20972	0.03704
1261.28115	0.03778
1259.35259	0.03899
1257.42402	0.04049
1255.49546	0.04152
1253.56689	0.04134
1251.63833	0.04029
1249.70977	0.03925
1247.78120	0.03863
1245.85264	0.03832
1243.92407	0.03810
1241.99551	0.03791
1240.06694	0.03782
1238.13838	0.03778
1236.20981	0.03767
1234.28125	0.03751
1232.35269	0.03739
1230.42412	0.03738
1228.49556	0.03748
1226.56699	0.03769
1224.63843	0.03808
1222.70986	0.03862
1220.78130	0.03907
1218.85273	0.03918
1216.92417	0.03900
1214.99561	0.03868
1213.06704	0.03828
1211.13848	0.03787
1209.20991	0.03754
1207.28135	0.03728
1205.35278	0.03711
1203.42422	0.03700
1201.49565	0.03693
1199.56709	0.03689
1197.63853	0.03681
1195.70996	0.03668
1193.78140	0.03659
1191.85283	0.03662
1189.92427	0.03671
1187.99570	0.03678
1186.06714	0.03688
1184.13857	0.03709
1182.21001	0.03747
1180.28145	0.03803
1178.35288	0.03885
1176.42432	0.04030
1174.49575	0.04300
1172.56719	0.04747
1170.63862	0.05337
1168.71006	0.05869
1166.78149	0.06091
1164.85293	0.05949
1162.92437	0.05623
1160.99580	0.05303
1159.06724	0.05066
1157.13867	0.04917
1155.21011	0.04836
1153.28154	0.04788
1151.35298	0.04720
1149.42441	0.04607
1147.49585	0.04475
1145.56729	0.04353
1143.63872	0.04253
1141.71016	0.04177
1139.78159	0.04125
1137.85303	0.04094
1135.92446	0.04071
1133.99590	0.04052
1132.06733	0.04036
1130.13877	0.04024
1128.21021	0.04013
1126.28164	0.04004
1124.35308	0.03997
1122.42451	0.03988
1120.49595	0.03981
1118.56738	0.03988
1116.63882	0.04010
1114.71025	0.04031
1112.78169	0.04047
1110.85312	0.04077
1108.92456	0.04138
1106.99600	0.04233
1105.06743	0.04352
1103.13887	0.04456
1101.21030	0.04493
1099.28174	0.04464
1097.35317	0.04412
1095.42461	0.04375
1093.49604	0.04356
1091.56748	0.04342
1089.63892	0.04335
1087.71035	0.04339
1085.78179	0.04345
1083.85322	0.04347
1081.92466	0.04344
1079.99609	0.04338
1078.06753	0.04335
1076.13896	0.04335
1074.21040	0.04337
1072.28184	0.04342
1070.35327	0.04347
1068.42471	0.04354
1066.49614	0.04362
1064.56758	0.04368
1062.63901	0.04370
1060.71045	0.04376
1058.78188	0.04391
1056.85332	0.04409
1054.92476	0.04426
1052.99619	0.04449
1051.06763	0.04489
1049.13906	0.04548
1047.21050	0.04618
1045.28193	0.04674
1043.35337	0.04684
1041.42480	0.04649
1039.49624	0.04599
1037.56768	0.04558
1035.63911	0.04520
1033.71055	0.04472
1031.78198	0.04411
1029.85342	0.04354
1027.92485	0.04312
1025.99629	0.04282
1024.06772	0.04252
1022.13916	0.04214
1020.21060	0.04172
1018.28203	0.04133
1016.35347	0.04097
1014.42490	0.04060
1012.49634	0.04032
1010.56777	0.04025
1008.63921	0.04042
1006.71064	0.04103
1004.78208	0.04274
1002.85352	0.04671
1000.92495	0.05373
998.99639	0.06157
997.06782	0.06501
995.13926	0.06165
993.21069	0.05491
991.28213	0.04895
989.35356	0.04505
987.42500	0.04277
985.49644	0.04153
983.56787	0.04106
981.63931	0.04145
979.71074	0.04325
977.78218	0.04721
975.85361	0.05372
973.92505	0.06093
971.99648	0.06424
970.06792	0.06100
968.13936	0.05418
966.21079	0.04819
964.28223	0.04438
962.35366	0.04213
960.42510	0.04073
958.49653	0.03978
956.56797	0.03914
954.63940	0.03872
952.71084	0.03847
950.78228	0.03839
948.85371	0.03846
946.92515	0.03869
944.99658	0.03916
943.06802	0.03991
941.13945	0.04062
939.21089	0.04068
937.28232	0.03988
935.35376	0.03873
933.42520	0.03777
931.49663	0.03714
929.56807	0.03670
927.63950	0.03632
925.71094	0.03598
923.78237	0.03579
921.85381	0.03568
919.92524	0.03558
917.99668	0.03551
916.06812	0.03550
914.13955	0.03554
912.21099	0.03564
910.28242	0.03580
908.35386	0.03610
906.42529	0.03682
904.49673	0.03841
902.56816	0.04107
900.63960	0.04386
898.71104	0.04498
896.78247	0.04356
894.85391	0.04079
892.92534	0.03833
890.99678	0.03682
889.06821	0.03604
887.13965	0.03558
885.21108	0.03513
883.28252	0.03467
881.35396	0.03438
879.42539	0.03432
877.49683	0.03433
875.56826	0.03426
873.63970	0.03414
871.71113	0.03407
869.78257	0.03405
867.85400	0.03402
865.92544	0.03402
863.99687	0.03402
862.06831	0.03399
860.13975	0.03394
858.21118	0.03383
856.28262	0.03376
854.35405	0.03392
852.42549	0.03431
850.49692	0.03488
848.56836	0.03596
846.63979	0.03865
844.71123	0.04493
842.78267	0.05491
840.85410	0.06248
838.92554	0.06066
836.99697	0.05237
835.06841	0.04535
833.13984	0.04182
831.21128	0.04011
829.28271	0.03906
827.35415	0.03835
825.42559	0.03797
823.49702	0.03784
821.56846	0.03790
819.63989	0.03820
817.71133	0.03885
815.78276	0.04009
813.85420	0.04242
811.92563	0.04575
809.99707	0.04867
808.06851	0.04937
806.13994	0.04747
804.21138	0.04450
802.28281	0.04214
800.35425	0.04083
798.42568	0.04012
796.49712	0.03956
794.56855	0.03913
792.63999	0.03898
790.71143	0.03895
788.78286	0.03889
786.85430	0.03889
784.92573	0.03910
782.99717	0.03946
781.06860	0.03976
779.14004	0.03979
777.21147	0.03955
775.28291	0.03926
773.35435	0.03922
771.42578	0.03949
769.49722	0.03982
767.56865	0.04008
765.64009	0.04040
763.71152	0.04073
761.78296	0.04089
759.85439	0.04094
757.92583	0.04108
755.99727	0.04126
754.06870	0.04140
752.14014	0.04152
750.21157	0.04169
748.28301	0.04199
746.35444	0.04241
744.42588	0.04281
742.49731	0.04314
740.56875	0.04345
738.64019	0.04380
736.71162	0.04418
734.78306	0.04456
732.85449	0.04495
730.92593	0.04537
728.99736	0.04581
727.06880	0.04616
725.14023	0.04649
723.21167	0.04742
721.28311	0.04822
719.35454	0.04876
717.42598	0.04883
715.49741	0.04868
713.56885	0.04878
711.64028	0.04899
709.71172	0.04911
707.78315	0.04924
705.85459	0.04955
703.92603	0.05008
701.99746	0.05064
700.06890	0.05100
698.14033	0.05115
696.21177	0.05125
694.28320	0.05144
692.35464	0.05171
690.42607	0.05194
688.49751	0.05203
686.56895	0.05216
684.64038	0.05258
682.71182	0.05317
680.78325	0.05368
678.85469	0.05401
676.92612	0.05431
674.99756	0.05483
673.06899	0.05516
671.14043	0.05341
669.21187	0.04966
667.28330	0.04961
665.35474	0.05165
663.42617	0.05409
661.49761	0.05484
659.56904	0.05482
657.64048	0.05468
655.71191	0.05460
653.78335	0.05480
651.85479	0.05523
649.92622	0.05552
647.99766	0.05547
646.06909	0.05536
644.14053	0.05550
642.21196	0.05580
640.28340	0.05607
638.35483	0.05624
636.42627	0.05622
634.49771	0.05585
632.56914	0.05554
630.64058	0.05581
628.71201	0.05658
626.78345	0.05716
624.85488	0.05719
622.92632	0.05687
620.99775	0.05706
619.06919	0.05834
617.14062	0.05954
615.21206	0.05954
613.28350	0.05925
611.35493	0.05958
609.42637	0.05993
607.49780	0.05976
605.56924	0.05952
603.64067	0.05900
601.71211	0.05792
599.78354	0.05805
