3997.91411	0.03129
3995.98555	0.03125
3994.05698	0.03116
3992.12842	0.03113
3990.19985	0.03119
3988.27129	0.03122
3986.34272	0.03112
3984.41416	0.03096
3982.48560	0.03083
3980.55703	0.03083
3978.62847	0.03094
3976.69990	0.03101
3974.77134	0.03098
3972.84277	0.03091
3970.91421	0.03085
3968.98564	0.03081
3967.05708	0.03089
3965.12852	0.03099
3963.19995	0.03100
3961.27139	0.03090
3959.34282	0.03078
3957.41426	0.03069
3955.48569	0.03075
3953.55713	0.03093
3951.62856	0.03108
3949.70000	0.03116
3947.77144	0.03115
3945.84287	0.03103
3943.91431	0.03091
3941.98574	0.03091
3940.05718	0.03092
3938.12861	0.03083
3936.20005	0.03076
3934.27148	0.03084
3932.34292	0.03094
3930.41436	0.03092
3928.48579	0.03082
3926.55723	0.03075
3924.62866	0.03077
3922.70010	0.03083
3920.77153	0.03092
3918.84297	0.03093
3916.91440	0.03080
3914.98584	0.03062
3913.05728	0.03056
3911.12871	0.03060
3909.20015	0.03068
3907.27158	0.03072
3905.34302	0.03069
3903.41445	0.03066
3901.48589	0.03073
3899.55732	0.03087
3897.62876	0.03098
3895.70020	0.03094
3893.77163	0.03085
3891.84307	0.03084
3889.91450	0.03090
3887.98594	0.03093
3886.05737	0.03086
3884.12881	0.03071
3882.20024	0.03061
3880.27168	0.03064
3878.34312	0.03072
3876.41455	0.03070
3874.48599	0.03057
3872.55742	0.03047
3870.62886	0.03045
3868.70029	0.03039
3866.77173	0.03024
3864.84316	0.03018
3862.91460	0.03038
3860.98604	0.03065
3859.05747	0.03069
3857.12891	0.03041
3855.20034	0.03003
3853.27178	0.02988
3851.34321	0.03010
3849.41465	0.03042
3847.48608	0.03059
3845.55752	0.03059
3843.62896	0.03053
3841.70039	0.03046
3839.77183	0.03033
3837.84326	0.03019
3835.91470	0.03015
3833.98613	0.03021
3832.05757	0.03027
3830.12900	0.03030
3828.20044	0.03026
3826.27187	0.03018
3824.34331	0.03016
3822.41475	0.03021
3820.48618	0.03027
3818.55762	0.03027
3816.62905	0.03020
3814.70049	0.03012
3812.77192	0.03008
3810.84336	0.03006
3808.91479	0.03001
3806.98623	0.02993
3805.05767	0.02985
3803.12910	0.02980
3801.20054	0.02978
3799.27197	0.02975
3797.34341	0.02970
3795.41484	0.02970
3793.48628	0.02970
3791.55771	0.02961
3789.62915	0.02952
3787.70059	0.02949
3785.77202	0.02947
3783.84346	0.02942
3781.91489	0.02941
3779.98633	0.02950
3778.05776	0.02962
3776.12920	0.02959
3774.20063	0.02941
3772.27207	0.02923
3770.34351	0.02918
3768.41494	0.02923
3766.48638	0.02927
3764.55781	0.02923
3762.62925	0.02919
3760.70068	0.02923
3758.77212	0.02929
3756.84355	0.02928
3754.91499	0.02920
3752.98643	0.02917
3751.05786	0.02931
3749.12930	0.02961
3747.20073	0.02981
3745.27217	0.02986
3743.34360	0.02982
3741.41504	0.02985
3739.48647	0.03008
3737.55791	0.03027
3735.62935	0.03024
3733.70078	0.03020
3731.77222	0.03047
3729.84365	0.03099
3727.91509	0.03128
3725.98652	0.03127
3724.05796	0.03084
3722.12939	0.03041
3720.20083	0.03032
3718.27227	0.03015
3716.34370	0.02989
3714.41514	0.02962
3712.48657	0.02954
3710.55801	0.03003
3708.62944	0.03077
3706.70088	0.03124
3704.77231	0.03122
3702.84375	0.03104
3700.91519	0.03098
3698.98662	0.03102
3697.05806	0.03108
3695.12949	0.03106
3693.20093	0.03090
3691.27236	0.03056
3689.34380	0.03014
3687.41523	0.03004
3685.48667	0.03010
3683.55811	0.02992
3681.62954	0.02966
3679.70098	0.02966
3677.77241	0.02982
3675.84385	0.02988
3673.91528	0.02977
3671.98672	0.02962
3670.05815	0.02960
3668.12959	0.02975
3666.20103	0.02998
3664.27246	0.03017
3662.34390	0.03026
3660.41533	0.03028
3658.48677	0.03036
3656.55820	0.03053
3654.62964	0.03073
3652.70107	0.03082
3650.77251	0.03091
3648.84395	0.03115
3646.91538	0.03155
3644.98682	0.03191
3643.05825	0.03211
3641.12969	0.03218
3639.20112	0.03226
3637.27256	0.03247
3635.34399	0.03280
3633.41543	0.03303
3631.48687	0.03299
3629.55830	0.03303
3627.62974	0.03332
3625.70117	0.03370
3623.77261	0.03390
3621.84404	0.03377
3619.91548	0.03368
3617.98691	0.03363
3616.05835	0.03353
3614.12979	0.03355
3612.20122	0.03361
3610.27266	0.03377
3608.34409	0.03418
3606.41553	0.03450
3604.48696	0.03449
3602.55840	0.03433
3600.62983	0.03417
3598.70127	0.03414
3596.77271	0.03431
3594.84414	0.03453
3592.91558	0.03474
3590.98701	0.03487
3589.05845	0.03468
3587.12988	0.03427
3585.20132	0.03396
3583.27275	0.03401
3581.34419	0.03426
3579.41562	0.03442
3577.48706	0.03445
3575.55850	0.03447
3573.62993	0.03445
3571.70137	0.03436
3569.77280	0.03429
3567.84424	0.03438
3565.91567	0.03461
3563.98711	0.03486
3562.05854	0.03505
3560.12998	0.03513
3558.20142	0.03515
3556.27285	0.03521
3554.34429	0.03529
3552.41572	0.03530
3550.48716	0.03525
3548.55859	0.03522
3546.63003	0.03533
3544.70146	0.03552
3542.77290	0.03560
3540.84434	0.03552
3538.91577	0.03546
3536.98721	0.03554
3535.05864	0.03570
3533.13008	0.03580
3531.20151	0.03575
3529.27295	0.03565
3527.34438	0.03578
3525.41582	0.03609
3523.48726	0.03634
3521.55869	0.03640
3519.63013	0.03637
3517.70156	0.03638
3515.77300	0.03648
3513.84443	0.03662
3511.91587	0.03668
3509.98730	0.03670
3508.05874	0.03686
3506.13018	0.03712
3504.20161	0.03724
3502.27305	0.03726
3500.34448	0.03730
3498.41592	0.03738
3496.48735	0.03765
3494.55879	0.03801
3492.63022	0.03810
3490.70166	0.03793
3488.77310	0.03781
3486.84453	0.03786
3484.91597	0.03803
3482.98740	0.03818
3481.05884	0.03824
3479.13027	0.03831
3477.20171	0.03851
3475.27314	0.03869
3473.34458	0.03871
3471.41602	0.03868
3469.48745	0.03873
3467.55889	0.03894
3465.63032	0.03922
3463.70176	0.03939
3461.77319	0.03942
3459.84463	0.03945
3457.91606	0.03951
3455.98750	0.03955
3454.05894	0.03965
3452.13037	0.03990
3450.20181	0.04018
3448.27324	0.04028
3446.34468	0.04026
3444.41611	0.04019
3442.48755	0.04001
3440.55898	0.03974
3438.63042	0.03963
3436.70186	0.03975
3434.77329	0.03988
3432.84473	0.03996
3430.91616	0.04010
3428.98760	0.04022
3427.05903	0.04023
3425.13047	0.04018
3423.20190	0.04019
3421.27334	0.04029
3419.34478	0.04040
3417.41621	0.04039
3415.48765	0.04030
3413.55908	0.04029
3411.63052	0.04030
3409.70195	0.04026
3407.77339	0.04029
3405.84482	0.04035
3403.91626	0.04020
3401.98770	0.03995
3400.05913	0.03994
3398.13057	0.04019
3396.20200	0.04023
3394.27344	0.04002
3392.34487	0.03984
3390.41631	0.03983
3388.48774	0.03988
3386.55918	0.03998
3384.63062	0.04010
3382.70205	0.04020
3380.77349	0.04027
3378.84492	0.04029
3376.91636	0.04030
3374.98779	0.04033
3373.05923	0.04035
3371.13066	0.04035
3369.20210	0.04037
3367.27354	0.04035
3365.34497	0.04035
3363.41641	0.04039
3361.48784	0.04039
3359.55928	0.04033
3357.63071	0.04025
3355.70215	0.04016
3353.77358	0.04011
3351.84502	0.04014
3349.91646	0.04016
3347.98789	0.04019
3346.05933	0.04037
3344.13076	0.04057
3342.20220	0.04050
3340.27363	0.04025
3338.34507	0.04022
3336.41650	0.04053
3334.48794	0.04084
3332.55937	0.04091
3330.63081	0.04089
3328.70225	0.04098
3326.77368	0.04107
3324.84512	0.04102
3322.91655	0.04090
3320.98799	0.04084
3319.05942	0.04088
3317.13086	0.04090
3315.20229	0.04080
3313.27373	0.04066
3311.34517	0.04071
3309.41660	0.04093
3307.48804	0.04105
3305.55947	0.04101
3303.63091	0.04090
3301.70234	0.04078
3299.77378	0.04076
3297.84521	0.04087
3295.91665	0.04095
3293.98809	0.04094
3292.05952	0.04084
3290.13096	0.04059
3288.20239	0.04029
3286.27383	0.04014
3284.34526	0.04016
3282.41670	0.04019
3280.48813	0.04019
3278.55957	0.04013
3276.63101	0.03992
3274.70244	0.03957
3272.77388	0.03932
3270.84531	0.03934
3268.91675	0.03951
3266.98818	0.03955
3265.05962	0.03942
3263.13105	0.03931
3261.20249	0.03931
3259.27393	0.03930
3257.34536	0.03918
3255.41680	0.03900
3253.48823	0.03875
3251.55967	0.03845
3249.63110	0.03819
3247.70254	0.03809
3245.77397	0.03809
3243.84541	0.03800
3241.91685	0.03781
3239.98828	0.03766
3238.05972	0.03759
3236.13115	0.03747
3234.20259	0.03732
3232.27402	0.03716
3230.34546	0.03686
3228.41689	0.03656
3226.48833	0.03646
3224.55977	0.03646
3222.63120	0.03646
3220.70264	0.03644
3218.77407	0.03637
3216.84551	0.03631
3214.91694	0.03617
3212.98838	0.03595
3211.05981	0.03584
3209.13125	0.03581
3207.20269	0.03558
3205.27412	0.03524
3203.34556	0.03507
3201.41699	0.03510
3199.48843	0.03512
3197.55986	0.03496
3195.63130	0.03470
3193.70273	0.03443
3191.77417	0.03415
3189.84561	0.03394
3187.91704	0.03389
3185.98848	0.03392
3184.05991	0.03392
3182.13135	0.03388
3180.20278	0.03382
3178.27422	0.03377
3176.34565	0.03375
3174.41709	0.03365
3172.48853	0.03349
3170.55996	0.03339
3168.63140	0.03328
3166.70283	0.03310
3164.77427	0.03288
3162.84570	0.03275
3160.91714	0.03274
3158.98857	0.03270
3157.06001	0.03250
3155.13145	0.03216
3153.20288	0.03191
3151.27432	0.03194
3149.34575	0.03206
3147.41719	0.03200
3145.48862	0.03183
3143.56006	0.03170
3141.63149	0.03159
3139.70293	0.03154
3137.77437	0.03156
3135.84580	0.03159
3133.91724	0.03155
3131.98867	0.03137
3130.06011	0.03113
3128.13154	0.03095
3126.20298	0.03085
3124.27441	0.03085
3122.34585	0.03093
3120.41729	0.03091
3118.48872	0.03067
3116.56016	0.03042
3114.63159	0.03032
3112.70303	0.03035
3110.77446	0.03041
3108.84590	0.03048
3106.91733	0.03062
3104.98877	0.03071
3103.06021	0.03061
3101.13164	0.03050
3099.20308	0.03050
3097.27451	0.03055
3095.34595	0.03064
3093.41738	0.03071
3091.48882	0.03072
3089.56025	0.03072
3087.63169	0.03071
3085.70312	0.03060
3083.77456	0.03039
3081.84600	0.03027
3079.91743	0.03041
3077.98887	0.03067
3076.06030	0.03085
3074.13174	0.03095
3072.20317	0.03106
3070.27461	0.03113
3068.34604	0.03113
3066.41748	0.03114
3064.48892	0.03122
3062.56035	0.03132
3060.63179	0.03130
3058.70322	0.03121
3056.77466	0.03121
3054.84609	0.03135
3052.91753	0.03150
3050.98896	0.03158
3049.06040	0.03161
3047.13184	0.03157
3045.20327	0.03145
3043.27471	0.03138
3041.34614	0.03151
3039.41758	0.03171
3037.48901	0.03181
3035.56045	0.03180
3033.63188	0.03172
3031.70332	0.03162
3029.77476	0.03163
3027.84619	0.03174
3025.91763	0.03185
3023.98906	0.03192
3022.06050	0.03192
3020.13193	0.03180
3018.20337	0.03164
3016.27480	0.03142
3014.34624	0.03106
3012.41768	0.03068
3010.48911	0.03046
3008.56055	0.03037
3006.63198	0.03029
3004.70342	0.03024
3002.77485	0.03026
3000.84629	0.03026
2998.91772	0.03025
2996.98916	0.03026
2995.06060	0.03040
2993.13203	0.03074
2991.20347	0.03125
2989.27490	0.03196
2987.34634	0.03295
2985.41777	0.03420
2983.48921	0.03561
2981.56064	0.03725
2979.63208	0.03930
2977.70352	0.04177
2975.77495	0.04463
2973.84639	0.04816
2971.91782	0.05247
2969.98926	0.05697
2968.06069	0.06123
2966.13213	0.06557
2964.20356	0.07045
2962.27500	0.07587
2960.34644	0.08146
2958.41787	0.08687
2956.48931	0.09186
2954.56074	0.09621
2952.63218	0.09993
2950.70361	0.10338
2948.77505	0.10716
2946.84648	0.11199
2944.91792	0.11834
2942.98936	0.12646
2941.06079	0.13642
2939.13223	0.14817
2937.20366	0.16198
2935.27510	0.17821
2933.34653	0.19701
2931.41797	0.21865
2929.48940	0.24385
2927.56084	0.27335
2925.63228	0.30817
2923.70371	0.34938
2921.77515	0.39624
2919.84658	0.44358
2917.91802	0.48008
2915.98945	0.49257
2914.06089	0.47759
2912.13232	0.44531
2910.20376	0.40900
2908.27520	0.37622
2906.34663	0.34913
2904.41807	0.32733
2902.48950	0.30966
2900.56094	0.29489
2898.63237	0.28200
2896.70381	0.27015
2894.77524	0.25873
2892.84668	0.24730
2890.91812	0.23574
2888.98955	0.22417
2887.06099	0.21279
2885.13242	0.20183
2883.20386	0.19144
2881.27529	0.18177
2879.34673	0.17319
2877.41816	0.16613
2875.48960	0.16088
2873.56104	0.15754
2871.63247	0.15582
2869.70391	0.15517
2867.77534	0.15548
2865.84678	0.15747
2863.91821	0.16216
2861.98965	0.17068
2860.06108	0.18443
2858.13252	0.20524
2856.20396	0.23589
2854.27539	0.28031
2852.34683	0.33904
2850.41826	0.39776
2848.48970	0.42444
2846.56113	0.40133
2844.63257	0.34901
2842.70400	0.29481
2840.77544	0.24976
2838.84687	0.21477
2836.91831	0.18814
2834.98975	0.16790
2833.06118	0.15234
2831.13262	0.14018
2829.20405	0.13062
2827.27549	0.12310
2825.34692	0.11691
2823.41836	0.11159
2821.48979	0.10700
2819.56123	0.10301
2817.63267	0.09951
2815.70410	0.09649
2813.77554	0.09386
2811.84697	0.09149
2809.91841	0.08931
2807.98984	0.08724
2806.06128	0.08525
2804.13271	0.08342
2802.20415	0.08180
2800.27559	0.08033
2798.34702	0.07899
2796.41846	0.07771
2794.48989	0.07647
2792.56133	0.07528
2790.63276	0.07408
2788.70420	0.07291
2786.77563	0.07178
2784.84707	0.07071
2782.91851	0.06970
2780.98994	0.06875
2779.06138	0.06784
2777.13281	0.06698
2775.20425	0.06617
2773.27568	0.06541
2771.34712	0.06464
2769.41855	0.06389
2767.48999	0.06319
2765.56143	0.06258
2763.63286	0.06200
2761.70430	0.06143
2759.77573	0.06092
2757.84717	0.06050
2755.91860	0.06010
2753.99004	0.05973
2752.06147	0.05941
2750.13291	0.05908
2748.20435	0.05873
2746.27578	0.05847
2744.34722	0.05831
2742.41865	0.05816
2740.49009	0.05796
2738.56152	0.05773
2736.63296	0.05753
2734.70439	0.05738
2732.77583	0.05723
2730.84727	0.05707
2728.91870	0.05688
2726.99014	0.05670
2725.06157	0.05649
2723.13301	0.05616
2721.20444	0.05572
2719.27588	0.05532
2717.34731	0.05504
2715.41875	0.05481
2713.49019	0.05460
2711.56162	0.05436
2709.63306	0.05406
2707.70449	0.05378
2705.77593	0.05352
2703.84736	0.05327
2701.91880	0.05309
2699.99023	0.05301
2698.06167	0.05293
2696.13311	0.05274
2694.20454	0.05249
2692.27598	0.05226
2690.34741	0.05208
2688.41885	0.05200
2686.49028	0.05201
2684.56172	0.05199
2682.63315	0.05189
2680.70459	0.05180
2678.77603	0.05175
2676.84746	0.05175
2674.91890	0.05182
2672.99033	0.05195
2671.06177	0.05209
2669.13320	0.05227
2667.20464	0.05248
2665.27607	0.05262
2663.34751	0.05266
2661.41895	0.05269
2659.49038	0.05274
2657.56182	0.05268
2655.63325	0.05250
2653.70469	0.05232
2651.77612	0.05219
2649.84756	0.05204
2647.91899	0.05183
2645.99043	0.05158
2644.06187	0.05129
2642.13330	0.05101
2640.20474	0.05080
2638.27617	0.05059
2636.34761	0.05043
2634.41904	0.05027
2632.49048	0.05002
2630.56191	0.04971
2628.63335	0.04936
2626.70479	0.04898
2624.77622	0.04858
2622.84766	0.04822
2620.91909	0.04789
2618.99053	0.04758
2617.06196	0.04731
2615.13340	0.04702
2613.20483	0.04676
2611.27627	0.04662
2609.34771	0.04651
2607.41914	0.04635
2605.49058	0.04612
2603.56201	0.04584
2601.63345	0.04550
2599.70488	0.04519
2597.77632	0.04493
2595.84775	0.04466
2593.91919	0.04440
2591.99062	0.04420
2590.06206	0.04405
2588.13350	0.04391
2586.20493	0.04380
2584.27637	0.04367
2582.34780	0.04351
2580.41924	0.04326
2578.49067	0.04298
2576.56211	0.04274
2574.63354	0.04251
2572.70498	0.04229
2570.77642	0.04212
2568.84785	0.04197
2566.91929	0.04179
2564.99072	0.04153
2563.06216	0.04127
2561.13359	0.04107
2559.20503	0.04092
2557.27646	0.04077
2555.34790	0.04067
2553.41934	0.04061
2551.49077	0.04053
2549.56221	0.04041
2547.63364	0.04028
2545.70508	0.04011
2543.77651	0.03994
2541.84795	0.03975
2539.91938	0.03956
2537.99082	0.03937
2536.06226	0.03920
2534.13369	0.03913
2532.20513	0.03913
2530.27656	0.03900
2528.34800	0.03876
2526.41943	0.03865
2524.49087	0.03873
2522.56230	0.03883
2520.63374	0.03885
2518.70518	0.03873
2516.77661	0.03844
2514.84805	0.03812
2512.91948	0.03793
2510.99092	0.03782
2509.06235	0.03769
2507.13379	0.03755
2505.20522	0.03743
2503.27666	0.03734
2501.34810	0.03733
2499.41953	0.03740
2497.49097	0.03740
2495.56240	0.03725
2493.63384	0.03709
2491.70527	0.03701
2489.77671	0.03695
2487.84814	0.03688
2485.91958	0.03682
2483.99102	0.03675
2482.06245	0.03672
2480.13389	0.03672
2478.20532	0.03668
2476.27676	0.03652
2474.34819	0.03632
2472.41963	0.03622
2470.49106	0.03626
2468.56250	0.03628
2466.63394	0.03621
2464.70537	0.03617
2462.77681	0.03618
2460.84824	0.03619
2458.91968	0.03612
2456.99111	0.03605
2455.06255	0.03610
2453.13398	0.03616
2451.20542	0.03609
2449.27686	0.03596
2447.34829	0.03583
2445.41973	0.03570
2443.49116	0.03559
2441.56260	0.03544
2439.63403	0.03532
2437.70547	0.03531
2435.77690	0.03534
2433.84834	0.03530
2431.91978	0.03518
2429.99121	0.03511
2428.06265	0.03514
2426.13408	0.03516
2424.20552	0.03507
2422.27695	0.03496
2420.34839	0.03491
2418.41982	0.03486
2416.49126	0.03479
2414.56270	0.03477
2412.63413	0.03479
2410.70557	0.03478
2408.77700	0.03463
2406.84844	0.03436
2404.91987	0.03420
2402.99131	0.03427
2401.06274	0.03425
2399.13418	0.02980
2397.20562	0.02916
2395.27705	0.03104
2393.34849	0.03315
2391.41992	0.03529
2389.49136	0.03765
2387.56279	0.04030
2385.63423	0.04315
2383.70566	0.04588
2381.77710	0.04795
2379.84854	0.04862
2377.91997	0.04806
2375.99141	0.04679
2374.06284	0.04701
2372.13428	0.04990
2370.20571	0.05134
2368.27715	0.05269
2366.34858	0.05371
2364.42002	0.05914
2362.49146	0.06161
2360.56289	0.06331
2358.63433	0.06763
2356.70576	0.06261
2354.77720	0.07016
2352.84863	0.07479
2350.92007	0.06943
2348.99150	0.06341
2347.06294	0.05834
2345.13437	0.05211
2343.20581	0.05990
2341.27725	0.08365
2339.34868	0.09114
2337.42012	0.07957
2335.49155	0.05924
2333.56299	0.04240
2331.63442	0.03630
2329.70586	0.03650
2327.77729	0.04484
2325.84873	0.04638
2323.92017	0.04288
2321.99160	0.03805
2320.06304	0.03552
2318.13447	0.03378
2316.20591	0.03477
2314.27734	0.03629
2312.34878	0.03911
2310.42021	0.04441
2308.49165	0.04791
2306.56309	0.05083
2304.63452	0.05135
2302.70596	0.04957
2300.77739	0.04706
2298.84883	0.04438
2296.92026	0.04235
2294.99170	0.04190
2293.06313	0.04212
2291.13457	0.04186
2289.20601	0.04102
2287.27744	0.03933
2285.34888	0.03702
2283.42031	0.03504
2281.49175	0.03371
2279.56318	0.03299
2277.63462	0.03279
2275.70605	0.03318
2273.77749	0.03366
2271.84893	0.03366
2269.92036	0.03333
2267.99180	0.03304
2266.06323	0.03323
2264.13467	0.03366
2262.20610	0.03418
2260.27754	0.03469
2258.34897	0.03463
2256.42041	0.03414
2254.49185	0.03413
2252.56328	0.03518
2250.63472	0.03612
2248.70615	0.03353
2246.77759	0.03332
2244.84902	0.03311
2242.92046	0.03310
2240.99189	0.03319
2239.06333	0.03297
2237.13477	0.03247
2235.20620	0.03215
2233.27764	0.03211
2231.34907	0.03207
2229.42051	0.03204
2227.49194	0.03211
2225.56338	0.03218
2223.63481	0.03210
2221.70625	0.03184
2219.77769	0.03155
2217.84912	0.03136
2215.92056	0.03124
2213.99199	0.03115
2212.06343	0.03119
2210.13486	0.03129
2208.20630	0.03132
2206.27773	0.03132
2204.34917	0.03132
2202.42061	0.03135
2200.49204	0.03137
2198.56348	0.03124
2196.63491	0.03097
2194.70635	0.03082
2192.77778	0.03110
2190.84922	0.03148
2188.92065	0.03152
2186.99209	0.03131
2185.06353	0.03093
2183.13496	0.03024
2181.20640	0.02980
2179.27783	0.02995
2177.34927	0.02990
2175.42070	0.02943
2173.49214	0.02953
2171.56357	0.03053
2169.63501	0.03178
2167.70645	0.03268
2165.77788	0.03312
2163.84932	0.03327
2161.92075	0.03212
2159.99219	0.02796
2158.06362	0.02326
2156.13506	0.02198
2154.20649	0.02310
2152.27793	0.02451
2150.34937	0.02580
2148.42080	0.02674
2146.49224	0.02691
2144.56367	0.02644
2142.63511	0.02601
2140.70654	0.02597
2138.77798	0.02602
2136.84941	0.02572
2134.92085	0.02501
2132.99229	0.02463
2131.06372	0.02514
2129.13516	0.02614
2127.20659	0.02699
2125.27803	0.02750
2123.34946	0.02780
2121.42090	0.02809
2119.49233	0.02847
2117.56377	0.02894
2115.63521	0.02938
2113.70664	0.02961
2111.77808	0.02971
2109.84951	0.02980
2107.92095	0.02976
2105.99238	0.02953
2104.06382	0.02928
2102.13525	0.02917
2100.20669	0.02909
2098.27812	0.02878
2096.34956	0.02822
2094.42100	0.02770
2092.49243	0.02786
2090.56387	0.02863
2088.63530	0.02926
2086.70674	0.02945
2084.77817	0.02953
2082.84961	0.02967
2080.92104	0.02972
2078.99248	0.02959
2077.06392	0.02939
2075.13535	0.02919
2073.20679	0.02909
2071.27822	0.02917
2069.34966	0.02926
2067.42109	0.02926
2065.49253	0.02916
2063.56396	0.02907
2061.63540	0.02912
2059.70684	0.02931
2057.77827	0.02958
2055.84971	0.02988
2053.92114	0.03059
2051.99258	0.03158
2050.06401	0.03137
2048.13545	0.02971
2046.20688	0.02839
2044.27832	0.02824
2042.34976	0.02861
2040.42119	0.02885
2038.49263	0.02883
2036.56406	0.02866
2034.63550	0.02820
2032.70693	0.02748
2030.77837	0.02695
2028.84980	0.02668
2026.92124	0.02662
2024.99268	0.02685
2023.06411	0.02701
2021.13555	0.02679
2019.20698	0.02646
2017.27842	0.02636
2015.34985	0.02642
2013.42129	0.02658
2011.49272	0.02687
2009.56416	0.02678
2007.63560	0.02582
2005.70703	0.02504
2003.77847	0.02560
2001.84990	0.02657
1999.92134	0.02683
1997.99277	0.02680
1996.06421	0.02708
1994.13564	0.02745
1992.20708	0.02769
1990.27852	0.02793
1988.34995	0.02816
1986.42139	0.02835
1984.49282	0.02879
1982.56426	0.02966
1980.63569	0.02991
1978.70713	0.02823
1976.77856	0.02576
1974.85000	0.02450
1972.92144	0.02434
1970.99287	0.02456
1969.06431	0.02488
1967.13574	0.02503
1965.20718	0.02490
1963.27861	0.02461
1961.35005	0.02430
1959.42148	0.02404
1957.49292	0.02405
1955.56436	0.02451
1953.63579	0.02525
1951.70723	0.02574
1949.77866	0.02571
1947.85010	0.02554
1945.92153	0.02572
1943.99297	0.02615
1942.06440	0.02633
1940.13584	0.02622
1938.20728	0.02607
1936.27871	0.02609
1934.35015	0.02625
1932.42158	0.02642
1930.49302	0.02647
1928.56445	0.02643
1926.63589	0.02645
1924.70732	0.02668
1922.77876	0.02703
1920.85020	0.02726
1918.92163	0.02729
1916.99307	0.02730
1915.06450	0.02742
1913.13594	0.02760
1911.20737	0.02771
1909.27881	0.02782
1907.35024	0.02796
1905.42168	0.02803
1903.49312	0.02809
1901.56455	0.02825
1899.63599	0.02842
1897.70742	0.02847
1895.77886	0.02846
1893.85029	0.02847
1891.92173	0.02846
1889.99316	0.02834
1888.06460	0.02821
1886.13604	0.02818
1884.20747	0.02820
1882.27891	0.02819
1880.35034	0.02814
1878.42178	0.02809
1876.49321	0.02808
1874.56465	0.02813
1872.63608	0.02827
1870.70752	0.02838
1868.77896	0.02840
1866.85039	0.02838
1864.92183	0.02827
1862.99326	0.02811
1861.06470	0.02802
1859.13613	0.02804
1857.20757	0.02818
1855.27900	0.02838
1853.35044	0.02847
1851.42187	0.02840
1849.49331	0.02827
1847.56475	0.02815
1845.63618	0.02809
1843.70762	0.02810
1841.77905	0.02813
1839.85049	0.02817
1837.92192	0.02829
1835.99336	0.02848
1834.06479	0.02865
1832.13623	0.02872
1830.20767	0.02868
1828.27910	0.02863
1826.35054	0.02869
1824.42197	0.02884
1822.49341	0.02891
1820.56484	0.02876
1818.63628	0.02860
1816.70771	0.02871
1814.77915	0.02907
1812.85059	0.02949
1810.92202	0.02988
1808.99346	0.03027
1807.06489	0.03062
1805.13633	0.03090
1803.20776	0.03114
1801.27920	0.03141
1799.35063	0.03170
1797.42207	0.03195
1795.49351	0.03216
1793.56494	0.03238
1791.63638	0.03267
1789.70781	0.03301
1787.77925	0.03336
1785.85068	0.03370
1783.92212	0.03399
1781.99355	0.03424
1780.06499	0.03452
1778.13643	0.03483
1776.20786	0.03516
1774.27930	0.03560
1772.35073	0.03625
1770.42217	0.03709
1768.49360	0.03800
1766.56504	0.03892
1764.63647	0.03987
1762.70791	0.04093
1760.77935	0.04206
1758.85078	0.04319
1756.92222	0.04437
1754.99365	0.04564
1753.06509	0.04695
1751.13652	0.04831
1749.20796	0.04971
1747.27939	0.05109
1745.35083	0.05237
1743.42227	0.05355
1741.49370	0.05466
1739.56514	0.05556
1737.63657	0.05591
1735.70801	0.05551
1733.77944	0.05468
1731.85088	0.05417
1729.92231	0.05439
1727.99375	0.05516
1726.06519	0.05616
1724.13662	0.05702
1722.20806	0.05742
1720.27949	0.05716
1718.35093	0.05623
1716.42236	0.05492
1714.49380	0.05363
1712.56523	0.05250
1710.63667	0.05144
1708.70811	0.05036
1706.77954	0.04926
1704.85098	0.04830
1702.92241	0.04757
1700.99385	0.04707
1699.06528	0.04676
1697.13672	0.04657
1695.20815	0.04649
1693.27959	0.04648
1691.35103	0.04654
1689.42246	0.04662
1687.49390	0.04670
1685.56533	0.04685
1683.63677	0.04720
1681.70820	0.04769
1679.77964	0.04810
1677.85107	0.04840
1675.92251	0.04870
1673.99395	0.04904
1672.06538	0.04933
1670.13682	0.04958
1668.20825	0.04988
1666.27969	0.05014
1664.35112	0.05031
1662.42256	0.05047
1660.49399	0.05069
1658.56543	0.05087
1656.63687	0.05090
1654.70830	0.05084
1652.77974	0.05077
1650.85117	0.05056
1648.92261	0.05021
1646.99404	0.04997
1645.06548	0.05007
1643.13691	0.05046
1641.20835	0.05093
1639.27979	0.05118
1637.35122	0.05106
1635.42266	0.05071
1633.49409	0.05042
1631.56553	0.05025
1629.63696	0.05010
1627.70840	0.04997
1625.77983	0.04984
1623.85127	0.04969
1621.92271	0.04953
1619.99414	0.04935
1618.06558	0.04917
1616.13701	0.04910
1614.20845	0.04924
1612.27988	0.04959
1610.35132	0.05017
1608.42275	0.05087
1606.49419	0.05138
1604.56562	0.05144
1602.63706	0.05103
1600.70850	0.05039
1598.77993	0.04975
1596.85137	0.04924
1594.92280	0.04888
1592.99424	0.04870
1591.06567	0.04864
1589.13711	0.04860
1587.20854	0.04846
1585.27998	0.04817
1583.35142	0.04780
1581.42285	0.04741
1579.49429	0.04704
1577.56572	0.04668
1575.63716	0.04634
1573.70859	0.04605
1571.78003	0.04578
1569.85146	0.04556
1567.92290	0.04545
1565.99434	0.04541
1564.06577	0.04532
1562.13721	0.04511
1560.20864	0.04487
1558.28008	0.04491
1556.35151	0.04532
1554.42295	0.04575
1552.49438	0.04598
1550.56582	0.04606
1548.63726	0.04609
1546.70869	0.04610
1544.78013	0.04604
1542.85156	0.04592
1540.92300	0.04577
1538.99443	0.04561
1537.06587	0.04539
1535.13730	0.04502
1533.20874	0.04454
1531.28018	0.04410
1529.35161	0.04374
1527.42305	0.04340
1525.49448	0.04308
1523.56592	0.04280
1521.63735	0.04269
1519.70879	0.04285
1517.78022	0.04338
1515.85166	0.04429
1513.92310	0.04509
1511.99453	0.04521
1510.06597	0.04458
1508.13740	0.04365
1506.20884	0.04294
1504.28027	0.04275
1502.35171	0.04290
1500.42314	0.04332
1498.49458	0.04415
1496.56602	0.04551
1494.63745	0.04704
1492.70889	0.04829
1490.78032	0.04913
1488.85176	0.04960
1486.92319	0.04984
1484.99463	0.05009
1483.06606	0.05060
1481.13750	0.05217
1479.20894	0.05760
1477.28037	0.07279
1475.35181	0.10122
1473.42324	0.13336
1471.49468	0.15086
1469.56611	0.15120
1467.63755	0.14876
1465.70898	0.15328
1463.78042	0.16163
1461.85186	0.16364
1459.92329	0.15564
1457.99473	0.14367
1456.06616	0.13486
1454.13760	0.13013
1452.20903	0.12708
1450.28047	0.12467
1448.35190	0.12274
1446.42334	0.12050
1444.49478	0.11706
1442.56621	0.11226
1440.63765	0.10665
1438.70908	0.10063
1436.78052	0.09428
1434.85195	0.08822
1432.92339	0.08295
1430.99482	0.07818
1429.06626	0.07391
1427.13770	0.07044
1425.20913	0.06772
1423.28057	0.06558
1421.35200	0.06391
1419.42344	0.06255
1417.49487	0.06150
1415.56631	0.06073
1413.63774	0.06004
1411.70918	0.05924
1409.78062	0.05834
1407.85205	0.05743
1405.92349	0.05663
1403.99492	0.05605
1402.06636	0.05563
1400.13779	0.05526
1398.20923	0.05494
1396.28066	0.05476
1394.35210	0.05478
1392.42354	0.05509
1390.49497	0.05587
1388.56641	0.05736
1386.63784	0.05970
1384.70928	0.06281
1382.78071	0.06689
1380.85215	0.07212
1378.92358	0.07762
1376.99502	0.08148
1375.06646	0.08258
1373.13789	0.08161
1371.20933	0.08021
1369.28076	0.07925
1367.35220	0.07860
1365.42363	0.07754
1363.49507	0.07557
1361.56650	0.07303
1359.63794	0.07064
1357.70937	0.06885
1355.78081	0.06774
1353.85225	0.06707
1351.92368	0.06647
1349.99512	0.06573
1348.06655	0.06483
1346.13799	0.06385
1344.20942	0.06289
1342.28086	0.06199
1340.35229	0.06114
1338.42373	0.06030
1336.49517	0.05940
1334.56660	0.05838
1332.63804	0.05728
1330.70947	0.05629
1328.78091	0.05556
1326.85234	0.05514
1324.92378	0.05494
1322.99521	0.05492
1321.06665	0.05506
1319.13809	0.05538
1317.20952	0.05591
1315.28096	0.05656
1313.35239	0.05721
1311.42383	0.05769
1309.49526	0.05792
1307.56670	0.05791
1305.63813	0.05776
1303.70957	0.05757
1301.78101	0.05739
1299.85244	0.05723
1297.92388	0.05715
1295.99531	0.05712
1294.06675	0.05706
1292.13818	0.05687
1290.20962	0.05659
1288.28105	0.05640
1286.35249	0.05633
1284.42393	0.05628
1282.49536	0.05627
1280.56680	0.05644
1278.63823	0.05682
1276.70967	0.05723
1274.78110	0.05747
1272.85254	0.05750
1270.92397	0.05752
1268.99541	0.05772
1267.06685	0.05809
1265.13828	0.05852
1263.20972	0.05891
1261.28115	0.05915
1259.35259	0.05910
1257.42402	0.05875
1255.49546	0.05828
1253.56689	0.05791
1251.63833	0.05769
1249.70977	0.05762
1247.78120	0.05762
1245.85264	0.05763
1243.92407	0.05774
1241.99551	0.05806
1240.06694	0.05863
1238.13838	0.05944
1236.20981	0.06042
1234.28125	0.06146
1232.35269	0.06238
1230.42412	0.06296
1228.49556	0.06304
1226.56699	0.06265
1224.63843	0.06196
1222.70986	0.06146
1220.78130	0.06187
1218.85273	0.06317
1216.92417	0.06412
1214.99561	0.06395
1213.06704	0.06340
1211.13848	0.06332
1209.20991	0.06361
1207.28135	0.06392
1205.35278	0.06408
1203.42422	0.06407
1201.49565	0.06390
1199.56709	0.06357
1197.63853	0.06331
1195.70996	0.06325
1193.78140	0.06343
1191.85283	0.06383
1189.92427	0.06436
1187.99570	0.06497
1186.06714	0.06566
1184.13857	0.06635
1182.21001	0.06691
1180.28145	0.06745
1178.35288	0.06803
1176.42432	0.06864
1174.49575	0.06933
1172.56719	0.07013
1170.63862	0.07098
1168.71006	0.07170
1166.78149	0.07219
1164.85293	0.07250
1162.92437	0.07263
1160.99580	0.07251
1159.06724	0.07218
1157.13867	0.07194
1155.21011	0.07200
1153.28154	0.07233
1151.35298	0.07271
1149.42441	0.07303
1147.49585	0.07337
1145.56729	0.07382
1143.63872	0.07436
1141.71016	0.07492
1139.78159	0.07565
1137.85303	0.07656
1135.92446	0.07749
1133.99590	0.07848
1132.06733	0.07961
1130.13877	0.08076
1128.21021	0.08186
1126.28164	0.08301
1124.35308	0.08434
1122.42451	0.08588
1120.49595	0.08761
1118.56738	0.08948
1116.63882	0.09137
1114.71025	0.09314
1112.78169	0.09481
1110.85312	0.09647
1108.92456	0.09811
1106.99600	0.09968
1105.06743	0.10120
1103.13887	0.10271
1101.21030	0.10421
1099.28174	0.10579
1097.35317	0.10740
1095.42461	0.10884
1093.49604	0.11007
1091.56748	0.11117
1089.63892	0.11213
1087.71035	0.11311
1085.78179	0.11435
1083.85322	0.11572
1081.92466	0.11673
1079.99609	0.11705
1078.06753	0.11666
1076.13896	0.11579
1074.21040	0.11479
1072.28184	0.11384
1070.35327	0.11310
1068.42471	0.11268
1066.49614	0.11258
1064.56758	0.11261
1062.63901	0.11261
1060.71045	0.11259
1058.78188	0.11270
1056.85332	0.11300
1054.92476	0.11344
1052.99619	0.11405
1051.06763	0.11491
1049.13906	0.11587
1047.21050	0.11679
1045.28193	0.11771
1043.35337	0.11871
1041.42480	0.11973
1039.49624	0.12062
1037.56768	0.12136
1035.63911	0.12194
1033.71055	0.12234
1031.78198	0.12256
1029.85342	0.12248
1027.92485	0.12205
1025.99629	0.12143
1024.06772	0.12085
1022.13916	0.12028
1020.21060	0.11948
1018.28203	0.11838
1016.35347	0.11715
1014.42490	0.11594
1012.49634	0.11472
1010.56777	0.11337
1008.63921	0.11179
1006.71064	0.10998
1004.78208	0.10810
1002.85352	0.10622
1000.92495	0.10427
998.99639	0.10232
997.06782	0.10047
995.13926	0.09877
993.21069	0.09716
991.28213	0.09557
989.35356	0.09396
987.42500	0.09232
985.49644	0.09073
983.56787	0.08925
981.63931	0.08798
979.71074	0.08701
977.78218	0.08633
975.85361	0.08586
973.92505	0.08544
971.99648	0.08485
970.06792	0.08397
968.13936	0.08287
966.21079	0.08166
964.28223	0.08021
962.35366	0.07837
960.42510	0.07631
958.49653	0.07427
956.56797	0.07232
954.63940	0.07049
952.71084	0.06894
950.78228	0.06774
948.85371	0.06682
946.92515	0.06604
944.99658	0.06535
943.06802	0.06476
941.13945	0.06427
939.21089	0.06381
937.28232	0.06329
935.35376	0.06259
933.42520	0.06169
931.49663	0.06070
929.56807	0.05983
927.63950	0.05922
925.71094	0.05894
923.78237	0.05892
921.85381	0.05909
919.92524	0.05944
917.99668	0.05988
916.06812	0.06031
914.13955	0.06074
912.21099	0.06123
910.28242	0.06167
908.35386	0.06158
906.42529	0.06074
904.49673	0.05953
902.56816	0.05858
900.63960	0.05809
898.71104	0.05803
896.78247	0.05836
894.85391	0.05884
892.92534	0.05909
890.99678	0.05893
889.06821	0.05839
887.13965	0.05758
885.21108	0.05672
883.28252	0.05596
881.35396	0.05540
879.42539	0.05500
877.49683	0.05445
875.56826	0.05343
873.63970	0.05196
871.71113	0.05037
869.78257	0.04893
867.85400	0.04775
865.92544	0.04690
863.99687	0.04634
862.06831	0.04593
860.13975	0.04566
858.21118	0.04564
856.28262	0.04590
854.35405	0.04631
852.42549	0.04668
850.49692	0.04703
848.56836	0.04736
846.63979	0.04754
844.71123	0.04745
842.78267	0.04713
840.85410	0.04674
838.92554	0.04648
836.99697	0.04636
835.06841	0.04641
833.13984	0.04673
831.21128	0.04728
829.28271	0.04798
827.35415	0.04886
825.42559	0.05005
823.49702	0.05177
821.56846	0.05418
819.63989	0.05700
817.71133	0.05952
815.78276	0.06101
813.85420	0.06125
811.92563	0.06064
809.99707	0.06004
808.06851	0.06021
806.13994	0.06132
804.21138	0.06293
802.28281	0.06422
800.35425	0.06458
798.42568	0.06405
796.49712	0.06298
794.56855	0.06196
792.63999	0.06171
790.71143	0.06286
788.78286	0.06548
786.85430	0.06888
784.92573	0.07182
782.99717	0.07312
781.06860	0.07227
779.14004	0.06972
777.21147	0.06642
775.28291	0.06332
773.35435	0.06103
771.42578	0.05984
769.49722	0.05982
767.56865	0.06073
765.64009	0.06242
763.71152	0.06481
761.78296	0.06749
759.85439	0.06972
757.92583	0.07099
755.99727	0.07136
754.06870	0.07135
752.14014	0.07129
750.21157	0.07128
748.28301	0.07123
746.35444	0.07095
744.42588	0.07045
742.49731	0.06992
740.56875	0.06958
738.64019	0.07024
736.71162	0.07449
734.78306	0.08662
732.85449	0.10647
730.92593	0.12243
728.99736	0.12392
727.06880	0.11786
725.14023	0.11738
723.21167	0.13053
721.28311	0.15212
719.35454	0.17090
717.42598	0.17107
715.49741	0.15160
713.56885	0.12831
711.64028	0.11223
709.71172	0.10423
707.78315	0.10039
705.85459	0.09740
703.92603	0.09391
701.99746	0.08961
700.06890	0.08413
698.14033	0.07758
696.21177	0.07108
694.28320	0.06632
692.35464	0.06376
690.42607	0.06167
688.49751	0.05853
686.56895	0.05619
684.64038	0.05604
682.71182	0.05742
680.78325	0.05789
678.85469	0.05605
676.92612	0.05445
674.99756	0.05564
673.06899	0.05686
671.14043	0.04256
669.21187	0.01467
667.28330	0.03937
665.35474	0.04166
663.42617	0.04824
661.49761	0.05165
659.56904	0.05098
657.64048	0.04891
655.71191	0.04801
653.78335	0.04909
651.85479	0.04969
649.92622	0.04865
647.99766	0.04865
646.06909	0.05003
644.14053	0.04990
642.21196	0.04879
640.28340	0.04842
638.35483	0.04871
636.42627	0.04884
634.49771	0.04904
632.56914	0.04964
630.64058	0.04991
628.71201	0.04959
626.78345	0.04866
624.85488	0.04779
622.92632	0.04701
620.99775	0.04696
619.06919	0.04844
617.14062	0.04989
615.21206	0.04995
613.28350	0.04980
611.35493	0.05002
609.42637	0.05047
607.49780	0.05135
605.56924	0.05208
603.64067	0.05196
601.71211	0.05154
599.78354	0.05164
