3997.91411	0.01100
3995.98555	0.01089
3994.05698	0.01082
3992.12842	0.01081
3990.19985	0.01087
3988.27129	0.01097
3986.34272	0.01095
3984.41416	0.01081
3982.48560	0.01072
3980.55703	0.01077
3978.62847	0.01088
3976.69990	0.01090
3974.77134	0.01078
3972.84277	0.01065
3970.91421	0.01064
3968.98564	0.01064
3967.05708	0.01059
3965.12852	0.01061
3963.19995	0.01071
3961.27139	0.01074
3959.34282	0.01064
3957.41426	0.01054
3955.48569	0.01052
3953.55713	0.01059
3951.62856	0.01070
3949.70000	0.01073
3947.77144	0.01063
3945.84287	0.01055
3943.91431	0.01060
3941.98574	0.01070
3940.05718	0.01069
3938.12861	0.01058
3936.20005	0.01052
3934.27148	0.01057
3932.34292	0.01066
3930.41436	0.01073
3928.48579	0.01071
3926.55723	0.01065
3924.62866	0.01064
3922.70010	0.01065
3920.77153	0.01064
3918.84297	0.01064
3916.91440	0.01065
3914.98584	0.01063
3913.05728	0.01057
3911.12871	0.01047
3909.20015	0.01038
3907.27158	0.01030
3905.34302	0.01025
3903.41445	0.01025
3901.48589	0.01032
3899.55732	0.01042
3897.62876	0.01048
3895.70020	0.01047
3893.77163	0.01034
3891.84307	0.01016
3889.91450	0.01006
3887.98594	0.01005
3886.05737	0.01011
3884.12881	0.01019
3882.20024	0.01020
3880.27168	0.01015
3878.34312	0.01014
3876.41455	0.01016
3874.48599	0.01016
3872.55742	0.01005
3870.62886	0.00991
3868.70029	0.00988
3866.77173	0.00996
3864.84316	0.01002
3862.91460	0.01003
3860.98604	0.00998
3859.05747	0.00983
3857.12891	0.00970
3855.20034	0.00980
3853.27178	0.01010
3851.34321	0.01025
3849.41465	0.01020
3847.48608	0.01006
3845.55752	0.00996
3843.62896	0.00997
3841.70039	0.01003
3839.77183	0.01001
3837.84326	0.00991
3835.91470	0.00991
3833.98613	0.01005
3832.05757	0.01021
3830.12900	0.01022
3828.20044	0.01007
3826.27187	0.00994
3824.34331	0.00987
3822.41475	0.00983
3820.48618	0.00981
3818.55762	0.00986
3816.62905	0.00991
3814.70049	0.00993
3812.77192	0.00992
3810.84336	0.00994
3808.91479	0.00999
3806.98623	0.01002
3805.05767	0.00997
3803.12910	0.00989
3801.20054	0.00989
3799.27197	0.00997
3797.34341	0.01005
3795.41484	0.01007
3793.48628	0.01004
3791.55771	0.00997
3789.62915	0.00985
3787.70059	0.00972
3785.77202	0.00958
3783.84346	0.00948
3781.91489	0.00949
3779.98633	0.00960
3778.05776	0.00971
3776.12920	0.00978
3774.20063	0.00982
3772.27207	0.00988
3770.34351	0.00993
3768.41494	0.00994
3766.48638	0.00983
3764.55781	0.00962
3762.62925	0.00948
3760.70068	0.00953
3758.77212	0.00962
3756.84355	0.00954
3754.91499	0.00937
3752.98643	0.00929
3751.05786	0.00932
3749.12930	0.00929
3747.20073	0.00923
3745.27217	0.00927
3743.34360	0.00929
3741.41504	0.00908
3739.48647	0.00866
3737.55791	0.00828
3735.62935	0.00815
3733.70078	0.00827
3731.77222	0.00843
3729.84365	0.00847
3727.91509	0.00840
3725.98652	0.00829
3724.05796	0.00824
3722.12939	0.00835
3720.20083	0.00857
3718.27227	0.00873
3716.34370	0.00873
3714.41514	0.00867
3712.48657	0.00871
3710.55801	0.00875
3708.62944	0.00874
3706.70088	0.00866
3704.77231	0.00869
3702.84375	0.00893
3700.91519	0.00922
3698.98662	0.00934
3697.05806	0.00934
3695.12949	0.00934
3693.20093	0.00938
3691.27236	0.00952
3689.34380	0.00974
3687.41523	0.00978
3685.48667	0.00965
3683.55811	0.00958
3681.62954	0.00960
3679.70098	0.00966
3677.77241	0.00980
3675.84385	0.00999
3673.91528	0.01004
3671.98672	0.00993
3670.05815	0.00996
3668.12959	0.01017
3666.20103	0.01032
3664.27246	0.01040
3662.34390	0.01051
3660.41533	0.01064
3658.48677	0.01075
3656.55820	0.01085
3654.62964	0.01097
3652.70107	0.01108
3650.77251	0.01125
3648.84395	0.01156
3646.91538	0.01190
3644.98682	0.01212
3643.05825	0.01220
3641.12969	0.01220
3639.20112	0.01214
3637.27256	0.01207
3635.34399	0.01208
3633.41543	0.01219
3631.48687	0.01235
3629.55830	0.01256
3627.62974	0.01285
3625.70117	0.01317
3623.77261	0.01342
3621.84404	0.01364
3619.91548	0.01390
3617.98691	0.01422
3616.05835	0.01452
3614.12979	0.01472
3612.20122	0.01488
3610.27266	0.01506
3608.34409	0.01526
3606.41553	0.01544
3604.48696	0.01558
3602.55840	0.01575
3600.62983	0.01598
3598.70127	0.01617
3596.77271	0.01630
3594.84414	0.01647
3592.91558	0.01670
3590.98701	0.01694
3589.05845	0.01731
3587.12988	0.01779
3585.20132	0.01817
3583.27275	0.01838
3581.34419	0.01861
3579.41562	0.01894
3577.48706	0.01932
3575.55850	0.01977
3573.62993	0.02020
3571.70137	0.02045
3569.77280	0.02062
3567.84424	0.02108
3565.91567	0.02173
3563.98711	0.02207
3562.05854	0.02211
3560.12998	0.02220
3558.20142	0.02246
3556.27285	0.02282
3554.34429	0.02318
3552.41572	0.02351
3550.48716	0.02382
3548.55859	0.02414
3546.63003	0.02439
3544.70146	0.02451
3542.77290	0.02468
3540.84434	0.02496
3538.91577	0.02522
3536.98721	0.02543
3535.05864	0.02573
3533.13008	0.02617
3531.20151	0.02670
3529.27295	0.02714
3527.34438	0.02745
3525.41582	0.02775
3523.48726	0.02809
3521.55869	0.02839
3519.63013	0.02863
3517.70156	0.02867
3515.77300	0.02847
3513.84443	0.02843
3511.91587	0.02884
3509.98730	0.02947
3508.05874	0.02995
3506.13018	0.03027
3504.20161	0.03056
3502.27305	0.03086
3500.34448	0.03111
3498.41592	0.03140
3496.48735	0.03173
3494.55879	0.03200
3492.63022	0.03217
3490.70166	0.03234
3488.77310	0.03256
3486.84453	0.03268
3484.91597	0.03266
3482.98740	0.03267
3481.05884	0.03290
3479.13027	0.03329
3477.20171	0.03377
3475.27314	0.03426
3473.34458	0.03458
3471.41602	0.03473
3469.48745	0.03497
3467.55889	0.03532
3465.63032	0.03550
3463.70176	0.03550
3461.77319	0.03568
3459.84463	0.03602
3457.91606	0.03623
3455.98750	0.03632
3454.05894	0.03650
3452.13037	0.03682
3450.20181	0.03725
3448.27324	0.03764
3446.34468	0.03783
3444.41611	0.03783
3442.48755	0.03782
3440.55898	0.03801
3438.63042	0.03839
3436.70186	0.03874
3434.77329	0.03890
3432.84473	0.03893
3430.91616	0.03898
3428.98760	0.03912
3427.05903	0.03936
3425.13047	0.03961
3423.20190	0.03980
3421.27334	0.03991
3419.34478	0.03997
3417.41621	0.04012
3415.48765	0.04034
3413.55908	0.04049
3411.63052	0.04053
3409.70195	0.04057
3407.77339	0.04067
3405.84482	0.04085
3403.91626	0.04122
3401.98770	0.04171
3400.05913	0.04195
3398.13057	0.04184
3396.20200	0.04173
3394.27344	0.04175
3392.34487	0.04185
3390.41631	0.04190
3388.48774	0.04192
3386.55918	0.04200
3384.63062	0.04213
3382.70205	0.04231
3380.77349	0.04252
3378.84492	0.04270
3376.91636	0.04293
3374.98779	0.04315
3373.05923	0.04321
3371.13066	0.04319
3369.20210	0.04324
3367.27354	0.04347
3365.34497	0.04374
3363.41641	0.04383
3361.48784	0.04391
3359.55928	0.04409
3357.63071	0.04418
3355.70215	0.04423
3353.77358	0.04431
3351.84502	0.04436
3349.91646	0.04439
3347.98789	0.04448
3346.05933	0.04460
3344.13076	0.04470
3342.20220	0.04477
3340.27363	0.04484
3338.34507	0.04493
3336.41650	0.04502
3334.48794	0.04509
3332.55937	0.04520
3330.63081	0.04536
3328.70225	0.04546
3326.77368	0.04541
3324.84512	0.04531
3322.91655	0.04529
3320.98799	0.04542
3319.05942	0.04564
3317.13086	0.04578
3315.20229	0.04577
3313.27373	0.04579
3311.34517	0.04599
3309.41660	0.04620
3307.48804	0.04619
3305.55947	0.04609
3303.63091	0.04619
3301.70234	0.04638
3299.77378	0.04650
3297.84521	0.04662
3295.91665	0.04672
3293.98809	0.04671
3292.05952	0.04670
3290.13096	0.04666
3288.20239	0.04647
3286.27383	0.04640
3284.34526	0.04653
3282.41670	0.04652
3280.48813	0.04625
3278.55957	0.04600
3276.63101	0.04587
3274.70244	0.04571
3272.77388	0.04538
3270.84531	0.04502
3268.91675	0.04476
3266.98818	0.04458
3265.05962	0.04444
3263.13105	0.04422
3261.20249	0.04386
3259.27393	0.04352
3257.34536	0.04322
3255.41680	0.04285
3253.48823	0.04252
3251.55967	0.04237
3249.63110	0.04226
3247.70254	0.04196
3245.77397	0.04154
3243.84541	0.04123
3241.91685	0.04099
3239.98828	0.04074
3238.05972	0.04053
3236.13115	0.04040
3234.20259	0.04027
3232.27402	0.04005
3230.34546	0.03974
3228.41689	0.03954
3226.48833	0.03954
3224.55977	0.03947
3222.63120	0.03920
3220.70264	0.03892
3218.77407	0.03881
3216.84551	0.03878
3214.91694	0.03871
3212.98838	0.03858
3211.05981	0.03829
3209.13125	0.03786
3207.20269	0.03757
3205.27412	0.03749
3203.34556	0.03740
3201.41699	0.03715
3199.48843	0.03677
3197.55986	0.03637
3195.63130	0.03598
3193.70273	0.03566
3191.77417	0.03550
3189.84561	0.03531
3187.91704	0.03494
3185.98848	0.03461
3184.05991	0.03442
3182.13135	0.03426
3180.20278	0.03403
3178.27422	0.03370
3176.34565	0.03329
3174.41709	0.03298
3172.48853	0.03285
3170.55996	0.03273
3168.63140	0.03243
3166.70283	0.03202
3164.77427	0.03166
3162.84570	0.03135
3160.91714	0.03109
3158.98857	0.03093
3157.06001	0.03087
3155.13145	0.03080
3153.20288	0.03050
3151.27432	0.02999
3149.34575	0.02950
3147.41719	0.02916
3145.48862	0.02898
3143.56006	0.02885
3141.63149	0.02862
3139.70293	0.02824
3137.77437	0.02792
3135.84580	0.02782
3133.91724	0.02785
3131.98867	0.02779
3130.06011	0.02755
3128.13154	0.02714
3126.20298	0.02670
3124.27441	0.02640
3122.34585	0.02628
3120.41729	0.02616
3118.48872	0.02600
3116.56016	0.02594
3114.63159	0.02589
3112.70303	0.02570
3110.77446	0.02547
3108.84590	0.02537
3106.91733	0.02528
3104.98877	0.02510
3103.06021	0.02491
3101.13164	0.02482
3099.20308	0.02481
3097.27451	0.02476
3095.34595	0.02460
3093.41738	0.02451
3091.48882	0.02462
3089.56025	0.02471
3087.63169	0.02457
3085.70312	0.02425
3083.77456	0.02391
3081.84600	0.02363
3079.91743	0.02344
3077.98887	0.02341
3076.06030	0.02351
3074.13174	0.02351
3072.20317	0.02329
3070.27461	0.02298
3068.34604	0.02277
3066.41748	0.02268
3064.48892	0.02261
3062.56035	0.02246
3060.63179	0.02220
3058.70322	0.02193
3056.77466	0.02171
3054.84609	0.02156
3052.91753	0.02135
3050.98896	0.02101
3049.06040	0.02070
3047.13184	0.02058
3045.20327	0.02041
3043.27471	0.02009
3041.34614	0.01978
3039.41758	0.01964
3037.48901	0.01954
3035.56045	0.01938
3033.63188	0.01918
3031.70332	0.01899
3029.77476	0.01878
3027.84619	0.01853
3025.91763	0.01836
3023.98906	0.01834
3022.06050	0.01833
3020.13193	0.01818
3018.20337	0.01794
3016.27480	0.01781
3014.34624	0.01788
3012.41768	0.01806
3010.48911	0.01821
3008.56055	0.01829
3006.63198	0.01845
3004.70342	0.01877
3002.77485	0.01915
3000.84629	0.01948
2998.91772	0.01982
2996.98916	0.02031
2995.06060	0.02104
2993.13203	0.02203
2991.20347	0.02326
2989.27490	0.02478
2987.34634	0.02660
2985.41777	0.02861
2983.48921	0.03092
2981.56064	0.03378
2979.63208	0.03739
2977.70352	0.04167
2975.77495	0.04658
2973.84639	0.05240
2971.91782	0.05937
2969.98926	0.06743
2968.06069	0.07643
2966.13213	0.08615
2964.20356	0.09597
2962.27500	0.10490
2960.34644	0.11213
2958.41787	0.11760
2956.48931	0.12204
2954.56074	0.12602
2952.63218	0.12907
2950.70361	0.12977
2948.77505	0.12677
2946.84648	0.12003
2944.91792	0.11132
2942.98936	0.10339
2941.06079	0.09837
2939.13223	0.09705
2937.20366	0.09928
2935.27510	0.10457
2933.34653	0.11226
2931.41797	0.12161
2929.48940	0.13187
2927.56084	0.14224
2925.63228	0.15191
2923.70371	0.16048
2921.77515	0.16774
2919.84658	0.17297
2917.91802	0.17506
2915.98945	0.17337
2914.06089	0.16856
2912.13232	0.16234
2910.20376	0.15628
2908.27520	0.15086
2906.34663	0.14576
2904.41807	0.14052
2902.48950	0.13500
2900.56094	0.12933
2898.63237	0.12367
2896.70381	0.11825
2894.77524	0.11346
2892.84668	0.10954
2890.91812	0.10659
2888.98955	0.10446
2887.06099	0.10291
2885.13242	0.10208
2883.20386	0.10216
2881.27529	0.10308
2879.34673	0.10443
2877.41816	0.10563
2875.48960	0.10625
2873.56104	0.10643
2871.63247	0.10679
2869.70391	0.10753
2867.77534	0.10789
2865.84678	0.10646
2863.91821	0.10244
2861.98965	0.09676
2860.06108	0.09161
2858.13252	0.08865
2856.20396	0.08808
2854.27539	0.08907
2852.34683	0.09050
2850.41826	0.09147
2848.48970	0.09189
2846.56113	0.09268
2844.63257	0.09479
2842.70400	0.09828
2840.77544	0.10207
2838.84687	0.10442
2836.91831	0.10363
2834.98975	0.09887
2833.06118	0.09091
2831.13262	0.08190
2829.20405	0.07378
2827.27549	0.06736
2825.34692	0.06260
2823.41836	0.05903
2821.48979	0.05620
2819.56123	0.05387
2817.63267	0.05192
2815.70410	0.05031
2813.77554	0.04897
2811.84697	0.04777
2809.91841	0.04655
2807.98984	0.04528
2806.06128	0.04405
2804.13271	0.04290
2802.20415	0.04185
2800.27559	0.04091
2798.34702	0.04010
2796.41846	0.03938
2794.48989	0.03870
2792.56133	0.03803
2790.63276	0.03734
2788.70420	0.03659
2786.77563	0.03580
2784.84707	0.03505
2782.91851	0.03439
2780.98994	0.03382
2779.06138	0.03327
2777.13281	0.03278
2775.20425	0.03241
2773.27568	0.03211
2771.34712	0.03180
2769.41855	0.03148
2767.48999	0.03113
2765.56143	0.03078
2763.63286	0.03047
2761.70430	0.03021
2759.77573	0.03000
2757.84717	0.02977
2755.91860	0.02949
2753.99004	0.02923
2752.06147	0.02904
2750.13291	0.02890
2748.20435	0.02878
2746.27578	0.02869
2744.34722	0.02866
2742.41865	0.02868
2740.49009	0.02864
2738.56152	0.02857
2736.63296	0.02856
2734.70439	0.02868
2732.77583	0.02888
2730.84727	0.02903
2728.91870	0.02915
2726.99014	0.02934
2725.06157	0.02955
2723.13301	0.02963
2721.20444	0.02953
2719.27588	0.02921
2717.34731	0.02876
2715.41875	0.02834
2713.49019	0.02795
2711.56162	0.02753
2709.63306	0.02717
2707.70449	0.02688
2705.77593	0.02659
2703.84736	0.02626
2701.91880	0.02598
2699.99023	0.02575
2698.06167	0.02555
2696.13311	0.02541
2694.20454	0.02536
2692.27598	0.02537
2690.34741	0.02535
2688.41885	0.02528
2686.49028	0.02519
2684.56172	0.02514
2682.63315	0.02507
2680.70459	0.02500
2678.77603	0.02496
2676.84746	0.02493
2674.91890	0.02486
2672.99033	0.02478
2671.06177	0.02469
2669.13320	0.02461
2667.20464	0.02462
2665.27607	0.02473
2663.34751	0.02486
2661.41895	0.02496
2659.49038	0.02501
2657.56182	0.02497
2655.63325	0.02485
2653.70469	0.02479
2651.77612	0.02476
2649.84756	0.02467
2647.91899	0.02446
2645.99043	0.02418
2644.06187	0.02393
2642.13330	0.02379
2640.20474	0.02370
2638.27617	0.02354
2636.34761	0.02330
2634.41904	0.02310
2632.49048	0.02295
2630.56191	0.02280
2628.63335	0.02265
2626.70479	0.02256
2624.77622	0.02256
2622.84766	0.02256
2620.91909	0.02244
2618.99053	0.02219
2617.06196	0.02198
2615.13340	0.02191
2613.20483	0.02188
2611.27627	0.02175
2609.34771	0.02155
2607.41914	0.02135
2605.49058	0.02118
2603.56201	0.02098
2601.63345	0.02073
2599.70488	0.02053
2597.77632	0.02044
2595.84775	0.02040
2593.91919	0.02036
2591.99062	0.02034
2590.06206	0.02038
2588.13350	0.02034
2586.20493	0.02021
2584.27637	0.02015
2582.34780	0.02024
2580.41924	0.02032
2578.49067	0.02027
2576.56211	0.02001
2574.63354	0.01963
2572.70498	0.01933
2570.77642	0.01919
2568.84785	0.01907
2566.91929	0.01887
2564.99072	0.01866
2563.06216	0.01854
2561.13359	0.01841
2559.20503	0.01829
2557.27646	0.01820
2555.34790	0.01806
2553.41934	0.01789
2551.49077	0.01772
2549.56221	0.01752
2547.63364	0.01733
2545.70508	0.01724
2543.77651	0.01718
2541.84795	0.01709
2539.91938	0.01699
2537.99082	0.01691
2536.06226	0.01679
2534.13369	0.01665
2532.20513	0.01656
2530.27656	0.01652
2528.34800	0.01643
2526.41943	0.01635
2524.49087	0.01633
2522.56230	0.01629
2520.63374	0.01625
2518.70518	0.01620
2516.77661	0.01608
2514.84805	0.01597
2512.91948	0.01591
2510.99092	0.01582
2509.06235	0.01569
2507.13379	0.01561
2505.20522	0.01563
2503.27666	0.01570
2501.34810	0.01568
2499.41953	0.01560
2497.49097	0.01550
2495.56240	0.01534
2493.63384	0.01512
2491.70527	0.01501
2489.77671	0.01508
2487.84814	0.01514
2485.91958	0.01505
2483.99102	0.01493
2482.06245	0.01484
2480.13389	0.01476
2478.20532	0.01472
2476.27676	0.01472
2474.34819	0.01472
2472.41963	0.01469
2470.49106	0.01462
2468.56250	0.01455
2466.63394	0.01449
2464.70537	0.01449
2462.77681	0.01458
2460.84824	0.01471
2458.91968	0.01478
2456.99111	0.01486
2455.06255	0.01496
2453.13398	0.01494
2451.20542	0.01481
2449.27686	0.01468
2447.34829	0.01459
2445.41973	0.01453
2443.49116	0.01446
2441.56260	0.01440
2439.63403	0.01430
2437.70547	0.01422
2435.77690	0.01425
2433.84834	0.01428
2431.91978	0.01417
2429.99121	0.01405
2428.06265	0.01400
2426.13408	0.01399
2424.20552	0.01398
2422.27695	0.01389
2420.34839	0.01371
2418.41982	0.01361
2416.49126	0.01357
2414.56270	0.01352
2412.63413	0.01355
2410.70557	0.01361
2408.77700	0.01348
2406.84844	0.01320
2404.91987	0.01303
2402.99131	0.01301
2401.06274	0.01308
2399.13418	0.01509
2397.20562	0.01541
2395.27705	0.01458
2393.34849	0.01360
2391.41992	0.01259
2389.49136	0.01151
2387.56279	0.01034
2385.63423	0.00912
2383.70566	0.00797
2381.77710	0.00714
2379.84854	0.00689
2377.91997	0.00725
2375.99141	0.00804
2374.06284	0.00870
2372.13428	0.00871
2370.20571	0.00860
2368.27715	0.00817
2366.34858	0.00767
2364.42002	0.00686
2362.49146	0.00629
2360.56289	0.00642
2358.63433	0.00620
2356.70576	0.00556
2354.77720	0.00428
2352.84863	0.00214
2350.92007	0.00012
2348.99150	-0.00007
2347.06294	0.00172
2345.13437	0.00448
2343.20581	0.00563
2341.27725	0.00461
2339.34868	0.00437
2337.42012	0.00526
2335.49155	0.00633
2333.56299	0.00756
2331.63442	0.00798
2329.70586	0.00815
2327.77729	0.00798
2325.84873	0.00996
2323.92017	0.01265
2321.99160	0.01445
2320.06304	0.01463
2318.13447	0.01437
2316.20591	0.01369
2314.27734	0.01311
2312.34878	0.01247
2310.42021	0.01148
2308.49165	0.01073
2306.56309	0.01019
2304.63452	0.01008
2302.70596	0.01033
2300.77739	0.01070
2298.84883	0.01112
2296.92026	0.01156
2294.99170	0.01195
2293.06313	0.01245
2291.13457	0.01309
2289.20601	0.01377
2287.27744	0.01448
2285.34888	0.01507
2283.42031	0.01539
2281.49175	0.01544
2279.56318	0.01526
2277.63462	0.01494
2275.70605	0.01462
2273.77749	0.01438
2271.84893	0.01417
2269.92036	0.01404
2267.99180	0.01394
2266.06323	0.01359
2264.13467	0.01314
2262.20610	0.01296
2260.27754	0.01305
2258.34897	0.01314
2256.42041	0.01297
2254.49185	0.01243
2252.56328	0.01180
2250.63472	0.01161
2248.70615	0.01275
2246.77759	0.01272
2244.84902	0.01262
2242.92046	0.01259
2240.99189	0.01259
2239.06333	0.01258
2237.13477	0.01265
2235.20620	0.01292
2233.27764	0.01317
2231.34907	0.01312
2229.42051	0.01290
2227.49194	0.01290
2225.56338	0.01300
2223.63481	0.01285
2221.70625	0.01262
2219.77769	0.01255
2217.84912	0.01249
2215.92056	0.01239
2213.99199	0.01238
2212.06343	0.01234
2210.13486	0.01222
2208.20630	0.01218
2206.27773	0.01222
2204.34917	0.01225
2202.42061	0.01230
2200.49204	0.01234
2198.56348	0.01242
2196.63491	0.01262
2194.70635	0.01267
2192.77778	0.01262
2190.84922	0.01287
2188.92065	0.01330
2186.99209	0.01361
2185.06353	0.01362
2183.13496	0.01295
2181.20640	0.01204
2179.27783	0.01188
2177.34927	0.01193
2175.42070	0.01156
2173.49214	0.01150
2171.56357	0.01241
2169.63501	0.01398
2167.70645	0.01535
2165.77788	0.01582
2163.84932	0.01563
2161.92075	0.01437
2159.99219	0.01024
2158.06362	0.00532
2156.13506	0.00391
2154.20649	0.00512
2152.27793	0.00636
2150.34937	0.00703
2148.42080	0.00718
2146.49224	0.00719
2144.56367	0.00730
2142.63511	0.00734
2140.70654	0.00740
2138.77798	0.00747
2136.84941	0.00706
2134.92085	0.00632
2132.99229	0.00614
2131.06372	0.00669
2129.13516	0.00741
2127.20659	0.00805
2125.27803	0.00864
2123.34946	0.00912
2121.42090	0.00949
2119.49233	0.00982
2117.56377	0.01022
2115.63521	0.01073
2113.70664	0.01120
2111.77808	0.01144
2109.84951	0.01151
2107.92095	0.01159
2105.99238	0.01156
2104.06382	0.01138
2102.13525	0.01124
2100.20669	0.01107
2098.27812	0.01069
2096.34956	0.01004
2094.42100	0.00950
2092.49243	0.00956
2090.56387	0.01004
2088.63530	0.01050
2086.70674	0.01079
2084.77817	0.01097
2082.84961	0.01112
2080.92104	0.01130
2078.99248	0.01145
2077.06392	0.01148
2075.13535	0.01150
2073.20679	0.01159
2071.27822	0.01167
2069.34966	0.01162
2067.42109	0.01140
2065.49253	0.01111
2063.56396	0.01100
2061.63540	0.01110
2059.70684	0.01131
2057.77827	0.01151
2055.84971	0.01150
2053.92114	0.01187
2051.99258	0.01306
2050.06401	0.01364
2048.13545	0.01275
2046.20688	0.01166
2044.27832	0.01137
2042.34976	0.01170
2040.42119	0.01224
2038.49263	0.01250
2036.56406	0.01208
2034.63550	0.01110
2032.70693	0.01012
2030.77837	0.00938
2028.84980	0.00896
2026.92124	0.00902
2024.99268	0.00933
2023.06411	0.00948
2021.13555	0.00921
2019.20698	0.00878
2017.27842	0.00868
2015.34985	0.00893
2013.42129	0.00928
2011.49272	0.00957
2009.56416	0.00941
2007.63560	0.00861
2005.70703	0.00786
2003.77847	0.00787
2001.84990	0.00842
1999.92134	0.00889
1997.99277	0.00922
1996.06421	0.00950
1994.13564	0.00967
1992.20708	0.00976
1990.27852	0.01002
1988.34995	0.01044
1986.42139	0.01099
1984.49282	0.01189
1982.56426	0.01302
1980.63569	0.01342
1978.70713	0.01216
1976.77856	0.00996
1974.85000	0.00840
1972.92144	0.00788
1970.99287	0.00790
1969.06431	0.00792
1967.13574	0.00769
1965.20718	0.00751
1963.27861	0.00753
1961.35005	0.00742
1959.42148	0.00702
1957.49292	0.00675
1955.56436	0.00692
1953.63579	0.00726
1951.70723	0.00747
1949.77866	0.00756
1947.85010	0.00763
1945.92153	0.00769
1943.99297	0.00771
1942.06440	0.00775
1940.13584	0.00781
1938.20728	0.00784
1936.27871	0.00778
1934.35015	0.00761
1932.42158	0.00744
1930.49302	0.00747
1928.56445	0.00766
1926.63589	0.00785
1924.70732	0.00800
1922.77876	0.00821
1920.85020	0.00842
1918.92163	0.00844
1916.99307	0.00830
1915.06450	0.00823
1913.13594	0.00832
1911.20737	0.00850
1909.27881	0.00862
1907.35024	0.00856
1905.42168	0.00852
1903.49312	0.00868
1901.56455	0.00890
1899.63599	0.00899
1897.70742	0.00903
1895.77886	0.00904
1893.85029	0.00897
1891.92173	0.00888
1889.99316	0.00888
1888.06460	0.00892
1886.13604	0.00895
1884.20747	0.00897
1882.27891	0.00905
1880.35034	0.00917
1878.42178	0.00926
1876.49321	0.00925
1874.56465	0.00905
1872.63608	0.00878
1870.70752	0.00867
1868.77896	0.00878
1866.85039	0.00891
1864.92183	0.00896
1862.99326	0.00897
1861.06470	0.00901
1859.13613	0.00906
1857.20757	0.00905
1855.27900	0.00899
1853.35044	0.00898
1851.42187	0.00908
1849.49331	0.00922
1847.56475	0.00930
1845.63618	0.00928
1843.70762	0.00924
1841.77905	0.00928
1839.85049	0.00938
1837.92192	0.00943
1835.99336	0.00941
1834.06479	0.00939
1832.13623	0.00945
1830.20767	0.00961
1828.27910	0.00979
1826.35054	0.00992
1824.42197	0.01000
1822.49341	0.01002
1820.56484	0.00987
1818.63628	0.00959
1816.70771	0.00945
1814.77915	0.00956
1812.85059	0.00979
1810.92202	0.01000
1808.99346	0.01026
1807.06489	0.01057
1805.13633	0.01084
1803.20776	0.01103
1801.27920	0.01119
1799.35063	0.01132
1797.42207	0.01139
1795.49351	0.01145
1793.56494	0.01159
1791.63638	0.01188
1789.70781	0.01226
1787.77925	0.01261
1785.85068	0.01290
1783.92212	0.01316
1781.99355	0.01343
1780.06499	0.01367
1778.13643	0.01381
1776.20786	0.01389
1774.27930	0.01403
1772.35073	0.01431
1770.42217	0.01468
1768.49360	0.01504
1766.56504	0.01535
1764.63647	0.01568
1762.70791	0.01614
1760.77935	0.01679
1758.85078	0.01758
1756.92222	0.01850
1754.99365	0.01952
1753.06509	0.02067
1751.13652	0.02214
1749.20796	0.02389
1747.27939	0.02564
1745.35083	0.02720
1743.42227	0.02864
1741.49370	0.02998
1739.56514	0.03108
1737.63657	0.03181
1735.70801	0.03232
1733.77944	0.03282
1731.85088	0.03318
1729.92231	0.03333
1727.99375	0.03341
1726.06519	0.03353
1724.13662	0.03368
1722.20806	0.03383
1720.27949	0.03403
1718.35093	0.03439
1716.42236	0.03492
1714.49380	0.03545
1712.56523	0.03588
1710.63667	0.03620
1708.70811	0.03645
1706.77954	0.03667
1704.85098	0.03696
1702.92241	0.03739
1700.99385	0.03808
1699.06528	0.03897
1697.13672	0.03994
1695.20815	0.04103
1693.27959	0.04213
1691.35103	0.04315
1689.42246	0.04419
1687.49390	0.04524
1685.56533	0.04659
1683.63677	0.04841
1681.70820	0.05015
1679.77964	0.05150
1677.85107	0.05280
1675.92251	0.05429
1673.99395	0.05586
1672.06538	0.05732
1670.13682	0.05888
1668.20825	0.06048
1666.27969	0.06181
1664.35112	0.06303
1662.42256	0.06435
1660.49399	0.06553
1658.56543	0.06634
1656.63687	0.06684
1654.70830	0.06737
1652.77974	0.06802
1650.85117	0.06837
1648.92261	0.06831
1646.99404	0.06816
1645.06548	0.06808
1643.13691	0.06795
1641.20835	0.06772
1639.27979	0.06736
1637.35122	0.06702
1635.42266	0.06688
1633.49409	0.06670
1631.56553	0.06618
1629.63696	0.06532
1627.70840	0.06425
1625.77983	0.06292
1623.85127	0.06127
1621.92271	0.05944
1619.99414	0.05773
1618.06558	0.05613
1616.13701	0.05460
1614.20845	0.05328
1612.27988	0.05217
1610.35132	0.05119
1608.42275	0.05031
1606.49419	0.04952
1604.56562	0.04879
1602.63706	0.04809
1600.70850	0.04743
1598.77993	0.04682
1596.85137	0.04623
1594.92280	0.04565
1592.99424	0.04514
1591.06567	0.04470
1589.13711	0.04430
1587.20854	0.04394
1585.27998	0.04366
1583.35142	0.04341
1581.42285	0.04319
1579.49429	0.04301
1577.56572	0.04294
1575.63716	0.04297
1573.70859	0.04302
1571.78003	0.04305
1569.85146	0.04313
1567.92290	0.04333
1565.99434	0.04361
1564.06577	0.04392
1562.13721	0.04425
1560.20864	0.04479
1558.28008	0.04566
1556.35151	0.04642
1554.42295	0.04690
1552.49438	0.04724
1550.56582	0.04754
1548.63726	0.04776
1546.70869	0.04786
1544.78013	0.04779
1542.85156	0.04754
1540.92300	0.04714
1538.99443	0.04664
1537.06587	0.04613
1535.13730	0.04559
1533.20874	0.04494
1531.28018	0.04418
1529.35161	0.04334
1527.42305	0.04247
1525.49448	0.04161
1523.56592	0.04077
1521.63735	0.03993
1519.70879	0.03910
1517.78022	0.03828
1515.85166	0.03736
1513.92310	0.03638
1511.99453	0.03540
1510.06597	0.03435
1508.13740	0.03314
1506.20884	0.03193
1504.28027	0.03103
1502.35171	0.03043
1500.42314	0.02991
1498.49458	0.02941
1496.56602	0.02899
1494.63745	0.02864
1492.70889	0.02833
1490.78032	0.02810
1488.85176	0.02809
1486.92319	0.02836
1484.99463	0.02888
1483.06606	0.02972
1481.13750	0.03104
1479.20894	0.03305
1477.28037	0.03614
1475.35181	0.04104
1473.42324	0.04842
1471.49468	0.05766
1469.56611	0.06698
1467.63755	0.07606
1465.70898	0.08559
1463.78042	0.09455
1461.85186	0.10105
1459.92329	0.10520
1457.99473	0.10849
1456.06616	0.11121
1454.13760	0.11245
1452.20903	0.11183
1450.28047	0.10902
1448.35190	0.10343
1446.42334	0.09558
1444.49478	0.08735
1442.56621	0.08053
1440.63765	0.07603
1438.70908	0.07378
1436.78052	0.07258
1434.85195	0.07047
1432.92339	0.06649
1430.99482	0.06145
1429.06626	0.05690
1427.13770	0.05379
1425.20913	0.05190
1423.28057	0.05071
1421.35200	0.04991
1419.42344	0.04936
1417.49487	0.04898
1415.56631	0.04862
1413.63774	0.04820
1411.70918	0.04771
1409.78062	0.04717
1407.85205	0.04664
1405.92349	0.04615
1403.99492	0.04566
1402.06636	0.04512
1400.13779	0.04457
1398.20923	0.04412
1396.28066	0.04386
1394.35210	0.04384
1392.42354	0.04407
1390.49497	0.04472
1388.56641	0.04650
1386.63784	0.05056
1384.70928	0.05832
1382.78071	0.07154
1380.85215	0.09136
1378.92358	0.11491
1376.99502	0.13319
1375.06646	0.13632
1373.13789	0.12367
1371.20933	0.10468
1369.28076	0.08798
1367.35220	0.07667
1365.42363	0.07062
1363.49507	0.06850
1361.56650	0.06867
1359.63794	0.06911
1357.70937	0.06795
1355.78081	0.06473
1353.85225	0.06052
1351.92368	0.05668
1349.99512	0.05375
1348.06655	0.05156
1346.13799	0.04986
1344.20942	0.04851
1342.28086	0.04743
1340.35229	0.04658
1338.42373	0.04602
1336.49517	0.04582
1334.56660	0.04600
1332.63804	0.04643
1330.70947	0.04682
1328.78091	0.04689
1326.85234	0.04654
1324.92378	0.04588
1322.99521	0.04514
1321.06665	0.04457
1319.13809	0.04422
1317.20952	0.04395
1315.28096	0.04368
1313.35239	0.04348
1311.42383	0.04358
1309.49526	0.04424
1307.56670	0.04553
1305.63813	0.04691
1303.70957	0.04753
1301.78101	0.04724
1299.85244	0.04672
1297.92388	0.04650
1295.99531	0.04641
1294.06675	0.04615
1292.13818	0.04566
1290.20962	0.04508
1288.28105	0.04459
1286.35249	0.04428
1284.42393	0.04415
1282.49536	0.04415
1280.56680	0.04422
1278.63823	0.04430
1276.70967	0.04439
1274.78110	0.04461
1272.85254	0.04501
1270.92397	0.04551
1268.99541	0.04616
1267.06685	0.04710
1265.13828	0.04830
1263.20972	0.04959
1261.28115	0.05089
1259.35259	0.05219
1257.42402	0.05320
1255.49546	0.05342
1253.56689	0.05267
1251.63833	0.05138
1249.70977	0.05019
1247.78120	0.04939
1245.85264	0.04887
1243.92407	0.04847
1241.99551	0.04813
1240.06694	0.04785
1238.13838	0.04762
1236.20981	0.04740
1234.28125	0.04717
1232.35269	0.04693
1230.42412	0.04672
1228.49556	0.04668
1226.56699	0.04684
1224.63843	0.04714
1222.70986	0.04746
1220.78130	0.04767
1218.85273	0.04761
1216.92417	0.04727
1214.99561	0.04677
1213.06704	0.04618
1211.13848	0.04556
1209.20991	0.04501
1207.28135	0.04457
1205.35278	0.04422
1203.42422	0.04397
1201.49565	0.04386
1199.56709	0.04389
1197.63853	0.04399
1195.70996	0.04406
1193.78140	0.04414
1191.85283	0.04432
1189.92427	0.04461
1187.99570	0.04502
1186.06714	0.04554
1184.13857	0.04625
1182.21001	0.04726
1180.28145	0.04866
1178.35288	0.05046
1176.42432	0.05291
1174.49575	0.05637
1172.56719	0.06082
1170.63862	0.06555
1168.71006	0.06927
1166.78149	0.07092
1164.85293	0.07062
1162.92437	0.06934
1160.99580	0.06795
1159.06724	0.06691
1157.13867	0.06633
1155.21011	0.06609
1153.28154	0.06580
1151.35298	0.06506
1149.42441	0.06379
1147.49585	0.06227
1145.56729	0.06081
1143.63872	0.05949
1141.71016	0.05835
1139.78159	0.05742
1137.85303	0.05675
1135.92446	0.05635
1133.99590	0.05625
1132.06733	0.05640
1130.13877	0.05679
1128.21021	0.05736
1126.28164	0.05807
1124.35308	0.05882
1122.42451	0.05952
1120.49595	0.06019
1118.56738	0.06090
1116.63882	0.06169
1114.71025	0.06260
1112.78169	0.06362
1110.85312	0.06473
1108.92456	0.06606
1106.99600	0.06763
1105.06743	0.06920
1103.13887	0.07038
1101.21030	0.07097
1099.28174	0.07099
1097.35317	0.07074
1095.42461	0.07066
1093.49604	0.07085
1091.56748	0.07111
1089.63892	0.07137
1087.71035	0.07168
1085.78179	0.07196
1083.85322	0.07215
1081.92466	0.07227
1079.99609	0.07237
1078.06753	0.07258
1076.13896	0.07284
1074.21040	0.07291
1072.28184	0.07276
1070.35327	0.07256
1068.42471	0.07249
1066.49614	0.07260
1064.56758	0.07280
1062.63901	0.07298
1060.71045	0.07320
1058.78188	0.07357
1056.85332	0.07404
1054.92476	0.07454
1052.99619	0.07514
1051.06763	0.07591
1049.13906	0.07684
1047.21050	0.07776
1045.28193	0.07836
1043.35337	0.07850
1041.42480	0.07836
1039.49624	0.07812
1037.56768	0.07777
1035.63911	0.07731
1033.71055	0.07679
1031.78198	0.07611
1029.85342	0.07516
1027.92485	0.07412
1025.99629	0.07318
1024.06772	0.07225
1022.13916	0.07126
1020.21060	0.07022
1018.28203	0.06922
1016.35347	0.06832
1014.42490	0.06741
1012.49634	0.06649
1010.56777	0.06574
1008.63921	0.06535
1006.71064	0.06549
1004.78208	0.06668
1002.85352	0.06969
1000.92495	0.07448
998.99639	0.07871
997.06782	0.07890
995.13926	0.07429
993.21069	0.06760
991.28213	0.06167
989.35356	0.05745
987.42500	0.05482
985.49644	0.05355
983.56787	0.05359
981.63931	0.05515
979.71074	0.05850
977.78218	0.06371
975.85361	0.06981
973.92505	0.07406
971.99648	0.07336
970.06792	0.06756
968.13936	0.05986
966.21079	0.05325
964.28223	0.04855
962.35366	0.04529
960.42510	0.04296
958.49653	0.04116
956.56797	0.03958
954.63940	0.03818
952.71084	0.03705
950.78228	0.03621
948.85371	0.03564
946.92515	0.03540
944.99658	0.03549
943.06802	0.03566
941.13945	0.03552
939.21089	0.03476
937.28232	0.03345
935.35376	0.03205
933.42520	0.03097
931.49663	0.03025
929.56807	0.02976
927.63950	0.02933
925.71094	0.02889
923.78237	0.02857
921.85381	0.02844
919.92524	0.02840
917.99668	0.02837
916.06812	0.02836
914.13955	0.02844
912.21099	0.02867
910.28242	0.02909
908.35386	0.02987
906.42529	0.03141
904.49673	0.03409
902.56816	0.03761
900.63960	0.04051
898.71104	0.04098
896.78247	0.03863
894.85391	0.03502
892.92534	0.03199
890.99678	0.03005
889.06821	0.02883
887.13965	0.02790
885.21108	0.02720
883.28252	0.02685
881.35396	0.02678
879.42539	0.02675
877.49683	0.02666
875.56826	0.02658
873.63970	0.02656
871.71113	0.02671
869.78257	0.02711
867.85400	0.02749
865.92544	0.02765
863.99687	0.02777
862.06831	0.02804
860.13975	0.02839
858.21118	0.02867
856.28262	0.02888
854.35405	0.02934
852.42549	0.03032
850.49692	0.03180
848.56836	0.03402
846.63979	0.03806
844.71123	0.04486
842.78267	0.05253
840.85410	0.05560
838.92554	0.05147
836.99697	0.04441
835.06841	0.03920
833.13984	0.03642
831.21128	0.03496
829.28271	0.03431
827.35415	0.03418
825.42559	0.03428
823.49702	0.03457
821.56846	0.03520
819.63989	0.03623
817.71133	0.03778
815.78276	0.04012
813.85420	0.04338
811.92563	0.04691
809.99707	0.04936
808.06851	0.04966
806.13994	0.04811
804.21138	0.04597
802.28281	0.04408
800.35425	0.04255
798.42568	0.04113
796.49712	0.03977
794.56855	0.03851
792.63999	0.03724
790.71143	0.03592
788.78286	0.03484
786.85430	0.03419
784.92573	0.03383
782.99717	0.03367
781.06860	0.03361
779.14004	0.03356
777.21147	0.03339
775.28291	0.03310
773.35435	0.03290
771.42578	0.03290
769.49722	0.03305
767.56865	0.03329
765.64009	0.03361
763.71152	0.03398
761.78296	0.03432
759.85439	0.03461
757.92583	0.03502
755.99727	0.03559
754.06870	0.03611
752.14014	0.03647
750.21157	0.03684
748.28301	0.03734
746.35444	0.03788
744.42588	0.03837
742.49731	0.03889
740.56875	0.03955
738.64019	0.04037
736.71162	0.04144
734.78306	0.04287
732.85449	0.04457
730.92593	0.04609
728.99736	0.04711
727.06880	0.04805
725.14023	0.04949
723.21167	0.05062
721.28311	0.05236
719.35454	0.05316
717.42598	0.05229
715.49741	0.05070
713.56885	0.04912
711.64028	0.04818
709.71172	0.04802
707.78315	0.04845
705.85459	0.04909
703.92603	0.04974
701.99746	0.05044
700.06890	0.05109
698.14033	0.05121
696.21177	0.05046
694.28320	0.04909
692.35464	0.04786
690.42607	0.04725
688.49751	0.04708
686.56895	0.04705
684.64038	0.04704
682.71182	0.04703
680.78325	0.04696
678.85469	0.04686
676.92612	0.04671
674.99756	0.04654
673.06899	0.04727
671.14043	0.05251
669.21187	0.06038
667.28330	0.05622
665.35474	0.05422
663.42617	0.05078
661.49761	0.04966
659.56904	0.05004
657.64048	0.05046
655.71191	0.05074
653.78335	0.05090
651.85479	0.05077
649.92622	0.05081
647.99766	0.05141
646.06909	0.05226
644.14053	0.05298
642.21196	0.05332
640.28340	0.05362
638.35483	0.05445
636.42627	0.05565
634.49771	0.05663
632.56914	0.05726
630.64058	0.05741
628.71201	0.05702
626.78345	0.05674
624.85488	0.05657
622.92632	0.05610
620.99775	0.05580
619.06919	0.05575
617.14062	0.05613
615.21206	0.05699
613.28350	0.05770
611.35493	0.05810
609.42637	0.05832
607.49780	0.05835
605.56924	0.05804
603.64067	0.05738
601.71211	0.05702
599.78354	0.05740
