3997.91411	0.02364
3995.98555	0.02348
3994.05698	0.02330
3992.12842	0.02324
3990.19985	0.02329
3988.27129	0.02335
3986.34272	0.02340
3984.41416	0.02340
3982.48560	0.02333
3980.55703	0.02326
3978.62847	0.02327
3976.69990	0.02333
3974.77134	0.02338
3972.84277	0.02345
3970.91421	0.02350
3968.98564	0.02346
3967.05708	0.02340
3965.12852	0.02334
3963.19995	0.02327
3961.27139	0.02323
3959.34282	0.02321
3957.41426	0.02316
3955.48569	0.02317
3953.55713	0.02329
3951.62856	0.02331
3949.70000	0.02318
3947.77144	0.02309
3945.84287	0.02317
3943.91431	0.02330
3941.98574	0.02334
3940.05718	0.02331
3938.12861	0.02328
3936.20005	0.02328
3934.27148	0.02327
3932.34292	0.02323
3930.41436	0.02322
3928.48579	0.02327
3926.55723	0.02335
3924.62866	0.02338
3922.70010	0.02336
3920.77153	0.02332
3918.84297	0.02327
3916.91440	0.02321
3914.98584	0.02318
3913.05728	0.02319
3911.12871	0.02320
3909.20015	0.02323
3907.27158	0.02329
3905.34302	0.02331
3903.41445	0.02321
3901.48589	0.02312
3899.55732	0.02312
3897.62876	0.02311
3895.70020	0.02301
3893.77163	0.02292
3891.84307	0.02298
3889.91450	0.02316
3887.98594	0.02331
3886.05737	0.02330
3884.12881	0.02314
3882.20024	0.02290
3880.27168	0.02270
3878.34312	0.02268
3876.41455	0.02278
3874.48599	0.02288
3872.55742	0.02291
3870.62886	0.02289
3868.70029	0.02278
3866.77173	0.02260
3864.84316	0.02253
3862.91460	0.02269
3860.98604	0.02290
3859.05747	0.02291
3857.12891	0.02269
3855.20034	0.02245
3853.27178	0.02236
3851.34321	0.02245
3849.41465	0.02257
3847.48608	0.02256
3845.55752	0.02249
3843.62896	0.02246
3841.70039	0.02249
3839.77183	0.02248
3837.84326	0.02242
3835.91470	0.02236
3833.98613	0.02235
3832.05757	0.02238
3830.12900	0.02236
3828.20044	0.02221
3826.27187	0.02203
3824.34331	0.02199
3822.41475	0.02212
3820.48618	0.02232
3818.55762	0.02243
3816.62905	0.02240
3814.70049	0.02232
3812.77192	0.02228
3810.84336	0.02228
3808.91479	0.02224
3806.98623	0.02213
3805.05767	0.02199
3803.12910	0.02189
3801.20054	0.02190
3799.27197	0.02194
3797.34341	0.02191
3795.41484	0.02187
3793.48628	0.02185
3791.55771	0.02183
3789.62915	0.02182
3787.70059	0.02180
3785.77202	0.02176
3783.84346	0.02172
3781.91489	0.02170
3779.98633	0.02169
3778.05776	0.02168
3776.12920	0.02164
3774.20063	0.02155
3772.27207	0.02144
3770.34351	0.02138
3768.41494	0.02143
3766.48638	0.02150
3764.55781	0.02146
3762.62925	0.02139
3760.70068	0.02137
3758.77212	0.02138
3756.84355	0.02133
3754.91499	0.02121
3752.98643	0.02111
3751.05786	0.02115
3749.12930	0.02127
3747.20073	0.02127
3745.27217	0.02117
3743.34360	0.02114
3741.41504	0.02119
3739.48647	0.02131
3737.55791	0.02142
3735.62935	0.02141
3733.70078	0.02139
3731.77222	0.02154
3729.84365	0.02186
3727.91509	0.02197
3725.98652	0.02201
3724.05796	0.02188
3722.12939	0.02170
3720.20083	0.02163
3718.27227	0.02147
3716.34370	0.02133
3714.41514	0.02124
3712.48657	0.02116
3710.55801	0.02132
3708.62944	0.02163
3706.70088	0.02186
3704.77231	0.02187
3702.84375	0.02187
3700.91519	0.02203
3698.98662	0.02225
3697.05806	0.02240
3695.12949	0.02241
3693.20093	0.02220
3691.27236	0.02194
3689.34380	0.02179
3687.41523	0.02184
3685.48667	0.02189
3683.55811	0.02183
3681.62954	0.02177
3679.70098	0.02173
3677.77241	0.02160
3675.84385	0.02148
3673.91528	0.02149
3671.98672	0.02150
3670.05815	0.02147
3668.12959	0.02158
3666.20103	0.02180
3664.27246	0.02196
3662.34390	0.02201
3660.41533	0.02205
3658.48677	0.02216
3656.55820	0.02234
3654.62964	0.02247
3652.70107	0.02245
3650.77251	0.02241
3648.84395	0.02264
3646.91538	0.02310
3644.98682	0.02346
3643.05825	0.02357
3641.12969	0.02351
3639.20112	0.02352
3637.27256	0.02374
3635.34399	0.02411
3633.41543	0.02436
3631.48687	0.02438
3629.55830	0.02443
3627.62974	0.02457
3625.70117	0.02480
3623.77261	0.02503
3621.84404	0.02504
3619.91548	0.02503
3617.98691	0.02512
3616.05835	0.02528
3614.12979	0.02555
3612.20122	0.02579
3610.27266	0.02597
3608.34409	0.02621
3606.41553	0.02639
3604.48696	0.02648
3602.55840	0.02668
3600.62983	0.02697
3598.70127	0.02720
3596.77271	0.02732
3594.84414	0.02737
3592.91558	0.02732
3590.98701	0.02723
3589.05845	0.02715
3587.12988	0.02716
3585.20132	0.02727
3583.27275	0.02752
3581.34419	0.02791
3579.41562	0.02820
3577.48706	0.02824
3575.55850	0.02823
3573.62993	0.02825
3571.70137	0.02822
3569.77280	0.02822
3567.84424	0.02848
3565.91567	0.02894
3563.98711	0.02938
3562.05854	0.02974
3560.12998	0.03007
3558.20142	0.03032
3556.27285	0.03049
3554.34429	0.03065
3552.41572	0.03077
3550.48716	0.03082
3548.55859	0.03093
3546.63003	0.03120
3544.70146	0.03150
3542.77290	0.03169
3540.84434	0.03180
3538.91577	0.03195
3536.98721	0.03222
3535.05864	0.03253
3533.13008	0.03273
3531.20151	0.03275
3529.27295	0.03267
3527.34438	0.03278
3525.41582	0.03318
3523.48726	0.03357
3521.55869	0.03377
3519.63013	0.03395
3517.70156	0.03417
3515.77300	0.03426
3513.84443	0.03418
3511.91587	0.03414
3509.98730	0.03429
3508.05874	0.03458
3506.13018	0.03488
3504.20161	0.03518
3502.27305	0.03548
3500.34448	0.03569
3498.41592	0.03572
3496.48735	0.03573
3494.55879	0.03593
3492.63022	0.03624
3490.70166	0.03647
3488.77310	0.03665
3486.84453	0.03678
3484.91597	0.03680
3482.98740	0.03678
3481.05884	0.03690
3479.13027	0.03711
3477.20171	0.03725
3475.27314	0.03732
3473.34458	0.03732
3471.41602	0.03733
3469.48745	0.03755
3467.55889	0.03802
3465.63032	0.03841
3463.70176	0.03847
3461.77319	0.03835
3459.84463	0.03840
3457.91606	0.03862
3455.98750	0.03879
3454.05894	0.03892
3452.13037	0.03913
3450.20181	0.03931
3448.27324	0.03949
3446.34468	0.03976
3444.41611	0.04005
3442.48755	0.04019
3440.55898	0.04019
3438.63042	0.04024
3436.70186	0.04034
3434.77329	0.04049
3432.84473	0.04075
3430.91616	0.04107
3428.98760	0.04128
3427.05903	0.04137
3425.13047	0.04152
3423.20190	0.04174
3421.27334	0.04184
3419.34478	0.04178
3417.41621	0.04176
3415.48765	0.04185
3413.55908	0.04195
3411.63052	0.04198
3409.70195	0.04197
3407.77339	0.04200
3405.84482	0.04207
3403.91626	0.04204
3401.98770	0.04194
3400.05913	0.04200
3398.13057	0.04221
3396.20200	0.04234
3394.27344	0.04230
3392.34487	0.04232
3390.41631	0.04252
3388.48774	0.04269
3386.55918	0.04273
3384.63062	0.04282
3382.70205	0.04303
3380.77349	0.04315
3378.84492	0.04302
3376.91636	0.04280
3374.98779	0.04274
3373.05923	0.04273
3371.13066	0.04260
3369.20210	0.04245
3367.27354	0.04249
3365.34497	0.04271
3363.41641	0.04289
3361.48784	0.04294
3359.55928	0.04298
3357.63071	0.04304
3355.70215	0.04310
3353.77358	0.04328
3351.84502	0.04350
3349.91646	0.04350
3347.98789	0.04331
3346.05933	0.04326
3344.13076	0.04337
3342.20220	0.04344
3340.27363	0.04343
3338.34507	0.04345
3336.41650	0.04364
3334.48794	0.04393
3332.55937	0.04415
3330.63081	0.04427
3328.70225	0.04433
3326.77368	0.04442
3324.84512	0.04462
3322.91655	0.04482
3320.98799	0.04493
3319.05942	0.04501
3317.13086	0.04510
3315.20229	0.04514
3313.27373	0.04517
3311.34517	0.04531
3309.41660	0.04553
3307.48804	0.04570
3305.55947	0.04576
3303.63091	0.04569
3301.70234	0.04556
3299.77378	0.04551
3297.84521	0.04548
3295.91665	0.04537
3293.98809	0.04519
3292.05952	0.04503
3290.13096	0.04487
3288.20239	0.04467
3286.27383	0.04449
3284.34526	0.04436
3282.41670	0.04427
3280.48813	0.04422
3278.55957	0.04423
3276.63101	0.04409
3274.70244	0.04369
3272.77388	0.04331
3270.84531	0.04323
3268.91675	0.04326
3266.98818	0.04312
3265.05962	0.04290
3263.13105	0.04286
3261.20249	0.04298
3259.27393	0.04298
3257.34536	0.04271
3255.41680	0.04231
3253.48823	0.04198
3251.55967	0.04175
3249.63110	0.04152
3247.70254	0.04134
3245.77397	0.04137
3243.84541	0.04147
3241.91685	0.04141
3239.98828	0.04120
3238.05972	0.04097
3236.13115	0.04078
3234.20259	0.04065
3232.27402	0.04052
3230.34546	0.04031
3228.41689	0.04012
3226.48833	0.04010
3224.55977	0.04012
3222.63120	0.04005
3220.70264	0.03995
3218.77407	0.03983
3216.84551	0.03966
3214.91694	0.03950
3212.98838	0.03938
3211.05981	0.03932
3209.13125	0.03927
3207.20269	0.03911
3205.27412	0.03891
3203.34556	0.03880
3201.41699	0.03872
3199.48843	0.03864
3197.55986	0.03854
3195.63130	0.03833
3193.70273	0.03801
3191.77417	0.03772
3189.84561	0.03754
3187.91704	0.03741
3185.98848	0.03732
3184.05991	0.03738
3182.13135	0.03748
3180.20278	0.03744
3178.27422	0.03729
3176.34565	0.03713
3174.41709	0.03696
3172.48853	0.03679
3170.55996	0.03663
3168.63140	0.03650
3166.70283	0.03633
3164.77427	0.03605
3162.84570	0.03577
3160.91714	0.03566
3158.98857	0.03565
3157.06001	0.03549
3155.13145	0.03517
3153.20288	0.03495
3151.27432	0.03498
3149.34575	0.03508
3147.41719	0.03504
3145.48862	0.03491
3143.56006	0.03473
3141.63149	0.03451
3139.70293	0.03433
3137.77437	0.03422
3135.84580	0.03408
3133.91724	0.03392
3131.98867	0.03378
3130.06011	0.03364
3128.13154	0.03349
3126.20298	0.03331
3124.27441	0.03313
3122.34585	0.03303
3120.41729	0.03300
3118.48872	0.03292
3116.56016	0.03282
3114.63159	0.03275
3112.70303	0.03271
3110.77446	0.03261
3108.84590	0.03246
3106.91733	0.03236
3104.98877	0.03233
3103.06021	0.03220
3101.13164	0.03197
3099.20308	0.03183
3097.27451	0.03176
3095.34595	0.03171
3093.41738	0.03166
3091.48882	0.03155
3089.56025	0.03139
3087.63169	0.03126
3085.70312	0.03109
3083.77456	0.03082
3081.84600	0.03068
3079.91743	0.03070
3077.98887	0.03073
3076.06030	0.03072
3074.13174	0.03068
3072.20317	0.03060
3070.27461	0.03046
3068.34604	0.03024
3066.41748	0.03007
3064.48892	0.03000
3062.56035	0.02989
3060.63179	0.02970
3058.70322	0.02952
3056.77466	0.02943
3054.84609	0.02944
3052.91753	0.02945
3050.98896	0.02934
3049.06040	0.02912
3047.13184	0.02887
3045.20327	0.02863
3043.27471	0.02841
3041.34614	0.02821
3039.41758	0.02794
3037.48901	0.02750
3035.56045	0.02697
3033.63188	0.02650
3031.70332	0.02614
3029.77476	0.02590
3027.84619	0.02575
3025.91763	0.02567
3023.98906	0.02568
3022.06050	0.02572
3020.13193	0.02564
3018.20337	0.02545
3016.27480	0.02536
3014.34624	0.02541
3012.41768	0.02547
3010.48911	0.02556
3008.56055	0.02571
3006.63198	0.02595
3004.70342	0.02631
3002.77485	0.02683
3000.84629	0.02738
2998.91772	0.02787
2996.98916	0.02839
2995.06060	0.02902
2993.13203	0.02977
2991.20347	0.03067
2989.27490	0.03169
2987.34634	0.03274
2985.41777	0.03385
2983.48921	0.03507
2981.56064	0.03646
2979.63208	0.03805
2977.70352	0.03975
2975.77495	0.04144
2973.84639	0.04298
2971.91782	0.04459
2969.98926	0.04730
2968.06069	0.05156
2966.13213	0.05628
2964.20356	0.06052
2962.27500	0.06437
2960.34644	0.06788
2958.41787	0.07094
2956.48931	0.07359
2954.56074	0.07591
2952.63218	0.07802
2950.70361	0.08025
2948.77505	0.08322
2946.84648	0.08769
2944.91792	0.09404
2942.98936	0.10227
2941.06079	0.11250
2939.13223	0.12486
2937.20366	0.13928
2935.27510	0.15565
2933.34653	0.17403
2931.41797	0.19498
2929.48940	0.21937
2927.56084	0.24793
2925.63228	0.28156
2923.70371	0.32119
2921.77515	0.36632
2919.84658	0.41274
2917.91802	0.45045
2915.98945	0.46647
2914.06089	0.45514
2912.13232	0.42419
2910.20376	0.38688
2908.27520	0.35237
2906.34663	0.32404
2904.41807	0.30164
2902.48950	0.28354
2900.56094	0.26841
2898.63237	0.25537
2896.70381	0.24359
2894.77524	0.23240
2892.84668	0.22140
2890.91812	0.21051
2888.98955	0.19988
2887.06099	0.18972
2885.13242	0.18010
2883.20386	0.17095
2881.27529	0.16230
2879.34673	0.15433
2877.41816	0.14731
2875.48960	0.14160
2873.56104	0.13744
2871.63247	0.13464
2869.70391	0.13288
2867.77534	0.13243
2865.84678	0.13430
2863.91821	0.13960
2861.98965	0.14940
2860.06108	0.16515
2858.13252	0.18894
2856.20396	0.22376
2854.27539	0.27269
2852.34683	0.33364
2850.41826	0.38966
2848.48970	0.41046
2846.56113	0.38381
2844.63257	0.33158
2842.70400	0.27873
2840.77544	0.23513
2838.84687	0.20168
2836.91831	0.17665
2834.98975	0.15791
2833.06118	0.14370
2831.13262	0.13272
2829.20405	0.12407
2827.27549	0.11706
2825.34692	0.11112
2823.41836	0.10606
2821.48979	0.10177
2819.56123	0.09802
2817.63267	0.09472
2815.70410	0.09182
2813.77554	0.08924
2811.84697	0.08693
2809.91841	0.08484
2807.98984	0.08276
2806.06128	0.08072
2804.13271	0.07891
2802.20415	0.07734
2800.27559	0.07589
2798.34702	0.07455
2796.41846	0.07328
2794.48989	0.07200
2792.56133	0.07071
2790.63276	0.06950
2788.70420	0.06840
2786.77563	0.06738
2784.84707	0.06642
2782.91851	0.06549
2780.98994	0.06459
2779.06138	0.06367
2777.13281	0.06280
2775.20425	0.06201
2773.27568	0.06126
2771.34712	0.06053
2769.41855	0.05984
2767.48999	0.05919
2765.56143	0.05863
2763.63286	0.05811
2761.70430	0.05758
2759.77573	0.05706
2757.84717	0.05661
2755.91860	0.05622
2753.99004	0.05583
2752.06147	0.05542
2750.13291	0.05503
2748.20435	0.05471
2746.27578	0.05449
2744.34722	0.05429
2742.41865	0.05410
2740.49009	0.05393
2738.56152	0.05374
2736.63296	0.05351
2734.70439	0.05319
2732.77583	0.05282
2730.84727	0.05245
2728.91870	0.05217
2726.99014	0.05201
2725.06157	0.05182
2723.13301	0.05151
2721.20444	0.05114
2719.27588	0.05079
2717.34731	0.05047
2715.41875	0.05020
2713.49019	0.04996
2711.56162	0.04970
2709.63306	0.04942
2707.70449	0.04913
2705.77593	0.04885
2703.84736	0.04861
2701.91880	0.04847
2699.99023	0.04836
2698.06167	0.04821
2696.13311	0.04798
2694.20454	0.04773
2692.27598	0.04755
2690.34741	0.04752
2688.41885	0.04754
2686.49028	0.04748
2684.56172	0.04737
2682.63315	0.04724
2680.70459	0.04711
2678.77603	0.04703
2676.84746	0.04703
2674.91890	0.04704
2672.99033	0.04701
2671.06177	0.04698
2669.13320	0.04703
2667.20464	0.04711
2665.27607	0.04714
2663.34751	0.04715
2661.41895	0.04714
2659.49038	0.04711
2657.56182	0.04706
2655.63325	0.04703
2653.70469	0.04704
2651.77612	0.04698
2649.84756	0.04680
2647.91899	0.04659
2645.99043	0.04640
2644.06187	0.04625
2642.13330	0.04620
2640.20474	0.04616
2638.27617	0.04598
2636.34761	0.04574
2634.41904	0.04552
2632.49048	0.04526
2630.56191	0.04500
2628.63335	0.04475
2626.70479	0.04440
2624.77622	0.04402
2622.84766	0.04371
2620.91909	0.04336
2618.99053	0.04292
2617.06196	0.04250
2615.13340	0.04220
2613.20483	0.04197
2611.27627	0.04173
2609.34771	0.04146
2607.41914	0.04122
2605.49058	0.04109
2603.56201	0.04103
2601.63345	0.04088
2599.70488	0.04060
2597.77632	0.04020
2595.84775	0.03980
2593.91919	0.03949
2591.99062	0.03931
2590.06206	0.03920
2588.13350	0.03907
2586.20493	0.03888
2584.27637	0.03866
2582.34780	0.03847
2580.41924	0.03827
2578.49067	0.03802
2576.56211	0.03777
2574.63354	0.03760
2572.70498	0.03749
2570.77642	0.03730
2568.84785	0.03706
2566.91929	0.03687
2564.99072	0.03678
2563.06216	0.03670
2561.13359	0.03653
2559.20503	0.03626
2557.27646	0.03602
2555.34790	0.03590
2553.41934	0.03583
2551.49077	0.03575
2549.56221	0.03564
2547.63364	0.03549
2545.70508	0.03528
2543.77651	0.03503
2541.84795	0.03486
2539.91938	0.03479
2537.99082	0.03474
2536.06226	0.03462
2534.13369	0.03449
2532.20513	0.03443
2530.27656	0.03436
2528.34800	0.03422
2526.41943	0.03413
2524.49087	0.03411
2522.56230	0.03406
2520.63374	0.03396
2518.70518	0.03378
2516.77661	0.03355
2514.84805	0.03337
2512.91948	0.03326
2510.99092	0.03309
2509.06235	0.03287
2507.13379	0.03267
2505.20522	0.03247
2503.27666	0.03231
2501.34810	0.03230
2499.41953	0.03235
2497.49097	0.03234
2495.56240	0.03224
2493.63384	0.03207
2491.70527	0.03190
2489.77671	0.03179
2487.84814	0.03166
2485.91958	0.03151
2483.99102	0.03135
2482.06245	0.03123
2480.13389	0.03121
2478.20532	0.03120
2476.27676	0.03109
2474.34819	0.03095
2472.41963	0.03093
2470.49106	0.03103
2468.56250	0.03105
2466.63394	0.03089
2464.70537	0.03068
2462.77681	0.03054
2460.84824	0.03050
2458.91968	0.03049
2456.99111	0.03048
2455.06255	0.03047
2453.13398	0.03043
2451.20542	0.03032
2449.27686	0.03018
2447.34829	0.02994
2445.41973	0.02968
2443.49116	0.02956
2441.56260	0.02957
2439.63403	0.02947
2437.70547	0.02930
2435.77690	0.02921
2433.84834	0.02917
2431.91978	0.02909
2429.99121	0.02896
2428.06265	0.02890
2426.13408	0.02892
2424.20552	0.02895
2422.27695	0.02896
2420.34839	0.02892
2418.41982	0.02878
2416.49126	0.02868
2414.56270	0.02867
2412.63413	0.02869
2410.70557	0.02872
2408.77700	0.02861
2406.84844	0.02830
2404.91987	0.02802
2402.99131	0.02799
2401.06274	0.02804
2399.13418	0.02559
2397.20562	0.02524
2395.27705	0.02631
2393.34849	0.02751
2391.41992	0.02869
2389.49136	0.02995
2387.56279	0.03135
2385.63423	0.03280
2383.70566	0.03397
2381.77710	0.03448
2379.84854	0.03413
2377.91997	0.03292
2375.99141	0.03128
2374.06284	0.02994
2372.13428	0.02949
2370.20571	0.02980
2368.27715	0.02884
2366.34858	0.02785
2364.42002	0.02968
2362.49146	0.02952
2360.56289	0.03178
2358.63433	0.03584
2356.70576	0.03124
2354.77720	0.03785
2352.84863	0.04338
2350.92007	0.04250
2348.99150	0.04176
2347.06294	0.03654
2345.13437	0.03051
2343.20581	0.03446
2341.27725	0.04700
2339.34868	0.05079
2337.42012	0.04467
2335.49155	0.03397
2333.56299	0.02653
2331.63442	0.02458
2329.70586	0.02621
2327.77729	0.03081
2325.84873	0.03338
2323.92017	0.03268
2321.99160	0.03090
2320.06304	0.02919
2318.13447	0.02863
2316.20591	0.02906
2314.27734	0.02975
2312.34878	0.03101
2310.42021	0.03284
2308.49165	0.03411
2306.56309	0.03509
2304.63452	0.03518
2302.70596	0.03442
2300.77739	0.03357
2298.84883	0.03284
2296.92026	0.03234
2294.99170	0.03214
2293.06313	0.03225
2291.13457	0.03208
2289.20601	0.03172
2287.27744	0.03093
2285.34888	0.02971
2283.42031	0.02856
2281.49175	0.02764
2279.56318	0.02712
2277.63462	0.02697
2275.70605	0.02698
2273.77749	0.02697
2271.84893	0.02678
2269.92036	0.02651
2267.99180	0.02626
2266.06323	0.02619
2264.13467	0.02635
2262.20610	0.02680
2260.27754	0.02725
2258.34897	0.02725
2256.42041	0.02678
2254.49185	0.02643
2252.56328	0.02685
2250.63472	0.02738
2248.70615	0.02592
2246.77759	0.02579
2244.84902	0.02575
2242.92046	0.02584
2240.99189	0.02580
2239.06333	0.02551
2237.13477	0.02521
2235.20620	0.02514
2233.27764	0.02516
2231.34907	0.02508
2229.42051	0.02493
2227.49194	0.02482
2225.56338	0.02485
2223.63481	0.02490
2221.70625	0.02480
2219.77769	0.02461
2217.84912	0.02446
2215.92056	0.02431
2213.99199	0.02408
2212.06343	0.02383
2210.13486	0.02378
2208.20630	0.02395
2206.27773	0.02410
2204.34917	0.02406
2202.42061	0.02397
2200.49204	0.02403
2198.56348	0.02416
2196.63491	0.02414
2194.70635	0.02414
2192.77778	0.02424
2190.84922	0.02418
2188.92065	0.02405
2186.99209	0.02413
2185.06353	0.02417
2183.13496	0.02369
2181.20640	0.02313
2179.27783	0.02306
2177.34927	0.02297
2175.42070	0.02253
2173.49214	0.02243
2171.56357	0.02331
2169.63501	0.02494
2167.70645	0.02625
2165.77788	0.02646
2163.84932	0.02631
2161.92075	0.02556
2159.99219	0.02202
2158.06362	0.01732
2156.13506	0.01569
2154.20649	0.01657
2152.27793	0.01763
2150.34937	0.01842
2148.42080	0.01904
2146.49224	0.01921
2144.56367	0.01885
2142.63511	0.01840
2140.70654	0.01832
2138.77798	0.01846
2136.84941	0.01814
2134.92085	0.01730
2132.99229	0.01689
2131.06372	0.01752
2129.13516	0.01849
2127.20659	0.01912
2125.27803	0.01953
2123.34946	0.02001
2121.42090	0.02054
2119.49233	0.02107
2117.56377	0.02154
2115.63521	0.02192
2113.70664	0.02219
2111.77808	0.02231
2109.84951	0.02230
2107.92095	0.02211
2105.99238	0.02180
2104.06382	0.02163
2102.13525	0.02171
2100.20669	0.02188
2098.27812	0.02181
2096.34956	0.02141
2094.42100	0.02104
2092.49243	0.02113
2090.56387	0.02154
2088.63530	0.02189
2086.70674	0.02210
2084.77817	0.02232
2082.84961	0.02259
2080.92104	0.02275
2078.99248	0.02274
2077.06392	0.02269
2075.13535	0.02267
2073.20679	0.02264
2071.27822	0.02262
2069.34966	0.02255
2067.42109	0.02245
2065.49253	0.02240
2063.56396	0.02238
2061.63540	0.02245
2059.70684	0.02266
2057.77827	0.02279
2055.84971	0.02274
2053.92114	0.02328
2051.99258	0.02452
2050.06401	0.02489
2048.13545	0.02377
2046.20688	0.02264
2044.27832	0.02238
2042.34976	0.02256
2040.42119	0.02259
2038.49263	0.02243
2036.56406	0.02230
2034.63550	0.02205
2032.70693	0.02163
2030.77837	0.02134
2028.84980	0.02104
2026.92124	0.02052
2024.99268	0.02003
2023.06411	0.01989
2021.13555	0.02003
2019.20698	0.02000
2017.27842	0.01971
2015.34985	0.01957
2013.42129	0.01994
2011.49272	0.02051
2009.56416	0.02037
2007.63560	0.01925
2005.70703	0.01829
2003.77847	0.01845
2001.84990	0.01923
1999.92134	0.01988
1997.99277	0.02032
1996.06421	0.02065
1994.13564	0.02089
1992.20708	0.02111
1990.27852	0.02131
1988.34995	0.02136
1986.42139	0.02132
1984.49282	0.02170
1982.56426	0.02273
1980.63569	0.02346
1978.70713	0.02264
1976.77856	0.02082
1974.85000	0.01945
1972.92144	0.01874
1970.99287	0.01841
1969.06431	0.01842
1967.13574	0.01842
1965.20718	0.01815
1963.27861	0.01779
1961.35005	0.01747
1959.42148	0.01709
1957.49292	0.01706
1955.56436	0.01774
1953.63579	0.01857
1951.70723	0.01889
1949.77866	0.01871
1947.85010	0.01840
1945.92153	0.01840
1943.99297	0.01887
1942.06440	0.01935
1940.13584	0.01936
1938.20728	0.01910
1936.27871	0.01901
1934.35015	0.01916
1932.42158	0.01918
1930.49302	0.01898
1928.56445	0.01893
1926.63589	0.01924
1924.70732	0.01969
1922.77876	0.02000
1920.85020	0.01998
1918.92163	0.01982
1916.99307	0.01982
1915.06450	0.02004
1913.13594	0.02028
1911.20737	0.02041
1909.27881	0.02043
1907.35024	0.02042
1905.42168	0.02043
1903.49312	0.02047
1901.56455	0.02052
1899.63599	0.02053
1897.70742	0.02049
1895.77886	0.02049
1893.85029	0.02058
1891.92173	0.02066
1889.99316	0.02067
1888.06460	0.02059
1886.13604	0.02043
1884.20747	0.02030
1882.27891	0.02028
1880.35034	0.02033
1878.42178	0.02036
1876.49321	0.02044
1874.56465	0.02054
1872.63608	0.02054
1870.70752	0.02043
1868.77896	0.02033
1866.85039	0.02029
1864.92183	0.02026
1862.99326	0.02021
1861.06470	0.02015
1859.13613	0.02014
1857.20757	0.02026
1855.27900	0.02044
1853.35044	0.02055
1851.42187	0.02055
1849.49331	0.02047
1847.56475	0.02035
1845.63618	0.02022
1843.70762	0.02015
1841.77905	0.02012
1839.85049	0.02012
1837.92192	0.02016
1835.99336	0.02027
1834.06479	0.02044
1832.13623	0.02058
1830.20767	0.02069
1828.27910	0.02080
1826.35054	0.02095
1824.42197	0.02110
1822.49341	0.02112
1820.56484	0.02094
1818.63628	0.02071
1816.70771	0.02069
1814.77915	0.02094
1812.85059	0.02130
1810.92202	0.02163
1808.99346	0.02195
1807.06489	0.02224
1805.13633	0.02249
1803.20776	0.02276
1801.27920	0.02312
1799.35063	0.02357
1797.42207	0.02400
1795.49351	0.02440
1793.56494	0.02491
1791.63638	0.02561
1789.70781	0.02637
1787.77925	0.02712
1785.85068	0.02789
1783.92212	0.02856
1781.99355	0.02898
1780.06499	0.02917
1778.13643	0.02913
1776.20786	0.02880
1774.27930	0.02827
1772.35073	0.02776
1770.42217	0.02727
1768.49360	0.02664
1766.56504	0.02580
1764.63647	0.02482
1762.70791	0.02389
1760.77935	0.02325
1758.85078	0.02300
1756.92222	0.02311
1754.99365	0.02354
1753.06509	0.02447
1751.13652	0.02624
1749.20796	0.02880
1747.27939	0.03167
1745.35083	0.03450
1743.42227	0.03726
1741.49370	0.04004
1739.56514	0.04285
1737.63657	0.04567
1735.70801	0.04903
1733.77944	0.05305
1731.85088	0.05640
1729.92231	0.05854
1727.99375	0.06068
1726.06519	0.06384
1724.13662	0.06780
1722.20806	0.07159
1720.27949	0.07468
1718.35093	0.07761
1716.42236	0.08088
1714.49380	0.08412
1712.56523	0.08669
1710.63667	0.08823
1708.70811	0.08861
1706.77954	0.08794
1704.85098	0.08652
1702.92241	0.08469
1700.99385	0.08254
1699.06528	0.08032
1697.13672	0.07816
1695.20815	0.07579
1693.27959	0.07338
1691.35103	0.07124
1689.42246	0.06945
1687.49390	0.06804
1685.56533	0.06692
1683.63677	0.06606
1681.70820	0.06551
1679.77964	0.06524
1677.85107	0.06512
1675.92251	0.06513
1673.99395	0.06524
1672.06538	0.06536
1670.13682	0.06547
1668.20825	0.06559
1666.27969	0.06569
1664.35112	0.06578
1662.42256	0.06591
1660.49399	0.06610
1658.56543	0.06634
1656.63687	0.06655
1654.70830	0.06680
1652.77974	0.06718
1650.85117	0.06751
1648.92261	0.06773
1646.99404	0.06804
1645.06548	0.06855
1643.13691	0.06914
1641.20835	0.06964
1639.27979	0.06984
1637.35122	0.06959
1635.42266	0.06904
1633.49409	0.06857
1631.56553	0.06828
1629.63696	0.06801
1627.70840	0.06760
1625.77983	0.06701
1623.85127	0.06623
1621.92271	0.06537
1619.99414	0.06458
1618.06558	0.06386
1616.13701	0.06323
1614.20845	0.06275
1612.27988	0.06239
1610.35132	0.06209
1608.42275	0.06181
1606.49419	0.06156
1604.56562	0.06137
1602.63706	0.06123
1600.70850	0.06115
1598.77993	0.06113
1596.85137	0.06119
1594.92280	0.06128
1592.99424	0.06140
1591.06567	0.06160
1589.13711	0.06194
1587.20854	0.06247
1585.27998	0.06323
1583.35142	0.06422
1581.42285	0.06529
1579.49429	0.06610
1577.56572	0.06638
1575.63716	0.06606
1573.70859	0.06534
1571.78003	0.06440
1569.85146	0.06334
1567.92290	0.06234
1565.99434	0.06155
1564.06577	0.06095
1562.13721	0.06050
1560.20864	0.06020
1558.28008	0.06015
1556.35151	0.06034
1554.42295	0.06064
1552.49438	0.06100
1550.56582	0.06144
1548.63726	0.06198
1546.70869	0.06266
1544.78013	0.06335
1542.85156	0.06362
1540.92300	0.06293
1538.99443	0.06124
1537.06587	0.05922
1535.13730	0.05711
1533.20874	0.05479
1531.28018	0.05258
1529.35161	0.05079
1527.42305	0.04933
1525.49448	0.04807
1523.56592	0.04696
1521.63735	0.04596
1519.70879	0.04510
1517.78022	0.04443
1515.85166	0.04389
1513.92310	0.04342
1511.99453	0.04294
1510.06597	0.04246
1508.13740	0.04202
1506.20884	0.04170
1504.28027	0.04158
1502.35171	0.04157
1500.42314	0.04161
1498.49458	0.04172
1496.56602	0.04193
1494.63745	0.04226
1492.70889	0.04270
1490.78032	0.04334
1488.85176	0.04426
1486.92319	0.04545
1484.99463	0.04700
1483.06606	0.04918
1481.13750	0.05279
1479.20894	0.06062
1477.28037	0.07885
1475.35181	0.11203
1473.42324	0.15163
1471.49468	0.17751
1469.56611	0.18278
1467.63755	0.17960
1465.70898	0.17710
1463.78042	0.17395
1461.85186	0.16611
1459.92329	0.15373
1457.99473	0.14032
1456.06616	0.12938
1454.13760	0.12163
1452.20903	0.11535
1450.28047	0.10952
1448.35190	0.10459
1446.42334	0.10104
1444.49478	0.09872
1442.56621	0.09708
1440.63765	0.09571
1438.70908	0.09441
1436.78052	0.09301
1434.85195	0.09149
1432.92339	0.08982
1430.99482	0.08786
1429.06626	0.08578
1427.13770	0.08401
1425.20913	0.08281
1423.28057	0.08218
1421.35200	0.08201
1419.42344	0.08216
1417.49487	0.08247
1415.56631	0.08278
1413.63774	0.08290
1411.70918	0.08263
1409.78062	0.08184
1407.85205	0.08062
1405.92349	0.07907
1403.99492	0.07731
1402.06636	0.07553
1400.13779	0.07379
1398.20923	0.07213
1396.28066	0.07069
1394.35210	0.06955
1392.42354	0.06863
1390.49497	0.06777
1388.56641	0.06681
1386.63784	0.06593
1384.70928	0.06555
1382.78071	0.06603
1380.85215	0.06724
1378.92358	0.06837
1376.99502	0.06840
1375.06646	0.06711
1373.13789	0.06533
1371.20933	0.06409
1369.28076	0.06342
1367.35220	0.06260
1365.42363	0.06157
1363.49507	0.06086
1361.56650	0.06049
1359.63794	0.06009
1357.70937	0.05948
1355.78081	0.05878
1353.85225	0.05830
1351.92368	0.05826
1349.99512	0.05859
1348.06655	0.05914
1346.13799	0.05976
1344.20942	0.06039
1342.28086	0.06102
1340.35229	0.06163
1338.42373	0.06213
1336.49517	0.06246
1334.56660	0.06267
1332.63804	0.06289
1330.70947	0.06320
1328.78091	0.06362
1326.85234	0.06411
1324.92378	0.06468
1322.99521	0.06535
1321.06665	0.06614
1319.13809	0.06701
1317.20952	0.06783
1315.28096	0.06854
1313.35239	0.06911
1311.42383	0.06959
1309.49526	0.07007
1307.56670	0.07060
1305.63813	0.07116
1303.70957	0.07177
1301.78101	0.07243
1299.85244	0.07313
1297.92388	0.07387
1295.99531	0.07457
1294.06675	0.07513
1292.13818	0.07547
1290.20962	0.07563
1288.28105	0.07572
1286.35249	0.07592
1284.42393	0.07626
1282.49536	0.07662
1280.56680	0.07679
1278.63823	0.07679
1276.70967	0.07669
1274.78110	0.07652
1272.85254	0.07630
1270.92397	0.07614
1268.99541	0.07624
1267.06685	0.07667
1265.13828	0.07727
1263.20972	0.07780
1261.28115	0.07810
1259.35259	0.07813
1257.42402	0.07790
1255.49546	0.07750
1253.56689	0.07713
1251.63833	0.07688
1249.70977	0.07668
1247.78120	0.07646
1245.85264	0.07611
1243.92407	0.07554
1241.99551	0.07460
1240.06694	0.07312
1238.13838	0.07105
1236.20981	0.06859
1234.28125	0.06600
1232.35269	0.06363
1230.42412	0.06187
1228.49556	0.06105
1226.56699	0.06131
1224.63843	0.06240
1222.70986	0.06311
1220.78130	0.06149
1218.85273	0.05785
1216.92417	0.05575
1214.99561	0.05705
1213.06704	0.05955
1211.13848	0.06093
1209.20991	0.06118
1207.28135	0.06118
1205.35278	0.06160
1203.42422	0.06277
1201.49565	0.06468
1199.56709	0.06710
1197.63853	0.06984
1195.70996	0.07272
1193.78140	0.07551
1191.85283	0.07807
1189.92427	0.08047
1187.99570	0.08266
1186.06714	0.08455
1184.13857	0.08624
1182.21001	0.08781
1180.28145	0.08927
1178.35288	0.09056
1176.42432	0.09163
1174.49575	0.09260
1172.56719	0.09350
1170.63862	0.09420
1168.71006	0.09460
1166.78149	0.09470
1164.85293	0.09460
1162.92437	0.09432
1160.99580	0.09380
1159.06724	0.09309
1157.13867	0.09239
1155.21011	0.09177
1153.28154	0.09119
1151.35298	0.09064
1149.42441	0.09013
1147.49585	0.08959
1145.56729	0.08909
1143.63872	0.08875
1141.71016	0.08864
1139.78159	0.08878
1137.85303	0.08925
1135.92446	0.08993
1133.99590	0.09062
1132.06733	0.09121
1130.13877	0.09169
1128.21021	0.09206
1126.28164	0.09243
1124.35308	0.09289
1122.42451	0.09343
1120.49595	0.09402
1118.56738	0.09473
1116.63882	0.09559
1114.71025	0.09651
1112.78169	0.09737
1110.85312	0.09818
1108.92456	0.09895
1106.99600	0.09965
1105.06743	0.10036
1103.13887	0.10108
1101.21030	0.10166
1099.28174	0.10207
1097.35317	0.10229
1095.42461	0.10233
1093.49604	0.10237
1091.56748	0.10260
1089.63892	0.10302
1087.71035	0.10352
1085.78179	0.10404
1083.85322	0.10444
1081.92466	0.10455
1079.99609	0.10450
1078.06753	0.10449
1076.13896	0.10446
1074.21040	0.10429
1072.28184	0.10404
1070.35327	0.10389
1068.42471	0.10397
1066.49614	0.10422
1064.56758	0.10448
1062.63901	0.10468
1060.71045	0.10487
1058.78188	0.10501
1056.85332	0.10502
1054.92476	0.10497
1052.99619	0.10503
1051.06763	0.10533
1049.13906	0.10573
1047.21050	0.10610
1045.28193	0.10645
1043.35337	0.10675
1041.42480	0.10694
1039.49624	0.10703
1037.56768	0.10703
1035.63911	0.10691
1033.71055	0.10667
1031.78198	0.10633
1029.85342	0.10585
1027.92485	0.10514
1025.99629	0.10426
1024.06772	0.10338
1022.13916	0.10254
1020.21060	0.10166
1018.28203	0.10081
1016.35347	0.10005
1014.42490	0.09922
1012.49634	0.09826
1010.56777	0.09715
1008.63921	0.09593
1006.71064	0.09469
1004.78208	0.09345
1002.85352	0.09218
1000.92495	0.09091
998.99639	0.08973
997.06782	0.08856
995.13926	0.08736
993.21069	0.08621
991.28213	0.08518
989.35356	0.08419
987.42500	0.08321
985.49644	0.08234
983.56787	0.08166
981.63931	0.08094
979.71074	0.07996
977.78218	0.07873
975.85361	0.07750
973.92505	0.07641
971.99648	0.07552
970.06792	0.07482
968.13936	0.07420
966.21079	0.07361
964.28223	0.07298
962.35366	0.07231
960.42510	0.07171
958.49653	0.07120
956.56797	0.07075
954.63940	0.07034
952.71084	0.06995
950.78228	0.06960
948.85371	0.06924
946.92515	0.06881
944.99658	0.06839
943.06802	0.06809
941.13945	0.06790
939.21089	0.06770
937.28232	0.06732
935.35376	0.06678
933.42520	0.06625
931.49663	0.06583
929.56807	0.06543
927.63950	0.06497
925.71094	0.06447
923.78237	0.06404
921.85381	0.06375
919.92524	0.06358
917.99668	0.06349
916.06812	0.06358
914.13955	0.06396
912.21099	0.06451
910.28242	0.06487
908.35386	0.06460
906.42529	0.06357
904.49673	0.06214
902.56816	0.06078
900.63960	0.05972
898.71104	0.05895
896.78247	0.05841
894.85391	0.05796
892.92534	0.05746
890.99678	0.05694
889.06821	0.05651
887.13965	0.05617
885.21108	0.05595
883.28252	0.05592
881.35396	0.05612
879.42539	0.05657
877.49683	0.05710
875.56826	0.05724
873.63970	0.05669
871.71113	0.05564
869.78257	0.05451
867.85400	0.05360
865.92544	0.05297
863.99687	0.05255
862.06831	0.05223
860.13975	0.05194
858.21118	0.05165
856.28262	0.05137
854.35405	0.05107
852.42549	0.05077
850.49692	0.05050
848.56836	0.05024
846.63979	0.04998
844.71123	0.04980
842.78267	0.04977
840.85410	0.04980
838.92554	0.04978
836.99697	0.04973
835.06841	0.04967
833.13984	0.04970
831.21128	0.04994
829.28271	0.05038
827.35415	0.05095
825.42559	0.05140
823.49702	0.05154
821.56846	0.05150
819.63989	0.05152
817.71133	0.05170
815.78276	0.05199
813.85420	0.05232
811.92563	0.05278
809.99707	0.05347
808.06851	0.05430
806.13994	0.05514
804.21138	0.05591
802.28281	0.05654
800.35425	0.05693
798.42568	0.05698
796.49712	0.05672
794.56855	0.05640
792.63999	0.05613
790.71143	0.05600
788.78286	0.05609
786.85430	0.05633
784.92573	0.05665
782.99717	0.05711
781.06860	0.05760
779.14004	0.05786
777.21147	0.05788
775.28291	0.05783
773.35435	0.05779
771.42578	0.05782
769.49722	0.05802
767.56865	0.05819
765.64009	0.05820
763.71152	0.05824
761.78296	0.05853
759.85439	0.05891
757.92583	0.05911
755.99727	0.05930
754.06870	0.05962
752.14014	0.05996
750.21157	0.06043
748.28301	0.06108
746.35444	0.06179
744.42588	0.06271
742.49731	0.06391
740.56875	0.06534
738.64019	0.06757
736.71162	0.07223
734.78306	0.08207
732.85449	0.09749
730.92593	0.11184
728.99736	0.11855
727.06880	0.12147
725.14023	0.12885
723.21167	0.14580
721.28311	0.17026
719.35454	0.19558
717.42598	0.20629
715.49741	0.19227
713.56885	0.16240
711.64028	0.13328
709.71172	0.11315
707.78315	0.10083
705.85459	0.09322
703.92603	0.08854
701.99746	0.08556
700.06890	0.08320
698.14033	0.08105
696.21177	0.07936
694.28320	0.07856
692.35464	0.07849
690.42607	0.07821
688.49751	0.07695
686.56895	0.07578
684.64038	0.07581
682.71182	0.07694
680.78325	0.07758
678.85469	0.07661
676.92612	0.07572
674.99756	0.07660
673.06899	0.07732
671.14043	0.07079
669.21187	0.05810
667.28330	0.06388
665.35474	0.06820
663.42617	0.07294
661.49761	0.07493
659.56904	0.07483
657.64048	0.07360
655.71191	0.07292
653.78335	0.07363
651.85479	0.07384
649.92622	0.07304
647.99766	0.07296
646.06909	0.07358
644.14053	0.07355
642.21196	0.07335
640.28340	0.07381
638.35483	0.07446
636.42627	0.07483
634.49771	0.07509
632.56914	0.07533
630.64058	0.07533
628.71201	0.07533
626.78345	0.07531
624.85488	0.07524
622.92632	0.07492
620.99775	0.07417
619.06919	0.07366
617.14062	0.07374
615.21206	0.07351
613.28350	0.07301
611.35493	0.07301
609.42637	0.07333
607.49780	0.07360
605.56924	0.07418
603.64067	0.07494
601.71211	0.07513
599.78354	0.07491
