3997.91411	0.00121
3995.98555	0.00121
3994.05698	0.00135
3992.12842	0.00136
3990.19985	0.00130
3988.27129	0.00131
3986.34272	0.00135
3984.41416	0.00131
3982.48560	0.00124
3980.55703	0.00114
3978.62847	0.00106
3976.69990	0.00111
3974.77134	0.00114
3972.84277	0.00093
3970.91421	0.00074
3968.98564	0.00077
3967.05708	0.00090
3965.12852	0.00103
3963.19995	0.00111
3961.27139	0.00108
3959.34282	0.00097
3957.41426	0.00092
3955.48569	0.00090
3953.55713	0.00086
3951.62856	0.00073
3949.70000	0.00047
3947.77144	0.00027
3945.84287	0.00022
3943.91431	0.00016
3941.98574	0.00025
3940.05718	0.00053
3938.12861	0.00072
3936.20005	0.00076
3934.27148	0.00065
3932.34292	0.00042
3930.41436	0.00028
3928.48579	0.00027
3926.55723	0.00033
3924.62866	0.00041
3922.70010	0.00048
3920.77153	0.00052
3918.84297	0.00047
3916.91440	0.00047
3914.98584	0.00059
3913.05728	0.00068
3911.12871	0.00064
3909.20015	0.00048
3907.27158	0.00029
3905.34302	0.00015
3903.41445	-0.00005
3901.48589	-0.00019
3899.55732	-0.00008
3897.62876	0.00009
3895.70020	0.00012
3893.77163	0.00010
3891.84307	0.00020
3889.91450	0.00035
3887.98594	0.00025
3886.05737	-0.00009
3884.12881	-0.00027
3882.20024	-0.00018
3880.27168	0.00003
3878.34312	0.00016
3876.41455	0.00005
3874.48599	-0.00022
3872.55742	-0.00042
3870.62886	-0.00050
3868.70029	-0.00047
3866.77173	-0.00034
3864.84316	-0.00030
3862.91460	-0.00040
3860.98604	-0.00044
3859.05747	-0.00046
3857.12891	-0.00062
3855.20034	-0.00103
3853.27178	-0.00146
3851.34321	-0.00132
3849.41465	-0.00091
3847.48608	-0.00057
3845.55752	-0.00040
3843.62896	-0.00052
3841.70039	-0.00097
3839.77183	-0.00160
3837.84326	-0.00185
3835.91470	-0.00143
3833.98613	-0.00097
3832.05757	-0.00080
3830.12900	-0.00073
3828.20044	-0.00068
3826.27187	-0.00068
3824.34331	-0.00071
3822.41475	-0.00083
3820.48618	-0.00092
3818.55762	-0.00099
3816.62905	-0.00119
3814.70049	-0.00121
3812.77192	-0.00098
3810.84336	-0.00083
3808.91479	-0.00092
3806.98623	-0.00109
3805.05767	-0.00116
3803.12910	-0.00137
3801.20054	-0.00167
3799.27197	-0.00160
3797.34341	-0.00141
3795.41484	-0.00138
3793.48628	-0.00133
3791.55771	-0.00122
3789.62915	-0.00111
3787.70059	-0.00105
3785.77202	-0.00107
3783.84346	-0.00107
3781.91489	-0.00108
3779.98633	-0.00129
3778.05776	-0.00159
3776.12920	-0.00168
3774.20063	-0.00153
3772.27207	-0.00138
3770.34351	-0.00142
3768.41494	-0.00156
3766.48638	-0.00163
3764.55781	-0.00158
3762.62925	-0.00153
3760.70068	-0.00158
3758.77212	-0.00165
3756.84355	-0.00169
3754.91499	-0.00184
3752.98643	-0.00216
3751.05786	-0.00248
3749.12930	-0.00253
3747.20073	-0.00252
3745.27217	-0.00266
3743.34360	-0.00288
3741.41504	-0.00301
3739.48647	-0.00316
3737.55791	-0.00353
3735.62935	-0.00395
3733.70078	-0.00402
3731.77222	-0.00381
3729.84365	-0.00358
3727.91509	-0.00347
3725.98652	-0.00350
3724.05796	-0.00350
3722.12939	-0.00332
3720.20083	-0.00304
3718.27227	-0.00268
3716.34370	-0.00226
3714.41514	-0.00206
3712.48657	-0.00226
3710.55801	-0.00248
3708.62944	-0.00235
3706.70088	-0.00219
3704.77231	-0.00216
3702.84375	-0.00214
3700.91519	-0.00198
3698.98662	-0.00174
3697.05806	-0.00167
3695.12949	-0.00182
3693.20093	-0.00206
3691.27236	-0.00217
3689.34380	-0.00196
3687.41523	-0.00164
3685.48667	-0.00144
3683.55811	-0.00125
3681.62954	-0.00119
3679.70098	-0.00139
3677.77241	-0.00173
3675.84385	-0.00177
3673.91528	-0.00129
3671.98672	-0.00098
3670.05815	-0.00092
3668.12959	-0.00059
3666.20103	-0.00012
3664.27246	0.00015
3662.34390	0.00028
3660.41533	0.00051
3658.48677	0.00091
3656.55820	0.00134
3654.62964	0.00157
3652.70107	0.00163
3650.77251	0.00155
3648.84395	0.00131
3646.91538	0.00136
3644.98682	0.00177
3643.05825	0.00224
3641.12969	0.00268
3639.20112	0.00308
3637.27256	0.00332
3635.34399	0.00336
3633.41543	0.00334
3631.48687	0.00336
3629.55830	0.00355
3627.62974	0.00419
3625.70117	0.00488
3623.77261	0.00539
3621.84404	0.00584
3619.91548	0.00622
3617.98691	0.00652
3616.05835	0.00685
3614.12979	0.00717
3612.20122	0.00751
3610.27266	0.00790
3608.34409	0.00824
3606.41553	0.00855
3604.48696	0.00879
3602.55840	0.00901
3600.62983	0.00937
3598.70127	0.00971
3596.77271	0.00979
3594.84414	0.00996
3592.91558	0.01047
3590.98701	0.01086
3589.05845	0.01092
3587.12988	0.01112
3585.20132	0.01177
3583.27275	0.01255
3581.34419	0.01308
3579.41562	0.01324
3577.48706	0.01324
3575.55850	0.01344
3573.62993	0.01387
3571.70137	0.01430
3569.77280	0.01458
3567.84424	0.01473
3565.91567	0.01498
3563.98711	0.01558
3562.05854	0.01637
3560.12998	0.01682
3558.20142	0.01677
3556.27285	0.01691
3554.34429	0.01751
3552.41572	0.01818
3550.48716	0.01871
3548.55859	0.01905
3546.63003	0.01930
3544.70146	0.01974
3542.77290	0.02024
3540.84434	0.02057
3538.91577	0.02081
3536.98721	0.02107
3535.05864	0.02136
3533.13008	0.02167
3531.20151	0.02196
3529.27295	0.02214
3527.34438	0.02223
3525.41582	0.02240
3523.48726	0.02278
3521.55869	0.02331
3519.63013	0.02388
3517.70156	0.02441
3515.77300	0.02480
3513.84443	0.02510
3511.91587	0.02551
3509.98730	0.02589
3508.05874	0.02614
3506.13018	0.02627
3504.20161	0.02616
3502.27305	0.02607
3500.34448	0.02651
3498.41592	0.02726
3496.48735	0.02781
3494.55879	0.02801
3492.63022	0.02807
3490.70166	0.02815
3488.77310	0.02829
3486.84453	0.02844
3484.91597	0.02868
3482.98740	0.02929
3481.05884	0.03007
3479.13027	0.03042
3477.20171	0.03032
3475.27314	0.03035
3473.34458	0.03078
3471.41602	0.03133
3469.48745	0.03169
3467.55889	0.03186
3465.63032	0.03201
3463.70176	0.03227
3461.77319	0.03249
3459.84463	0.03262
3457.91606	0.03283
3455.98750	0.03313
3454.05894	0.03342
3452.13037	0.03363
3450.20181	0.03384
3448.27324	0.03406
3446.34468	0.03436
3444.41611	0.03477
3442.48755	0.03508
3440.55898	0.03506
3438.63042	0.03488
3436.70186	0.03494
3434.77329	0.03514
3432.84473	0.03529
3430.91616	0.03555
3428.98760	0.03587
3427.05903	0.03609
3425.13047	0.03623
3423.20190	0.03646
3421.27334	0.03700
3419.34478	0.03765
3417.41621	0.03801
3415.48765	0.03803
3413.55908	0.03783
3411.63052	0.03753
3409.70195	0.03738
3407.77339	0.03744
3405.84482	0.03761
3403.91626	0.03800
3401.98770	0.03850
3400.05913	0.03863
3398.13057	0.03853
3396.20200	0.03867
3394.27344	0.03898
3392.34487	0.03918
3390.41631	0.03925
3388.48774	0.03927
3386.55918	0.03933
3384.63062	0.03954
3382.70205	0.03985
3380.77349	0.04003
3378.84492	0.03998
3376.91636	0.03986
3374.98779	0.03982
3373.05923	0.03985
3371.13066	0.03988
3369.20210	0.03997
3367.27354	0.04011
3365.34497	0.04007
3363.41641	0.03986
3361.48784	0.03990
3359.55928	0.04025
3357.63071	0.04036
3355.70215	0.04006
3353.77358	0.03982
3351.84502	0.04001
3349.91646	0.04053
3347.98789	0.04088
3346.05933	0.04084
3344.13076	0.04067
3342.20220	0.04062
3340.27363	0.04067
3338.34507	0.04075
3336.41650	0.04080
3334.48794	0.04072
3332.55937	0.04058
3330.63081	0.04046
3328.70225	0.04038
3326.77368	0.04032
3324.84512	0.04025
3322.91655	0.04019
3320.98799	0.04027
3319.05942	0.04053
3317.13086	0.04062
3315.20229	0.04051
3313.27373	0.04062
3311.34517	0.04088
3309.41660	0.04084
3307.48804	0.04048
3305.55947	0.04018
3303.63091	0.04024
3301.70234	0.04044
3299.77378	0.04045
3297.84521	0.04034
3295.91665	0.04035
3293.98809	0.04052
3292.05952	0.04066
3290.13096	0.04066
3288.20239	0.04041
3286.27383	0.03998
3284.34526	0.03978
3282.41670	0.03987
3280.48813	0.03988
3278.55957	0.03968
3276.63101	0.03942
3274.70244	0.03928
3272.77388	0.03930
3270.84531	0.03933
3268.91675	0.03926
3266.98818	0.03927
3265.05962	0.03943
3263.13105	0.03952
3261.20249	0.03920
3259.27393	0.03855
3257.34536	0.03790
3255.41680	0.03739
3253.48823	0.03703
3251.55967	0.03692
3249.63110	0.03682
3247.70254	0.03645
3245.77397	0.03607
3243.84541	0.03597
3241.91685	0.03608
3239.98828	0.03616
3238.05972	0.03598
3236.13115	0.03567
3234.20259	0.03536
3232.27402	0.03501
3230.34546	0.03476
3228.41689	0.03467
3226.48833	0.03442
3224.55977	0.03398
3222.63120	0.03376
3220.70264	0.03381
3218.77407	0.03370
3216.84551	0.03328
3214.91694	0.03285
3212.98838	0.03247
3211.05981	0.03208
3209.13125	0.03183
3207.20269	0.03175
3205.27412	0.03170
3203.34556	0.03147
3201.41699	0.03113
3199.48843	0.03077
3197.55986	0.03028
3195.63130	0.02976
3193.70273	0.02953
3191.77417	0.02955
3189.84561	0.02932
3187.91704	0.02872
3185.98848	0.02822
3184.05991	0.02800
3182.13135	0.02784
3180.20278	0.02750
3178.27422	0.02702
3176.34565	0.02675
3174.41709	0.02671
3172.48853	0.02653
3170.55996	0.02618
3168.63140	0.02580
3166.70283	0.02540
3164.77427	0.02498
3162.84570	0.02459
3160.91714	0.02426
3158.98857	0.02392
3157.06001	0.02360
3155.13145	0.02339
3153.20288	0.02322
3151.27432	0.02294
3149.34575	0.02259
3147.41719	0.02228
3145.48862	0.02196
3143.56006	0.02156
3141.63149	0.02118
3139.70293	0.02083
3137.77437	0.02050
3135.84580	0.02025
3133.91724	0.01995
3131.98867	0.01962
3130.06011	0.01951
3128.13154	0.01956
3126.20298	0.01941
3124.27441	0.01899
3122.34585	0.01854
3120.41729	0.01814
3118.48872	0.01772
3116.56016	0.01752
3114.63159	0.01770
3112.70303	0.01778
3110.77446	0.01740
3108.84590	0.01702
3106.91733	0.01707
3104.98877	0.01715
3103.06021	0.01686
3101.13164	0.01629
3099.20308	0.01577
3097.27451	0.01565
3095.34595	0.01589
3093.41738	0.01610
3091.48882	0.01599
3089.56025	0.01570
3087.63169	0.01542
3085.70312	0.01520
3083.77456	0.01508
3081.84600	0.01502
3079.91743	0.01475
3077.98887	0.01434
3076.06030	0.01417
3074.13174	0.01424
3072.20317	0.01418
3070.27461	0.01387
3068.34604	0.01342
3066.41748	0.01300
3064.48892	0.01271
3062.56035	0.01247
3060.63179	0.01219
3058.70322	0.01194
3056.77466	0.01173
3054.84609	0.01151
3052.91753	0.01130
3050.98896	0.01125
3049.06040	0.01124
3047.13184	0.01101
3045.20327	0.01056
3043.27471	0.01012
3041.34614	0.00992
3039.41758	0.00996
3037.48901	0.00987
3035.56045	0.00952
3033.63188	0.00915
3031.70332	0.00888
3029.77476	0.00874
3027.84619	0.00859
3025.91763	0.00827
3023.98906	0.00795
3022.06050	0.00777
3020.13193	0.00754
3018.20337	0.00720
3016.27480	0.00692
3014.34624	0.00685
3012.41768	0.00682
3010.48911	0.00669
3008.56055	0.00649
3006.63198	0.00637
3004.70342	0.00639
3002.77485	0.00637
3000.84629	0.00629
2998.91772	0.00629
2996.98916	0.00648
2995.06060	0.00672
2993.13203	0.00687
2991.20347	0.00702
2989.27490	0.00737
2987.34634	0.00797
2985.41777	0.00865
2983.48921	0.00934
2981.56064	0.01020
2979.63208	0.01132
2977.70352	0.01258
2975.77495	0.01398
2973.84639	0.01562
2971.91782	0.01758
2969.98926	0.01985
2968.06069	0.02228
2966.13213	0.02473
2964.20356	0.02714
2962.27500	0.02953
2960.34644	0.03189
2958.41787	0.03416
2956.48931	0.03626
2954.56074	0.03824
2952.63218	0.04033
2950.70361	0.04285
2948.77505	0.04611
2946.84648	0.05059
2944.91792	0.05680
2942.98936	0.06483
2941.06079	0.07468
2939.13223	0.08640
2937.20366	0.09997
2935.27510	0.11552
2933.34653	0.13346
2931.41797	0.15422
2929.48940	0.17851
2927.56084	0.20747
2925.63228	0.24246
2923.70371	0.28461
2921.77515	0.33353
2919.84658	0.38545
2917.91802	0.43141
2915.98945	0.45790
2914.06089	0.45555
2912.13232	0.42853
2910.20376	0.39034
2908.27520	0.35260
2906.34663	0.32049
2904.41807	0.29471
2902.48950	0.27420
2900.56094	0.25755
2898.63237	0.24356
2896.70381	0.23119
2894.77524	0.21941
2892.84668	0.20766
2890.91812	0.19596
2888.98955	0.18435
2887.06099	0.17280
2885.13242	0.16157
2883.20386	0.15096
2881.27529	0.14085
2879.34673	0.13105
2877.41816	0.12183
2875.48960	0.11380
2873.56104	0.10743
2871.63247	0.10280
2869.70391	0.09980
2867.77534	0.09861
2865.84678	0.09988
2863.91821	0.10459
2861.98965	0.11413
2860.06108	0.13025
2858.13252	0.15531
2856.20396	0.19281
2854.27539	0.24667
2852.34683	0.31608
2850.41826	0.38500
2848.48970	0.41944
2846.56113	0.39876
2844.63257	0.34310
2842.70400	0.28305
2840.77544	0.23271
2838.84687	0.19409
2836.91831	0.16541
2834.98975	0.14425
2833.06118	0.12849
2831.13262	0.11642
2829.20405	0.10682
2827.27549	0.09898
2825.34692	0.09252
2823.41836	0.08713
2821.48979	0.08243
2819.56123	0.07824
2817.63267	0.07461
2815.70410	0.07156
2813.77554	0.06885
2811.84697	0.06631
2809.91841	0.06391
2807.98984	0.06175
2806.06128	0.05979
2804.13271	0.05795
2802.20415	0.05623
2800.27559	0.05458
2798.34702	0.05299
2796.41846	0.05157
2794.48989	0.05031
2792.56133	0.04905
2790.63276	0.04773
2788.70420	0.04657
2786.77563	0.04564
2784.84707	0.04471
2782.91851	0.04357
2780.98994	0.04242
2779.06138	0.04144
2777.13281	0.04055
2775.20425	0.03962
2773.27568	0.03866
2771.34712	0.03777
2769.41855	0.03711
2767.48999	0.03663
2765.56143	0.03619
2763.63286	0.03571
2761.70430	0.03517
2759.77573	0.03461
2757.84717	0.03408
2755.91860	0.03360
2753.99004	0.03315
2752.06147	0.03274
2750.13291	0.03240
2748.20435	0.03203
2746.27578	0.03161
2744.34722	0.03125
2742.41865	0.03108
2740.49009	0.03095
2738.56152	0.03069
2736.63296	0.03029
2734.70439	0.02988
2732.77583	0.02955
2730.84727	0.02933
2728.91870	0.02911
2726.99014	0.02883
2725.06157	0.02847
2723.13301	0.02815
2721.20444	0.02791
2719.27588	0.02771
2717.34731	0.02748
2715.41875	0.02716
2713.49019	0.02681
2711.56162	0.02645
2709.63306	0.02604
2707.70449	0.02571
2705.77593	0.02556
2703.84736	0.02547
2701.91880	0.02525
2699.99023	0.02497
2698.06167	0.02477
2696.13311	0.02463
2694.20454	0.02446
2692.27598	0.02424
2690.34741	0.02404
2688.41885	0.02397
2686.49028	0.02396
2684.56172	0.02389
2682.63315	0.02375
2680.70459	0.02361
2678.77603	0.02349
2676.84746	0.02338
2674.91890	0.02326
2672.99033	0.02321
2671.06177	0.02324
2669.13320	0.02325
2667.20464	0.02322
2665.27607	0.02321
2663.34751	0.02321
2661.41895	0.02310
2659.49038	0.02290
2657.56182	0.02274
2655.63325	0.02260
2653.70469	0.02241
2651.77612	0.02224
2649.84756	0.02215
2647.91899	0.02203
2645.99043	0.02183
2644.06187	0.02167
2642.13330	0.02161
2640.20474	0.02161
2638.27617	0.02158
2636.34761	0.02147
2634.41904	0.02126
2632.49048	0.02103
2630.56191	0.02086
2628.63335	0.02066
2626.70479	0.02031
2624.77622	0.01987
2622.84766	0.01947
2620.91909	0.01914
2618.99053	0.01889
2617.06196	0.01874
2615.13340	0.01850
2613.20483	0.01815
2611.27627	0.01780
2609.34771	0.01752
2607.41914	0.01730
2605.49058	0.01710
2603.56201	0.01689
2601.63345	0.01665
2599.70488	0.01641
2597.77632	0.01625
2595.84775	0.01613
2593.91919	0.01601
2591.99062	0.01595
2590.06206	0.01583
2588.13350	0.01550
2586.20493	0.01510
2584.27637	0.01482
2582.34780	0.01468
2580.41924	0.01454
2578.49067	0.01434
2576.56211	0.01416
2574.63354	0.01414
2572.70498	0.01416
2570.77642	0.01411
2568.84785	0.01398
2566.91929	0.01378
2564.99072	0.01351
2563.06216	0.01320
2561.13359	0.01296
2559.20503	0.01287
2557.27646	0.01292
2555.34790	0.01293
2553.41934	0.01275
2551.49077	0.01257
2549.56221	0.01257
2547.63364	0.01252
2545.70508	0.01221
2543.77651	0.01188
2541.84795	0.01174
2539.91938	0.01174
2537.99082	0.01170
2536.06226	0.01166
2534.13369	0.01163
2532.20513	0.01158
2530.27656	0.01156
2528.34800	0.01157
2526.41943	0.01152
2524.49087	0.01130
2522.56230	0.01102
2520.63374	0.01086
2518.70518	0.01076
2516.77661	0.01063
2514.84805	0.01046
2512.91948	0.01025
2510.99092	0.01008
2509.06235	0.00998
2507.13379	0.00987
2505.20522	0.00985
2503.27666	0.00994
2501.34810	0.00995
2499.41953	0.00975
2497.49097	0.00953
2495.56240	0.00955
2493.63384	0.00966
2491.70527	0.00960
2489.77671	0.00937
2487.84814	0.00913
2485.91958	0.00893
2483.99102	0.00889
2482.06245	0.00902
2480.13389	0.00916
2478.20532	0.00920
2476.27676	0.00917
2474.34819	0.00900
2472.41963	0.00865
2470.49106	0.00844
2468.56250	0.00853
2466.63394	0.00863
2464.70537	0.00856
2462.77681	0.00838
2460.84824	0.00822
2458.91968	0.00824
2456.99111	0.00830
2455.06255	0.00814
2453.13398	0.00788
2451.20542	0.00777
2449.27686	0.00780
2447.34829	0.00784
2445.41973	0.00783
2443.49116	0.00771
2441.56260	0.00751
2439.63403	0.00737
2437.70547	0.00738
2435.77690	0.00740
2433.84834	0.00735
2431.91978	0.00730
2429.99121	0.00729
2428.06265	0.00728
2426.13408	0.00732
2424.20552	0.00744
2422.27695	0.00749
2420.34839	0.00742
2418.41982	0.00733
2416.49126	0.00730
2414.56270	0.00732
2412.63413	0.00728
2410.70557	0.00718
2408.77700	0.00709
2406.84844	0.00701
2404.91987	0.00693
2402.99131	0.00687
2401.06274	0.00691
2399.13418	0.00813
2397.20562	0.00824
2395.27705	0.00761
2393.34849	0.00695
2391.41992	0.00638
2389.49136	0.00584
2387.56279	0.00526
2385.63423	0.00456
2383.70566	0.00387
2381.77710	0.00348
2379.84854	0.00346
2377.91997	0.00374
2375.99141	0.00418
2374.06284	0.00464
2372.13428	0.00493
2370.20571	0.00490
2368.27715	0.00459
2366.34858	0.00420
2364.42002	0.00399
2362.49146	0.00395
2360.56289	0.00399
2358.63433	0.00412
2356.70576	0.00408
2354.77720	0.00350
2352.84863	0.00174
2350.92007	-0.00041
2348.99150	-0.00146
2347.06294	0.00019
2345.13437	0.00240
2343.20581	0.00345
2341.27725	0.00365
2339.34868	0.00358
2337.42012	0.00337
2335.49155	0.00327
2333.56299	0.00332
2331.63442	0.00318
2329.70586	0.00278
2327.77729	0.00239
2325.84873	0.00293
2323.92017	0.00415
2321.99160	0.00505
2320.06304	0.00533
2318.13447	0.00530
2316.20591	0.00516
2314.27734	0.00494
2312.34878	0.00466
2310.42021	0.00454
2308.49165	0.00457
2306.56309	0.00474
2304.63452	0.00491
2302.70596	0.00505
2300.77739	0.00509
2298.84883	0.00506
2296.92026	0.00515
2294.99170	0.00541
2293.06313	0.00569
2291.13457	0.00604
2289.20601	0.00653
2287.27744	0.00701
2285.34888	0.00734
2283.42031	0.00748
2281.49175	0.00741
2279.56318	0.00717
2277.63462	0.00696
2275.70605	0.00695
2273.77749	0.00699
2271.84893	0.00682
2269.92036	0.00646
2267.99180	0.00617
2266.06323	0.00598
2264.13467	0.00574
2262.20610	0.00547
2260.27754	0.00528
2258.34897	0.00536
2256.42041	0.00563
2254.49185	0.00576
2252.56328	0.00555
2250.63472	0.00529
2248.70615	0.00575
2246.77759	0.00559
2244.84902	0.00582
2242.92046	0.00616
2240.99189	0.00624
2239.06333	0.00600
2237.13477	0.00573
2235.20620	0.00572
2233.27764	0.00584
2231.34907	0.00595
2229.42051	0.00618
2227.49194	0.00631
2225.56338	0.00598
2223.63481	0.00540
2221.70625	0.00492
2219.77769	0.00481
2217.84912	0.00516
2215.92056	0.00543
2213.99199	0.00519
2212.06343	0.00469
2210.13486	0.00422
2208.20630	0.00406
2206.27773	0.00443
2204.34917	0.00512
2202.42061	0.00555
2200.49204	0.00537
2198.56348	0.00487
2196.63491	0.00454
2194.70635	0.00453
2192.77778	0.00454
2190.84922	0.00448
2188.92065	0.00474
2186.99209	0.00546
2185.06353	0.00586
2183.13496	0.00537
2181.20640	0.00491
2179.27783	0.00516
2177.34927	0.00538
2175.42070	0.00517
2173.49214	0.00491
2171.56357	0.00473
2169.63501	0.00461
2167.70645	0.00450
2165.77788	0.00442
2163.84932	0.00474
2161.92075	0.00506
2159.99219	0.00436
2158.06362	0.00327
2156.13506	0.00315
2154.20649	0.00372
2152.27793	0.00415
2150.34937	0.00438
2148.42080	0.00467
2146.49224	0.00507
2144.56367	0.00525
2142.63511	0.00501
2140.70654	0.00463
2138.77798	0.00439
2136.84941	0.00418
2134.92085	0.00393
2132.99229	0.00392
2131.06372	0.00421
2129.13516	0.00460
2127.20659	0.00496
2125.27803	0.00516
2123.34946	0.00517
2121.42090	0.00511
2119.49233	0.00507
2117.56377	0.00515
2115.63521	0.00535
2113.70664	0.00553
2111.77808	0.00561
2109.84951	0.00556
2107.92095	0.00536
2105.99238	0.00526
2104.06382	0.00551
2102.13525	0.00580
2100.20669	0.00572
2098.27812	0.00549
2096.34956	0.00540
2094.42100	0.00537
2092.49243	0.00541
2090.56387	0.00547
2088.63530	0.00547
2086.70674	0.00553
2084.77817	0.00561
2082.84961	0.00564
2080.92104	0.00574
2078.99248	0.00581
2077.06392	0.00573
2075.13535	0.00564
2073.20679	0.00572
2071.27822	0.00570
2069.34966	0.00535
2067.42109	0.00500
2065.49253	0.00502
2063.56396	0.00535
2061.63540	0.00564
2059.70684	0.00565
2057.77827	0.00558
2055.84971	0.00566
2053.92114	0.00592
2051.99258	0.00646
2050.06401	0.00683
2048.13545	0.00664
2046.20688	0.00643
2044.27832	0.00664
2042.34976	0.00699
2040.42119	0.00697
2038.49263	0.00641
2036.56406	0.00569
2034.63550	0.00508
2032.70693	0.00459
2030.77837	0.00431
2028.84980	0.00443
2026.92124	0.00491
2024.99268	0.00540
2023.06411	0.00564
2021.13555	0.00567
2019.20698	0.00565
2017.27842	0.00539
2015.34985	0.00495
2013.42129	0.00480
2011.49272	0.00475
2009.56416	0.00464
2007.63560	0.00471
2005.70703	0.00471
2003.77847	0.00433
2001.84990	0.00389
1999.92134	0.00381
1997.99277	0.00406
1996.06421	0.00446
1994.13564	0.00474
1992.20708	0.00496
1990.27852	0.00530
1988.34995	0.00543
1986.42139	0.00528
1984.49282	0.00517
1982.56426	0.00532
1980.63569	0.00570
1978.70713	0.00551
1976.77856	0.00461
1974.85000	0.00437
1972.92144	0.00523
1970.99287	0.00602
1969.06431	0.00591
1967.13574	0.00542
1965.20718	0.00509
1963.27861	0.00477
1961.35005	0.00455
1959.42148	0.00476
1957.49292	0.00528
1955.56436	0.00552
1953.63579	0.00532
1951.70723	0.00512
1949.77866	0.00531
1947.85010	0.00562
1945.92153	0.00561
1943.99297	0.00537
1942.06440	0.00531
1940.13584	0.00563
1938.20728	0.00610
1936.27871	0.00641
1934.35015	0.00649
1932.42158	0.00641
1930.49302	0.00622
1928.56445	0.00621
1926.63589	0.00650
1924.70732	0.00658
1922.77876	0.00632
1920.85020	0.00622
1918.92163	0.00646
1916.99307	0.00681
1915.06450	0.00704
1913.13594	0.00710
1911.20737	0.00700
1909.27881	0.00697
1907.35024	0.00720
1905.42168	0.00747
1903.49312	0.00752
1901.56455	0.00750
1899.63599	0.00762
1897.70742	0.00784
1895.77886	0.00798
1893.85029	0.00799
1891.92173	0.00792
1889.99316	0.00779
1888.06460	0.00767
1886.13604	0.00765
1884.20747	0.00765
1882.27891	0.00765
1880.35034	0.00766
1878.42178	0.00763
1876.49321	0.00763
1874.56465	0.00780
1872.63608	0.00802
1870.70752	0.00807
1868.77896	0.00789
1866.85039	0.00763
1864.92183	0.00761
1862.99326	0.00791
1861.06470	0.00825
1859.13613	0.00832
1857.20757	0.00828
1855.27900	0.00836
1853.35044	0.00846
1851.42187	0.00836
1849.49331	0.00818
1847.56475	0.00814
1845.63618	0.00820
1843.70762	0.00834
1841.77905	0.00853
1839.85049	0.00863
1837.92192	0.00862
1835.99336	0.00864
1834.06479	0.00873
1832.13623	0.00875
1830.20767	0.00872
1828.27910	0.00883
1826.35054	0.00906
1824.42197	0.00926
1822.49341	0.00949
1820.56484	0.00985
1818.63628	0.01016
1816.70771	0.01021
1814.77915	0.01010
1812.85059	0.01003
1810.92202	0.01013
1808.99346	0.01045
1807.06489	0.01084
1805.13633	0.01114
1803.20776	0.01134
1801.27920	0.01156
1799.35063	0.01180
1797.42207	0.01200
1795.49351	0.01216
1793.56494	0.01242
1791.63638	0.01298
1789.70781	0.01371
1787.77925	0.01430
1785.85068	0.01473
1783.92212	0.01510
1781.99355	0.01543
1780.06499	0.01574
1778.13643	0.01605
1776.20786	0.01626
1774.27930	0.01638
1772.35073	0.01666
1770.42217	0.01715
1768.49360	0.01762
1766.56504	0.01799
1764.63647	0.01829
1762.70791	0.01856
1760.77935	0.01887
1758.85078	0.01923
1756.92222	0.01975
1754.99365	0.02039
1753.06509	0.02103
1751.13652	0.02178
1749.20796	0.02291
1747.27939	0.02435
1745.35083	0.02587
1743.42227	0.02740
1741.49370	0.02897
1739.56514	0.03046
1737.63657	0.03144
1735.70801	0.03189
1733.77944	0.03234
1731.85088	0.03311
1729.92231	0.03406
1727.99375	0.03538
1726.06519	0.03728
1724.13662	0.03977
1722.20806	0.04227
1720.27949	0.04410
1718.35093	0.04572
1716.42236	0.04807
1714.49380	0.05064
1712.56523	0.05244
1710.63667	0.05319
1708.70811	0.05300
1706.77954	0.05199
1704.85098	0.05040
1702.92241	0.04887
1700.99385	0.04741
1699.06528	0.04610
1697.13672	0.04525
1695.20815	0.04466
1693.27959	0.04431
1691.35103	0.04400
1689.42246	0.04374
1687.49390	0.04369
1685.56533	0.04384
1683.63677	0.04443
1681.70820	0.04528
1679.77964	0.04603
1677.85107	0.04675
1675.92251	0.04761
1673.99395	0.04854
1672.06538	0.04927
1670.13682	0.05010
1668.20825	0.05135
1666.27969	0.05248
1664.35112	0.05330
1662.42256	0.05414
1660.49399	0.05511
1658.56543	0.05587
1656.63687	0.05621
1654.70830	0.05635
1652.77974	0.05701
1650.85117	0.05769
1648.92261	0.05789
1646.99404	0.05821
1645.06548	0.05898
1643.13691	0.05969
1641.20835	0.06010
1639.27979	0.06021
1637.35122	0.06009
1635.42266	0.06003
1633.49409	0.06011
1631.56553	0.06008
1629.63696	0.05980
1627.70840	0.05926
1625.77983	0.05858
1623.85127	0.05771
1621.92271	0.05672
1619.99414	0.05579
1618.06558	0.05479
1616.13701	0.05374
1614.20845	0.05293
1612.27988	0.05215
1610.35132	0.05129
1608.42275	0.05053
1606.49419	0.04990
1604.56562	0.04932
1602.63706	0.04880
1600.70850	0.04829
1598.77993	0.04772
1596.85137	0.04710
1594.92280	0.04651
1592.99424	0.04593
1591.06567	0.04534
1589.13711	0.04477
1587.20854	0.04429
1585.27998	0.04393
1583.35142	0.04369
1581.42285	0.04348
1579.49429	0.04315
1577.56572	0.04271
1575.63716	0.04247
1573.70859	0.04254
1571.78003	0.04251
1569.85146	0.04239
1567.92290	0.04249
1565.99434	0.04277
1564.06577	0.04302
1562.13721	0.04310
1560.20864	0.04300
1558.28008	0.04348
1556.35151	0.04449
1554.42295	0.04524
1552.49438	0.04578
1550.56582	0.04621
1548.63726	0.04657
1546.70869	0.04666
1544.78013	0.04637
1542.85156	0.04583
1540.92300	0.04533
1538.99443	0.04527
1537.06587	0.04534
1535.13730	0.04510
1533.20874	0.04458
1531.28018	0.04412
1529.35161	0.04364
1527.42305	0.04298
1525.49448	0.04228
1523.56592	0.04167
1521.63735	0.04119
1519.70879	0.04088
1517.78022	0.04055
1515.85166	0.04016
1513.92310	0.03975
1511.99453	0.03916
1510.06597	0.03830
1508.13740	0.03717
1506.20884	0.03617
1504.28027	0.03591
1502.35171	0.03576
1500.42314	0.03545
1498.49458	0.03505
1496.56602	0.03466
1494.63745	0.03440
1492.70889	0.03414
1490.78032	0.03389
1488.85176	0.03402
1486.92319	0.03475
1484.99463	0.03584
1483.06606	0.03751
1481.13750	0.04075
1479.20894	0.04798
1477.28037	0.06593
1475.35181	0.10330
1473.42324	0.15698
1471.49468	0.19321
1469.56611	0.19402
1467.63755	0.18342
1465.70898	0.17412
1463.78042	0.16589
1461.85186	0.15520
1459.92329	0.14097
1457.99473	0.12457
1456.06616	0.11142
1454.13760	0.10398
1452.20903	0.09810
1450.28047	0.09250
1448.35190	0.08783
1446.42334	0.08462
1444.49478	0.08273
1442.56621	0.08134
1440.63765	0.08001
1438.70908	0.07858
1436.78052	0.07688
1434.85195	0.07531
1432.92339	0.07383
1430.99482	0.07195
1429.06626	0.06985
1427.13770	0.06807
1425.20913	0.06655
1423.28057	0.06525
1421.35200	0.06432
1419.42344	0.06369
1417.49487	0.06350
1415.56631	0.06367
1413.63774	0.06377
1411.70918	0.06359
1409.78062	0.06314
1407.85205	0.06253
1405.92349	0.06176
1403.99492	0.06092
1402.06636	0.06006
1400.13779	0.05910
1398.20923	0.05808
1396.28066	0.05720
1394.35210	0.05664
1392.42354	0.05645
1390.49497	0.05642
1388.56641	0.05647
1386.63784	0.05694
1384.70928	0.05816
1382.78071	0.06014
1380.85215	0.06269
1378.92358	0.06504
1376.99502	0.06620
1375.06646	0.06603
1373.13789	0.06550
1371.20933	0.06523
1369.28076	0.06494
1367.35220	0.06439
1365.42363	0.06354
1363.49507	0.06247
1361.56650	0.06153
1359.63794	0.06099
1357.70937	0.06066
1355.78081	0.06044
1353.85225	0.06034
1351.92368	0.06027
1349.99512	0.06006
1348.06655	0.05965
1346.13799	0.05913
1344.20942	0.05858
1342.28086	0.05796
1340.35229	0.05726
1338.42373	0.05660
1336.49517	0.05609
1334.56660	0.05572
1332.63804	0.05537
1330.70947	0.05500
1328.78091	0.05471
1326.85234	0.05467
1324.92378	0.05488
1322.99521	0.05525
1321.06665	0.05564
1319.13809	0.05598
1317.20952	0.05630
1315.28096	0.05667
1313.35239	0.05706
1311.42383	0.05742
1309.49526	0.05772
1307.56670	0.05799
1305.63813	0.05829
1303.70957	0.05864
1301.78101	0.05901
1299.85244	0.05938
1297.92388	0.05965
1295.99531	0.05978
1294.06675	0.05983
1292.13818	0.05991
1290.20962	0.06003
1288.28105	0.06022
1286.35249	0.06057
1284.42393	0.06113
1282.49536	0.06178
1280.56680	0.06237
1278.63823	0.06283
1276.70967	0.06324
1274.78110	0.06373
1272.85254	0.06433
1270.92397	0.06503
1268.99541	0.06582
1267.06685	0.06663
1265.13828	0.06738
1263.20972	0.06805
1261.28115	0.06868
1259.35259	0.06926
1257.42402	0.06971
1255.49546	0.07004
1253.56689	0.07026
1251.63833	0.07046
1249.70977	0.07075
1247.78120	0.07109
1245.85264	0.07142
1243.92407	0.07172
1241.99551	0.07199
1240.06694	0.07223
1238.13838	0.07243
1236.20981	0.07258
1234.28125	0.07262
1232.35269	0.07258
1230.42412	0.07257
1228.49556	0.07262
1226.56699	0.07271
1224.63843	0.07278
1222.70986	0.07282
1220.78130	0.07286
1218.85273	0.07288
1216.92417	0.07279
1214.99561	0.07260
1213.06704	0.07241
1211.13848	0.07231
1209.20991	0.07229
1207.28135	0.07224
1205.35278	0.07207
1203.42422	0.07177
1201.49565	0.07133
1199.56709	0.07082
1197.63853	0.07023
1195.70996	0.06967
1193.78140	0.06926
1191.85283	0.06897
1189.92427	0.06870
1187.99570	0.06847
1186.06714	0.06844
1184.13857	0.06874
1182.21001	0.06930
1180.28145	0.07013
1178.35288	0.07123
1176.42432	0.07247
1174.49575	0.07363
1172.56719	0.07459
1170.63862	0.07532
1168.71006	0.07583
1166.78149	0.07628
1164.85293	0.07680
1162.92437	0.07733
1160.99580	0.07781
1159.06724	0.07827
1157.13867	0.07867
1155.21011	0.07896
1153.28154	0.07913
1151.35298	0.07923
1149.42441	0.07942
1147.49585	0.07978
1145.56729	0.08021
1143.63872	0.08059
1141.71016	0.08091
1139.78159	0.08124
1137.85303	0.08169
1135.92446	0.08237
1133.99590	0.08319
1132.06733	0.08404
1130.13877	0.08482
1128.21021	0.08555
1126.28164	0.08635
1124.35308	0.08726
1122.42451	0.08809
1120.49595	0.08878
1118.56738	0.08957
1116.63882	0.09043
1114.71025	0.09117
1112.78169	0.09184
1110.85312	0.09264
1108.92456	0.09362
1106.99600	0.09471
1105.06743	0.09590
1103.13887	0.09717
1101.21030	0.09852
1099.28174	0.09994
1097.35317	0.10143
1095.42461	0.10294
1093.49604	0.10445
1091.56748	0.10596
1089.63892	0.10753
1087.71035	0.10911
1085.78179	0.11034
1083.85322	0.11118
1081.92466	0.11192
1079.99609	0.11262
1078.06753	0.11324
1076.13896	0.11373
1074.21040	0.11404
1072.28184	0.11427
1070.35327	0.11458
1068.42471	0.11491
1066.49614	0.11531
1064.56758	0.11592
1062.63901	0.11650
1060.71045	0.11685
1058.78188	0.11705
1056.85332	0.11722
1054.92476	0.11740
1052.99619	0.11767
1051.06763	0.11809
1049.13906	0.11862
1047.21050	0.11905
1045.28193	0.11942
1043.35337	0.11983
1041.42480	0.12024
1039.49624	0.12053
1037.56768	0.12070
1035.63911	0.12081
1033.71055	0.12076
1031.78198	0.12035
1029.85342	0.11958
1027.92485	0.11861
1025.99629	0.11754
1024.06772	0.11638
1022.13916	0.11514
1020.21060	0.11396
1018.28203	0.11285
1016.35347	0.11168
1014.42490	0.11044
1012.49634	0.10916
1010.56777	0.10778
1008.63921	0.10631
1006.71064	0.10486
1004.78208	0.10343
1002.85352	0.10185
1000.92495	0.10008
998.99639	0.09831
997.06782	0.09671
995.13926	0.09511
993.21069	0.09336
991.28213	0.09145
989.35356	0.08943
987.42500	0.08746
985.49644	0.08576
983.56787	0.08429
981.63931	0.08296
979.71074	0.08183
977.78218	0.08089
975.85361	0.08002
973.92505	0.07915
971.99648	0.07828
970.06792	0.07751
968.13936	0.07683
966.21079	0.07604
964.28223	0.07505
962.35366	0.07402
960.42510	0.07303
958.49653	0.07206
956.56797	0.07105
954.63940	0.07000
952.71084	0.06898
950.78228	0.06810
948.85371	0.06741
946.92515	0.06701
944.99658	0.06687
943.06802	0.06687
941.13945	0.06689
939.21089	0.06685
937.28232	0.06670
935.35376	0.06656
933.42520	0.06647
931.49663	0.06637
929.56807	0.06627
927.63950	0.06622
925.71094	0.06626
923.78237	0.06630
921.85381	0.06625
919.92524	0.06612
917.99668	0.06606
916.06812	0.06617
914.13955	0.06642
912.21099	0.06672
910.28242	0.06680
908.35386	0.06615
906.42529	0.06448
904.49673	0.06226
902.56816	0.06015
900.63960	0.05843
898.71104	0.05709
896.78247	0.05607
894.85391	0.05536
892.92534	0.05481
890.99678	0.05424
889.06821	0.05369
887.13965	0.05313
885.21108	0.05248
883.28252	0.05197
881.35396	0.05172
879.42539	0.05159
877.49683	0.05152
875.56826	0.05150
873.63970	0.05143
871.71113	0.05125
869.78257	0.05100
867.85400	0.05083
865.92544	0.05085
863.99687	0.05102
862.06831	0.05114
860.13975	0.05121
858.21118	0.05140
856.28262	0.05163
854.35405	0.05160
852.42549	0.05144
850.49692	0.05139
848.56836	0.05129
846.63979	0.05105
844.71123	0.05082
842.78267	0.05067
840.85410	0.05034
838.92554	0.04992
836.99697	0.04968
835.06841	0.04948
833.13984	0.04904
831.21128	0.04840
829.28271	0.04771
827.35415	0.04713
825.42559	0.04668
823.49702	0.04620
821.56846	0.04565
819.63989	0.04494
817.71133	0.04374
815.78276	0.04200
813.85420	0.04013
811.92563	0.03829
809.99707	0.03624
808.06851	0.03387
806.13994	0.03143
804.21138	0.02907
802.28281	0.02663
800.35425	0.02369
798.42568	0.02003
796.49712	0.01587
794.56855	0.01130
792.63999	0.00643
790.71143	0.00159
788.78286	-0.00311
786.85430	-0.00785
784.92573	-0.01254
782.99717	-0.01665
781.06860	-0.01994
779.14004	-0.02285
777.21147	-0.02559
775.28291	-0.02794
773.35435	-0.02968
771.42578	-0.03069
769.49722	-0.03105
767.56865	-0.03088
765.64009	-0.03007
763.71152	-0.02851
761.78296	-0.02636
759.85439	-0.02365
757.92583	-0.02016
755.99727	-0.01605
754.06870	-0.01193
752.14014	-0.00810
750.21157	-0.00451
748.28301	-0.00123
746.35444	0.00188
744.42588	0.00507
742.49731	0.00831
740.56875	0.01170
738.64019	0.01576
736.71162	0.02196
734.78306	0.03330
732.85449	0.05019
730.92593	0.06561
728.99736	0.07313
727.06880	0.07745
725.14023	0.08712
723.21167	0.10635
721.28311	0.13702
719.35454	0.17198
717.42598	0.19289
715.49741	0.18397
713.56885	0.15217
711.64028	0.11922
709.71172	0.09706
707.78315	0.08439
705.85459	0.07707
703.92603	0.07281
701.99746	0.07045
700.06890	0.06893
698.14033	0.06769
696.21177	0.06666
694.28320	0.06599
692.35464	0.06587
690.42607	0.06603
688.49751	0.06598
686.56895	0.06601
684.64038	0.06652
682.71182	0.06731
680.78325	0.06802
678.85469	0.06851
676.92612	0.06886
674.99756	0.06926
673.06899	0.07018
671.14043	0.07304
669.21187	0.07714
667.28330	0.07656
665.35474	0.07434
663.42617	0.07213
661.49761	0.07180
659.56904	0.07217
657.64048	0.07248
655.71191	0.07286
653.78335	0.07317
651.85479	0.07331
649.92622	0.07329
647.99766	0.07303
646.06909	0.07220
644.14053	0.07021
642.21196	0.06680
640.28340	0.06191
638.35483	0.05468
636.42627	0.04347
634.49771	0.02806
632.56914	0.01346
630.64058	0.00850
628.71201	0.01762
626.78345	0.03444
624.85488	0.04999
622.92632	0.06111
620.99775	0.06780
619.06919	0.07133
617.14062	0.07346
615.21206	0.07517
613.28350	0.07656
611.35493	0.07739
609.42637	0.07767
607.49780	0.07762
605.56924	0.07700
603.64067	0.07570
601.71211	0.07435
599.78354	0.07320
