3997.91411	0.02152
3995.98555	0.02154
3994.05698	0.02158
3992.12842	0.02161
3990.19985	0.02160
3988.27129	0.02161
3986.34272	0.02168
3984.41416	0.02176
3982.48560	0.02173
3980.55703	0.02163
3978.62847	0.02159
3976.69990	0.02162
3974.77134	0.02161
3972.84277	0.02150
3970.91421	0.02138
3968.98564	0.02135
3967.05708	0.02141
3965.12852	0.02145
3963.19995	0.02144
3961.27139	0.02148
3959.34282	0.02151
3957.41426	0.02148
3955.48569	0.02142
3953.55713	0.02138
3951.62856	0.02142
3949.70000	0.02156
3947.77144	0.02168
3945.84287	0.02166
3943.91431	0.02153
3941.98574	0.02144
3940.05718	0.02146
3938.12861	0.02153
3936.20005	0.02155
3934.27148	0.02146
3932.34292	0.02135
3930.41436	0.02135
3928.48579	0.02142
3926.55723	0.02149
3924.62866	0.02153
3922.70010	0.02150
3920.77153	0.02146
3918.84297	0.02155
3916.91440	0.02173
3914.98584	0.02182
3913.05728	0.02179
3911.12871	0.02171
3909.20015	0.02163
3907.27158	0.02153
3905.34302	0.02148
3903.41445	0.02148
3901.48589	0.02146
3899.55732	0.02146
3897.62876	0.02153
3895.70020	0.02158
3893.77163	0.02153
3891.84307	0.02142
3889.91450	0.02131
3887.98594	0.02128
3886.05737	0.02146
3884.12881	0.02169
3882.20024	0.02174
3880.27168	0.02166
3878.34312	0.02159
3876.41455	0.02156
3874.48599	0.02158
3872.55742	0.02157
3870.62886	0.02147
3868.70029	0.02130
3866.77173	0.02120
3864.84316	0.02126
3862.91460	0.02137
3860.98604	0.02136
3859.05747	0.02125
3857.12891	0.02115
3855.20034	0.02124
3853.27178	0.02151
3851.34321	0.02159
3849.41465	0.02139
3847.48608	0.02122
3845.55752	0.02122
3843.62896	0.02130
3841.70039	0.02132
3839.77183	0.02124
3837.84326	0.02112
3835.91470	0.02102
3833.98613	0.02100
3832.05757	0.02106
3830.12900	0.02114
3828.20044	0.02115
3826.27187	0.02112
3824.34331	0.02109
3822.41475	0.02112
3820.48618	0.02122
3818.55762	0.02134
3816.62905	0.02147
3814.70049	0.02153
3812.77192	0.02136
3810.84336	0.02102
3808.91479	0.02074
3806.98623	0.02067
3805.05767	0.02073
3803.12910	0.02085
3801.20054	0.02103
3799.27197	0.02115
3797.34341	0.02109
3795.41484	0.02096
3793.48628	0.02085
3791.55771	0.02080
3789.62915	0.02074
3787.70059	0.02065
3785.77202	0.02065
3783.84346	0.02068
3781.91489	0.02064
3779.98633	0.02055
3778.05776	0.02052
3776.12920	0.02050
3774.20063	0.02048
3772.27207	0.02051
3770.34351	0.02059
3768.41494	0.02063
3766.48638	0.02059
3764.55781	0.02051
3762.62925	0.02034
3760.70068	0.02017
3758.77212	0.02015
3756.84355	0.02021
3754.91499	0.02023
3752.98643	0.02027
3751.05786	0.02031
3749.12930	0.02023
3747.20073	0.02017
3745.27217	0.02036
3743.34360	0.02060
3741.41504	0.02055
3739.48647	0.02037
3737.55791	0.02036
3735.62935	0.02046
3733.70078	0.02045
3731.77222	0.02035
3729.84365	0.02039
3727.91509	0.02035
3725.98652	0.02050
3724.05796	0.02053
3722.12939	0.02049
3720.20083	0.02051
3718.27227	0.02039
3716.34370	0.02017
3714.41514	0.01995
3712.48657	0.01991
3710.55801	0.02013
3708.62944	0.02045
3706.70088	0.02058
3704.77231	0.02037
3702.84375	0.02007
3700.91519	0.01997
3698.98662	0.01996
3697.05806	0.01988
3695.12949	0.01975
3693.20093	0.01970
3691.27236	0.01983
3689.34380	0.02004
3687.41523	0.02015
3685.48667	0.01995
3683.55811	0.01954
3681.62954	0.01919
3679.70098	0.01907
3677.77241	0.01920
3675.84385	0.01946
3673.91528	0.01963
3671.98672	0.01967
3670.05815	0.01970
3668.12959	0.01976
3666.20103	0.01980
3664.27246	0.01982
3662.34390	0.01978
3660.41533	0.01972
3658.48677	0.01977
3656.55820	0.01988
3654.62964	0.01983
3652.70107	0.01965
3650.77251	0.01972
3648.84395	0.02015
3646.91538	0.02052
3644.98682	0.02051
3643.05825	0.02033
3641.12969	0.02022
3639.20112	0.02022
3637.27256	0.02024
3635.34399	0.02026
3633.41543	0.02022
3631.48687	0.02014
3629.55830	0.02013
3627.62974	0.02015
3625.70117	0.02025
3623.77261	0.02033
3621.84404	0.02032
3619.91548	0.02049
3617.98691	0.02065
3616.05835	0.02059
3614.12979	0.02059
3612.20122	0.02079
3610.27266	0.02109
3608.34409	0.02138
3606.41553	0.02153
3604.48696	0.02143
3602.55840	0.02122
3600.62983	0.02104
3598.70127	0.02097
3596.77271	0.02104
3594.84414	0.02105
3592.91558	0.02082
3590.98701	0.02043
3589.05845	0.02011
3587.12988	0.02001
3585.20132	0.02005
3583.27275	0.02006
3581.34419	0.02000
3579.41562	0.01989
3577.48706	0.01977
3575.55850	0.01964
3573.62993	0.01956
3571.70137	0.01957
3569.77280	0.01973
3567.84424	0.01996
3565.91567	0.02005
3563.98711	0.01999
3562.05854	0.01990
3560.12998	0.01986
3558.20142	0.01982
3556.27285	0.01980
3554.34429	0.01989
3552.41572	0.02011
3550.48716	0.02036
3548.55859	0.02049
3546.63003	0.02044
3544.70146	0.02039
3542.77290	0.02043
3540.84434	0.02048
3538.91577	0.02046
3536.98721	0.02035
3535.05864	0.02024
3533.13008	0.02027
3531.20151	0.02037
3529.27295	0.02042
3527.34438	0.02045
3525.41582	0.02043
3523.48726	0.02039
3521.55869	0.02044
3519.63013	0.02054
3517.70156	0.02060
3515.77300	0.02075
3513.84443	0.02097
3511.91587	0.02104
3509.98730	0.02095
3508.05874	0.02091
3506.13018	0.02097
3504.20161	0.02109
3502.27305	0.02120
3500.34448	0.02109
3498.41592	0.02078
3496.48735	0.02063
3494.55879	0.02074
3492.63022	0.02090
3490.70166	0.02110
3488.77310	0.02123
3486.84453	0.02115
3484.91597	0.02115
3482.98740	0.02137
3481.05884	0.02146
3479.13027	0.02137
3477.20171	0.02127
3475.27314	0.02115
3473.34458	0.02110
3471.41602	0.02123
3469.48745	0.02143
3467.55889	0.02150
3465.63032	0.02156
3463.70176	0.02167
3461.77319	0.02161
3459.84463	0.02132
3457.91606	0.02110
3455.98750	0.02118
3454.05894	0.02137
3452.13037	0.02150
3450.20181	0.02162
3448.27324	0.02181
3446.34468	0.02191
3444.41611	0.02187
3442.48755	0.02188
3440.55898	0.02201
3438.63042	0.02208
3436.70186	0.02193
3434.77329	0.02173
3432.84473	0.02172
3430.91616	0.02182
3428.98760	0.02193
3427.05903	0.02210
3425.13047	0.02219
3423.20190	0.02203
3421.27334	0.02181
3419.34478	0.02172
3417.41621	0.02174
3415.48765	0.02196
3413.55908	0.02222
3411.63052	0.02230
3409.70195	0.02213
3407.77339	0.02182
3405.84482	0.02158
3403.91626	0.02148
3401.98770	0.02147
3400.05913	0.02154
3398.13057	0.02171
3396.20200	0.02177
3394.27344	0.02163
3392.34487	0.02150
3390.41631	0.02155
3388.48774	0.02167
3386.55918	0.02170
3384.63062	0.02169
3382.70205	0.02180
3380.77349	0.02189
3378.84492	0.02186
3376.91636	0.02180
3374.98779	0.02176
3373.05923	0.02169
3371.13066	0.02160
3369.20210	0.02154
3367.27354	0.02154
3365.34497	0.02162
3363.41641	0.02177
3361.48784	0.02191
3359.55928	0.02194
3357.63071	0.02187
3355.70215	0.02181
3353.77358	0.02177
3351.84502	0.02168
3349.91646	0.02151
3347.98789	0.02137
3346.05933	0.02139
3344.13076	0.02149
3342.20220	0.02147
3340.27363	0.02133
3338.34507	0.02134
3336.41650	0.02153
3334.48794	0.02168
3332.55937	0.02162
3330.63081	0.02144
3328.70225	0.02138
3326.77368	0.02149
3324.84512	0.02156
3322.91655	0.02140
3320.98799	0.02120
3319.05942	0.02119
3317.13086	0.02120
3315.20229	0.02114
3313.27373	0.02115
3311.34517	0.02122
3309.41660	0.02120
3307.48804	0.02108
3305.55947	0.02095
3303.63091	0.02091
3301.70234	0.02094
3299.77378	0.02093
3297.84521	0.02092
3295.91665	0.02102
3293.98809	0.02115
3292.05952	0.02112
3290.13096	0.02096
3288.20239	0.02083
3286.27383	0.02078
3284.34526	0.02074
3282.41670	0.02077
3280.48813	0.02084
3278.55957	0.02074
3276.63101	0.02048
3274.70244	0.02024
3272.77388	0.02015
3270.84531	0.02027
3268.91675	0.02054
3266.98818	0.02063
3265.05962	0.02046
3263.13105	0.02035
3261.20249	0.02041
3259.27393	0.02031
3257.34536	0.01999
3255.41680	0.01984
3253.48823	0.02005
3251.55967	0.02024
3249.63110	0.02019
3247.70254	0.02007
3245.77397	0.01996
3243.84541	0.01972
3241.91685	0.01945
3239.98828	0.01940
3238.05972	0.01951
3236.13115	0.01955
3234.20259	0.01944
3232.27402	0.01928
3230.34546	0.01917
3228.41689	0.01921
3226.48833	0.01937
3224.55977	0.01942
3222.63120	0.01932
3220.70264	0.01920
3218.77407	0.01914
3216.84551	0.01910
3214.91694	0.01898
3212.98838	0.01886
3211.05981	0.01882
3209.13125	0.01874
3207.20269	0.01855
3205.27412	0.01844
3203.34556	0.01843
3201.41699	0.01840
3199.48843	0.01837
3197.55986	0.01836
3195.63130	0.01833
3193.70273	0.01825
3191.77417	0.01817
3189.84561	0.01809
3187.91704	0.01804
3185.98848	0.01801
3184.05991	0.01793
3182.13135	0.01772
3180.20278	0.01760
3178.27422	0.01775
3176.34565	0.01799
3174.41709	0.01799
3172.48853	0.01781
3170.55996	0.01766
3168.63140	0.01758
3166.70283	0.01760
3164.77427	0.01766
3162.84570	0.01761
3160.91714	0.01748
3158.98857	0.01743
3157.06001	0.01745
3155.13145	0.01743
3153.20288	0.01730
3151.27432	0.01711
3149.34575	0.01694
3147.41719	0.01684
3145.48862	0.01678
3143.56006	0.01677
3141.63149	0.01681
3139.70293	0.01687
3137.77437	0.01684
3135.84580	0.01673
3133.91724	0.01665
3131.98867	0.01665
3130.06011	0.01663
3128.13154	0.01654
3126.20298	0.01645
3124.27441	0.01641
3122.34585	0.01645
3120.41729	0.01652
3118.48872	0.01649
3116.56016	0.01644
3114.63159	0.01653
3112.70303	0.01667
3110.77446	0.01661
3108.84590	0.01641
3106.91733	0.01636
3104.98877	0.01647
3103.06021	0.01656
3101.13164	0.01654
3099.20308	0.01651
3097.27451	0.01652
3095.34595	0.01663
3093.41738	0.01682
3091.48882	0.01685
3089.56025	0.01667
3087.63169	0.01648
3085.70312	0.01649
3083.77456	0.01658
3081.84600	0.01661
3079.91743	0.01668
3077.98887	0.01684
3076.06030	0.01691
3074.13174	0.01680
3072.20317	0.01663
3070.27461	0.01656
3068.34604	0.01657
3066.41748	0.01655
3064.48892	0.01643
3062.56035	0.01626
3060.63179	0.01621
3058.70322	0.01624
3056.77466	0.01625
3054.84609	0.01622
3052.91753	0.01618
3050.98896	0.01615
3049.06040	0.01604
3047.13184	0.01586
3045.20327	0.01573
3043.27471	0.01573
3041.34614	0.01578
3039.41758	0.01575
3037.48901	0.01571
3035.56045	0.01574
3033.63188	0.01584
3031.70332	0.01587
3029.77476	0.01575
3027.84619	0.01553
3025.91763	0.01541
3023.98906	0.01542
3022.06050	0.01545
3020.13193	0.01542
3018.20337	0.01542
3016.27480	0.01542
3014.34624	0.01526
3012.41768	0.01505
3010.48911	0.01503
3008.56055	0.01517
3006.63198	0.01526
3004.70342	0.01526
3002.77485	0.01525
3000.84629	0.01529
2998.91772	0.01536
2996.98916	0.01544
2995.06060	0.01555
2993.13203	0.01564
2991.20347	0.01568
2989.27490	0.01582
2987.34634	0.01605
2985.41777	0.01619
2983.48921	0.01624
2981.56064	0.01635
2979.63208	0.01658
2977.70352	0.01688
2975.77495	0.01727
2973.84639	0.01780
2971.91782	0.01833
2969.98926	0.01878
2968.06069	0.01924
2966.13213	0.01988
2964.20356	0.02079
2962.27500	0.02198
2960.34644	0.02336
2958.41787	0.02486
2956.48931	0.02651
2954.56074	0.02851
2952.63218	0.03114
2950.70361	0.03447
2948.77505	0.03842
2946.84648	0.04311
2944.91792	0.04882
2942.98936	0.05582
2941.06079	0.06427
2939.13223	0.07428
2937.20366	0.08613
2935.27510	0.10035
2933.34653	0.11738
2931.41797	0.13762
2929.48940	0.16162
2927.56084	0.19006
2925.63228	0.22357
2923.70371	0.26219
2921.77515	0.30443
2919.84658	0.34654
2917.91802	0.38194
2915.98945	0.40213
2914.06089	0.40225
2912.13232	0.38602
2910.20376	0.36184
2908.27520	0.33627
2906.34663	0.31273
2904.41807	0.29248
2902.48950	0.27553
2900.56094	0.26129
2898.63237	0.24896
2896.70381	0.23776
2894.77524	0.22712
2892.84668	0.21666
2890.91812	0.20619
2888.98955	0.19562
2887.06099	0.18508
2885.13242	0.17475
2883.20386	0.16462
2881.27529	0.15425
2879.34673	0.14329
2877.41816	0.13210
2875.48960	0.12156
2873.56104	0.11251
2871.63247	0.10547
2869.70391	0.10071
2867.77534	0.09839
2865.84678	0.09887
2863.91821	0.10295
2861.98965	0.11194
2860.06108	0.12770
2858.13252	0.15277
2856.20396	0.18995
2854.27539	0.24093
2852.34683	0.30240
2850.41826	0.35974
2848.48970	0.38836
2846.56113	0.37498
2844.63257	0.33268
2842.70400	0.28299
2840.77544	0.23858
2838.84687	0.20333
2836.91831	0.17683
2834.98975	0.15711
2833.06118	0.14217
2831.13262	0.13052
2829.20405	0.12124
2827.27549	0.11370
2825.34692	0.10745
2823.41836	0.10217
2821.48979	0.09768
2819.56123	0.09376
2817.63267	0.09024
2815.70410	0.08711
2813.77554	0.08434
2811.84697	0.08188
2809.91841	0.07972
2807.98984	0.07781
2806.06128	0.07605
2804.13271	0.07432
2802.20415	0.07266
2800.27559	0.07108
2798.34702	0.06955
2796.41846	0.06811
2794.48989	0.06682
2792.56133	0.06567
2790.63276	0.06456
2788.70420	0.06344
2786.77563	0.06230
2784.84707	0.06121
2782.91851	0.06024
2780.98994	0.05933
2779.06138	0.05844
2777.13281	0.05762
2775.20425	0.05686
2773.27568	0.05609
2771.34712	0.05530
2769.41855	0.05455
2767.48999	0.05381
2765.56143	0.05310
2763.63286	0.05248
2761.70430	0.05192
2759.77573	0.05146
2757.84717	0.05111
2755.91860	0.05071
2753.99004	0.05011
2752.06147	0.04954
2750.13291	0.04927
2748.20435	0.04914
2746.27578	0.04891
2744.34722	0.04864
2742.41865	0.04840
2740.49009	0.04810
2738.56152	0.04772
2736.63296	0.04742
2734.70439	0.04720
2732.77583	0.04689
2730.84727	0.04646
2728.91870	0.04600
2726.99014	0.04560
2725.06157	0.04524
2723.13301	0.04489
2721.20444	0.04459
2719.27588	0.04432
2717.34731	0.04406
2715.41875	0.04381
2713.49019	0.04359
2711.56162	0.04346
2709.63306	0.04333
2707.70449	0.04305
2705.77593	0.04267
2703.84736	0.04236
2701.91880	0.04216
2699.99023	0.04197
2698.06167	0.04178
2696.13311	0.04160
2694.20454	0.04142
2692.27598	0.04124
2690.34741	0.04112
2688.41885	0.04100
2686.49028	0.04083
2684.56172	0.04070
2682.63315	0.04067
2680.70459	0.04069
2678.77603	0.04070
2676.84746	0.04069
2674.91890	0.04068
2672.99033	0.04065
2671.06177	0.04066
2669.13320	0.04072
2667.20464	0.04086
2665.27607	0.04112
2663.34751	0.04145
2661.41895	0.04171
2659.49038	0.04182
2657.56182	0.04181
2655.63325	0.04175
2653.70469	0.04165
2651.77612	0.04160
2649.84756	0.04157
2647.91899	0.04148
2645.99043	0.04142
2644.06187	0.04143
2642.13330	0.04143
2640.20474	0.04138
2638.27617	0.04126
2636.34761	0.04111
2634.41904	0.04101
2632.49048	0.04091
2630.56191	0.04066
2628.63335	0.04030
2626.70479	0.03992
2624.77622	0.03947
2622.84766	0.03902
2620.91909	0.03869
2618.99053	0.03840
2617.06196	0.03810
2615.13340	0.03777
2613.20483	0.03739
2611.27627	0.03698
2609.34771	0.03661
2607.41914	0.03634
2605.49058	0.03612
2603.56201	0.03585
2601.63345	0.03555
2599.70488	0.03531
2597.77632	0.03510
2595.84775	0.03485
2593.91919	0.03454
2591.99062	0.03426
2590.06206	0.03402
2588.13350	0.03371
2586.20493	0.03336
2584.27637	0.03306
2582.34780	0.03281
2580.41924	0.03263
2578.49067	0.03247
2576.56211	0.03233
2574.63354	0.03221
2572.70498	0.03201
2570.77642	0.03170
2568.84785	0.03139
2566.91929	0.03119
2564.99072	0.03112
2563.06216	0.03109
2561.13359	0.03101
2559.20503	0.03084
2557.27646	0.03062
2555.34790	0.03044
2553.41934	0.03038
2551.49077	0.03037
2549.56221	0.03030
2547.63364	0.03014
2545.70508	0.02987
2543.77651	0.02953
2541.84795	0.02928
2539.91938	0.02917
2537.99082	0.02910
2536.06226	0.02906
2534.13369	0.02902
2532.20513	0.02896
2530.27656	0.02894
2528.34800	0.02890
2526.41943	0.02879
2524.49087	0.02866
2522.56230	0.02854
2520.63374	0.02834
2518.70518	0.02812
2516.77661	0.02802
2514.84805	0.02795
2512.91948	0.02782
2510.99092	0.02766
2509.06235	0.02756
2507.13379	0.02749
2505.20522	0.02740
2503.27666	0.02726
2501.34810	0.02718
2499.41953	0.02721
2497.49097	0.02727
2495.56240	0.02717
2493.63384	0.02698
2491.70527	0.02690
2489.77671	0.02690
2487.84814	0.02680
2485.91958	0.02670
2483.99102	0.02668
2482.06245	0.02666
2480.13389	0.02663
2478.20532	0.02670
2476.27676	0.02683
2474.34819	0.02693
2472.41963	0.02692
2470.49106	0.02674
2468.56250	0.02645
2466.63394	0.02620
2464.70537	0.02604
2462.77681	0.02593
2460.84824	0.02600
2458.91968	0.02623
2456.99111	0.02635
2455.06255	0.02629
2453.13398	0.02624
2451.20542	0.02623
2449.27686	0.02609
2447.34829	0.02585
2445.41973	0.02567
2443.49116	0.02559
2441.56260	0.02551
2439.63403	0.02539
2437.70547	0.02538
2435.77690	0.02546
2433.84834	0.02546
2431.91978	0.02535
2429.99121	0.02531
2428.06265	0.02532
2426.13408	0.02528
2424.20552	0.02526
2422.27695	0.02531
2420.34839	0.02533
2418.41982	0.02524
2416.49126	0.02518
2414.56270	0.02524
2412.63413	0.02524
2410.70557	0.02506
2408.77700	0.02481
2406.84844	0.02460
2404.91987	0.02443
2402.99131	0.02436
2401.06274	0.02440
2399.13418	0.02404
2397.20562	0.02402
2395.27705	0.02414
2393.34849	0.02427
2391.41992	0.02444
2389.49136	0.02463
2387.56279	0.02486
2385.63423	0.02523
2383.70566	0.02571
2381.77710	0.02617
2379.84854	0.02656
2377.91997	0.02695
2375.99141	0.02743
2374.06284	0.02779
2372.13428	0.02824
2370.20571	0.02960
2368.27715	0.02871
2366.34858	0.02771
2364.42002	0.02971
2362.49146	0.02900
2360.56289	0.03120
2358.63433	0.03570
2356.70576	0.02968
2354.77720	0.03473
2352.84863	0.03655
2350.92007	0.03203
2348.99150	0.03027
2347.06294	0.02855
2345.13437	0.02674
2343.20581	0.03125
2341.27725	0.04165
2339.34868	0.04418
2337.42012	0.03858
2335.49155	0.02953
2333.56299	0.02363
2331.63442	0.02199
2329.70586	0.02274
2327.77729	0.02544
2325.84873	0.02815
2323.92017	0.02931
2321.99160	0.02922
2320.06304	0.02815
2318.13447	0.02765
2316.20591	0.02768
2314.27734	0.02794
2312.34878	0.02856
2310.42021	0.02942
2308.49165	0.02983
2306.56309	0.03028
2304.63452	0.03035
2302.70596	0.02986
2300.77739	0.02924
2298.84883	0.02862
2296.92026	0.02835
2294.99170	0.02846
2293.06313	0.02888
2291.13457	0.02913
2289.20601	0.02927
2287.27744	0.02910
2285.34888	0.02866
2283.42031	0.02823
2281.49175	0.02783
2279.56318	0.02746
2277.63462	0.02714
2275.70605	0.02690
2273.77749	0.02671
2271.84893	0.02643
2269.92036	0.02592
2267.99180	0.02526
2266.06323	0.02485
2264.13467	0.02484
2262.20610	0.02508
2260.27754	0.02526
2258.34897	0.02517
2256.42041	0.02475
2254.49185	0.02427
2252.56328	0.02415
2250.63472	0.02437
2248.70615	0.02423
2246.77759	0.02415
2244.84902	0.02417
2242.92046	0.02436
2240.99189	0.02444
2239.06333	0.02440
2237.13477	0.02437
2235.20620	0.02425
2233.27764	0.02402
2231.34907	0.02391
2229.42051	0.02393
2227.49194	0.02379
2225.56338	0.02361
2223.63481	0.02361
2221.70625	0.02363
2219.77769	0.02352
2217.84912	0.02332
2215.92056	0.02321
2213.99199	0.02321
2212.06343	0.02321
2210.13486	0.02319
2208.20630	0.02312
2206.27773	0.02296
2204.34917	0.02294
2202.42061	0.02319
2200.49204	0.02347
2198.56348	0.02351
2196.63491	0.02339
2194.70635	0.02325
2192.77778	0.02315
2190.84922	0.02314
2188.92065	0.02325
2186.99209	0.02332
2185.06353	0.02304
2183.13496	0.02222
2181.20640	0.02143
2179.27783	0.02158
2177.34927	0.02204
2175.42070	0.02187
2173.49214	0.02176
2171.56357	0.02257
2169.63501	0.02399
2167.70645	0.02519
2165.77788	0.02586
2163.84932	0.02641
2161.92075	0.02549
2159.99219	0.02044
2158.06362	0.01438
2156.13506	0.01262
2154.20649	0.01405
2152.27793	0.01582
2150.34937	0.01703
2148.42080	0.01727
2146.49224	0.01690
2144.56367	0.01671
2142.63511	0.01678
2140.70654	0.01696
2138.77798	0.01713
2136.84941	0.01673
2134.92085	0.01595
2132.99229	0.01576
2131.06372	0.01641
2129.13516	0.01736
2127.20659	0.01810
2125.27803	0.01856
2123.34946	0.01896
2121.42090	0.01941
2119.49233	0.01997
2117.56377	0.02069
2115.63521	0.02144
2113.70664	0.02190
2111.77808	0.02199
2109.84951	0.02194
2107.92095	0.02193
2105.99238	0.02197
2104.06382	0.02191
2102.13525	0.02170
2100.20669	0.02139
2098.27812	0.02091
2096.34956	0.02033
2094.42100	0.02009
2092.49243	0.02050
2090.56387	0.02111
2088.63530	0.02143
2086.70674	0.02151
2084.77817	0.02147
2082.84961	0.02145
2080.92104	0.02175
2078.99248	0.02222
2077.06392	0.02246
2075.13535	0.02243
2073.20679	0.02220
2071.27822	0.02188
2069.34966	0.02169
2067.42109	0.02161
2065.49253	0.02167
2063.56396	0.02193
2061.63540	0.02208
2059.70684	0.02208
2057.77827	0.02212
2055.84971	0.02220
2053.92114	0.02301
2051.99258	0.02460
2050.06401	0.02503
2048.13545	0.02363
2046.20688	0.02225
2044.27832	0.02181
2042.34976	0.02182
2040.42119	0.02204
2038.49263	0.02241
2036.56406	0.02249
2034.63550	0.02190
2032.70693	0.02103
2030.77837	0.02040
2028.84980	0.02017
2026.92124	0.02020
2024.99268	0.02020
2023.06411	0.02021
2021.13555	0.02031
2019.20698	0.02028
2017.27842	0.02006
2015.34985	0.01976
2013.42129	0.01947
2011.49272	0.01943
2009.56416	0.01939
2007.63560	0.01852
2005.70703	0.01737
2003.77847	0.01733
2001.84990	0.01822
1999.92134	0.01909
1997.99277	0.01965
1996.06421	0.02003
1994.13564	0.02037
1992.20708	0.02075
1990.27852	0.02121
1988.34995	0.02162
1986.42139	0.02203
1984.49282	0.02277
1982.56426	0.02373
1980.63569	0.02377
1978.70713	0.02176
1976.77856	0.01889
1974.85000	0.01726
1972.92144	0.01698
1970.99287	0.01731
1969.06431	0.01783
1967.13574	0.01815
1965.20718	0.01808
1963.27861	0.01764
1961.35005	0.01695
1959.42148	0.01624
1957.49292	0.01600
1955.56436	0.01637
1953.63579	0.01682
1951.70723	0.01709
1949.77866	0.01744
1947.85010	0.01778
1945.92153	0.01792
1943.99297	0.01802
1942.06440	0.01815
1940.13584	0.01826
1938.20728	0.01847
1936.27871	0.01868
1934.35015	0.01878
1932.42158	0.01889
1930.49302	0.01898
1928.56445	0.01894
1926.63589	0.01887
1924.70732	0.01900
1922.77876	0.01932
1920.85020	0.01960
1918.92163	0.01973
1916.99307	0.01980
1915.06450	0.01996
1913.13594	0.02017
1911.20737	0.02039
1909.27881	0.02068
1907.35024	0.02087
1905.42168	0.02082
1903.49312	0.02073
1901.56455	0.02090
1899.63599	0.02118
1897.70742	0.02122
1895.77886	0.02109
1893.85029	0.02101
1891.92173	0.02098
1889.99316	0.02091
1888.06460	0.02085
1886.13604	0.02080
1884.20747	0.02073
1882.27891	0.02065
1880.35034	0.02053
1878.42178	0.02040
1876.49321	0.02040
1874.56465	0.02047
1872.63608	0.02045
1870.70752	0.02039
1868.77896	0.02045
1866.85039	0.02059
1864.92183	0.02063
1862.99326	0.02058
1861.06470	0.02057
1859.13613	0.02059
1857.20757	0.02061
1855.27900	0.02065
1853.35044	0.02075
1851.42187	0.02085
1849.49331	0.02092
1847.56475	0.02092
1845.63618	0.02090
1843.70762	0.02090
1841.77905	0.02087
1839.85049	0.02083
1837.92192	0.02088
1835.99336	0.02097
1834.06479	0.02097
1832.13623	0.02094
1830.20767	0.02104
1828.27910	0.02125
1826.35054	0.02144
1824.42197	0.02161
1822.49341	0.02166
1820.56484	0.02153
1818.63628	0.02127
1816.70771	0.02114
1814.77915	0.02128
1812.85059	0.02154
1810.92202	0.02176
1808.99346	0.02193
1807.06489	0.02212
1805.13633	0.02229
1803.20776	0.02240
1801.27920	0.02245
1799.35063	0.02246
1797.42207	0.02251
1795.49351	0.02262
1793.56494	0.02277
1791.63638	0.02288
1789.70781	0.02291
1787.77925	0.02287
1785.85068	0.02285
1783.92212	0.02293
1781.99355	0.02306
1780.06499	0.02314
1778.13643	0.02309
1776.20786	0.02301
1774.27930	0.02308
1772.35073	0.02331
1770.42217	0.02352
1768.49360	0.02359
1766.56504	0.02357
1764.63647	0.02354
1762.70791	0.02362
1760.77935	0.02375
1758.85078	0.02383
1756.92222	0.02389
1754.99365	0.02391
1753.06509	0.02392
1751.13652	0.02401
1749.20796	0.02417
1747.27939	0.02428
1745.35083	0.02431
1743.42227	0.02432
1741.49370	0.02439
1739.56514	0.02452
1737.63657	0.02468
1735.70801	0.02491
1733.77944	0.02520
1731.85088	0.02536
1729.92231	0.02533
1727.99375	0.02522
1726.06519	0.02513
1724.13662	0.02511
1722.20806	0.02515
1720.27949	0.02521
1718.35093	0.02526
1716.42236	0.02530
1714.49380	0.02528
1712.56523	0.02521
1710.63667	0.02515
1708.70811	0.02521
1706.77954	0.02541
1704.85098	0.02563
1702.92241	0.02579
1700.99385	0.02606
1699.06528	0.02644
1697.13672	0.02672
1695.20815	0.02689
1693.27959	0.02695
1691.35103	0.02695
1689.42246	0.02697
1687.49390	0.02707
1685.56533	0.02730
1683.63677	0.02763
1681.70820	0.02782
1679.77964	0.02784
1677.85107	0.02788
1675.92251	0.02802
1673.99395	0.02822
1672.06538	0.02840
1670.13682	0.02858
1668.20825	0.02871
1666.27969	0.02875
1664.35112	0.02882
1662.42256	0.02898
1660.49399	0.02913
1658.56543	0.02917
1656.63687	0.02920
1654.70830	0.02938
1652.77974	0.02970
1650.85117	0.02983
1648.92261	0.02982
1646.99404	0.02989
1645.06548	0.02998
1643.13691	0.02999
1641.20835	0.02997
1639.27979	0.02997
1637.35122	0.03008
1635.42266	0.03034
1633.49409	0.03052
1631.56553	0.03052
1629.63696	0.03048
1627.70840	0.03054
1625.77983	0.03067
1623.85127	0.03085
1621.92271	0.03095
1619.99414	0.03098
1618.06558	0.03111
1616.13701	0.03136
1614.20845	0.03150
1612.27988	0.03152
1610.35132	0.03158
1608.42275	0.03170
1606.49419	0.03183
1604.56562	0.03196
1602.63706	0.03212
1600.70850	0.03226
1598.77993	0.03235
1596.85137	0.03238
1594.92280	0.03238
1592.99424	0.03236
1591.06567	0.03236
1589.13711	0.03233
1587.20854	0.03224
1585.27998	0.03214
1583.35142	0.03206
1581.42285	0.03193
1579.49429	0.03175
1577.56572	0.03156
1575.63716	0.03137
1573.70859	0.03110
1571.78003	0.03078
1569.85146	0.03051
1567.92290	0.03026
1565.99434	0.02999
1564.06577	0.02977
1562.13721	0.02964
1560.20864	0.02958
1558.28008	0.02952
1556.35151	0.02935
1554.42295	0.02914
1552.49438	0.02895
1550.56582	0.02878
1548.63726	0.02863
1546.70869	0.02851
1544.78013	0.02838
1542.85156	0.02821
1540.92300	0.02805
1538.99443	0.02794
1537.06587	0.02781
1535.13730	0.02765
1533.20874	0.02746
1531.28018	0.02723
1529.35161	0.02701
1527.42305	0.02686
1525.49448	0.02676
1523.56592	0.02666
1521.63735	0.02656
1519.70879	0.02643
1517.78022	0.02633
1515.85166	0.02624
1513.92310	0.02611
1511.99453	0.02600
1510.06597	0.02602
1508.13740	0.02613
1506.20884	0.02617
1504.28027	0.02605
1502.35171	0.02592
1500.42314	0.02593
1498.49458	0.02606
1496.56602	0.02616
1494.63745	0.02617
1492.70889	0.02618
1490.78032	0.02635
1488.85176	0.02668
1486.92319	0.02713
1484.99463	0.02787
1483.06606	0.02938
1481.13750	0.03303
1479.20894	0.04281
1477.28037	0.06647
1475.35181	0.10953
1473.42324	0.16200
1471.49468	0.19711
1469.56611	0.20136
1467.63755	0.18817
1465.70898	0.17140
1463.78042	0.15470
1461.85186	0.13732
1459.92329	0.11842
1457.99473	0.09934
1456.06616	0.08415
1454.13760	0.07486
1452.20903	0.06897
1450.28047	0.06435
1448.35190	0.06069
1446.42334	0.05804
1444.49478	0.05621
1442.56621	0.05483
1440.63765	0.05359
1438.70908	0.05229
1436.78052	0.05080
1434.85195	0.04910
1432.92339	0.04717
1430.99482	0.04494
1429.06626	0.04247
1427.13770	0.04000
1425.20913	0.03761
1423.28057	0.03538
1421.35200	0.03344
1419.42344	0.03175
1417.49487	0.03032
1415.56631	0.02920
1413.63774	0.02830
1411.70918	0.02754
1409.78062	0.02689
1407.85205	0.02636
1405.92349	0.02591
1403.99492	0.02553
1402.06636	0.02523
1400.13779	0.02498
1398.20923	0.02475
1396.28066	0.02452
1394.35210	0.02431
1392.42354	0.02414
1390.49497	0.02406
1388.56641	0.02412
1386.63784	0.02429
1384.70928	0.02461
1382.78071	0.02522
1380.85215	0.02623
1378.92358	0.02751
1376.99502	0.02893
1375.06646	0.03049
1373.13789	0.03211
1371.20933	0.03347
1369.28076	0.03421
1367.35220	0.03415
1365.42363	0.03344
1363.49507	0.03244
1361.56650	0.03151
1359.63794	0.03083
1357.70937	0.03044
1355.78081	0.03035
1353.85225	0.03040
1351.92368	0.03031
1349.99512	0.02990
1348.06655	0.02918
1346.13799	0.02831
1344.20942	0.02740
1342.28086	0.02655
1340.35229	0.02579
1338.42373	0.02508
1336.49517	0.02441
1334.56660	0.02384
1332.63804	0.02347
1330.70947	0.02334
1328.78091	0.02342
1326.85234	0.02362
1324.92378	0.02389
1322.99521	0.02425
1321.06665	0.02473
1319.13809	0.02525
1317.20952	0.02578
1315.28096	0.02633
1313.35239	0.02695
1311.42383	0.02756
1309.49526	0.02804
1307.56670	0.02832
1305.63813	0.02842
1303.70957	0.02839
1301.78101	0.02830
1299.85244	0.02818
1297.92388	0.02800
1295.99531	0.02763
1294.06675	0.02702
1292.13818	0.02634
1290.20962	0.02574
1288.28105	0.02523
1286.35249	0.02480
1284.42393	0.02445
1282.49536	0.02418
1280.56680	0.02396
1278.63823	0.02380
1276.70967	0.02368
1274.78110	0.02354
1272.85254	0.02337
1270.92397	0.02316
1268.99541	0.02292
1267.06685	0.02271
1265.13828	0.02253
1263.20972	0.02238
1261.28115	0.02224
1259.35259	0.02208
1257.42402	0.02191
1255.49546	0.02172
1253.56689	0.02152
1251.63833	0.02136
1249.70977	0.02126
1247.78120	0.02119
1245.85264	0.02111
1243.92407	0.02098
1241.99551	0.02085
1240.06694	0.02079
1238.13838	0.02075
1236.20981	0.02069
1234.28125	0.02060
1232.35269	0.02050
1230.42412	0.02041
1228.49556	0.02036
1226.56699	0.02032
1224.63843	0.02024
1222.70986	0.02016
1220.78130	0.02016
1218.85273	0.02026
1216.92417	0.02032
1214.99561	0.02027
1213.06704	0.02019
1211.13848	0.02019
1209.20991	0.02025
1207.28135	0.02033
1205.35278	0.02040
1203.42422	0.02050
1201.49565	0.02058
1199.56709	0.02062
1197.63853	0.02066
1195.70996	0.02074
1193.78140	0.02083
1191.85283	0.02093
1189.92427	0.02106
1187.99570	0.02122
1186.06714	0.02137
1184.13857	0.02155
1182.21001	0.02186
1180.28145	0.02234
1178.35288	0.02294
1176.42432	0.02336
1174.49575	0.02342
1172.56719	0.02332
1170.63862	0.02331
1168.71006	0.02322
1166.78149	0.02294
1164.85293	0.02261
1162.92437	0.02237
1160.99580	0.02226
1159.06724	0.02222
1157.13867	0.02221
1155.21011	0.02220
1153.28154	0.02218
1151.35298	0.02219
1149.42441	0.02227
1147.49585	0.02238
1145.56729	0.02246
1143.63872	0.02256
1141.71016	0.02274
1139.78159	0.02303
1137.85303	0.02341
1135.92446	0.02388
1133.99590	0.02436
1132.06733	0.02478
1130.13877	0.02509
1128.21021	0.02526
1126.28164	0.02529
1124.35308	0.02528
1122.42451	0.02531
1120.49595	0.02534
1118.56738	0.02532
1116.63882	0.02530
1114.71025	0.02531
1112.78169	0.02536
1110.85312	0.02543
1108.92456	0.02548
1106.99600	0.02550
1105.06743	0.02560
1103.13887	0.02577
1101.21030	0.02595
1099.28174	0.02618
1097.35317	0.02650
1095.42461	0.02687
1093.49604	0.02723
1091.56748	0.02755
1089.63892	0.02788
1087.71035	0.02816
1085.78179	0.02834
1083.85322	0.02836
1081.92466	0.02826
1079.99609	0.02811
1078.06753	0.02799
1076.13896	0.02785
1074.21040	0.02759
1072.28184	0.02722
1070.35327	0.02694
1068.42471	0.02684
1066.49614	0.02688
1064.56758	0.02692
1062.63901	0.02677
1060.71045	0.02641
1058.78188	0.02611
1056.85332	0.02593
1054.92476	0.02568
1052.99619	0.02531
1051.06763	0.02498
1049.13906	0.02475
1047.21050	0.02454
1045.28193	0.02428
1043.35337	0.02404
1041.42480	0.02392
1039.49624	0.02378
1037.56768	0.02350
1035.63911	0.02317
1033.71055	0.02288
1031.78198	0.02261
1029.85342	0.02226
1027.92485	0.02184
1025.99629	0.02147
1024.06772	0.02119
1022.13916	0.02093
1020.21060	0.02068
1018.28203	0.02042
1016.35347	0.02014
1014.42490	0.01991
1012.49634	0.01973
1010.56777	0.01951
1008.63921	0.01915
1006.71064	0.01878
1004.78208	0.01850
1002.85352	0.01831
1000.92495	0.01814
998.99639	0.01798
997.06782	0.01783
995.13926	0.01768
993.21069	0.01750
991.28213	0.01732
989.35356	0.01709
987.42500	0.01672
985.49644	0.01629
983.56787	0.01597
981.63931	0.01569
979.71074	0.01542
977.78218	0.01523
975.85361	0.01515
973.92505	0.01512
971.99648	0.01502
970.06792	0.01482
968.13936	0.01458
966.21079	0.01437
964.28223	0.01421
962.35366	0.01407
960.42510	0.01390
958.49653	0.01370
956.56797	0.01356
954.63940	0.01348
952.71084	0.01340
950.78228	0.01327
948.85371	0.01319
946.92515	0.01322
944.99658	0.01324
943.06802	0.01316
941.13945	0.01308
939.21089	0.01311
937.28232	0.01317
935.35376	0.01319
933.42520	0.01313
931.49663	0.01305
929.56807	0.01300
927.63950	0.01298
925.71094	0.01293
923.78237	0.01287
921.85381	0.01283
919.92524	0.01286
917.99668	0.01295
916.06812	0.01311
914.13955	0.01343
912.21099	0.01397
910.28242	0.01454
908.35386	0.01481
906.42529	0.01460
904.49673	0.01408
902.56816	0.01360
900.63960	0.01328
898.71104	0.01306
896.78247	0.01291
894.85391	0.01288
892.92534	0.01290
890.99678	0.01296
889.06821	0.01302
887.13965	0.01297
885.21108	0.01280
883.28252	0.01260
881.35396	0.01241
879.42539	0.01226
877.49683	0.01215
875.56826	0.01208
873.63970	0.01213
871.71113	0.01228
869.78257	0.01241
867.85400	0.01247
865.92544	0.01246
863.99687	0.01244
862.06831	0.01247
860.13975	0.01259
858.21118	0.01272
856.28262	0.01279
854.35405	0.01280
852.42549	0.01278
850.49692	0.01264
848.56836	0.01246
846.63979	0.01249
844.71123	0.01269
842.78267	0.01286
840.85410	0.01290
838.92554	0.01285
836.99697	0.01279
835.06841	0.01283
833.13984	0.01290
831.21128	0.01291
829.28271	0.01296
827.35415	0.01318
825.42559	0.01345
823.49702	0.01353
821.56846	0.01349
819.63989	0.01353
817.71133	0.01368
815.78276	0.01382
813.85420	0.01403
811.92563	0.01435
809.99707	0.01456
808.06851	0.01466
806.13994	0.01484
804.21138	0.01514
802.28281	0.01546
800.35425	0.01564
798.42568	0.01565
796.49712	0.01562
794.56855	0.01567
792.63999	0.01567
790.71143	0.01557
788.78286	0.01555
786.85430	0.01576
784.92573	0.01599
782.99717	0.01598
781.06860	0.01592
779.14004	0.01611
777.21147	0.01650
775.28291	0.01680
773.35435	0.01693
771.42578	0.01697
769.49722	0.01704
767.56865	0.01721
765.64009	0.01744
763.71152	0.01769
761.78296	0.01796
759.85439	0.01827
757.92583	0.01859
755.99727	0.01899
754.06870	0.01955
752.14014	0.02022
750.21157	0.02093
748.28301	0.02170
746.35444	0.02247
744.42588	0.02328
742.49731	0.02429
740.56875	0.02578
738.64019	0.02865
736.71162	0.03487
734.78306	0.04621
732.85449	0.06056
730.92593	0.07204
728.99736	0.07917
727.06880	0.08734
725.14023	0.10122
723.21167	0.12289
721.28311	0.15356
719.35454	0.18949
717.42598	0.21567
715.49741	0.21390
713.56885	0.18351
711.64028	0.14324
709.71172	0.10972
707.78315	0.08636
705.85459	0.07023
703.92603	0.05883
701.99746	0.05098
700.06890	0.04547
698.14033	0.04119
696.21177	0.03759
694.28320	0.03477
692.35464	0.03289
690.42607	0.03139
688.49751	0.02938
686.56895	0.02731
684.64038	0.02601
682.71182	0.02554
680.78325	0.02484
678.85469	0.02314
676.92612	0.02166
674.99756	0.02146
673.06899	0.02174
671.14043	0.02016
669.21187	0.01684
667.28330	0.01942
665.35474	0.01917
663.42617	0.01898
661.49761	0.01921
659.56904	0.01916
657.64048	0.01841
655.71191	0.01788
653.78335	0.01802
651.85479	0.01764
649.92622	0.01682
647.99766	0.01722
646.06909	0.01850
644.14053	0.01888
642.21196	0.01860
640.28340	0.01885
638.35483	0.01971
636.42627	0.02096
634.49771	0.02269
632.56914	0.02426
630.64058	0.02421
628.71201	0.02243
626.78345	0.02023
624.85488	0.01861
622.92632	0.01794
620.99775	0.01795
619.06919	0.01796
617.14062	0.01802
615.21206	0.01819
613.28350	0.01813
611.35493	0.01812
609.42637	0.01850
607.49780	0.01889
605.56924	0.01916
603.64067	0.01939
601.71211	0.01913
599.78354	0.01882
