3997.91411	0.01328
3995.98555	0.01339
3994.05698	0.01350
3992.12842	0.01350
3990.19985	0.01338
3988.27129	0.01326
3986.34272	0.01326
3984.41416	0.01332
3982.48560	0.01335
3980.55703	0.01335
3978.62847	0.01332
3976.69990	0.01325
3974.77134	0.01321
3972.84277	0.01323
3970.91421	0.01323
3968.98564	0.01322
3967.05708	0.01325
3965.12852	0.01327
3963.19995	0.01332
3961.27139	0.01348
3959.34282	0.01357
3957.41426	0.01342
3955.48569	0.01318
3953.55713	0.01307
3951.62856	0.01311
3949.70000	0.01316
3947.77144	0.01318
3945.84287	0.01316
3943.91431	0.01313
3941.98574	0.01308
3940.05718	0.01305
3938.12861	0.01304
3936.20005	0.01304
3934.27148	0.01299
3932.34292	0.01293
3930.41436	0.01290
3928.48579	0.01291
3926.55723	0.01292
3924.62866	0.01292
3922.70010	0.01289
3920.77153	0.01289
3918.84297	0.01300
3916.91440	0.01321
3914.98584	0.01334
3913.05728	0.01330
3911.12871	0.01317
3909.20015	0.01305
3907.27158	0.01301
3905.34302	0.01305
3903.41445	0.01305
3901.48589	0.01293
3899.55732	0.01286
3897.62876	0.01294
3895.70020	0.01301
3893.77163	0.01301
3891.84307	0.01302
3889.91450	0.01303
3887.98594	0.01304
3886.05737	0.01305
3884.12881	0.01302
3882.20024	0.01293
3880.27168	0.01287
3878.34312	0.01282
3876.41455	0.01272
3874.48599	0.01266
3872.55742	0.01269
3870.62886	0.01267
3868.70029	0.01257
3866.77173	0.01255
3864.84316	0.01263
3862.91460	0.01267
3860.98604	0.01261
3859.05747	0.01258
3857.12891	0.01265
3855.20034	0.01284
3853.27178	0.01305
3851.34321	0.01306
3849.41465	0.01291
3847.48608	0.01278
3845.55752	0.01272
3843.62896	0.01268
3841.70039	0.01263
3839.77183	0.01262
3837.84326	0.01267
3835.91470	0.01268
3833.98613	0.01263
3832.05757	0.01263
3830.12900	0.01266
3828.20044	0.01261
3826.27187	0.01254
3824.34331	0.01254
3822.41475	0.01259
3820.48618	0.01265
3818.55762	0.01272
3816.62905	0.01283
3814.70049	0.01295
3812.77192	0.01294
3810.84336	0.01280
3808.91479	0.01266
3806.98623	0.01258
3805.05767	0.01251
3803.12910	0.01248
3801.20054	0.01253
3799.27197	0.01255
3797.34341	0.01248
3795.41484	0.01241
3793.48628	0.01240
3791.55771	0.01238
3789.62915	0.01233
3787.70059	0.01227
3785.77202	0.01226
3783.84346	0.01230
3781.91489	0.01233
3779.98633	0.01234
3778.05776	0.01241
3776.12920	0.01252
3774.20063	0.01258
3772.27207	0.01253
3770.34351	0.01242
3768.41494	0.01233
3766.48638	0.01229
3764.55781	0.01226
3762.62925	0.01212
3760.70068	0.01192
3758.77212	0.01186
3756.84355	0.01200
3754.91499	0.01220
3752.98643	0.01232
3751.05786	0.01234
3749.12930	0.01229
3747.20073	0.01235
3745.27217	0.01268
3743.34360	0.01303
3741.41504	0.01312
3739.48647	0.01316
3737.55791	0.01329
3735.62935	0.01332
3733.70078	0.01320
3731.77222	0.01322
3729.84365	0.01349
3727.91509	0.01376
3725.98652	0.01380
3724.05796	0.01352
3722.12939	0.01313
3720.20083	0.01292
3718.27227	0.01279
3716.34370	0.01261
3714.41514	0.01240
3712.48657	0.01237
3710.55801	0.01275
3708.62944	0.01306
3706.70088	0.01313
3704.77231	0.01300
3702.84375	0.01284
3700.91519	0.01283
3698.98662	0.01287
3697.05806	0.01285
3695.12949	0.01280
3693.20093	0.01271
3691.27236	0.01267
3689.34380	0.01262
3687.41523	0.01259
3685.48667	0.01252
3683.55811	0.01244
3681.62954	0.01237
3679.70098	0.01232
3677.77241	0.01228
3675.84385	0.01217
3673.91528	0.01201
3671.98672	0.01197
3670.05815	0.01215
3668.12959	0.01242
3666.20103	0.01259
3664.27246	0.01264
3662.34390	0.01262
3660.41533	0.01264
3658.48677	0.01276
3656.55820	0.01294
3654.62964	0.01308
3652.70107	0.01313
3650.77251	0.01330
3648.84395	0.01377
3646.91538	0.01425
3644.98682	0.01448
3643.05825	0.01459
3641.12969	0.01473
3639.20112	0.01495
3637.27256	0.01528
3635.34399	0.01565
3633.41543	0.01587
3631.48687	0.01600
3629.55830	0.01638
3627.62974	0.01694
3625.70117	0.01728
3623.77261	0.01740
3621.84404	0.01740
3619.91548	0.01751
3617.98691	0.01792
3616.05835	0.01832
3614.12979	0.01853
3612.20122	0.01876
3610.27266	0.01923
3608.34409	0.01994
3606.41553	0.02062
3604.48696	0.02112
3602.55840	0.02146
3600.62983	0.02178
3598.70127	0.02221
3596.77271	0.02271
3594.84414	0.02327
3592.91558	0.02370
3590.98701	0.02404
3589.05845	0.02439
3587.12988	0.02482
3585.20132	0.02521
3583.27275	0.02554
3581.34419	0.02584
3579.41562	0.02609
3577.48706	0.02634
3575.55850	0.02669
3573.62993	0.02711
3571.70137	0.02752
3569.77280	0.02796
3567.84424	0.02852
3565.91567	0.02905
3563.98711	0.02940
3562.05854	0.02968
3560.12998	0.02998
3558.20142	0.03015
3556.27285	0.03021
3554.34429	0.03040
3552.41572	0.03081
3550.48716	0.03127
3548.55859	0.03153
3546.63003	0.03154
3544.70146	0.03151
3542.77290	0.03164
3540.84434	0.03186
3538.91577	0.03201
3536.98721	0.03203
3535.05864	0.03209
3533.13008	0.03232
3531.20151	0.03257
3529.27295	0.03267
3527.34438	0.03277
3525.41582	0.03289
3523.48726	0.03294
3521.55869	0.03292
3519.63013	0.03302
3517.70156	0.03335
3515.77300	0.03376
3513.84443	0.03395
3511.91587	0.03382
3509.98730	0.03361
3508.05874	0.03361
3506.13018	0.03375
3504.20161	0.03392
3502.27305	0.03413
3500.34448	0.03433
3498.41592	0.03450
3496.48735	0.03472
3494.55879	0.03489
3492.63022	0.03498
3490.70166	0.03513
3488.77310	0.03536
3486.84453	0.03557
3484.91597	0.03581
3482.98740	0.03601
3481.05884	0.03609
3479.13027	0.03616
3477.20171	0.03628
3475.27314	0.03635
3473.34458	0.03648
3471.41602	0.03674
3469.48745	0.03701
3467.55889	0.03724
3465.63032	0.03753
3463.70176	0.03786
3461.77319	0.03807
3459.84463	0.03818
3457.91606	0.03829
3455.98750	0.03848
3454.05894	0.03860
3452.13037	0.03849
3450.20181	0.03839
3448.27324	0.03849
3446.34468	0.03869
3444.41611	0.03896
3442.48755	0.03928
3440.55898	0.03947
3438.63042	0.03946
3436.70186	0.03943
3434.77329	0.03958
3432.84473	0.03988
3430.91616	0.04003
3428.98760	0.04002
3427.05903	0.04017
3425.13047	0.04048
3423.20190	0.04073
3421.27334	0.04092
3419.34478	0.04099
3417.41621	0.04092
3415.48765	0.04088
3413.55908	0.04097
3411.63052	0.04110
3409.70195	0.04120
3407.77339	0.04124
3405.84482	0.04130
3403.91626	0.04139
3401.98770	0.04143
3400.05913	0.04147
3398.13057	0.04169
3396.20200	0.04187
3394.27344	0.04178
3392.34487	0.04166
3390.41631	0.04190
3388.48774	0.04236
3386.55918	0.04254
3384.63062	0.04244
3382.70205	0.04240
3380.77349	0.04248
3378.84492	0.04249
3376.91636	0.04250
3374.98779	0.04260
3373.05923	0.04274
3371.13066	0.04276
3369.20210	0.04259
3367.27354	0.04230
3365.34497	0.04223
3363.41641	0.04255
3361.48784	0.04300
3359.55928	0.04322
3357.63071	0.04318
3355.70215	0.04310
3353.77358	0.04305
3351.84502	0.04300
3349.91646	0.04295
3347.98789	0.04290
3346.05933	0.04284
3344.13076	0.04288
3342.20220	0.04292
3340.27363	0.04286
3338.34507	0.04276
3336.41650	0.04269
3334.48794	0.04260
3332.55937	0.04248
3330.63081	0.04236
3328.70225	0.04225
3326.77368	0.04215
3324.84512	0.04214
3322.91655	0.04219
3320.98799	0.04217
3319.05942	0.04207
3317.13086	0.04191
3315.20229	0.04183
3313.27373	0.04190
3311.34517	0.04189
3309.41660	0.04165
3307.48804	0.04135
3305.55947	0.04128
3303.63091	0.04143
3301.70234	0.04150
3299.77378	0.04138
3297.84521	0.04121
3295.91665	0.04106
3293.98809	0.04098
3292.05952	0.04092
3290.13096	0.04087
3288.20239	0.04084
3286.27383	0.04079
3284.34526	0.04070
3282.41670	0.04069
3280.48813	0.04066
3278.55957	0.04034
3276.63101	0.03986
3274.70244	0.03960
3272.77388	0.03961
3270.84531	0.03973
3268.91675	0.03982
3266.98818	0.03974
3265.05962	0.03950
3263.13105	0.03931
3261.20249	0.03916
3259.27393	0.03889
3257.34536	0.03857
3255.41680	0.03839
3253.48823	0.03836
3251.55967	0.03829
3249.63110	0.03804
3247.70254	0.03769
3245.77397	0.03737
3243.84541	0.03711
3241.91685	0.03694
3239.98828	0.03684
3238.05972	0.03671
3236.13115	0.03650
3234.20259	0.03626
3232.27402	0.03607
3230.34546	0.03588
3228.41689	0.03568
3226.48833	0.03561
3224.55977	0.03564
3222.63120	0.03560
3220.70264	0.03543
3218.77407	0.03520
3216.84551	0.03494
3214.91694	0.03460
3212.98838	0.03439
3211.05981	0.03438
3209.13125	0.03435
3207.20269	0.03415
3205.27412	0.03390
3203.34556	0.03367
3201.41699	0.03346
3199.48843	0.03323
3197.55986	0.03293
3195.63130	0.03267
3193.70273	0.03256
3191.77417	0.03248
3189.84561	0.03228
3187.91704	0.03203
3185.98848	0.03180
3184.05991	0.03158
3182.13135	0.03143
3180.20278	0.03133
3178.27422	0.03113
3176.34565	0.03089
3174.41709	0.03080
3172.48853	0.03083
3170.55996	0.03086
3168.63140	0.03083
3166.70283	0.03071
3164.77427	0.03044
3162.84570	0.03006
3160.91714	0.02972
3158.98857	0.02951
3157.06001	0.02933
3155.13145	0.02913
3153.20288	0.02891
3151.27432	0.02871
3149.34575	0.02852
3147.41719	0.02829
3145.48862	0.02803
3143.56006	0.02776
3141.63149	0.02745
3139.70293	0.02721
3137.77437	0.02713
3135.84580	0.02711
3133.91724	0.02695
3131.98867	0.02665
3130.06011	0.02643
3128.13154	0.02635
3126.20298	0.02627
3124.27441	0.02608
3122.34585	0.02583
3120.41729	0.02556
3118.48872	0.02527
3116.56016	0.02512
3114.63159	0.02529
3112.70303	0.02554
3110.77446	0.02549
3108.84590	0.02515
3106.91733	0.02481
3104.98877	0.02463
3103.06021	0.02460
3101.13164	0.02460
3099.20308	0.02455
3097.27451	0.02448
3095.34595	0.02447
3093.41738	0.02452
3091.48882	0.02455
3089.56025	0.02442
3087.63169	0.02418
3085.70312	0.02405
3083.77456	0.02405
3081.84600	0.02400
3079.91743	0.02390
3077.98887	0.02393
3076.06030	0.02411
3074.13174	0.02425
3072.20317	0.02418
3070.27461	0.02393
3068.34604	0.02368
3066.41748	0.02356
3064.48892	0.02355
3062.56035	0.02354
3060.63179	0.02348
3058.70322	0.02336
3056.77466	0.02314
3054.84609	0.02285
3052.91753	0.02263
3050.98896	0.02260
3049.06040	0.02261
3047.13184	0.02250
3045.20327	0.02233
3043.27471	0.02218
3041.34614	0.02209
3039.41758	0.02213
3037.48901	0.02226
3035.56045	0.02230
3033.63188	0.02226
3031.70332	0.02226
3029.77476	0.02232
3027.84619	0.02239
3025.91763	0.02239
3023.98906	0.02235
3022.06050	0.02237
3020.13193	0.02246
3018.20337	0.02269
3016.27480	0.02294
3014.34624	0.02306
3012.41768	0.02308
3010.48911	0.02314
3008.56055	0.02327
3006.63198	0.02339
3004.70342	0.02350
3002.77485	0.02366
3000.84629	0.02376
2998.91772	0.02381
2996.98916	0.02406
2995.06060	0.02459
2993.13203	0.02512
2991.20347	0.02575
2989.27490	0.02680
2987.34634	0.02828
2985.41777	0.02996
2983.48921	0.03164
2981.56064	0.03339
2979.63208	0.03551
2977.70352	0.03806
2975.77495	0.04099
2973.84639	0.04436
2971.91782	0.04811
2969.98926	0.05226
2968.06069	0.05702
2966.13213	0.06254
2964.20356	0.06870
2962.27500	0.07523
2960.34644	0.08173
2958.41787	0.08746
2956.48931	0.09131
2954.56074	0.09245
2952.63218	0.09128
2950.70361	0.08950
2948.77505	0.08903
2946.84648	0.09090
2944.91792	0.09511
2942.98936	0.10095
2941.06079	0.10784
2939.13223	0.11594
2937.20366	0.12564
2935.27510	0.13699
2933.34653	0.14986
2931.41797	0.16432
2929.48940	0.18072
2927.56084	0.19976
2925.63228	0.22203
2923.70371	0.24741
2921.77515	0.27466
2919.84658	0.30089
2917.91802	0.32048
2915.98945	0.32549
2914.06089	0.31128
2912.13232	0.28296
2910.20376	0.25158
2908.27520	0.22474
2906.34663	0.20410
2904.41807	0.18837
2902.48950	0.17577
2900.56094	0.16508
2898.63237	0.15559
2896.70381	0.14683
2894.77524	0.13867
2892.84668	0.13116
2890.91812	0.12424
2888.98955	0.11780
2887.06099	0.11190
2885.13242	0.10676
2883.20386	0.10276
2881.27529	0.10017
2879.34673	0.09919
2877.41816	0.09988
2875.48960	0.10181
2873.56104	0.10372
2871.63247	0.10427
2869.70391	0.10344
2867.77534	0.10294
2865.84678	0.10471
2863.91821	0.10971
2861.98965	0.11806
2860.06108	0.12960
2858.13252	0.14431
2856.20396	0.16306
2854.27539	0.18779
2852.34683	0.21865
2850.41826	0.24763
2848.48970	0.25805
2846.56113	0.24069
2844.63257	0.20615
2842.70400	0.17067
2840.77544	0.14188
2838.84687	0.12044
2836.91831	0.10489
2834.98975	0.09352
2833.06118	0.08505
2831.13262	0.07853
2829.20405	0.07322
2827.27549	0.06879
2825.34692	0.06510
2823.41836	0.06196
2821.48979	0.05924
2819.56123	0.05693
2817.63267	0.05495
2815.70410	0.05322
2813.77554	0.05164
2811.84697	0.05019
2809.91841	0.04896
2807.98984	0.04790
2806.06128	0.04683
2804.13271	0.04572
2802.20415	0.04463
2800.27559	0.04358
2798.34702	0.04256
2796.41846	0.04161
2794.48989	0.04078
2792.56133	0.04008
2790.63276	0.03944
2788.70420	0.03878
2786.77563	0.03813
2784.84707	0.03754
2782.91851	0.03700
2780.98994	0.03645
2779.06138	0.03588
2777.13281	0.03542
2775.20425	0.03508
2773.27568	0.03472
2771.34712	0.03431
2769.41855	0.03394
2767.48999	0.03365
2765.56143	0.03338
2763.63286	0.03307
2761.70430	0.03273
2759.77573	0.03247
2757.84717	0.03233
2755.91860	0.03216
2753.99004	0.03184
2752.06147	0.03144
2750.13291	0.03116
2748.20435	0.03108
2746.27578	0.03109
2744.34722	0.03104
2742.41865	0.03090
2740.49009	0.03076
2738.56152	0.03074
2736.63296	0.03090
2734.70439	0.03111
2732.77583	0.03116
2730.84727	0.03100
2728.91870	0.03072
2726.99014	0.03033
2725.06157	0.02989
2723.13301	0.02955
2721.20444	0.02936
2719.27588	0.02923
2717.34731	0.02906
2715.41875	0.02886
2713.49019	0.02869
2711.56162	0.02856
2709.63306	0.02840
2707.70449	0.02814
2705.77593	0.02794
2703.84736	0.02784
2701.91880	0.02776
2699.99023	0.02770
2698.06167	0.02764
2696.13311	0.02754
2694.20454	0.02740
2692.27598	0.02725
2690.34741	0.02711
2688.41885	0.02700
2686.49028	0.02691
2684.56172	0.02689
2682.63315	0.02692
2680.70459	0.02693
2678.77603	0.02687
2676.84746	0.02677
2674.91890	0.02669
2672.99033	0.02667
2671.06177	0.02672
2669.13320	0.02678
2667.20464	0.02685
2665.27607	0.02698
2663.34751	0.02711
2661.41895	0.02724
2659.49038	0.02727
2657.56182	0.02714
2655.63325	0.02699
2653.70469	0.02693
2651.77612	0.02696
2649.84756	0.02697
2647.91899	0.02696
2645.99043	0.02688
2644.06187	0.02673
2642.13330	0.02657
2640.20474	0.02643
2638.27617	0.02625
2636.34761	0.02603
2634.41904	0.02584
2632.49048	0.02568
2630.56191	0.02550
2628.63335	0.02530
2626.70479	0.02506
2624.77622	0.02479
2622.84766	0.02455
2620.91909	0.02436
2618.99053	0.02418
2617.06196	0.02401
2615.13340	0.02382
2613.20483	0.02354
2611.27627	0.02325
2609.34771	0.02309
2607.41914	0.02307
2605.49058	0.02304
2603.56201	0.02288
2601.63345	0.02263
2599.70488	0.02241
2597.77632	0.02220
2595.84775	0.02193
2593.91919	0.02170
2591.99062	0.02151
2590.06206	0.02129
2588.13350	0.02118
2586.20493	0.02124
2584.27637	0.02132
2582.34780	0.02127
2580.41924	0.02115
2578.49067	0.02095
2576.56211	0.02075
2574.63354	0.02062
2572.70498	0.02055
2570.77642	0.02047
2568.84785	0.02036
2566.91929	0.02024
2564.99072	0.02015
2563.06216	0.02008
2561.13359	0.01997
2559.20503	0.01980
2557.27646	0.01964
2555.34790	0.01957
2553.41934	0.01951
2551.49077	0.01941
2549.56221	0.01926
2547.63364	0.01909
2545.70508	0.01886
2543.77651	0.01867
2541.84795	0.01864
2539.91938	0.01873
2537.99082	0.01885
2536.06226	0.01903
2534.13369	0.01917
2532.20513	0.01911
2530.27656	0.01899
2528.34800	0.01897
2526.41943	0.01895
2524.49087	0.01887
2522.56230	0.01877
2520.63374	0.01868
2518.70518	0.01859
2516.77661	0.01847
2514.84805	0.01830
2512.91948	0.01814
2510.99092	0.01807
2509.06235	0.01808
2507.13379	0.01807
2505.20522	0.01802
2503.27666	0.01794
2501.34810	0.01784
2499.41953	0.01771
2497.49097	0.01760
2495.56240	0.01750
2493.63384	0.01739
2491.70527	0.01735
2489.77671	0.01738
2487.84814	0.01737
2485.91958	0.01735
2483.99102	0.01737
2482.06245	0.01739
2480.13389	0.01735
2478.20532	0.01725
2476.27676	0.01714
2474.34819	0.01711
2472.41963	0.01715
2470.49106	0.01709
2468.56250	0.01695
2466.63394	0.01685
2464.70537	0.01677
2462.77681	0.01672
2460.84824	0.01684
2458.91968	0.01704
2456.99111	0.01710
2455.06255	0.01701
2453.13398	0.01694
2451.20542	0.01689
2449.27686	0.01671
2447.34829	0.01643
2445.41973	0.01632
2443.49116	0.01639
2441.56260	0.01634
2439.63403	0.01618
2437.70547	0.01616
2435.77690	0.01632
2433.84834	0.01645
2431.91978	0.01643
2429.99121	0.01632
2428.06265	0.01621
2426.13408	0.01615
2424.20552	0.01616
2422.27695	0.01615
2420.34839	0.01609
2418.41982	0.01603
2416.49126	0.01602
2414.56270	0.01609
2412.63413	0.01611
2410.70557	0.01602
2408.77700	0.01590
2406.84844	0.01572
2404.91987	0.01553
2402.99131	0.01552
2401.06274	0.01552
2399.13418	0.01178
2397.20562	0.01142
2395.27705	0.01283
2393.34849	0.01435
2391.41992	0.01599
2389.49136	0.01776
2387.56279	0.01975
2385.63423	0.02199
2383.70566	0.02421
2381.77710	0.02588
2379.84854	0.02668
2377.91997	0.02641
2375.99141	0.02539
2374.06284	0.02412
2372.13428	0.02323
2370.20571	0.02341
2368.27715	0.02337
2366.34858	0.02376
2364.42002	0.02598
2362.49146	0.02642
2360.56289	0.02826
2358.63433	0.03133
2356.70576	0.02864
2354.77720	0.03307
2352.84863	0.03909
2350.92007	0.04259
2348.99150	0.04442
2347.06294	0.03852
2345.13437	0.03124
2343.20581	0.03106
2341.27725	0.03675
2339.34868	0.03853
2337.42012	0.03597
2335.49155	0.03106
2333.56299	0.02799
2331.63442	0.02829
2329.70586	0.03074
2327.77729	0.03487
2325.84873	0.03656
2323.92017	0.03434
2321.99160	0.03055
2320.06304	0.02722
2318.13447	0.02567
2316.20591	0.02529
2314.27734	0.02525
2312.34878	0.02557
2310.42021	0.02585
2308.49165	0.02570
2306.56309	0.02517
2304.63452	0.02444
2302.70596	0.02369
2300.77739	0.02315
2298.84883	0.02279
2296.92026	0.02250
2294.99170	0.02224
2293.06313	0.02206
2291.13457	0.02151
2289.20601	0.02054
2287.27744	0.01921
2285.34888	0.01769
2283.42031	0.01628
2281.49175	0.01520
2279.56318	0.01466
2277.63462	0.01464
2275.70605	0.01482
2273.77749	0.01506
2271.84893	0.01528
2269.92036	0.01525
2267.99180	0.01490
2266.06323	0.01477
2264.13467	0.01526
2262.20610	0.01609
2260.27754	0.01667
2258.34897	0.01672
2256.42041	0.01626
2254.49185	0.01590
2252.56328	0.01654
2250.63472	0.01728
2248.70615	0.01494
2246.77759	0.01489
2244.84902	0.01484
2242.92046	0.01490
2240.99189	0.01493
2239.06333	0.01478
2237.13477	0.01457
2235.20620	0.01447
2233.27764	0.01445
2231.34907	0.01435
2229.42051	0.01414
2227.49194	0.01392
2225.56338	0.01373
2223.63481	0.01364
2221.70625	0.01369
2219.77769	0.01369
2217.84912	0.01374
2215.92056	0.01404
2213.99199	0.01420
2212.06343	0.01399
2210.13486	0.01387
2208.20630	0.01399
2206.27773	0.01405
2204.34917	0.01394
2202.42061	0.01384
2200.49204	0.01376
2198.56348	0.01368
2196.63491	0.01371
2194.70635	0.01369
2192.77778	0.01353
2190.84922	0.01350
2188.92065	0.01359
2186.99209	0.01359
2185.06353	0.01340
2183.13496	0.01286
2181.20640	0.01228
2179.27783	0.01232
2177.34927	0.01245
2175.42070	0.01207
2173.49214	0.01197
2171.56357	0.01289
2169.63501	0.01426
2167.70645	0.01508
2165.77788	0.01534
2163.84932	0.01575
2161.92075	0.01506
2159.99219	0.01111
2158.06362	0.00649
2156.13506	0.00536
2154.20649	0.00673
2152.27793	0.00811
2150.34937	0.00867
2148.42080	0.00851
2146.49224	0.00816
2144.56367	0.00808
2142.63511	0.00839
2140.70654	0.00890
2138.77798	0.00912
2136.84941	0.00870
2134.92085	0.00796
2132.99229	0.00769
2131.06372	0.00835
2129.13516	0.00947
2127.20659	0.01022
2125.27803	0.01043
2123.34946	0.01052
2121.42090	0.01075
2119.49233	0.01111
2117.56377	0.01161
2115.63521	0.01227
2113.70664	0.01282
2111.77808	0.01296
2109.84951	0.01288
2107.92095	0.01286
2105.99238	0.01284
2104.06382	0.01272
2102.13525	0.01261
2100.20669	0.01250
2098.27812	0.01224
2096.34956	0.01184
2094.42100	0.01157
2092.49243	0.01177
2090.56387	0.01225
2088.63530	0.01254
2086.70674	0.01265
2084.77817	0.01265
2082.84961	0.01261
2080.92104	0.01281
2078.99248	0.01322
2077.06392	0.01343
2075.13535	0.01329
2073.20679	0.01296
2071.27822	0.01263
2069.34966	0.01245
2067.42109	0.01231
2065.49253	0.01210
2063.56396	0.01209
2061.63540	0.01235
2059.70684	0.01263
2057.77827	0.01276
2055.84971	0.01291
2053.92114	0.01366
2051.99258	0.01482
2050.06401	0.01491
2048.13545	0.01362
2046.20688	0.01237
2044.27832	0.01196
2042.34976	0.01218
2040.42119	0.01262
2038.49263	0.01281
2036.56406	0.01247
2034.63550	0.01183
2032.70693	0.01126
2030.77837	0.01071
2028.84980	0.01010
2026.92124	0.00974
2024.99268	0.00965
2023.06411	0.00957
2021.13555	0.00955
2019.20698	0.00960
2017.27842	0.00954
2015.34985	0.00935
2013.42129	0.00923
2011.49272	0.00932
2009.56416	0.00918
2007.63560	0.00826
2005.70703	0.00723
2003.77847	0.00718
2001.84990	0.00777
1999.92134	0.00833
1997.99277	0.00886
1996.06421	0.00942
1994.13564	0.00994
1992.20708	0.01050
1990.27852	0.01085
1988.34995	0.01072
1986.42139	0.01051
1984.49282	0.01108
1982.56426	0.01238
1980.63569	0.01282
1978.70713	0.01108
1976.77856	0.00842
1974.85000	0.00699
1972.92144	0.00693
1970.99287	0.00726
1969.06431	0.00747
1967.13574	0.00756
1965.20718	0.00760
1963.27861	0.00751
1961.35005	0.00713
1959.42148	0.00658
1957.49292	0.00631
1955.56436	0.00646
1953.63579	0.00680
1951.70723	0.00714
1949.77866	0.00744
1947.85010	0.00761
1945.92153	0.00758
1943.99297	0.00738
1942.06440	0.00722
1940.13584	0.00735
1938.20728	0.00764
1936.27871	0.00779
1934.35015	0.00788
1932.42158	0.00808
1930.49302	0.00822
1928.56445	0.00811
1926.63589	0.00788
1924.70732	0.00781
1922.77876	0.00804
1920.85020	0.00844
1918.92163	0.00872
1916.99307	0.00883
1915.06450	0.00890
1913.13594	0.00901
1911.20737	0.00916
1909.27881	0.00925
1907.35024	0.00922
1905.42168	0.00901
1903.49312	0.00875
1901.56455	0.00865
1899.63599	0.00874
1897.70742	0.00885
1895.77886	0.00889
1893.85029	0.00891
1891.92173	0.00892
1889.99316	0.00895
1888.06460	0.00896
1886.13604	0.00888
1884.20747	0.00875
1882.27891	0.00869
1880.35034	0.00871
1878.42178	0.00873
1876.49321	0.00876
1874.56465	0.00884
1872.63608	0.00892
1870.70752	0.00889
1868.77896	0.00881
1866.85039	0.00882
1864.92183	0.00889
1862.99326	0.00890
1861.06470	0.00885
1859.13613	0.00881
1857.20757	0.00881
1855.27900	0.00886
1853.35044	0.00889
1851.42187	0.00884
1849.49331	0.00876
1847.56475	0.00872
1845.63618	0.00875
1843.70762	0.00878
1841.77905	0.00872
1839.85049	0.00864
1837.92192	0.00870
1835.99336	0.00890
1834.06479	0.00907
1832.13623	0.00908
1830.20767	0.00901
1828.27910	0.00900
1826.35054	0.00909
1824.42197	0.00924
1822.49341	0.00933
1820.56484	0.00927
1818.63628	0.00909
1816.70771	0.00899
1814.77915	0.00908
1812.85059	0.00926
1810.92202	0.00945
1808.99346	0.00970
1807.06489	0.00998
1805.13633	0.01023
1803.20776	0.01042
1801.27920	0.01060
1799.35063	0.01078
1797.42207	0.01094
1795.49351	0.01108
1793.56494	0.01125
1791.63638	0.01151
1789.70781	0.01176
1787.77925	0.01196
1785.85068	0.01212
1783.92212	0.01227
1781.99355	0.01243
1780.06499	0.01255
1778.13643	0.01258
1776.20786	0.01262
1774.27930	0.01280
1772.35073	0.01314
1770.42217	0.01349
1768.49360	0.01376
1766.56504	0.01400
1764.63647	0.01432
1762.70791	0.01486
1760.77935	0.01567
1758.85078	0.01675
1756.92222	0.01817
1754.99365	0.01993
1753.06509	0.02207
1751.13652	0.02488
1749.20796	0.02841
1747.27939	0.03243
1745.35083	0.03700
1743.42227	0.04249
1741.49370	0.04929
1739.56514	0.05709
1737.63657	0.06448
1735.70801	0.07059
1733.77944	0.07507
1731.85088	0.07661
1729.92231	0.07489
1727.99375	0.07105
1726.06519	0.06635
1724.13662	0.06158
1722.20806	0.05722
1720.27949	0.05335
1718.35093	0.04976
1716.42236	0.04664
1714.49380	0.04434
1712.56523	0.04269
1710.63667	0.04140
1708.70811	0.04035
1706.77954	0.03959
1704.85098	0.03912
1702.92241	0.03883
1700.99385	0.03863
1699.06528	0.03845
1697.13672	0.03820
1695.20815	0.03782
1693.27959	0.03736
1691.35103	0.03695
1689.42246	0.03668
1687.49390	0.03658
1685.56533	0.03671
1683.63677	0.03714
1681.70820	0.03767
1679.77964	0.03809
1677.85107	0.03851
1675.92251	0.03909
1673.99395	0.03977
1672.06538	0.04042
1670.13682	0.04108
1668.20825	0.04176
1666.27969	0.04239
1664.35112	0.04310
1662.42256	0.04398
1660.49399	0.04487
1658.56543	0.04560
1656.63687	0.04621
1654.70830	0.04698
1652.77974	0.04811
1650.85117	0.04915
1648.92261	0.05000
1646.99404	0.05125
1645.06548	0.05296
1643.13691	0.05469
1641.20835	0.05641
1639.27979	0.05836
1637.35122	0.06115
1635.42266	0.06512
1633.49409	0.06919
1631.56553	0.07228
1629.63696	0.07462
1627.70840	0.07647
1625.77983	0.07763
1623.85127	0.07807
1621.92271	0.07794
1619.99414	0.07743
1618.06558	0.07648
1616.13701	0.07500
1614.20845	0.07320
1612.27988	0.07135
1610.35132	0.06961
1608.42275	0.06828
1606.49419	0.06767
1604.56562	0.06789
1602.63706	0.06893
1600.70850	0.07069
1598.77993	0.07318
1596.85137	0.07663
1594.92280	0.08143
1592.99424	0.08801
1591.06567	0.09696
1589.13711	0.10923
1587.20854	0.12612
1585.27998	0.14919
1583.35142	0.17925
1581.42285	0.21442
1579.49429	0.24997
1577.56572	0.28081
1575.63716	0.30045
1573.70859	0.30277
1571.78003	0.28846
1569.85146	0.26186
1567.92290	0.23162
1565.99434	0.20600
1564.06577	0.18675
1562.13721	0.17278
1560.20864	0.16186
1558.28008	0.15349
1556.35151	0.15034
1554.42295	0.15283
1552.49438	0.16045
1550.56582	0.17401
1548.63726	0.19411
1546.70869	0.22087
1544.78013	0.25483
1542.85156	0.29368
1540.92300	0.32863
1538.99443	0.34559
1537.06587	0.33796
1535.13730	0.31072
1533.20874	0.27160
1531.28018	0.23302
1529.35161	0.20202
1527.42305	0.17647
1525.49448	0.15515
1523.56592	0.13843
1521.63735	0.12520
1519.70879	0.11492
1517.78022	0.10717
1515.85166	0.10061
1513.92310	0.09463
1511.99453	0.08923
1510.06597	0.08430
1508.13740	0.07941
1506.20884	0.07451
1504.28027	0.07080
1502.35171	0.06851
1500.42314	0.06697
1498.49458	0.06602
1496.56602	0.06591
1494.63745	0.06668
1492.70889	0.06849
1490.78032	0.07233
1488.85176	0.07917
1486.92319	0.08903
1484.99463	0.10187
1483.06606	0.11841
1481.13750	0.13878
1479.20894	0.16149
1477.28037	0.18591
1475.35181	0.21325
1473.42324	0.24226
1471.49468	0.26568
1469.56611	0.27774
1467.63755	0.28178
1465.70898	0.28162
1463.78042	0.27591
1461.85186	0.26359
1459.92329	0.24703
1457.99473	0.22924
1456.06616	0.21337
1454.13760	0.20109
1452.20903	0.19048
1450.28047	0.18004
1448.35190	0.17050
1446.42334	0.16336
1444.49478	0.15962
1442.56621	0.15942
1440.63765	0.16255
1438.70908	0.16921
1436.78052	0.17865
1434.85195	0.18658
1432.92339	0.18882
1430.99482	0.18616
1429.06626	0.18252
1427.13770	0.18180
1425.20913	0.18567
1423.28057	0.19278
1421.35200	0.19976
1419.42344	0.20364
1417.49487	0.20286
1415.56631	0.19793
1413.63774	0.19041
1411.70918	0.18146
1409.78062	0.17172
1407.85205	0.16152
1405.92349	0.15109
1403.99492	0.14108
1402.06636	0.13236
1400.13779	0.12496
1398.20923	0.11860
1396.28066	0.11327
1394.35210	0.10885
1392.42354	0.10535
1390.49497	0.10274
1388.56641	0.10096
1386.63784	0.10018
1384.70928	0.10085
1382.78071	0.10330
1380.85215	0.10688
1378.92358	0.10957
1376.99502	0.10938
1375.06646	0.10621
1373.13789	0.10193
1371.20933	0.09836
1369.28076	0.09585
1367.35220	0.09388
1365.42363	0.09205
1363.49507	0.09023
1361.56650	0.08853
1359.63794	0.08714
1357.70937	0.08635
1355.78081	0.08642
1353.85225	0.08724
1351.92368	0.08800
1349.99512	0.08785
1348.06655	0.08671
1346.13799	0.08525
1344.20942	0.08420
1342.28086	0.08393
1340.35229	0.08452
1338.42373	0.08554
1336.49517	0.08605
1334.56660	0.08541
1332.63804	0.08379
1330.70947	0.08193
1328.78091	0.08061
1326.85234	0.08053
1324.92378	0.08218
1322.99521	0.08557
1321.06665	0.08967
1319.13809	0.09251
1317.20952	0.09256
1315.28096	0.09050
1313.35239	0.08841
1311.42383	0.08738
1309.49526	0.08732
1307.56670	0.08801
1305.63813	0.08952
1303.70957	0.09181
1301.78101	0.09423
1299.85244	0.09555
1297.92388	0.09512
1295.99531	0.09364
1294.06675	0.09234
1292.13818	0.09181
1290.20962	0.09165
1288.28105	0.09095
1286.35249	0.08940
1284.42393	0.08780
1282.49536	0.08736
1280.56680	0.08853
1278.63823	0.09013
1276.70967	0.09033
1274.78110	0.08864
1272.85254	0.08619
1270.92397	0.08422
1268.99541	0.08319
1267.06685	0.08300
1265.13828	0.08339
1263.20972	0.08423
1261.28115	0.08560
1259.35259	0.08727
1257.42402	0.08840
1255.49546	0.08825
1253.56689	0.08696
1251.63833	0.08538
1249.70977	0.08418
1247.78120	0.08337
1245.85264	0.08268
1243.92407	0.08200
1241.99551	0.08161
1240.06694	0.08200
1238.13838	0.08329
1236.20981	0.08492
1234.28125	0.08571
1232.35269	0.08476
1230.42412	0.08240
1228.49556	0.07977
1226.56699	0.07761
1224.63843	0.07597
1222.70986	0.07483
1220.78130	0.07431
1218.85273	0.07459
1216.92417	0.07572
1214.99561	0.07740
1213.06704	0.07887
1211.13848	0.07934
1209.20991	0.07886
1207.28135	0.07819
1205.35278	0.07788
1203.42422	0.07804
1201.49565	0.07863
1199.56709	0.07957
1197.63853	0.08080
1195.70996	0.08228
1193.78140	0.08409
1191.85283	0.08622
1189.92427	0.08797
1187.99570	0.08853
1186.06714	0.08816
1184.13857	0.08782
1182.21001	0.08786
1180.28145	0.08812
1178.35288	0.08836
1176.42432	0.08845
1174.49575	0.08825
1172.56719	0.08766
1170.63862	0.08664
1168.71006	0.08521
1166.78149	0.08349
1164.85293	0.08167
1162.92437	0.07991
1160.99580	0.07827
1159.06724	0.07680
1157.13867	0.07550
1155.21011	0.07438
1153.28154	0.07344
1151.35298	0.07268
1149.42441	0.07205
1147.49585	0.07147
1145.56729	0.07089
1143.63872	0.07035
1141.71016	0.07001
1139.78159	0.07005
1137.85303	0.07062
1135.92446	0.07171
1133.99590	0.07304
1132.06733	0.07422
1130.13877	0.07505
1128.21021	0.07540
1126.28164	0.07544
1124.35308	0.07574
1122.42451	0.07704
1120.49595	0.08020
1118.56738	0.08604
1116.63882	0.09421
1114.71025	0.10237
1112.78169	0.10729
1110.85312	0.10706
1108.92456	0.10259
1106.99600	0.09693
1105.06743	0.09282
1103.13887	0.09100
1101.21030	0.09064
1099.28174	0.09060
1097.35317	0.08991
1095.42461	0.08825
1093.49604	0.08606
1091.56748	0.08402
1089.63892	0.08247
1087.71035	0.08149
1085.78179	0.08101
1083.85322	0.08092
1081.92466	0.08108
1079.99609	0.08140
1078.06753	0.08184
1076.13896	0.08221
1074.21040	0.08238
1072.28184	0.08257
1070.35327	0.08300
1068.42471	0.08368
1066.49614	0.08459
1064.56758	0.08565
1062.63901	0.08660
1060.71045	0.08718
1058.78188	0.08729
1056.85332	0.08695
1054.92476	0.08628
1052.99619	0.08540
1051.06763	0.08438
1049.13906	0.08326
1047.21050	0.08207
1045.28193	0.08081
1043.35337	0.07972
1041.42480	0.07887
1039.49624	0.07801
1037.56768	0.07700
1035.63911	0.07609
1033.71055	0.07539
1031.78198	0.07486
1029.85342	0.07436
1027.92485	0.07378
1025.99629	0.07310
1024.06772	0.07229
1022.13916	0.07136
1020.21060	0.07046
1018.28203	0.06966
1016.35347	0.06901
1014.42490	0.06858
1012.49634	0.06817
1010.56777	0.06742
1008.63921	0.06616
1006.71064	0.06459
1004.78208	0.06307
1002.85352	0.06176
1000.92495	0.06063
998.99639	0.05966
997.06782	0.05881
995.13926	0.05818
993.21069	0.05787
991.28213	0.05795
989.35356	0.05839
987.42500	0.05908
985.49644	0.05994
983.56787	0.06098
981.63931	0.06205
979.71074	0.06294
977.78218	0.06364
975.85361	0.06430
973.92505	0.06496
971.99648	0.06571
970.06792	0.06696
968.13936	0.06905
966.21079	0.07163
964.28223	0.07343
962.35366	0.07316
960.42510	0.07105
958.49653	0.06830
956.56797	0.06513
954.63940	0.06117
952.71084	0.05682
950.78228	0.05297
948.85371	0.05009
946.92515	0.04825
944.99658	0.04744
943.06802	0.04757
941.13945	0.04852
939.21089	0.04993
937.28232	0.05106
935.35376	0.05135
933.42520	0.05073
931.49663	0.04922
929.56807	0.04693
927.63950	0.04444
925.71094	0.04246
923.78237	0.04108
921.85381	0.04008
919.92524	0.03936
917.99668	0.03895
916.06812	0.03875
914.13955	0.03867
912.21099	0.03866
910.28242	0.03862
908.35386	0.03860
906.42529	0.03883
904.49673	0.03925
902.56816	0.03960
900.63960	0.03981
898.71104	0.04018
896.78247	0.04115
894.85391	0.04290
892.92534	0.04496
890.99678	0.04628
889.06821	0.04605
887.13965	0.04429
885.21108	0.04183
883.28252	0.03969
881.35396	0.03829
879.42539	0.03747
877.49683	0.03685
875.56826	0.03623
873.63970	0.03567
871.71113	0.03518
869.78257	0.03470
867.85400	0.03423
865.92544	0.03392
863.99687	0.03378
862.06831	0.03369
860.13975	0.03364
858.21118	0.03371
856.28262	0.03391
854.35405	0.03448
852.42549	0.03569
850.49692	0.03700
848.56836	0.03733
846.63979	0.03655
844.71123	0.03558
842.78267	0.03505
840.85410	0.03488
838.92554	0.03475
836.99697	0.03454
835.06841	0.03440
833.13984	0.03452
831.21128	0.03484
829.28271	0.03527
827.35415	0.03576
825.42559	0.03619
823.49702	0.03645
821.56846	0.03668
819.63989	0.03713
817.71133	0.03788
815.78276	0.03880
813.85420	0.03972
811.92563	0.04038
809.99707	0.04051
808.06851	0.04029
806.13994	0.04023
804.21138	0.04050
802.28281	0.04092
800.35425	0.04139
798.42568	0.04197
796.49712	0.04281
794.56855	0.04379
792.63999	0.04479
790.71143	0.04606
788.78286	0.04814
786.85430	0.05154
784.92573	0.05588
782.99717	0.05945
781.06860	0.06072
779.14004	0.06024
777.21147	0.05984
775.28291	0.06058
773.35435	0.06225
771.42578	0.06440
769.49722	0.06663
767.56865	0.06841
765.64009	0.06919
763.71152	0.06903
761.78296	0.06854
759.85439	0.06824
757.92583	0.06846
755.99727	0.06937
754.06870	0.07054
752.14014	0.07141
750.21157	0.07199
748.28301	0.07277
746.35444	0.07415
744.42588	0.07624
742.49731	0.07886
740.56875	0.08137
738.64019	0.08336
736.71162	0.08566
734.78306	0.09057
732.85449	0.10031
730.92593	0.11420
728.99736	0.12790
727.06880	0.13808
725.14023	0.14685
723.21167	0.15787
721.28311	0.16540
719.35454	0.16244
717.42598	0.14738
715.49741	0.12867
713.56885	0.11539
711.64028	0.10872
709.71172	0.10575
707.78315	0.10417
705.85459	0.10313
703.92603	0.10277
701.99746	0.10316
700.06890	0.10398
698.14033	0.10487
696.21177	0.10581
694.28320	0.10707
692.35464	0.10879
690.42607	0.11076
688.49751	0.11292
686.56895	0.11570
684.64038	0.11915
682.71182	0.12314
680.78325	0.12744
678.85469	0.13164
676.92612	0.13588
674.99756	0.14036
673.06899	0.14377
671.14043	0.14039
669.21187	0.13055
667.28330	0.13363
665.35474	0.13808
663.42617	0.14175
661.49761	0.13998
659.56904	0.13594
657.64048	0.13160
655.71191	0.12775
653.78335	0.12522
651.85479	0.12362
649.92622	0.12286
647.99766	0.12372
646.06909	0.12567
644.14053	0.12707
642.21196	0.12797
640.28340	0.12950
638.35483	0.13167
636.42627	0.13402
634.49771	0.13685
632.56914	0.13984
630.64058	0.14148
628.71201	0.14171
626.78345	0.14168
624.85488	0.14226
622.92632	0.14313
620.99775	0.14368
619.06919	0.14395
617.14062	0.14353
615.21206	0.14190
613.28350	0.14018
611.35493	0.13994
609.42637	0.14117
607.49780	0.14226
605.56924	0.14250
603.64067	0.14266
601.71211	0.14285
599.78354	0.14287
