3997.91411	0.00213
3995.98555	0.00210
3994.05698	0.00212
3992.12842	0.00213
3990.19985	0.00210
3988.27129	0.00212
3986.34272	0.00220
3984.41416	0.00223
3982.48560	0.00214
3980.55703	0.00203
3978.62847	0.00199
3976.69990	0.00200
3974.77134	0.00191
3972.84277	0.00179
3970.91421	0.00183
3968.98564	0.00206
3967.05708	0.00228
3965.12852	0.00243
3963.19995	0.00250
3961.27139	0.00255
3959.34282	0.00254
3957.41426	0.00241
3955.48569	0.00221
3953.55713	0.00205
3951.62856	0.00198
3949.70000	0.00195
3947.77144	0.00198
3945.84287	0.00205
3943.91431	0.00215
3941.98574	0.00214
3940.05718	0.00202
3938.12861	0.00194
3936.20005	0.00198
3934.27148	0.00211
3932.34292	0.00226
3930.41436	0.00232
3928.48579	0.00228
3926.55723	0.00225
3924.62866	0.00226
3922.70010	0.00222
3920.77153	0.00211
3918.84297	0.00203
3916.91440	0.00202
3914.98584	0.00206
3913.05728	0.00211
3911.12871	0.00215
3909.20015	0.00217
3907.27158	0.00211
3905.34302	0.00203
3903.41445	0.00201
3901.48589	0.00207
3899.55732	0.00216
3897.62876	0.00226
3895.70020	0.00225
3893.77163	0.00215
3891.84307	0.00216
3889.91450	0.00228
3887.98594	0.00237
3886.05737	0.00242
3884.12881	0.00250
3882.20024	0.00253
3880.27168	0.00248
3878.34312	0.00239
3876.41455	0.00231
3874.48599	0.00226
3872.55742	0.00217
3870.62886	0.00205
3868.70029	0.00198
3866.77173	0.00199
3864.84316	0.00210
3862.91460	0.00223
3860.98604	0.00226
3859.05747	0.00216
3857.12891	0.00199
3855.20034	0.00189
3853.27178	0.00198
3851.34321	0.00217
3849.41465	0.00230
3847.48608	0.00234
3845.55752	0.00235
3843.62896	0.00235
3841.70039	0.00230
3839.77183	0.00219
3837.84326	0.00210
3835.91470	0.00206
3833.98613	0.00208
3832.05757	0.00216
3830.12900	0.00231
3828.20044	0.00246
3826.27187	0.00245
3824.34331	0.00223
3822.41475	0.00206
3820.48618	0.00210
3818.55762	0.00221
3816.62905	0.00231
3814.70049	0.00243
3812.77192	0.00249
3810.84336	0.00242
3808.91479	0.00227
3806.98623	0.00219
3805.05767	0.00222
3803.12910	0.00223
3801.20054	0.00218
3799.27197	0.00212
3797.34341	0.00210
3795.41484	0.00216
3793.48628	0.00224
3791.55771	0.00228
3789.62915	0.00231
3787.70059	0.00232
3785.77202	0.00226
3783.84346	0.00219
3781.91489	0.00218
3779.98633	0.00221
3778.05776	0.00221
3776.12920	0.00220
3774.20063	0.00217
3772.27207	0.00211
3770.34351	0.00208
3768.41494	0.00218
3766.48638	0.00235
3764.55781	0.00246
3762.62925	0.00244
3760.70068	0.00231
3758.77212	0.00221
3756.84355	0.00216
3754.91499	0.00208
3752.98643	0.00199
3751.05786	0.00204
3749.12930	0.00218
3747.20073	0.00226
3745.27217	0.00234
3743.34360	0.00239
3741.41504	0.00239
3739.48647	0.00249
3737.55791	0.00276
3735.62935	0.00305
3733.70078	0.00326
3731.77222	0.00337
3729.84365	0.00334
3727.91509	0.00333
3725.98652	0.00328
3724.05796	0.00322
3722.12939	0.00309
3720.20083	0.00293
3718.27227	0.00280
3716.34370	0.00275
3714.41514	0.00275
3712.48657	0.00272
3710.55801	0.00273
3708.62944	0.00261
3706.70088	0.00250
3704.77231	0.00252
3702.84375	0.00268
3700.91519	0.00298
3698.98662	0.00328
3697.05806	0.00341
3695.12949	0.00331
3693.20093	0.00290
3691.27236	0.00249
3689.34380	0.00234
3687.41523	0.00245
3685.48667	0.00252
3683.55811	0.00249
3681.62954	0.00238
3679.70098	0.00224
3677.77241	0.00213
3675.84385	0.00208
3673.91528	0.00204
3671.98672	0.00201
3670.05815	0.00204
3668.12959	0.00210
3666.20103	0.00207
3664.27246	0.00196
3662.34390	0.00176
3660.41533	0.00162
3658.48677	0.00168
3656.55820	0.00192
3654.62964	0.00207
3652.70107	0.00207
3650.77251	0.00208
3648.84395	0.00216
3646.91538	0.00218
3644.98682	0.00209
3643.05825	0.00197
3641.12969	0.00189
3639.20112	0.00192
3637.27256	0.00205
3635.34399	0.00226
3633.41543	0.00238
3631.48687	0.00241
3629.55830	0.00254
3627.62974	0.00271
3625.70117	0.00261
3623.77261	0.00245
3621.84404	0.00241
3619.91548	0.00241
3617.98691	0.00251
3616.05835	0.00261
3614.12979	0.00268
3612.20122	0.00268
3610.27266	0.00253
3608.34409	0.00240
3606.41553	0.00245
3604.48696	0.00265
3602.55840	0.00283
3600.62983	0.00290
3598.70127	0.00286
3596.77271	0.00274
3594.84414	0.00271
3592.91558	0.00267
3590.98701	0.00259
3589.05845	0.00243
3587.12988	0.00229
3585.20132	0.00224
3583.27275	0.00225
3581.34419	0.00231
3579.41562	0.00242
3577.48706	0.00260
3575.55850	0.00274
3573.62993	0.00269
3571.70137	0.00249
3569.77280	0.00236
3567.84424	0.00247
3565.91567	0.00274
3563.98711	0.00297
3562.05854	0.00301
3560.12998	0.00290
3558.20142	0.00278
3556.27285	0.00273
3554.34429	0.00268
3552.41572	0.00267
3550.48716	0.00275
3548.55859	0.00286
3546.63003	0.00294
3544.70146	0.00303
3542.77290	0.00318
3540.84434	0.00333
3538.91577	0.00335
3536.98721	0.00327
3535.05864	0.00325
3533.13008	0.00333
3531.20151	0.00337
3529.27295	0.00324
3527.34438	0.00301
3525.41582	0.00295
3523.48726	0.00312
3521.55869	0.00337
3519.63013	0.00351
3517.70156	0.00342
3515.77300	0.00317
3513.84443	0.00305
3511.91587	0.00315
3509.98730	0.00318
3508.05874	0.00306
3506.13018	0.00309
3504.20161	0.00343
3502.27305	0.00385
3500.34448	0.00400
3498.41592	0.00390
3496.48735	0.00386
3494.55879	0.00400
3492.63022	0.00419
3490.70166	0.00425
3488.77310	0.00412
3486.84453	0.00391
3484.91597	0.00381
3482.98740	0.00385
3481.05884	0.00396
3479.13027	0.00411
3477.20171	0.00410
3475.27314	0.00389
3473.34458	0.00382
3471.41602	0.00399
3469.48745	0.00418
3467.55889	0.00424
3465.63032	0.00418
3463.70176	0.00405
3461.77319	0.00398
3459.84463	0.00410
3457.91606	0.00435
3455.98750	0.00453
3454.05894	0.00453
3452.13037	0.00441
3450.20181	0.00427
3448.27324	0.00423
3446.34468	0.00437
3444.41611	0.00458
3442.48755	0.00462
3440.55898	0.00449
3438.63042	0.00433
3436.70186	0.00415
3434.77329	0.00408
3432.84473	0.00429
3430.91616	0.00458
3428.98760	0.00474
3427.05903	0.00492
3425.13047	0.00510
3423.20190	0.00500
3421.27334	0.00474
3419.34478	0.00468
3417.41621	0.00476
3415.48765	0.00482
3413.55908	0.00487
3411.63052	0.00487
3409.70195	0.00484
3407.77339	0.00482
3405.84482	0.00488
3403.91626	0.00494
3401.98770	0.00484
3400.05913	0.00467
3398.13057	0.00473
3396.20200	0.00491
3394.27344	0.00494
3392.34487	0.00477
3390.41631	0.00460
3388.48774	0.00454
3386.55918	0.00458
3384.63062	0.00464
3382.70205	0.00467
3380.77349	0.00461
3378.84492	0.00457
3376.91636	0.00467
3374.98779	0.00485
3373.05923	0.00497
3371.13066	0.00500
3369.20210	0.00495
3367.27354	0.00488
3365.34497	0.00484
3363.41641	0.00477
3361.48784	0.00466
3359.55928	0.00465
3357.63071	0.00476
3355.70215	0.00491
3353.77358	0.00499
3351.84502	0.00488
3349.91646	0.00472
3347.98789	0.00477
3346.05933	0.00494
3344.13076	0.00498
3342.20220	0.00493
3340.27363	0.00482
3338.34507	0.00464
3336.41650	0.00449
3334.48794	0.00449
3332.55937	0.00463
3330.63081	0.00476
3328.70225	0.00474
3326.77368	0.00466
3324.84512	0.00463
3322.91655	0.00458
3320.98799	0.00461
3319.05942	0.00477
3317.13086	0.00499
3315.20229	0.00515
3313.27373	0.00507
3311.34517	0.00466
3309.41660	0.00425
3307.48804	0.00426
3305.55947	0.00452
3303.63091	0.00462
3301.70234	0.00447
3299.77378	0.00433
3297.84521	0.00433
3295.91665	0.00454
3293.98809	0.00488
3292.05952	0.00506
3290.13096	0.00500
3288.20239	0.00485
3286.27383	0.00472
3284.34526	0.00460
3282.41670	0.00445
3280.48813	0.00435
3278.55957	0.00433
3276.63101	0.00435
3274.70244	0.00439
3272.77388	0.00444
3270.84531	0.00443
3268.91675	0.00440
3266.98818	0.00444
3265.05962	0.00451
3263.13105	0.00446
3261.20249	0.00439
3259.27393	0.00443
3257.34536	0.00448
3255.41680	0.00443
3253.48823	0.00431
3251.55967	0.00423
3249.63110	0.00428
3247.70254	0.00435
3245.77397	0.00436
3243.84541	0.00440
3241.91685	0.00448
3239.98828	0.00454
3238.05972	0.00462
3236.13115	0.00469
3234.20259	0.00460
3232.27402	0.00441
3230.34546	0.00431
3228.41689	0.00437
3226.48833	0.00447
3224.55977	0.00447
3222.63120	0.00440
3220.70264	0.00433
3218.77407	0.00434
3216.84551	0.00438
3214.91694	0.00427
3212.98838	0.00407
3211.05981	0.00401
3209.13125	0.00421
3207.20269	0.00448
3205.27412	0.00458
3203.34556	0.00451
3201.41699	0.00435
3199.48843	0.00423
3197.55986	0.00424
3195.63130	0.00431
3193.70273	0.00435
3191.77417	0.00440
3189.84561	0.00447
3187.91704	0.00442
3185.98848	0.00422
3184.05991	0.00406
3182.13135	0.00407
3180.20278	0.00403
3178.27422	0.00382
3176.34565	0.00364
3174.41709	0.00368
3172.48853	0.00386
3170.55996	0.00399
3168.63140	0.00392
3166.70283	0.00370
3164.77427	0.00358
3162.84570	0.00368
3160.91714	0.00380
3158.98857	0.00378
3157.06001	0.00368
3155.13145	0.00358
3153.20288	0.00357
3151.27432	0.00365
3149.34575	0.00370
3147.41719	0.00371
3145.48862	0.00370
3143.56006	0.00363
3141.63149	0.00354
3139.70293	0.00350
3137.77437	0.00349
3135.84580	0.00355
3133.91724	0.00359
3131.98867	0.00345
3130.06011	0.00330
3128.13154	0.00335
3126.20298	0.00348
3124.27441	0.00348
3122.34585	0.00341
3120.41729	0.00339
3118.48872	0.00337
3116.56016	0.00334
3114.63159	0.00337
3112.70303	0.00338
3110.77446	0.00324
3108.84590	0.00301
3106.91733	0.00285
3104.98877	0.00284
3103.06021	0.00300
3101.13164	0.00320
3099.20308	0.00325
3097.27451	0.00310
3095.34595	0.00295
3093.41738	0.00297
3091.48882	0.00305
3089.56025	0.00300
3087.63169	0.00285
3085.70312	0.00276
3083.77456	0.00287
3081.84600	0.00308
3079.91743	0.00313
3077.98887	0.00295
3076.06030	0.00270
3074.13174	0.00263
3072.20317	0.00274
3070.27461	0.00286
3068.34604	0.00287
3066.41748	0.00279
3064.48892	0.00266
3062.56035	0.00253
3060.63179	0.00247
3058.70322	0.00242
3056.77466	0.00239
3054.84609	0.00252
3052.91753	0.00273
3050.98896	0.00275
3049.06040	0.00257
3047.13184	0.00240
3045.20327	0.00238
3043.27471	0.00244
3041.34614	0.00243
3039.41758	0.00237
3037.48901	0.00232
3035.56045	0.00226
3033.63188	0.00218
3031.70332	0.00216
3029.77476	0.00223
3027.84619	0.00236
3025.91763	0.00249
3023.98906	0.00260
3022.06050	0.00273
3020.13193	0.00278
3018.20337	0.00268
3016.27480	0.00260
3014.34624	0.00268
3012.41768	0.00286
3010.48911	0.00311
3008.56055	0.00335
3006.63198	0.00356
3004.70342	0.00371
3002.77485	0.00384
3000.84629	0.00402
2998.91772	0.00428
2996.98916	0.00457
2995.06060	0.00498
2993.13203	0.00554
2991.20347	0.00615
2989.27490	0.00684
2987.34634	0.00765
2985.41777	0.00860
2983.48921	0.00975
2981.56064	0.01117
2979.63208	0.01287
2977.70352	0.01483
2975.77495	0.01713
2973.84639	0.01982
2971.91782	0.02289
2969.98926	0.02637
2968.06069	0.03013
2966.13213	0.03402
2964.20356	0.03781
2962.27500	0.04101
2960.34644	0.04326
2958.41787	0.04485
2956.48931	0.04643
2954.56074	0.04820
2952.63218	0.04961
2950.70361	0.04986
2948.77505	0.04848
2946.84648	0.04553
2944.91792	0.04179
2942.98936	0.03848
2941.06079	0.03651
2939.13223	0.03615
2937.20366	0.03720
2935.27510	0.03953
2933.34653	0.04297
2931.41797	0.04720
2929.48940	0.05182
2927.56084	0.05648
2925.63228	0.06097
2923.70371	0.06511
2921.77515	0.06860
2919.84658	0.07102
2917.91802	0.07190
2915.98945	0.07098
2914.06089	0.06849
2912.13232	0.06525
2910.20376	0.06215
2908.27520	0.05942
2906.34663	0.05684
2904.41807	0.05431
2902.48950	0.05189
2900.56094	0.04949
2898.63237	0.04713
2896.70381	0.04498
2894.77524	0.04322
2892.84668	0.04188
2890.91812	0.04085
2888.98955	0.04002
2887.06099	0.03941
2885.13242	0.03915
2883.20386	0.03922
2881.27529	0.03949
2879.34673	0.03985
2877.41816	0.04004
2875.48960	0.03995
2873.56104	0.03984
2871.63247	0.03995
2869.70391	0.04026
2867.77534	0.04038
2865.84678	0.03966
2863.91821	0.03787
2861.98965	0.03551
2860.06108	0.03342
2858.13252	0.03235
2856.20396	0.03264
2854.27539	0.03410
2852.34683	0.03603
2850.41826	0.03768
2848.48970	0.03854
2846.56113	0.03885
2844.63257	0.03935
2842.70400	0.04027
2840.77544	0.04105
2838.84687	0.04104
2836.91831	0.03976
2834.98975	0.03705
2833.06118	0.03346
2831.13262	0.02983
2829.20405	0.02670
2827.27549	0.02424
2825.34692	0.02240
2823.41836	0.02101
2821.48979	0.01992
2819.56123	0.01904
2817.63267	0.01832
2815.70410	0.01773
2813.77554	0.01721
2811.84697	0.01673
2809.91841	0.01630
2807.98984	0.01587
2806.06128	0.01537
2804.13271	0.01487
2802.20415	0.01445
2800.27559	0.01409
2798.34702	0.01373
2796.41846	0.01337
2794.48989	0.01308
2792.56133	0.01282
2790.63276	0.01257
2788.70420	0.01232
2786.77563	0.01208
2784.84707	0.01182
2782.91851	0.01150
2780.98994	0.01119
2779.06138	0.01098
2777.13281	0.01086
2775.20425	0.01072
2773.27568	0.01054
2771.34712	0.01038
2769.41855	0.01023
2767.48999	0.01008
2765.56143	0.00995
2763.63286	0.00991
2761.70430	0.00992
2759.77573	0.00989
2757.84717	0.00981
2755.91860	0.00971
2753.99004	0.00958
2752.06147	0.00942
2750.13291	0.00932
2748.20435	0.00935
2746.27578	0.00940
2744.34722	0.00934
2742.41865	0.00932
2740.49009	0.00944
2738.56152	0.00958
2736.63296	0.00965
2734.70439	0.00968
2732.77583	0.00970
2730.84727	0.00974
2728.91870	0.00983
2726.99014	0.00992
2725.06157	0.00996
2723.13301	0.01002
2721.20444	0.01004
2719.27588	0.00996
2717.34731	0.00981
2715.41875	0.00962
2713.49019	0.00939
2711.56162	0.00922
2709.63306	0.00916
2707.70449	0.00907
2705.77593	0.00890
2703.84736	0.00874
2701.91880	0.00861
2699.99023	0.00852
2698.06167	0.00849
2696.13311	0.00848
2694.20454	0.00843
2692.27598	0.00834
2690.34741	0.00825
2688.41885	0.00822
2686.49028	0.00829
2684.56172	0.00839
2682.63315	0.00840
2680.70459	0.00830
2678.77603	0.00823
2676.84746	0.00827
2674.91890	0.00832
2672.99033	0.00830
2671.06177	0.00828
2669.13320	0.00831
2667.20464	0.00840
2665.27607	0.00852
2663.34751	0.00863
2661.41895	0.00873
2659.49038	0.00885
2657.56182	0.00900
2655.63325	0.00906
2653.70469	0.00897
2651.77612	0.00881
2649.84756	0.00872
2647.91899	0.00873
2645.99043	0.00879
2644.06187	0.00880
2642.13330	0.00873
2640.20474	0.00861
2638.27617	0.00849
2636.34761	0.00840
2634.41904	0.00834
2632.49048	0.00825
2630.56191	0.00822
2628.63335	0.00827
2626.70479	0.00828
2624.77622	0.00818
2622.84766	0.00809
2620.91909	0.00810
2618.99053	0.00816
2617.06196	0.00808
2615.13340	0.00793
2613.20483	0.00787
2611.27627	0.00786
2609.34771	0.00782
2607.41914	0.00778
2605.49058	0.00767
2603.56201	0.00751
2601.63345	0.00740
2599.70488	0.00739
2597.77632	0.00738
2595.84775	0.00731
2593.91919	0.00722
2591.99062	0.00722
2590.06206	0.00731
2588.13350	0.00743
2586.20493	0.00751
2584.27637	0.00749
2582.34780	0.00739
2580.41924	0.00724
2578.49067	0.00713
2576.56211	0.00708
2574.63354	0.00701
2572.70498	0.00691
2570.77642	0.00687
2568.84785	0.00684
2566.91929	0.00676
2564.99072	0.00662
2563.06216	0.00649
2561.13359	0.00636
2559.20503	0.00627
2557.27646	0.00628
2555.34790	0.00630
2553.41934	0.00630
2551.49077	0.00629
2549.56221	0.00621
2547.63364	0.00607
2545.70508	0.00594
2543.77651	0.00590
2541.84795	0.00596
2539.91938	0.00606
2537.99082	0.00612
2536.06226	0.00618
2534.13369	0.00620
2532.20513	0.00608
2530.27656	0.00595
2528.34800	0.00595
2526.41943	0.00595
2524.49087	0.00588
2522.56230	0.00582
2520.63374	0.00577
2518.70518	0.00563
2516.77661	0.00545
2514.84805	0.00537
2512.91948	0.00540
2510.99092	0.00540
2509.06235	0.00542
2507.13379	0.00556
2505.20522	0.00570
2503.27666	0.00568
2501.34810	0.00551
2499.41953	0.00529
2497.49097	0.00513
2495.56240	0.00510
2493.63384	0.00515
2491.70527	0.00516
2489.77671	0.00519
2487.84814	0.00537
2485.91958	0.00557
2483.99102	0.00549
2482.06245	0.00516
2480.13389	0.00494
2478.20532	0.00500
2476.27676	0.00513
2474.34819	0.00513
2472.41963	0.00509
2470.49106	0.00506
2468.56250	0.00503
2466.63394	0.00504
2464.70537	0.00503
2462.77681	0.00507
2460.84824	0.00521
2458.91968	0.00543
2456.99111	0.00560
2455.06255	0.00562
2453.13398	0.00556
2451.20542	0.00553
2449.27686	0.00551
2447.34829	0.00549
2445.41973	0.00546
2443.49116	0.00534
2441.56260	0.00519
2439.63403	0.00518
2437.70547	0.00520
2435.77690	0.00518
2433.84834	0.00514
2431.91978	0.00516
2429.99121	0.00519
2428.06265	0.00513
2426.13408	0.00501
2424.20552	0.00493
2422.27695	0.00492
2420.34839	0.00496
2418.41982	0.00498
2416.49126	0.00495
2414.56270	0.00494
2412.63413	0.00501
2410.70557	0.00503
2408.77700	0.00490
2406.84844	0.00467
2404.91987	0.00450
2402.99131	0.00450
2401.06274	0.00453
2399.13418	0.00206
2397.20562	0.00175
2395.27705	0.00285
2393.34849	0.00404
2391.41992	0.00522
2389.49136	0.00653
2387.56279	0.00801
2385.63423	0.00951
2383.70566	0.01072
2381.77710	0.01134
2379.84854	0.01129
2377.91997	0.01045
2375.99141	0.00905
2374.06284	0.00772
2372.13428	0.00696
2370.20571	0.00685
2368.27715	0.00706
2366.34858	0.00749
2364.42002	0.00819
2362.49146	0.00898
2360.56289	0.00991
2358.63433	0.01064
2356.70576	0.01115
2354.77720	0.01265
2352.84863	0.01657
2350.92007	0.02100
2348.99150	0.02300
2347.06294	0.01910
2345.13437	0.01446
2343.20581	0.01292
2341.27725	0.01341
2339.34868	0.01405
2337.42012	0.01454
2335.49155	0.01450
2333.56299	0.01429
2331.63442	0.01490
2329.70586	0.01662
2327.77729	0.01934
2325.84873	0.02045
2323.92017	0.01871
2321.99160	0.01570
2320.06304	0.01344
2318.13447	0.01252
2316.20591	0.01235
2314.27734	0.01224
2312.34878	0.01215
2310.42021	0.01186
2308.49165	0.01145
2306.56309	0.01082
2304.63452	0.01040
2302.70596	0.01022
2300.77739	0.01009
2298.84883	0.00999
2296.92026	0.00990
2294.99170	0.00981
2293.06313	0.00976
2291.13457	0.00955
2289.20601	0.00899
2287.27744	0.00815
2285.34888	0.00715
2283.42031	0.00617
2281.49175	0.00547
2279.56318	0.00521
2277.63462	0.00521
2275.70605	0.00524
2273.77749	0.00530
2271.84893	0.00535
2269.92036	0.00542
2267.99180	0.00547
2266.06323	0.00546
2264.13467	0.00559
2262.20610	0.00602
2260.27754	0.00640
2258.34897	0.00629
2256.42041	0.00587
2254.49185	0.00584
2252.56328	0.00643
2250.63472	0.00666
2248.70615	0.00500
2246.77759	0.00513
2244.84902	0.00523
2242.92046	0.00517
2240.99189	0.00506
2239.06333	0.00490
2237.13477	0.00481
2235.20620	0.00485
2233.27764	0.00491
2231.34907	0.00491
2229.42051	0.00488
2227.49194	0.00479
2225.56338	0.00467
2223.63481	0.00464
2221.70625	0.00472
2219.77769	0.00473
2217.84912	0.00459
2215.92056	0.00443
2213.99199	0.00437
2212.06343	0.00442
2210.13486	0.00462
2208.20630	0.00486
2206.27773	0.00475
2204.34917	0.00435
2202.42061	0.00420
2200.49204	0.00435
2198.56348	0.00443
2196.63491	0.00440
2194.70635	0.00457
2192.77778	0.00490
2190.84922	0.00504
2188.92065	0.00494
2186.99209	0.00485
2185.06353	0.00468
2183.13496	0.00413
2181.20640	0.00368
2179.27783	0.00382
2177.34927	0.00400
2175.42070	0.00393
2173.49214	0.00400
2171.56357	0.00429
2169.63501	0.00487
2167.70645	0.00567
2165.77788	0.00626
2163.84932	0.00652
2161.92075	0.00578
2159.99219	0.00286
2158.06362	-0.00046
2156.13506	-0.00133
2154.20649	-0.00058
2152.27793	0.00002
2150.34937	0.00029
2148.42080	0.00054
2146.49224	0.00071
2144.56367	0.00070
2142.63511	0.00072
2140.70654	0.00094
2138.77798	0.00109
2136.84941	0.00082
2134.92085	0.00034
2132.99229	0.00031
2131.06372	0.00080
2129.13516	0.00131
2127.20659	0.00166
2125.27803	0.00191
2123.34946	0.00211
2121.42090	0.00235
2119.49233	0.00274
2117.56377	0.00326
2115.63521	0.00379
2113.70664	0.00403
2111.77808	0.00383
2109.84951	0.00353
2107.92095	0.00349
2105.99238	0.00359
2104.06382	0.00353
2102.13525	0.00341
2100.20669	0.00345
2098.27812	0.00331
2096.34956	0.00282
2094.42100	0.00248
2092.49243	0.00263
2090.56387	0.00303
2088.63530	0.00337
2086.70674	0.00355
2084.77817	0.00364
2082.84961	0.00383
2080.92104	0.00415
2078.99248	0.00433
2077.06392	0.00435
2075.13535	0.00441
2073.20679	0.00440
2071.27822	0.00421
2069.34966	0.00401
2067.42109	0.00380
2065.49253	0.00352
2063.56396	0.00334
2061.63540	0.00351
2059.70684	0.00397
2057.77827	0.00436
2055.84971	0.00444
2053.92114	0.00475
2051.99258	0.00559
2050.06401	0.00592
2048.13545	0.00508
2046.20688	0.00416
2044.27832	0.00398
2042.34976	0.00419
2040.42119	0.00449
2038.49263	0.00487
2036.56406	0.00505
2034.63550	0.00461
2032.70693	0.00368
2030.77837	0.00272
2028.84980	0.00210
2026.92124	0.00211
2024.99268	0.00254
2023.06411	0.00267
2021.13555	0.00250
2019.20698	0.00246
2017.27842	0.00251
2015.34985	0.00252
2013.42129	0.00254
2011.49272	0.00234
2009.56416	0.00180
2007.63560	0.00110
2005.70703	0.00072
2003.77847	0.00092
2001.84990	0.00136
1999.92134	0.00170
1997.99277	0.00200
1996.06421	0.00228
1994.13564	0.00252
1992.20708	0.00283
1990.27852	0.00303
1988.34995	0.00313
1986.42139	0.00343
1984.49282	0.00410
1982.56426	0.00491
1980.63569	0.00499
1978.70713	0.00367
1976.77856	0.00173
1974.85000	0.00051
1972.92144	0.00029
1970.99287	0.00064
1969.06431	0.00119
1967.13574	0.00159
1965.20718	0.00158
1963.27861	0.00126
1961.35005	0.00080
1959.42148	0.00037
1957.49292	0.00039
1955.56436	0.00103
1953.63579	0.00166
1951.70723	0.00179
1949.77866	0.00165
1947.85010	0.00154
1945.92153	0.00155
1943.99297	0.00169
1942.06440	0.00186
1940.13584	0.00194
1938.20728	0.00202
1936.27871	0.00218
1934.35015	0.00232
1932.42158	0.00237
1930.49302	0.00230
1928.56445	0.00223
1926.63589	0.00228
1924.70732	0.00244
1922.77876	0.00264
1920.85020	0.00280
1918.92163	0.00287
1916.99307	0.00286
1915.06450	0.00284
1913.13594	0.00279
1911.20737	0.00276
1909.27881	0.00283
1907.35024	0.00297
1905.42168	0.00297
1903.49312	0.00291
1901.56455	0.00301
1899.63599	0.00323
1897.70742	0.00330
1895.77886	0.00319
1893.85029	0.00314
1891.92173	0.00322
1889.99316	0.00334
1888.06460	0.00341
1886.13604	0.00337
1884.20747	0.00327
1882.27891	0.00323
1880.35034	0.00322
1878.42178	0.00317
1876.49321	0.00312
1874.56465	0.00312
1872.63608	0.00317
1870.70752	0.00323
1868.77896	0.00331
1866.85039	0.00339
1864.92183	0.00337
1862.99326	0.00324
1861.06470	0.00316
1859.13613	0.00323
1857.20757	0.00335
1855.27900	0.00337
1853.35044	0.00339
1851.42187	0.00351
1849.49331	0.00365
1847.56475	0.00367
1845.63618	0.00361
1843.70762	0.00358
1841.77905	0.00359
1839.85049	0.00362
1837.92192	0.00364
1835.99336	0.00368
1834.06479	0.00373
1832.13623	0.00377
1830.20767	0.00381
1828.27910	0.00382
1826.35054	0.00378
1824.42197	0.00380
1822.49341	0.00385
1820.56484	0.00378
1818.63628	0.00360
1816.70771	0.00350
1814.77915	0.00359
1812.85059	0.00374
1810.92202	0.00389
1808.99346	0.00402
1807.06489	0.00414
1805.13633	0.00423
1803.20776	0.00433
1801.27920	0.00447
1799.35063	0.00464
1797.42207	0.00480
1795.49351	0.00492
1793.56494	0.00506
1791.63638	0.00530
1789.70781	0.00557
1787.77925	0.00583
1785.85068	0.00615
1783.92212	0.00652
1781.99355	0.00683
1780.06499	0.00705
1778.13643	0.00726
1776.20786	0.00750
1774.27930	0.00773
1772.35073	0.00790
1770.42217	0.00801
1768.49360	0.00811
1766.56504	0.00817
1764.63647	0.00818
1762.70791	0.00820
1760.77935	0.00831
1758.85078	0.00845
1756.92222	0.00860
1754.99365	0.00874
1753.06509	0.00887
1751.13652	0.00902
1749.20796	0.00918
1747.27939	0.00934
1745.35083	0.00951
1743.42227	0.00967
1741.49370	0.00979
1739.56514	0.00986
1737.63657	0.00990
1735.70801	0.00992
1733.77944	0.00996
1731.85088	0.01005
1729.92231	0.01023
1727.99375	0.01055
1726.06519	0.01102
1724.13662	0.01159
1722.20806	0.01212
1720.27949	0.01256
1718.35093	0.01302
1716.42236	0.01347
1714.49380	0.01370
1712.56523	0.01371
1710.63667	0.01363
1708.70811	0.01353
1706.77954	0.01341
1704.85098	0.01325
1702.92241	0.01303
1700.99385	0.01269
1699.06528	0.01225
1697.13672	0.01177
1695.20815	0.01131
1693.27959	0.01097
1691.35103	0.01074
1689.42246	0.01053
1687.49390	0.01028
1685.56533	0.01003
1683.63677	0.00985
1681.70820	0.00974
1679.77964	0.00963
1677.85107	0.00952
1675.92251	0.00945
1673.99395	0.00946
1672.06538	0.00952
1670.13682	0.00958
1668.20825	0.00960
1666.27969	0.00953
1664.35112	0.00941
1662.42256	0.00930
1660.49399	0.00925
1658.56543	0.00924
1656.63687	0.00924
1654.70830	0.00927
1652.77974	0.00940
1650.85117	0.00952
1648.92261	0.00956
1646.99404	0.00959
1645.06548	0.00965
1643.13691	0.00963
1641.20835	0.00957
1639.27979	0.00956
1637.35122	0.00968
1635.42266	0.00991
1633.49409	0.01007
1631.56553	0.01007
1629.63696	0.01005
1627.70840	0.01012
1625.77983	0.01025
1623.85127	0.01036
1621.92271	0.01040
1619.99414	0.01033
1618.06558	0.01025
1616.13701	0.01028
1614.20845	0.01035
1612.27988	0.01033
1610.35132	0.01031
1608.42275	0.01038
1606.49419	0.01049
1604.56562	0.01054
1602.63706	0.01052
1600.70850	0.01047
1598.77993	0.01046
1596.85137	0.01048
1594.92280	0.01049
1592.99424	0.01051
1591.06567	0.01055
1589.13711	0.01061
1587.20854	0.01069
1585.27998	0.01080
1583.35142	0.01089
1581.42285	0.01093
1579.49429	0.01095
1577.56572	0.01099
1575.63716	0.01104
1573.70859	0.01102
1571.78003	0.01098
1569.85146	0.01099
1567.92290	0.01104
1565.99434	0.01104
1564.06577	0.01098
1562.13721	0.01088
1560.20864	0.01076
1558.28008	0.01066
1556.35151	0.01055
1554.42295	0.01043
1552.49438	0.01030
1550.56582	0.01018
1548.63726	0.01004
1546.70869	0.00984
1544.78013	0.00957
1542.85156	0.00925
1540.92300	0.00893
1538.99443	0.00864
1537.06587	0.00841
1535.13730	0.00825
1533.20874	0.00808
1531.28018	0.00788
1529.35161	0.00770
1527.42305	0.00757
1525.49448	0.00743
1523.56592	0.00727
1521.63735	0.00715
1519.70879	0.00710
1517.78022	0.00708
1515.85166	0.00703
1513.92310	0.00694
1511.99453	0.00685
1510.06597	0.00677
1508.13740	0.00674
1506.20884	0.00675
1504.28027	0.00677
1502.35171	0.00676
1500.42314	0.00676
1498.49458	0.00679
1496.56602	0.00687
1494.63745	0.00696
1492.70889	0.00708
1490.78032	0.00727
1488.85176	0.00751
1486.92319	0.00782
1484.99463	0.00825
1483.06606	0.00884
1481.13750	0.00962
1479.20894	0.01081
1477.28037	0.01286
1475.35181	0.01602
1473.42324	0.01984
1471.49468	0.02337
1469.56611	0.02623
1467.63755	0.02908
1465.70898	0.03243
1463.78042	0.03570
1461.85186	0.03791
1459.92329	0.03900
1457.99473	0.03956
1456.06616	0.03992
1454.13760	0.04019
1452.20903	0.04027
1450.28047	0.03970
1448.35190	0.03791
1446.42334	0.03488
1444.49478	0.03144
1442.56621	0.02845
1440.63765	0.02646
1438.70908	0.02549
1436.78052	0.02500
1434.85195	0.02411
1432.92339	0.02237
1430.99482	0.02016
1429.06626	0.01819
1427.13770	0.01689
1425.20913	0.01615
1423.28057	0.01573
1421.35200	0.01547
1419.42344	0.01531
1417.49487	0.01520
1415.56631	0.01507
1413.63774	0.01489
1411.70918	0.01467
1409.78062	0.01443
1407.85205	0.01420
1405.92349	0.01397
1403.99492	0.01379
1402.06636	0.01365
1400.13779	0.01349
1398.20923	0.01333
1396.28066	0.01326
1394.35210	0.01333
1392.42354	0.01358
1390.49497	0.01413
1388.56641	0.01530
1386.63784	0.01749
1384.70928	0.02092
1382.78071	0.02603
1380.85215	0.03332
1378.92358	0.04214
1376.99502	0.04948
1375.06646	0.05145
1373.13789	0.04719
1371.20933	0.03987
1369.28076	0.03299
1367.35220	0.02811
1365.42363	0.02550
1363.49507	0.02477
1361.56650	0.02511
1359.63794	0.02538
1357.70937	0.02471
1355.78081	0.02301
1353.85225	0.02087
1351.92368	0.01892
1349.99512	0.01741
1348.06655	0.01627
1346.13799	0.01538
1344.20942	0.01467
1342.28086	0.01414
1340.35229	0.01380
1338.42373	0.01361
1336.49517	0.01356
1334.56660	0.01363
1332.63804	0.01381
1330.70947	0.01399
1328.78091	0.01401
1326.85234	0.01386
1324.92378	0.01361
1322.99521	0.01335
1321.06665	0.01313
1319.13809	0.01303
1317.20952	0.01295
1315.28096	0.01281
1313.35239	0.01266
1311.42383	0.01267
1309.49526	0.01300
1307.56670	0.01360
1305.63813	0.01418
1303.70957	0.01443
1301.78101	0.01430
1299.85244	0.01402
1297.92388	0.01381
1295.99531	0.01366
1294.06675	0.01344
1292.13818	0.01312
1290.20962	0.01277
1288.28105	0.01250
1286.35249	0.01233
1284.42393	0.01222
1282.49536	0.01213
1280.56680	0.01203
1278.63823	0.01193
1276.70967	0.01183
1274.78110	0.01175
1272.85254	0.01172
1270.92397	0.01173
1268.99541	0.01181
1267.06685	0.01196
1265.13828	0.01218
1263.20972	0.01242
1261.28115	0.01275
1259.35259	0.01323
1257.42402	0.01376
1255.49546	0.01400
1253.56689	0.01379
1251.63833	0.01334
1249.70977	0.01299
1247.78120	0.01281
1245.85264	0.01272
1243.92407	0.01267
1241.99551	0.01266
1240.06694	0.01267
1238.13838	0.01268
1236.20981	0.01269
1234.28125	0.01271
1232.35269	0.01275
1230.42412	0.01274
1228.49556	0.01273
1226.56699	0.01281
1224.63843	0.01303
1222.70986	0.01330
1220.78130	0.01355
1218.85273	0.01368
1216.92417	0.01365
1214.99561	0.01346
1213.06704	0.01318
1211.13848	0.01295
1209.20991	0.01287
1207.28135	0.01284
1205.35278	0.01276
1203.42422	0.01270
1201.49565	0.01271
1199.56709	0.01274
1197.63853	0.01276
1195.70996	0.01278
1193.78140	0.01285
1191.85283	0.01296
1189.92427	0.01306
1187.99570	0.01313
1186.06714	0.01328
1184.13857	0.01351
1182.21001	0.01382
1180.28145	0.01429
1178.35288	0.01499
1176.42432	0.01608
1174.49575	0.01762
1172.56719	0.01943
1170.63862	0.02113
1168.71006	0.02219
1166.78149	0.02225
1164.85293	0.02144
1162.92437	0.02029
1160.99580	0.01928
1159.06724	0.01851
1157.13867	0.01797
1155.21011	0.01761
1153.28154	0.01724
1151.35298	0.01669
1149.42441	0.01598
1147.49585	0.01524
1145.56729	0.01459
1143.63872	0.01409
1141.71016	0.01370
1139.78159	0.01336
1137.85303	0.01310
1135.92446	0.01295
1133.99590	0.01287
1132.06733	0.01273
1130.13877	0.01256
1128.21021	0.01244
1126.28164	0.01239
1124.35308	0.01237
1122.42451	0.01238
1120.49595	0.01240
1118.56738	0.01235
1116.63882	0.01227
1114.71025	0.01225
1112.78169	0.01225
1110.85312	0.01234
1108.92456	0.01260
1106.99600	0.01298
1105.06743	0.01335
1103.13887	0.01359
1101.21030	0.01359
1099.28174	0.01331
1097.35317	0.01291
1095.42461	0.01261
1093.49604	0.01244
1091.56748	0.01234
1089.63892	0.01233
1087.71035	0.01232
1085.78179	0.01222
1083.85322	0.01212
1081.92466	0.01204
1079.99609	0.01190
1078.06753	0.01179
1076.13896	0.01176
1074.21040	0.01178
1072.28184	0.01184
1070.35327	0.01189
1068.42471	0.01194
1066.49614	0.01198
1064.56758	0.01195
1062.63901	0.01190
1060.71045	0.01194
1058.78188	0.01209
1056.85332	0.01218
1054.92476	0.01226
1052.99619	0.01240
1051.06763	0.01250
1049.13906	0.01254
1047.21050	0.01265
1045.28193	0.01272
1043.35337	0.01258
1041.42480	0.01230
1039.49624	0.01208
1037.56768	0.01196
1035.63911	0.01188
1033.71055	0.01173
1031.78198	0.01150
1029.85342	0.01125
1027.92485	0.01108
1025.99629	0.01101
1024.06772	0.01097
1022.13916	0.01086
1020.21060	0.01068
1018.28203	0.01055
1016.35347	0.01047
1014.42490	0.01039
1012.49634	0.01045
1010.56777	0.01071
1008.63921	0.01113
1006.71064	0.01181
1004.78208	0.01311
1002.85352	0.01529
1000.92495	0.01801
998.99639	0.02009
997.06782	0.02003
995.13926	0.01781
993.21069	0.01496
991.28213	0.01283
989.35356	0.01159
987.42500	0.01096
985.49644	0.01078
983.56787	0.01103
981.63931	0.01172
979.71074	0.01307
977.78218	0.01525
975.85361	0.01781
973.92505	0.01947
971.99648	0.01895
970.06792	0.01640
968.13936	0.01342
966.21079	0.01126
964.28223	0.00998
962.35366	0.00920
960.42510	0.00871
958.49653	0.00841
956.56797	0.00827
954.63940	0.00820
952.71084	0.00815
950.78228	0.00817
948.85371	0.00823
946.92515	0.00827
944.99658	0.00828
943.06802	0.00826
941.13945	0.00811
939.21089	0.00774
937.28232	0.00726
935.35376	0.00682
933.42520	0.00648
931.49663	0.00629
929.56807	0.00613
927.63950	0.00587
925.71094	0.00558
923.78237	0.00537
921.85381	0.00520
919.92524	0.00505
917.99668	0.00495
916.06812	0.00493
914.13955	0.00495
912.21099	0.00508
910.28242	0.00542
908.35386	0.00587
906.42529	0.00643
904.49673	0.00731
902.56816	0.00846
900.63960	0.00924
898.71104	0.00911
896.78247	0.00817
894.85391	0.00699
892.92534	0.00609
890.99678	0.00556
889.06821	0.00524
887.13965	0.00497
885.21108	0.00476
883.28252	0.00459
881.35396	0.00439
879.42539	0.00421
877.49683	0.00418
875.56826	0.00422
873.63970	0.00414
871.71113	0.00395
869.78257	0.00384
867.85400	0.00386
865.92544	0.00383
863.99687	0.00377
862.06831	0.00372
860.13975	0.00370
858.21118	0.00381
856.28262	0.00405
854.35405	0.00424
852.42549	0.00437
850.49692	0.00469
848.56836	0.00553
846.63979	0.00728
844.71123	0.01015
842.78267	0.01306
840.85410	0.01361
838.92554	0.01119
836.99697	0.00795
835.06841	0.00571
833.13984	0.00461
831.21128	0.00417
829.28271	0.00399
827.35415	0.00386
825.42559	0.00382
823.49702	0.00399
821.56846	0.00427
819.63989	0.00463
817.71133	0.00517
815.78276	0.00595
813.85420	0.00688
811.92563	0.00767
809.99707	0.00801
808.06851	0.00779
806.13994	0.00709
804.21138	0.00614
802.28281	0.00528
800.35425	0.00481
798.42568	0.00473
796.49712	0.00474
794.56855	0.00468
792.63999	0.00467
790.71143	0.00465
788.78286	0.00456
786.85430	0.00459
784.92573	0.00473
782.99717	0.00478
781.06860	0.00464
779.14004	0.00450
777.21147	0.00441
775.28291	0.00430
773.35435	0.00423
771.42578	0.00429
769.49722	0.00435
767.56865	0.00442
765.64009	0.00460
763.71152	0.00475
761.78296	0.00462
759.85439	0.00422
757.92583	0.00387
755.99727	0.00378
754.06870	0.00381
752.14014	0.00380
750.21157	0.00380
748.28301	0.00377
746.35444	0.00377
744.42588	0.00399
742.49731	0.00424
740.56875	0.00439
738.64019	0.00461
736.71162	0.00508
734.78306	0.00580
732.85449	0.00668
730.92593	0.00727
728.99736	0.00721
727.06880	0.00703
725.14023	0.00750
723.21167	0.00951
721.28311	0.01078
719.35454	0.01167
717.42598	0.01149
715.49741	0.01000
713.56885	0.00834
711.64028	0.00715
709.71172	0.00650
707.78315	0.00621
705.85459	0.00610
703.92603	0.00633
701.99746	0.00689
700.06890	0.00742
698.14033	0.00765
696.21177	0.00777
694.28320	0.00808
692.35464	0.00851
690.42607	0.00892
688.49751	0.00936
686.56895	0.00984
684.64038	0.01034
682.71182	0.01075
680.78325	0.01112
678.85469	0.01161
676.92612	0.01227
674.99756	0.01311
673.06899	0.01313
671.14043	0.00803
669.21187	-0.00128
667.28330	0.00120
665.35474	0.00677
663.42617	0.01260
661.49761	0.01410
659.56904	0.01372
657.64048	0.01364
655.71191	0.01402
653.78335	0.01468
651.85479	0.01529
649.92622	0.01587
647.99766	0.01648
646.06909	0.01693
644.14053	0.01721
642.21196	0.01753
640.28340	0.01795
638.35483	0.01850
636.42627	0.01909
634.49771	0.01961
632.56914	0.01993
630.64058	0.01988
628.71201	0.01944
626.78345	0.01855
624.85488	0.01786
622.92632	0.01815
620.99775	0.01913
619.06919	0.01976
617.14062	0.01931
615.21206	0.01801
613.28350	0.01664
611.35493	0.01559
609.42637	0.01513
607.49780	0.01523
605.56924	0.01535
603.64067	0.01545
601.71211	0.01612
599.78354	0.01729
