3997.91411	0.01062
3995.98555	0.01062
3994.05698	0.01054
3992.12842	0.01037
3990.19985	0.01026
3988.27129	0.01029
3986.34272	0.01037
3984.41416	0.01039
3982.48560	0.01044
3980.55703	0.01050
3978.62847	0.01047
3976.69990	0.01032
3974.77134	0.01018
3972.84277	0.01011
3970.91421	0.01013
3968.98564	0.01021
3967.05708	0.01025
3965.12852	0.01021
3963.19995	0.01020
3961.27139	0.01024
3959.34282	0.01023
3957.41426	0.01019
3955.48569	0.01016
3953.55713	0.01014
3951.62856	0.01009
3949.70000	0.01006
3947.77144	0.01011
3945.84287	0.01022
3943.91431	0.01026
3941.98574	0.01017
3940.05718	0.01001
3938.12861	0.00993
3936.20005	0.00998
3934.27148	0.01004
3932.34292	0.01007
3930.41436	0.01012
3928.48579	0.01015
3926.55723	0.01015
3924.62866	0.01014
3922.70010	0.01012
3920.77153	0.01008
3918.84297	0.01006
3916.91440	0.01016
3914.98584	0.01029
3913.05728	0.01031
3911.12871	0.01018
3909.20015	0.00997
3907.27158	0.00978
3905.34302	0.00964
3903.41445	0.00960
3901.48589	0.00965
3899.55732	0.00976
3897.62876	0.00982
3895.70020	0.00974
3893.77163	0.00956
3891.84307	0.00947
3889.91450	0.00955
3887.98594	0.00965
3886.05737	0.00964
3884.12881	0.00955
3882.20024	0.00942
3880.27168	0.00941
3878.34312	0.00948
3876.41455	0.00944
3874.48599	0.00935
3872.55742	0.00933
3870.62886	0.00940
3868.70029	0.00940
3866.77173	0.00924
3864.84316	0.00908
3862.91460	0.00914
3860.98604	0.00926
3859.05747	0.00923
3857.12891	0.00913
3855.20034	0.00923
3853.27178	0.00954
3851.34321	0.00963
3849.41465	0.00939
3847.48608	0.00911
3845.55752	0.00901
3843.62896	0.00904
3841.70039	0.00904
3839.77183	0.00893
3837.84326	0.00881
3835.91470	0.00877
3833.98613	0.00883
3832.05757	0.00898
3830.12900	0.00912
3828.20044	0.00911
3826.27187	0.00894
3824.34331	0.00868
3822.41475	0.00849
3820.48618	0.00846
3818.55762	0.00849
3816.62905	0.00860
3814.70049	0.00882
3812.77192	0.00892
3810.84336	0.00876
3808.91479	0.00853
3806.98623	0.00847
3805.05767	0.00853
3803.12910	0.00859
3801.20054	0.00865
3799.27197	0.00863
3797.34341	0.00853
3795.41484	0.00846
3793.48628	0.00841
3791.55771	0.00837
3789.62915	0.00834
3787.70059	0.00828
3785.77202	0.00820
3783.84346	0.00816
3781.91489	0.00821
3779.98633	0.00831
3778.05776	0.00837
3776.12920	0.00834
3774.20063	0.00827
3772.27207	0.00819
3770.34351	0.00814
3768.41494	0.00808
3766.48638	0.00805
3764.55781	0.00808
3762.62925	0.00809
3760.70068	0.00802
3758.77212	0.00799
3756.84355	0.00804
3754.91499	0.00804
3752.98643	0.00797
3751.05786	0.00801
3749.12930	0.00811
3747.20073	0.00802
3745.27217	0.00788
3743.34360	0.00791
3741.41504	0.00795
3739.48647	0.00796
3737.55791	0.00797
3735.62935	0.00795
3733.70078	0.00790
3731.77222	0.00792
3729.84365	0.00790
3727.91509	0.00776
3725.98652	0.00762
3724.05796	0.00761
3722.12939	0.00768
3720.20083	0.00777
3718.27227	0.00782
3716.34370	0.00774
3714.41514	0.00747
3712.48657	0.00720
3710.55801	0.00725
3708.62944	0.00750
3706.70088	0.00759
3704.77231	0.00743
3702.84375	0.00728
3700.91519	0.00734
3698.98662	0.00747
3697.05806	0.00755
3695.12949	0.00751
3693.20093	0.00727
3691.27236	0.00691
3689.34380	0.00676
3687.41523	0.00694
3685.48667	0.00718
3683.55811	0.00725
3681.62954	0.00714
3679.70098	0.00699
3677.77241	0.00695
3675.84385	0.00715
3673.91528	0.00746
3671.98672	0.00760
3670.05815	0.00762
3668.12959	0.00766
3666.20103	0.00768
3664.27246	0.00775
3662.34390	0.00793
3660.41533	0.00819
3658.48677	0.00838
3656.55820	0.00849
3654.62964	0.00854
3652.70107	0.00850
3650.77251	0.00851
3648.84395	0.00878
3646.91538	0.00921
3644.98682	0.00952
3643.05825	0.00964
3641.12969	0.00970
3639.20112	0.00982
3637.27256	0.00999
3635.34399	0.01016
3633.41543	0.01031
3631.48687	0.01045
3629.55830	0.01072
3627.62974	0.01125
3625.70117	0.01174
3623.77261	0.01193
3621.84404	0.01184
3619.91548	0.01175
3617.98691	0.01192
3616.05835	0.01229
3614.12979	0.01268
3612.20122	0.01304
3610.27266	0.01329
3608.34409	0.01348
3606.41553	0.01372
3604.48696	0.01402
3602.55840	0.01431
3600.62983	0.01452
3598.70127	0.01464
3596.77271	0.01469
3594.84414	0.01482
3592.91558	0.01503
3590.98701	0.01528
3589.05845	0.01554
3587.12988	0.01595
3585.20132	0.01655
3583.27275	0.01717
3581.34419	0.01763
3579.41562	0.01789
3577.48706	0.01804
3575.55850	0.01813
3573.62993	0.01826
3571.70137	0.01850
3569.77280	0.01882
3567.84424	0.01922
3565.91567	0.01973
3563.98711	0.02021
3562.05854	0.02058
3560.12998	0.02087
3558.20142	0.02117
3556.27285	0.02153
3554.34429	0.02185
3552.41572	0.02211
3550.48716	0.02245
3548.55859	0.02287
3546.63003	0.02329
3544.70146	0.02378
3542.77290	0.02434
3540.84434	0.02470
3538.91577	0.02487
3536.98721	0.02517
3535.05864	0.02568
3533.13008	0.02607
3531.20151	0.02624
3529.27295	0.02645
3527.34438	0.02688
3525.41582	0.02742
3523.48726	0.02785
3521.55869	0.02819
3519.63013	0.02860
3517.70156	0.02904
3515.77300	0.02938
3513.84443	0.02965
3511.91587	0.03004
3509.98730	0.03064
3508.05874	0.03124
3506.13018	0.03162
3504.20161	0.03190
3502.27305	0.03228
3500.34448	0.03275
3498.41592	0.03321
3496.48735	0.03344
3494.55879	0.03343
3492.63022	0.03360
3490.70166	0.03413
3488.77310	0.03462
3486.84453	0.03491
3484.91597	0.03519
3482.98740	0.03559
3481.05884	0.03603
3479.13027	0.03641
3477.20171	0.03689
3475.27314	0.03762
3473.34458	0.03832
3471.41602	0.03861
3469.48745	0.03856
3467.55889	0.03855
3465.63032	0.03874
3463.70176	0.03911
3461.77319	0.03946
3459.84463	0.03973
3457.91606	0.04011
3455.98750	0.04054
3454.05894	0.04091
3452.13037	0.04136
3450.20181	0.04184
3448.27324	0.04216
3446.34468	0.04240
3444.41611	0.04266
3442.48755	0.04289
3440.55898	0.04311
3438.63042	0.04346
3436.70186	0.04391
3434.77329	0.04433
3432.84473	0.04485
3430.91616	0.04544
3428.98760	0.04575
3427.05903	0.04588
3425.13047	0.04631
3423.20190	0.04696
3421.27334	0.04745
3419.34478	0.04773
3417.41621	0.04806
3415.48765	0.04849
3413.55908	0.04891
3411.63052	0.04937
3409.70195	0.04985
3407.77339	0.05025
3405.84482	0.05061
3403.91626	0.05105
3401.98770	0.05147
3400.05913	0.05178
3398.13057	0.05211
3396.20200	0.05248
3394.27344	0.05290
3392.34487	0.05339
3390.41631	0.05387
3388.48774	0.05429
3386.55918	0.05464
3384.63062	0.05485
3382.70205	0.05511
3380.77349	0.05561
3378.84492	0.05619
3376.91636	0.05671
3374.98779	0.05723
3373.05923	0.05778
3371.13066	0.05832
3369.20210	0.05877
3367.27354	0.05912
3365.34497	0.05960
3363.41641	0.06032
3361.48784	0.06095
3359.55928	0.06144
3357.63071	0.06197
3355.70215	0.06252
3353.77358	0.06304
3351.84502	0.06360
3349.91646	0.06420
3347.98789	0.06474
3346.05933	0.06530
3344.13076	0.06601
3342.20220	0.06683
3340.27363	0.06757
3338.34507	0.06816
3336.41650	0.06873
3334.48794	0.06935
3332.55937	0.07005
3330.63081	0.07075
3328.70225	0.07141
3326.77368	0.07205
3324.84512	0.07280
3322.91655	0.07358
3320.98799	0.07418
3319.05942	0.07463
3317.13086	0.07510
3315.20229	0.07572
3313.27373	0.07661
3311.34517	0.07753
3309.41660	0.07817
3307.48804	0.07876
3305.55947	0.07960
3303.63091	0.08056
3301.70234	0.08140
3299.77378	0.08204
3297.84521	0.08257
3295.91665	0.08305
3293.98809	0.08346
3292.05952	0.08387
3290.13096	0.08445
3288.20239	0.08513
3286.27383	0.08569
3284.34526	0.08616
3282.41670	0.08654
3280.48813	0.08663
3278.55957	0.08649
3276.63101	0.08632
3274.70244	0.08622
3272.77388	0.08627
3270.84531	0.08642
3268.91675	0.08640
3266.98818	0.08611
3265.05962	0.08580
3263.13105	0.08565
3261.20249	0.08543
3259.27393	0.08489
3257.34536	0.08408
3255.41680	0.08336
3253.48823	0.08293
3251.55967	0.08258
3249.63110	0.08209
3247.70254	0.08147
3245.77397	0.08089
3243.84541	0.08046
3241.91685	0.08008
3239.98828	0.07970
3238.05972	0.07923
3236.13115	0.07863
3234.20259	0.07802
3232.27402	0.07751
3230.34546	0.07713
3228.41689	0.07705
3226.48833	0.07717
3224.55977	0.07713
3222.63120	0.07677
3220.70264	0.07634
3218.77407	0.07613
3216.84551	0.07608
3214.91694	0.07600
3212.98838	0.07584
3211.05981	0.07570
3209.13125	0.07567
3207.20269	0.07563
3205.27412	0.07539
3203.34556	0.07506
3201.41699	0.07476
3199.48843	0.07443
3197.55986	0.07410
3195.63130	0.07393
3193.70273	0.07390
3191.77417	0.07378
3189.84561	0.07350
3187.91704	0.07322
3185.98848	0.07308
3184.05991	0.07295
3182.13135	0.07261
3180.20278	0.07218
3178.27422	0.07192
3176.34565	0.07178
3174.41709	0.07160
3172.48853	0.07131
3170.55996	0.07093
3168.63140	0.07057
3166.70283	0.07027
3164.77427	0.06998
3162.84570	0.06967
3160.91714	0.06929
3158.98857	0.06892
3157.06001	0.06862
3155.13145	0.06830
3153.20288	0.06793
3151.27432	0.06764
3149.34575	0.06742
3147.41719	0.06723
3145.48862	0.06712
3143.56006	0.06698
3141.63149	0.06675
3139.70293	0.06650
3137.77437	0.06631
3135.84580	0.06613
3133.91724	0.06595
3131.98867	0.06575
3130.06011	0.06555
3128.13154	0.06533
3126.20298	0.06509
3124.27441	0.06486
3122.34585	0.06467
3120.41729	0.06452
3118.48872	0.06438
3116.56016	0.06432
3114.63159	0.06445
3112.70303	0.06465
3110.77446	0.06472
3108.84590	0.06462
3106.91733	0.06454
3104.98877	0.06460
3103.06021	0.06469
3101.13164	0.06465
3099.20308	0.06458
3097.27451	0.06466
3095.34595	0.06489
3093.41738	0.06515
3091.48882	0.06545
3089.56025	0.06574
3087.63169	0.06583
3085.70312	0.06577
3083.77456	0.06579
3081.84600	0.06594
3079.91743	0.06610
3077.98887	0.06628
3076.06030	0.06643
3074.13174	0.06654
3072.20317	0.06672
3070.27461	0.06687
3068.34604	0.06686
3066.41748	0.06686
3064.48892	0.06701
3062.56035	0.06710
3060.63179	0.06700
3058.70322	0.06686
3056.77466	0.06674
3054.84609	0.06651
3052.91753	0.06616
3050.98896	0.06588
3049.06040	0.06572
3047.13184	0.06557
3045.20327	0.06530
3043.27471	0.06492
3041.34614	0.06462
3039.41758	0.06447
3037.48901	0.06430
3035.56045	0.06409
3033.63188	0.06400
3031.70332	0.06401
3029.77476	0.06385
3027.84619	0.06344
3025.91763	0.06289
3023.98906	0.06235
3022.06050	0.06193
3020.13193	0.06163
3018.20337	0.06132
3016.27480	0.06102
3014.34624	0.06084
3012.41768	0.06075
3010.48911	0.06069
3008.56055	0.06073
3006.63198	0.06077
3004.70342	0.06062
3002.77485	0.06040
3000.84629	0.06027
2998.91772	0.06020
2996.98916	0.06010
2995.06060	0.06007
2993.13203	0.06038
2991.20347	0.06091
2989.27490	0.06143
2987.34634	0.06196
2985.41777	0.06260
2983.48921	0.06347
2981.56064	0.06453
2979.63208	0.06563
2977.70352	0.06684
2975.77495	0.06830
2973.84639	0.06998
2971.91782	0.07182
2969.98926	0.07373
2968.06069	0.07567
2966.13213	0.07767
2964.20356	0.07977
2962.27500	0.08184
2960.34644	0.08364
2958.41787	0.08507
2956.48931	0.08606
2954.56074	0.08664
2952.63218	0.08689
2950.70361	0.08693
2948.77505	0.08704
2946.84648	0.08761
2944.91792	0.08875
2942.98936	0.09053
2941.06079	0.09297
2939.13223	0.09591
2937.20366	0.09924
2935.27510	0.10304
2933.34653	0.10717
2931.41797	0.11140
2929.48940	0.11564
2927.56084	0.11988
2925.63228	0.12397
2923.70371	0.12777
2921.77515	0.13099
2919.84658	0.13299
2917.91802	0.13282
2915.98945	0.12978
2914.06089	0.12438
2912.13232	0.11818
2910.20376	0.11263
2908.27520	0.10821
2906.34663	0.10472
2904.41807	0.10178
2902.48950	0.09920
2900.56094	0.09699
2898.63237	0.09511
2896.70381	0.09338
2894.77524	0.09163
2892.84668	0.08978
2890.91812	0.08809
2888.98955	0.08669
2887.06099	0.08536
2885.13242	0.08410
2883.20386	0.08311
2881.27529	0.08247
2879.34673	0.08217
2877.41816	0.08224
2875.48960	0.08258
2873.56104	0.08307
2871.63247	0.08361
2869.70391	0.08404
2867.77534	0.08432
2865.84678	0.08466
2863.91821	0.08551
2861.98965	0.08730
2860.06108	0.09012
2858.13252	0.09393
2856.20396	0.09857
2854.27539	0.10359
2852.34683	0.10781
2850.41826	0.10926
2848.48970	0.10646
2846.56113	0.10022
2844.63257	0.09292
2842.70400	0.08637
2840.77544	0.08115
2838.84687	0.07716
2836.91831	0.07410
2834.98975	0.07174
2833.06118	0.06996
2831.13262	0.06859
2829.20405	0.06743
2827.27549	0.06636
2825.34692	0.06538
2823.41836	0.06452
2821.48979	0.06376
2819.56123	0.06302
2817.63267	0.06230
2815.70410	0.06165
2813.77554	0.06103
2811.84697	0.06038
2809.91841	0.05976
2807.98984	0.05930
2806.06128	0.05891
2804.13271	0.05845
2802.20415	0.05796
2800.27559	0.05751
2798.34702	0.05712
2796.41846	0.05681
2794.48989	0.05655
2792.56133	0.05619
2790.63276	0.05576
2788.70420	0.05537
2786.77563	0.05501
2784.84707	0.05464
2782.91851	0.05426
2780.98994	0.05391
2779.06138	0.05358
2777.13281	0.05322
2775.20425	0.05286
2773.27568	0.05259
2771.34712	0.05238
2769.41855	0.05215
2767.48999	0.05192
2765.56143	0.05175
2763.63286	0.05164
2761.70430	0.05149
2759.77573	0.05123
2757.84717	0.05089
2755.91860	0.05056
2753.99004	0.05035
2752.06147	0.05020
2750.13291	0.05004
2748.20435	0.04986
2746.27578	0.04962
2744.34722	0.04936
2742.41865	0.04914
2740.49009	0.04895
2738.56152	0.04880
2736.63296	0.04868
2734.70439	0.04853
2732.77583	0.04833
2730.84727	0.04810
2728.91870	0.04785
2726.99014	0.04766
2725.06157	0.04756
2723.13301	0.04742
2721.20444	0.04720
2719.27588	0.04696
2717.34731	0.04671
2715.41875	0.04646
2713.49019	0.04623
2711.56162	0.04609
2709.63306	0.04602
2707.70449	0.04588
2705.77593	0.04562
2703.84736	0.04541
2701.91880	0.04537
2699.99023	0.04531
2698.06167	0.04510
2696.13311	0.04487
2694.20454	0.04474
2692.27598	0.04468
2690.34741	0.04460
2688.41885	0.04450
2686.49028	0.04440
2684.56172	0.04430
2682.63315	0.04422
2680.70459	0.04418
2678.77603	0.04417
2676.84746	0.04411
2674.91890	0.04397
2672.99033	0.04384
2671.06177	0.04379
2669.13320	0.04381
2667.20464	0.04388
2665.27607	0.04396
2663.34751	0.04405
2661.41895	0.04410
2659.49038	0.04413
2657.56182	0.04418
2655.63325	0.04421
2653.70469	0.04420
2651.77612	0.04419
2649.84756	0.04413
2647.91899	0.04397
2645.99043	0.04383
2644.06187	0.04372
2642.13330	0.04354
2640.20474	0.04329
2638.27617	0.04312
2636.34761	0.04307
2634.41904	0.04308
2632.49048	0.04300
2630.56191	0.04279
2628.63335	0.04251
2626.70479	0.04222
2624.77622	0.04204
2622.84766	0.04200
2620.91909	0.04198
2618.99053	0.04179
2617.06196	0.04148
2615.13340	0.04122
2613.20483	0.04100
2611.27627	0.04083
2609.34771	0.04076
2607.41914	0.04066
2605.49058	0.04044
2603.56201	0.04026
2601.63345	0.04018
2599.70488	0.04009
2597.77632	0.04001
2595.84775	0.03996
2593.91919	0.03982
2591.99062	0.03956
2590.06206	0.03931
2588.13350	0.03909
2586.20493	0.03888
2584.27637	0.03868
2582.34780	0.03852
2580.41924	0.03843
2578.49067	0.03841
2576.56211	0.03840
2574.63354	0.03822
2572.70498	0.03794
2570.77642	0.03768
2568.84785	0.03744
2566.91929	0.03732
2564.99072	0.03728
2563.06216	0.03710
2561.13359	0.03682
2559.20503	0.03663
2557.27646	0.03661
2555.34790	0.03666
2553.41934	0.03661
2551.49077	0.03639
2549.56221	0.03610
2547.63364	0.03593
2545.70508	0.03589
2543.77651	0.03578
2541.84795	0.03553
2539.91938	0.03528
2537.99082	0.03513
2536.06226	0.03511
2534.13369	0.03512
2532.20513	0.03500
2530.27656	0.03476
2528.34800	0.03457
2526.41943	0.03442
2524.49087	0.03429
2522.56230	0.03425
2520.63374	0.03425
2518.70518	0.03416
2516.77661	0.03396
2514.84805	0.03370
2512.91948	0.03343
2510.99092	0.03325
2509.06235	0.03318
2507.13379	0.03313
2505.20522	0.03313
2503.27666	0.03324
2501.34810	0.03323
2499.41953	0.03293
2497.49097	0.03256
2495.56240	0.03239
2493.63384	0.03232
2491.70527	0.03220
2489.77671	0.03202
2487.84814	0.03186
2485.91958	0.03181
2483.99102	0.03175
2482.06245	0.03159
2480.13389	0.03141
2478.20532	0.03132
2476.27676	0.03119
2474.34819	0.03097
2472.41963	0.03081
2470.49106	0.03070
2468.56250	0.03061
2466.63394	0.03052
2464.70537	0.03035
2462.77681	0.03015
2460.84824	0.03011
2458.91968	0.03021
2456.99111	0.03020
2455.06255	0.02998
2453.13398	0.02977
2451.20542	0.02968
2449.27686	0.02961
2447.34829	0.02945
2445.41973	0.02927
2443.49116	0.02910
2441.56260	0.02893
2439.63403	0.02876
2437.70547	0.02859
2435.77690	0.02839
2433.84834	0.02825
2431.91978	0.02817
2429.99121	0.02805
2428.06265	0.02786
2426.13408	0.02766
2424.20552	0.02749
2422.27695	0.02734
2420.34839	0.02722
2418.41982	0.02713
2416.49126	0.02703
2414.56270	0.02688
2412.63413	0.02671
2410.70557	0.02658
2408.77700	0.02640
2406.84844	0.02614
2404.91987	0.02598
2402.99131	0.02596
2401.06274	0.02589
2399.13418	0.02509
2397.20562	0.02492
2395.27705	0.02502
2393.34849	0.02511
2391.41992	0.02530
2389.49136	0.02562
2387.56279	0.02599
2385.63423	0.02631
2383.70566	0.02659
2381.77710	0.02681
2379.84854	0.02682
2377.91997	0.02651
2375.99141	0.02604
2374.06284	0.02565
2372.13428	0.02539
2370.20571	0.02531
2368.27715	0.02538
2366.34858	0.02550
2364.42002	0.02563
2362.49146	0.02577
2360.56289	0.02598
2358.63433	0.02617
2356.70576	0.02636
2354.77720	0.02693
2352.84863	0.02820
2350.92007	0.02955
2348.99150	0.03005
2347.06294	0.02896
2345.13437	0.02761
2343.20581	0.02691
2341.27725	0.02674
2339.34868	0.02678
2337.42012	0.02690
2335.49155	0.02691
2333.56299	0.02694
2331.63442	0.02720
2329.70586	0.02792
2327.77729	0.02933
2325.84873	0.03066
2323.92017	0.03082
2321.99160	0.02979
2320.06304	0.02851
2318.13447	0.02764
2316.20591	0.02713
2314.27734	0.02680
2312.34878	0.02661
2310.42021	0.02642
2308.49165	0.02619
2306.56309	0.02589
2304.63452	0.02560
2302.70596	0.02534
2300.77739	0.02518
2298.84883	0.02512
2296.92026	0.02508
2294.99170	0.02504
2293.06313	0.02508
2291.13457	0.02520
2289.20601	0.02525
2287.27744	0.02510
2285.34888	0.02467
2283.42031	0.02403
2281.49175	0.02346
2279.56318	0.02314
2277.63462	0.02293
2275.70605	0.02263
2273.77749	0.02231
2271.84893	0.02215
2269.92036	0.02204
2267.99180	0.02187
2266.06323	0.02181
2264.13467	0.02198
2262.20610	0.02218
2260.27754	0.02212
2258.34897	0.02190
2256.42041	0.02171
2254.49185	0.02160
2252.56328	0.02159
2250.63472	0.02159
2248.70615	0.02112
2246.77759	0.02118
2244.84902	0.02120
2242.92046	0.02108
2240.99189	0.02090
2239.06333	0.02079
2237.13477	0.02093
2235.20620	0.02121
2233.27764	0.02125
2231.34907	0.02093
2229.42051	0.02051
2227.49194	0.02019
2225.56338	0.01988
2223.63481	0.01968
2221.70625	0.01971
2219.77769	0.01977
2217.84912	0.01974
2215.92056	0.01964
2213.99199	0.01950
2212.06343	0.01952
2210.13486	0.01957
2208.20630	0.01933
2206.27773	0.01907
2204.34917	0.01909
2202.42061	0.01916
2200.49204	0.01930
2198.56348	0.01956
2196.63491	0.01961
2194.70635	0.01950
2192.77778	0.01970
2190.84922	0.01998
2188.92065	0.01990
2186.99209	0.01973
2185.06353	0.01953
2183.13496	0.01898
2181.20640	0.01843
2179.27783	0.01845
2177.34927	0.01842
2175.42070	0.01786
2173.49214	0.01765
2171.56357	0.01846
2169.63501	0.01980
2167.70645	0.02069
2165.77788	0.02083
2163.84932	0.02092
2161.92075	0.02014
2159.99219	0.01653
2158.06362	0.01212
2156.13506	0.01065
2154.20649	0.01160
2152.27793	0.01309
2150.34937	0.01430
2148.42080	0.01474
2146.49224	0.01445
2144.56367	0.01411
2142.63511	0.01419
2140.70654	0.01441
2138.77798	0.01437
2136.84941	0.01388
2134.92085	0.01315
2132.99229	0.01295
2131.06372	0.01349
2129.13516	0.01419
2127.20659	0.01475
2125.27803	0.01517
2123.34946	0.01555
2121.42090	0.01605
2119.49233	0.01661
2117.56377	0.01714
2115.63521	0.01757
2113.70664	0.01778
2111.77808	0.01772
2109.84951	0.01747
2107.92095	0.01719
2105.99238	0.01696
2104.06382	0.01703
2102.13525	0.01741
2100.20669	0.01758
2098.27812	0.01723
2096.34956	0.01653
2094.42100	0.01602
2092.49243	0.01613
2090.56387	0.01665
2088.63530	0.01711
2086.70674	0.01736
2084.77817	0.01745
2082.84961	0.01750
2080.92104	0.01765
2078.99248	0.01782
2077.06392	0.01774
2075.13535	0.01738
2073.20679	0.01693
2071.27822	0.01660
2069.34966	0.01654
2067.42109	0.01667
2065.49253	0.01668
2063.56396	0.01658
2061.63540	0.01665
2059.70684	0.01679
2057.77827	0.01699
2055.84971	0.01744
2053.92114	0.01830
2051.99258	0.01917
2050.06401	0.01883
2048.13545	0.01726
2046.20688	0.01618
2044.27832	0.01615
2042.34976	0.01626
2040.42119	0.01621
2038.49263	0.01631
2036.56406	0.01626
2034.63550	0.01545
2032.70693	0.01429
2030.77837	0.01383
2028.84980	0.01416
2026.92124	0.01452
2024.99268	0.01451
2023.06411	0.01434
2021.13555	0.01420
2019.20698	0.01411
2017.27842	0.01398
2015.34985	0.01379
2013.42129	0.01358
2011.49272	0.01342
2009.56416	0.01315
2007.63560	0.01256
2005.70703	0.01199
2003.77847	0.01195
2001.84990	0.01246
1999.92134	0.01327
1997.99277	0.01378
1996.06421	0.01377
1994.13564	0.01375
1992.20708	0.01408
1990.27852	0.01470
1988.34995	0.01518
1986.42139	0.01526
1984.49282	0.01551
1982.56426	0.01630
1980.63569	0.01661
1978.70713	0.01533
1976.77856	0.01331
1974.85000	0.01213
1972.92144	0.01180
1970.99287	0.01163
1969.06431	0.01143
1967.13574	0.01129
1965.20718	0.01133
1963.27861	0.01124
1961.35005	0.01068
1959.42148	0.01008
1957.49292	0.01004
1955.56436	0.01040
1953.63579	0.01067
1951.70723	0.01060
1949.77866	0.01031
1947.85010	0.01033
1945.92153	0.01085
1943.99297	0.01132
1942.06440	0.01129
1940.13584	0.01089
1938.20728	0.01050
1936.27871	0.01040
1934.35015	0.01047
1932.42158	0.01044
1930.49302	0.01033
1928.56445	0.01034
1926.63589	0.01044
1924.70732	0.01052
1922.77876	0.01062
1920.85020	0.01070
1918.92163	0.01071
1916.99307	0.01075
1915.06450	0.01086
1913.13594	0.01087
1911.20737	0.01070
1909.27881	0.01060
1907.35024	0.01064
1905.42168	0.01063
1903.49312	0.01057
1901.56455	0.01055
1899.63599	0.01053
1897.70742	0.01042
1895.77886	0.01034
1893.85029	0.01033
1891.92173	0.01025
1889.99316	0.01009
1888.06460	0.01002
1886.13604	0.01006
1884.20747	0.01008
1882.27891	0.01003
1880.35034	0.00995
1878.42178	0.00986
1876.49321	0.00976
1874.56465	0.00965
1872.63608	0.00953
1870.70752	0.00945
1868.77896	0.00940
1866.85039	0.00939
1864.92183	0.00941
1862.99326	0.00940
1861.06470	0.00931
1859.13613	0.00918
1857.20757	0.00913
1855.27900	0.00918
1853.35044	0.00927
1851.42187	0.00924
1849.49331	0.00901
1847.56475	0.00870
1845.63618	0.00847
1843.70762	0.00840
1841.77905	0.00846
1839.85049	0.00857
1837.92192	0.00867
1835.99336	0.00872
1834.06479	0.00869
1832.13623	0.00865
1830.20767	0.00863
1828.27910	0.00859
1826.35054	0.00860
1824.42197	0.00872
1822.49341	0.00887
1820.56484	0.00882
1818.63628	0.00861
1816.70771	0.00850
1814.77915	0.00863
1812.85059	0.00886
1810.92202	0.00907
1808.99346	0.00924
1807.06489	0.00934
1805.13633	0.00934
1803.20776	0.00934
1801.27920	0.00946
1799.35063	0.00967
1797.42207	0.00983
1795.49351	0.00988
1793.56494	0.00996
1791.63638	0.01016
1789.70781	0.01036
1787.77925	0.01048
1785.85068	0.01058
1783.92212	0.01071
1781.99355	0.01089
1780.06499	0.01110
1778.13643	0.01129
1776.20786	0.01140
1774.27930	0.01152
1772.35073	0.01177
1770.42217	0.01213
1768.49360	0.01253
1766.56504	0.01290
1764.63647	0.01329
1762.70791	0.01388
1760.77935	0.01473
1758.85078	0.01576
1756.92222	0.01699
1754.99365	0.01840
1753.06509	0.01998
1751.13652	0.02194
1749.20796	0.02432
1747.27939	0.02690
1745.35083	0.02953
1743.42227	0.03216
1741.49370	0.03475
1739.56514	0.03698
1737.63657	0.03836
1735.70801	0.03879
1733.77944	0.03855
1731.85088	0.03799
1729.92231	0.03738
1727.99375	0.03687
1726.06519	0.03656
1724.13662	0.03657
1722.20806	0.03689
1720.27949	0.03749
1718.35093	0.03860
1716.42236	0.04043
1714.49380	0.04262
1712.56523	0.04463
1710.63667	0.04633
1708.70811	0.04782
1706.77954	0.04934
1704.85098	0.05095
1702.92241	0.05278
1700.99385	0.05543
1699.06528	0.05896
1697.13672	0.06282
1695.20815	0.06692
1693.27959	0.07091
1691.35103	0.07461
1689.42246	0.07828
1687.49390	0.08198
1685.56533	0.08640
1683.63677	0.09195
1681.70820	0.09699
1679.77964	0.10080
1677.85107	0.10436
1675.92251	0.10850
1673.99395	0.11294
1672.06538	0.11730
1670.13682	0.12222
1668.20825	0.12770
1666.27969	0.13284
1664.35112	0.13815
1662.42256	0.14461
1660.49399	0.15146
1658.56543	0.15750
1656.63687	0.16288
1654.70830	0.16930
1652.77974	0.17721
1650.85117	0.18303
1648.92261	0.18563
1646.99404	0.18723
1645.06548	0.18847
1643.13691	0.18874
1641.20835	0.18825
1639.27979	0.18749
1637.35122	0.18684
1635.42266	0.18634
1633.49409	0.18551
1631.56553	0.18406
1629.63696	0.18207
1627.70840	0.17961
1625.77983	0.17671
1623.85127	0.17348
1621.92271	0.17015
1619.99414	0.16677
1618.06558	0.16310
1616.13701	0.15914
1614.20845	0.15533
1612.27988	0.15171
1610.35132	0.14802
1608.42275	0.14430
1606.49419	0.14078
1604.56562	0.13758
1602.63706	0.13472
1600.70850	0.13220
1598.77993	0.12995
1596.85137	0.12789
1594.92280	0.12602
1592.99424	0.12437
1591.06567	0.12297
1589.13711	0.12184
1587.20854	0.12101
1585.27998	0.12045
1583.35142	0.12015
1581.42285	0.12002
1579.49429	0.12003
1577.56572	0.12035
1575.63716	0.12103
1573.70859	0.12170
1571.78003	0.12234
1569.85146	0.12349
1567.92290	0.12524
1565.99434	0.12723
1564.06577	0.12925
1562.13721	0.13155
1560.20864	0.13554
1558.28008	0.14185
1556.35151	0.14792
1554.42295	0.15271
1552.49438	0.15716
1550.56582	0.16153
1548.63726	0.16551
1546.70869	0.16874
1544.78013	0.17128
1542.85156	0.17339
1540.92300	0.17525
1538.99443	0.17650
1537.06587	0.17659
1535.13730	0.17585
1533.20874	0.17493
1531.28018	0.17389
1529.35161	0.17263
1527.42305	0.17123
1525.49448	0.16988
1523.56592	0.16882
1521.63735	0.16835
1519.70879	0.16833
1517.78022	0.16817
1515.85166	0.16739
1513.92310	0.16570
1511.99453	0.16314
1510.06597	0.15997
1508.13740	0.15640
1506.20884	0.15259
1504.28027	0.14901
1502.35171	0.14571
1500.42314	0.14237
1498.49458	0.13882
1496.56602	0.13509
1494.63745	0.13133
1492.70889	0.12754
1490.78032	0.12357
1488.85176	0.11963
1486.92319	0.11617
1484.99463	0.11332
1483.06606	0.11107
1481.13750	0.10946
1479.20894	0.10858
1477.28037	0.10870
1475.35181	0.11036
1473.42324	0.11385
1471.49468	0.11828
1469.56611	0.12208
1467.63755	0.12474
1465.70898	0.12650
1463.78042	0.12730
1461.85186	0.12713
1459.92329	0.12666
1457.99473	0.12674
1456.06616	0.12727
1454.13760	0.12717
1452.20903	0.12623
1450.28047	0.12501
1448.35190	0.12395
1446.42334	0.12311
1444.49478	0.12237
1442.56621	0.12161
1440.63765	0.12077
1438.70908	0.11974
1436.78052	0.11847
1434.85195	0.11699
1432.92339	0.11544
1430.99482	0.11402
1429.06626	0.11297
1427.13770	0.11247
1425.20913	0.11262
1423.28057	0.11340
1421.35200	0.11476
1419.42344	0.11677
1417.49487	0.11909
1415.56631	0.12108
1413.63774	0.12271
1411.70918	0.12426
1409.78062	0.12576
1407.85205	0.12708
1405.92349	0.12822
1403.99492	0.12916
1402.06636	0.12974
1400.13779	0.12996
1398.20923	0.12996
1396.28066	0.12983
1394.35210	0.12957
1392.42354	0.12920
1390.49497	0.12873
1388.56641	0.12822
1386.63784	0.12768
1384.70928	0.12693
1382.78071	0.12587
1380.85215	0.12461
1378.92358	0.12317
1376.99502	0.12144
1375.06646	0.11946
1373.13789	0.11759
1371.20933	0.11618
1369.28076	0.11523
1367.35220	0.11443
1365.42363	0.11340
1363.49507	0.11209
1361.56650	0.11085
1359.63794	0.11001
1357.70937	0.10961
1355.78081	0.10949
1353.85225	0.10952
1351.92368	0.10966
1349.99512	0.10990
1348.06655	0.11012
1346.13799	0.11023
1344.20942	0.11025
1342.28086	0.11025
1340.35229	0.11025
1338.42373	0.11025
1336.49517	0.11016
1334.56660	0.10997
1332.63804	0.10974
1330.70947	0.10953
1328.78091	0.10935
1326.85234	0.10925
1324.92378	0.10932
1322.99521	0.10959
1321.06665	0.11004
1319.13809	0.11058
1317.20952	0.11116
1315.28096	0.11171
1313.35239	0.11223
1311.42383	0.11276
1309.49526	0.11326
1307.56670	0.11372
1305.63813	0.11413
1303.70957	0.11448
1301.78101	0.11480
1299.85244	0.11507
1297.92388	0.11525
1295.99531	0.11532
1294.06675	0.11530
1292.13818	0.11531
1290.20962	0.11536
1288.28105	0.11535
1286.35249	0.11524
1284.42393	0.11509
1282.49536	0.11497
1280.56680	0.11491
1278.63823	0.11491
1276.70967	0.11498
1274.78110	0.11506
1272.85254	0.11522
1270.92397	0.11548
1268.99541	0.11577
1267.06685	0.11607
1265.13828	0.11644
1263.20972	0.11687
1261.28115	0.11740
1259.35259	0.11806
1257.42402	0.11877
1255.49546	0.11946
1253.56689	0.12019
1251.63833	0.12100
1249.70977	0.12181
1247.78120	0.12246
1245.85264	0.12290
1243.92407	0.12321
1241.99551	0.12347
1240.06694	0.12363
1238.13838	0.12358
1236.20981	0.12327
1234.28125	0.12273
1232.35269	0.12203
1230.42412	0.12120
1228.49556	0.12031
1226.56699	0.11931
1224.63843	0.11817
1222.70986	0.11693
1220.78130	0.11566
1218.85273	0.11435
1216.92417	0.11302
1214.99561	0.11172
1213.06704	0.11060
1211.13848	0.10975
1209.20991	0.10906
1207.28135	0.10838
1205.35278	0.10766
1203.42422	0.10695
1201.49565	0.10626
1199.56709	0.10561
1197.63853	0.10499
1195.70996	0.10436
1193.78140	0.10372
1191.85283	0.10316
1189.92427	0.10277
1187.99570	0.10259
1186.06714	0.10264
1184.13857	0.10295
1182.21001	0.10351
1180.28145	0.10434
1178.35288	0.10538
1176.42432	0.10645
1174.49575	0.10748
1172.56719	0.10831
1170.63862	0.10864
1168.71006	0.10844
1166.78149	0.10793
1164.85293	0.10735
1162.92437	0.10673
1160.99580	0.10608
1159.06724	0.10542
1157.13867	0.10467
1155.21011	0.10382
1153.28154	0.10288
1151.35298	0.10182
1149.42441	0.10067
1147.49585	0.09954
1145.56729	0.09847
1143.63872	0.09753
1141.71016	0.09684
1139.78159	0.09639
1137.85303	0.09619
1135.92446	0.09627
1133.99590	0.09658
1132.06733	0.09701
1130.13877	0.09752
1128.21021	0.09808
1126.28164	0.09860
1124.35308	0.09906
1122.42451	0.09958
1120.49595	0.10019
1118.56738	0.10087
1116.63882	0.10157
1114.71025	0.10217
1112.78169	0.10253
1110.85312	0.10270
1108.92456	0.10277
1106.99600	0.10269
1105.06743	0.10239
1103.13887	0.10196
1101.21030	0.10155
1099.28174	0.10122
1097.35317	0.10098
1095.42461	0.10086
1093.49604	0.10083
1091.56748	0.10090
1089.63892	0.10117
1087.71035	0.10162
1085.78179	0.10209
1083.85322	0.10240
1081.92466	0.10256
1079.99609	0.10261
1078.06753	0.10247
1076.13896	0.10218
1074.21040	0.10190
1072.28184	0.10158
1070.35327	0.10112
1068.42471	0.10067
1066.49614	0.10043
1064.56758	0.10034
1062.63901	0.10030
1060.71045	0.10026
1058.78188	0.10021
1056.85332	0.10007
1054.92476	0.09976
1052.99619	0.09937
1051.06763	0.09901
1049.13906	0.09862
1047.21050	0.09813
1045.28193	0.09758
1043.35337	0.09691
1041.42480	0.09610
1039.49624	0.09536
1037.56768	0.09484
1035.63911	0.09450
1033.71055	0.09432
1031.78198	0.09419
1029.85342	0.09389
1027.92485	0.09321
1025.99629	0.09220
1024.06772	0.09100
1022.13916	0.08968
1020.21060	0.08823
1018.28203	0.08679
1016.35347	0.08547
1014.42490	0.08424
1012.49634	0.08301
1010.56777	0.08179
1008.63921	0.08067
1006.71064	0.07962
1004.78208	0.07856
1002.85352	0.07760
1000.92495	0.07680
998.99639	0.07603
997.06782	0.07530
995.13926	0.07473
993.21069	0.07423
991.28213	0.07365
989.35356	0.07301
987.42500	0.07243
985.49644	0.07195
983.56787	0.07157
981.63931	0.07134
979.71074	0.07120
977.78218	0.07104
975.85361	0.07085
973.92505	0.07058
971.99648	0.07013
970.06792	0.06953
968.13936	0.06895
966.21079	0.06846
964.28223	0.06801
962.35366	0.06760
960.42510	0.06727
958.49653	0.06691
956.56797	0.06643
954.63940	0.06595
952.71084	0.06553
950.78228	0.06514
948.85371	0.06478
946.92515	0.06455
944.99658	0.06452
943.06802	0.06461
941.13945	0.06475
939.21089	0.06492
937.28232	0.06504
935.35376	0.06514
933.42520	0.06529
931.49663	0.06542
929.56807	0.06545
927.63950	0.06544
925.71094	0.06543
923.78237	0.06544
921.85381	0.06541
919.92524	0.06524
917.99668	0.06492
916.06812	0.06455
914.13955	0.06433
912.21099	0.06427
910.28242	0.06419
908.35386	0.06408
906.42529	0.06406
904.49673	0.06424
902.56816	0.06455
900.63960	0.06483
898.71104	0.06502
896.78247	0.06512
894.85391	0.06516
892.92534	0.06515
890.99678	0.06503
889.06821	0.06476
887.13965	0.06444
885.21108	0.06407
883.28252	0.06367
881.35396	0.06335
879.42539	0.06308
877.49683	0.06288
875.56826	0.06281
873.63970	0.06280
871.71113	0.06278
869.78257	0.06290
867.85400	0.06312
865.92544	0.06326
863.99687	0.06337
862.06831	0.06369
860.13975	0.06419
858.21118	0.06475
856.28262	0.06539
854.35405	0.06613
852.42549	0.06685
850.49692	0.06743
848.56836	0.06800
846.63979	0.06853
844.71123	0.06888
842.78267	0.06916
840.85410	0.06956
838.92554	0.07003
836.99697	0.07049
835.06841	0.07101
833.13984	0.07167
831.21128	0.07237
829.28271	0.07297
827.35415	0.07336
825.42559	0.07351
823.49702	0.07364
821.56846	0.07411
819.63989	0.07479
817.71133	0.07542
815.78276	0.07607
813.85420	0.07692
811.92563	0.07799
809.99707	0.07932
808.06851	0.08074
806.13994	0.08200
804.21138	0.08315
802.28281	0.08434
800.35425	0.08561
798.42568	0.08709
796.49712	0.08875
794.56855	0.09024
792.63999	0.09137
790.71143	0.09238
788.78286	0.09365
786.85430	0.09511
784.92573	0.09631
782.99717	0.09713
781.06860	0.09764
779.14004	0.09791
777.21147	0.09813
775.28291	0.09849
773.35435	0.09877
771.42578	0.09886
769.49722	0.09895
767.56865	0.09900
765.64009	0.09898
763.71152	0.09914
761.78296	0.09947
759.85439	0.09973
757.92583	0.09995
755.99727	0.10026
754.06870	0.10059
752.14014	0.10103
750.21157	0.10164
748.28301	0.10244
746.35444	0.10333
744.42588	0.10406
742.49731	0.10456
740.56875	0.10498
738.64019	0.10540
736.71162	0.10585
734.78306	0.10663
732.85449	0.10790
730.92593	0.10934
728.99736	0.11076
727.06880	0.11242
725.14023	0.11447
723.21167	0.11696
721.28311	0.11908
719.35454	0.12022
717.42598	0.11998
715.49741	0.11903
713.56885	0.11834
711.64028	0.11834
709.71172	0.11913
707.78315	0.12057
705.85459	0.12242
703.92603	0.12434
701.99746	0.12598
700.06890	0.12716
698.14033	0.12777
696.21177	0.12793
694.28320	0.12780
692.35464	0.12761
690.42607	0.12780
688.49751	0.12861
686.56895	0.12964
684.64038	0.13030
682.71182	0.13072
680.78325	0.13162
678.85469	0.13317
676.92612	0.13482
674.99756	0.13614
673.06899	0.13702
671.14043	0.13685
669.21187	0.13600
667.28330	0.13754
665.35474	0.14047
663.42617	0.14290
661.49761	0.14380
659.56904	0.14431
657.64048	0.14504
655.71191	0.14562
653.78335	0.14588
651.85479	0.14619
649.92622	0.14676
647.99766	0.14761
646.06909	0.14885
644.14053	0.15023
642.21196	0.15132
640.28340	0.15231
638.35483	0.15399
636.42627	0.15648
634.49771	0.15896
632.56914	0.16067
630.64058	0.16134
628.71201	0.16162
626.78345	0.16214
624.85488	0.16232
622.92632	0.16218
620.99775	0.16232
619.06919	0.16274
617.14062	0.16368
615.21206	0.16489
613.28350	0.16472
611.35493	0.16325
609.42637	0.16286
607.49780	0.16400
605.56924	0.16542
603.64067	0.16672
601.71211	0.16789
599.78354	0.16879
