3997.91411	0.01518
3995.98555	0.01520
3994.05698	0.01532
3992.12842	0.01543
3990.19985	0.01538
3988.27129	0.01520
3986.34272	0.01506
3984.41416	0.01502
3982.48560	0.01504
3980.55703	0.01506
3978.62847	0.01509
3976.69990	0.01518
3974.77134	0.01533
3972.84277	0.01542
3970.91421	0.01538
3968.98564	0.01520
3967.05708	0.01498
3965.12852	0.01485
3963.19995	0.01487
3961.27139	0.01504
3959.34282	0.01527
3957.41426	0.01540
3955.48569	0.01534
3953.55713	0.01524
3951.62856	0.01533
3949.70000	0.01553
3947.77144	0.01560
3945.84287	0.01552
3943.91431	0.01544
3941.98574	0.01543
3940.05718	0.01538
3938.12861	0.01529
3936.20005	0.01531
3934.27148	0.01551
3932.34292	0.01566
3930.41436	0.01559
3928.48579	0.01544
3926.55723	0.01540
3924.62866	0.01545
3922.70010	0.01555
3920.77153	0.01561
3918.84297	0.01555
3916.91440	0.01543
3914.98584	0.01538
3913.05728	0.01538
3911.12871	0.01536
3909.20015	0.01538
3907.27158	0.01550
3905.34302	0.01561
3903.41445	0.01567
3901.48589	0.01573
3899.55732	0.01574
3897.62876	0.01563
3895.70020	0.01551
3893.77163	0.01549
3891.84307	0.01548
3889.91450	0.01540
3887.98594	0.01542
3886.05737	0.01554
3884.12881	0.01552
3882.20024	0.01531
3880.27168	0.01511
3878.34312	0.01507
3876.41455	0.01519
3874.48599	0.01535
3872.55742	0.01544
3870.62886	0.01545
3868.70029	0.01544
3866.77173	0.01542
3864.84316	0.01532
3862.91460	0.01517
3860.98604	0.01509
3859.05747	0.01517
3857.12891	0.01531
3855.20034	0.01534
3853.27178	0.01515
3851.34321	0.01498
3849.41465	0.01502
3847.48608	0.01513
3845.55752	0.01514
3843.62896	0.01507
3841.70039	0.01500
3839.77183	0.01493
3837.84326	0.01480
3835.91470	0.01466
3833.98613	0.01460
3832.05757	0.01459
3830.12900	0.01463
3828.20044	0.01472
3826.27187	0.01482
3824.34331	0.01485
3822.41475	0.01477
3820.48618	0.01472
3818.55762	0.01475
3816.62905	0.01473
3814.70049	0.01467
3812.77192	0.01468
3810.84336	0.01467
3808.91479	0.01451
3806.98623	0.01437
3805.05767	0.01437
3803.12910	0.01443
3801.20054	0.01437
3799.27197	0.01422
3797.34341	0.01416
3795.41484	0.01419
3793.48628	0.01419
3791.55771	0.01414
3789.62915	0.01413
3787.70059	0.01418
3785.77202	0.01427
3783.84346	0.01432
3781.91489	0.01431
3779.98633	0.01428
3778.05776	0.01431
3776.12920	0.01435
3774.20063	0.01430
3772.27207	0.01424
3770.34351	0.01427
3768.41494	0.01435
3766.48638	0.01436
3764.55781	0.01426
3762.62925	0.01414
3760.70068	0.01411
3758.77212	0.01414
3756.84355	0.01407
3754.91499	0.01397
3752.98643	0.01402
3751.05786	0.01415
3749.12930	0.01416
3747.20073	0.01413
3745.27217	0.01425
3743.34360	0.01449
3741.41504	0.01468
3739.48647	0.01479
3737.55791	0.01486
3735.62935	0.01488
3733.70078	0.01473
3731.77222	0.01458
3729.84365	0.01472
3727.91509	0.01499
3725.98652	0.01511
3724.05796	0.01486
3722.12939	0.01449
3720.20083	0.01431
3718.27227	0.01430
3716.34370	0.01441
3714.41514	0.01452
3712.48657	0.01450
3710.55801	0.01458
3708.62944	0.01476
3706.70088	0.01492
3704.77231	0.01499
3702.84375	0.01507
3700.91519	0.01524
3698.98662	0.01538
3697.05806	0.01541
3695.12949	0.01525
3693.20093	0.01492
3691.27236	0.01471
3689.34380	0.01473
3687.41523	0.01488
3685.48667	0.01502
3683.55811	0.01514
3681.62954	0.01526
3679.70098	0.01534
3677.77241	0.01532
3675.84385	0.01530
3673.91528	0.01546
3671.98672	0.01571
3670.05815	0.01581
3668.12959	0.01578
3666.20103	0.01589
3664.27246	0.01617
3662.34390	0.01641
3660.41533	0.01652
3658.48677	0.01662
3656.55820	0.01676
3654.62964	0.01689
3652.70107	0.01705
3650.77251	0.01729
3648.84395	0.01750
3646.91538	0.01760
3644.98682	0.01765
3643.05825	0.01775
3641.12969	0.01792
3639.20112	0.01813
3637.27256	0.01828
3635.34399	0.01838
3633.41543	0.01853
3631.48687	0.01881
3629.55830	0.01922
3627.62974	0.01948
3625.70117	0.01958
3623.77261	0.01973
3621.84404	0.01994
3619.91548	0.02020
3617.98691	0.02049
3616.05835	0.02077
3614.12979	0.02114
3612.20122	0.02147
3610.27266	0.02164
3608.34409	0.02177
3606.41553	0.02189
3604.48696	0.02190
3602.55840	0.02181
3600.62983	0.02174
3598.70127	0.02185
3596.77271	0.02209
3594.84414	0.02232
3592.91558	0.02249
3590.98701	0.02269
3589.05845	0.02287
3587.12988	0.02283
3585.20132	0.02259
3583.27275	0.02248
3581.34419	0.02265
3579.41562	0.02305
3577.48706	0.02351
3575.55850	0.02382
3573.62993	0.02390
3571.70137	0.02397
3569.77280	0.02426
3567.84424	0.02472
3565.91567	0.02514
3563.98711	0.02549
3562.05854	0.02579
3560.12998	0.02600
3558.20142	0.02614
3556.27285	0.02629
3554.34429	0.02652
3552.41572	0.02678
3550.48716	0.02704
3548.55859	0.02734
3546.63003	0.02758
3544.70146	0.02771
3542.77290	0.02785
3540.84434	0.02808
3538.91577	0.02830
3536.98721	0.02844
3535.05864	0.02866
3533.13008	0.02897
3531.20151	0.02918
3529.27295	0.02927
3527.34438	0.02943
3525.41582	0.02964
3523.48726	0.02982
3521.55869	0.03000
3519.63013	0.03027
3517.70156	0.03063
3515.77300	0.03097
3513.84443	0.03126
3511.91587	0.03147
3509.98730	0.03156
3508.05874	0.03160
3506.13018	0.03167
3504.20161	0.03173
3502.27305	0.03190
3500.34448	0.03229
3498.41592	0.03272
3496.48735	0.03302
3494.55879	0.03330
3492.63022	0.03362
3490.70166	0.03378
3488.77310	0.03368
3486.84453	0.03364
3484.91597	0.03387
3482.98740	0.03409
3481.05884	0.03420
3479.13027	0.03437
3477.20171	0.03464
3475.27314	0.03485
3473.34458	0.03489
3471.41602	0.03488
3469.48745	0.03498
3467.55889	0.03520
3465.63032	0.03553
3463.70176	0.03587
3461.77319	0.03599
3459.84463	0.03593
3457.91606	0.03600
3455.98750	0.03625
3454.05894	0.03652
3452.13037	0.03679
3450.20181	0.03701
3448.27324	0.03698
3446.34468	0.03677
3444.41611	0.03669
3442.48755	0.03689
3440.55898	0.03726
3438.63042	0.03760
3436.70186	0.03785
3434.77329	0.03811
3432.84473	0.03826
3430.91616	0.03822
3428.98760	0.03809
3427.05903	0.03792
3425.13047	0.03788
3423.20190	0.03808
3421.27334	0.03831
3419.34478	0.03838
3417.41621	0.03842
3415.48765	0.03847
3413.55908	0.03843
3411.63052	0.03831
3409.70195	0.03830
3407.77339	0.03835
3405.84482	0.03835
3403.91626	0.03830
3401.98770	0.03822
3400.05913	0.03810
3398.13057	0.03805
3396.20200	0.03799
3394.27344	0.03788
3392.34487	0.03786
3390.41631	0.03798
3388.48774	0.03810
3386.55918	0.03817
3384.63062	0.03823
3382.70205	0.03826
3380.77349	0.03825
3378.84492	0.03825
3376.91636	0.03844
3374.98779	0.03879
3373.05923	0.03901
3371.13066	0.03904
3369.20210	0.03908
3367.27354	0.03915
3365.34497	0.03904
3363.41641	0.03878
3361.48784	0.03870
3359.55928	0.03884
3357.63071	0.03907
3355.70215	0.03937
3353.77358	0.03966
3351.84502	0.03975
3349.91646	0.03960
3347.98789	0.03933
3346.05933	0.03916
3344.13076	0.03923
3342.20220	0.03935
3340.27363	0.03945
3338.34507	0.03960
3336.41650	0.03974
3334.48794	0.03979
3332.55937	0.03967
3330.63081	0.03943
3328.70225	0.03922
3326.77368	0.03910
3324.84512	0.03920
3322.91655	0.03946
3320.98799	0.03957
3319.05942	0.03942
3317.13086	0.03928
3315.20229	0.03921
3313.27373	0.03920
3311.34517	0.03923
3309.41660	0.03922
3307.48804	0.03910
3305.55947	0.03901
3303.63091	0.03907
3301.70234	0.03911
3299.77378	0.03894
3297.84521	0.03870
3295.91665	0.03863
3293.98809	0.03860
3292.05952	0.03852
3290.13096	0.03847
3288.20239	0.03845
3286.27383	0.03847
3284.34526	0.03853
3282.41670	0.03847
3280.48813	0.03822
3278.55957	0.03793
3276.63101	0.03780
3274.70244	0.03781
3272.77388	0.03785
3270.84531	0.03785
3268.91675	0.03768
3266.98818	0.03738
3265.05962	0.03707
3263.13105	0.03682
3261.20249	0.03666
3259.27393	0.03655
3257.34536	0.03641
3255.41680	0.03623
3253.48823	0.03601
3251.55967	0.03575
3249.63110	0.03560
3247.70254	0.03552
3245.77397	0.03525
3243.84541	0.03480
3241.91685	0.03439
3239.98828	0.03414
3238.05972	0.03399
3236.13115	0.03384
3234.20259	0.03365
3232.27402	0.03344
3230.34546	0.03329
3228.41689	0.03327
3226.48833	0.03324
3224.55977	0.03301
3222.63120	0.03271
3220.70264	0.03255
3218.77407	0.03252
3216.84551	0.03245
3214.91694	0.03222
3212.98838	0.03197
3211.05981	0.03175
3209.13125	0.03144
3207.20269	0.03106
3205.27412	0.03080
3203.34556	0.03069
3201.41699	0.03060
3199.48843	0.03044
3197.55986	0.03023
3195.63130	0.03001
3193.70273	0.02986
3191.77417	0.02971
3189.84561	0.02949
3187.91704	0.02924
3185.98848	0.02909
3184.05991	0.02898
3182.13135	0.02885
3180.20278	0.02872
3178.27422	0.02854
3176.34565	0.02828
3174.41709	0.02804
3172.48853	0.02786
3170.55996	0.02766
3168.63140	0.02739
3166.70283	0.02711
3164.77427	0.02697
3162.84570	0.02689
3160.91714	0.02672
3158.98857	0.02658
3157.06001	0.02652
3155.13145	0.02637
3153.20288	0.02611
3151.27432	0.02584
3149.34575	0.02565
3147.41719	0.02548
3145.48862	0.02533
3143.56006	0.02527
3141.63149	0.02524
3139.70293	0.02512
3137.77437	0.02485
3135.84580	0.02444
3133.91724	0.02409
3131.98867	0.02394
3130.06011	0.02389
3128.13154	0.02391
3126.20298	0.02388
3124.27441	0.02370
3122.34585	0.02347
3120.41729	0.02334
3118.48872	0.02321
3116.56016	0.02310
3114.63159	0.02311
3112.70303	0.02313
3110.77446	0.02303
3108.84590	0.02295
3106.91733	0.02299
3104.98877	0.02309
3103.06021	0.02313
3101.13164	0.02305
3099.20308	0.02293
3097.27451	0.02286
3095.34595	0.02280
3093.41738	0.02273
3091.48882	0.02270
3089.56025	0.02269
3087.63169	0.02261
3085.70312	0.02253
3083.77456	0.02247
3081.84600	0.02242
3079.91743	0.02235
3077.98887	0.02233
3076.06030	0.02239
3074.13174	0.02243
3072.20317	0.02227
3070.27461	0.02199
3068.34604	0.02176
3066.41748	0.02163
3064.48892	0.02156
3062.56035	0.02146
3060.63179	0.02130
3058.70322	0.02110
3056.77466	0.02089
3054.84609	0.02073
3052.91753	0.02066
3050.98896	0.02061
3049.06040	0.02041
3047.13184	0.02008
3045.20327	0.01977
3043.27471	0.01961
3041.34614	0.01956
3039.41758	0.01955
3037.48901	0.01947
3035.56045	0.01934
3033.63188	0.01928
3031.70332	0.01939
3029.77476	0.01952
3027.84619	0.01948
3025.91763	0.01921
3023.98906	0.01891
3022.06050	0.01869
3020.13193	0.01843
3018.20337	0.01816
3016.27480	0.01806
3014.34624	0.01811
3012.41768	0.01812
3010.48911	0.01809
3008.56055	0.01806
3006.63198	0.01801
3004.70342	0.01795
3002.77485	0.01791
3000.84629	0.01793
2998.91772	0.01805
2996.98916	0.01832
2995.06060	0.01866
2993.13203	0.01890
2991.20347	0.01908
2989.27490	0.01942
2987.34634	0.02001
2985.41777	0.02087
2983.48921	0.02186
2981.56064	0.02294
2979.63208	0.02422
2977.70352	0.02567
2975.77495	0.02724
2973.84639	0.02906
2971.91782	0.03116
2969.98926	0.03337
2968.06069	0.03566
2966.13213	0.03801
2964.20356	0.04034
2962.27500	0.04263
2960.34644	0.04480
2958.41787	0.04678
2956.48931	0.04859
2954.56074	0.05029
2952.63218	0.05215
2950.70361	0.05453
2948.77505	0.05767
2946.84648	0.06189
2944.91792	0.06776
2942.98936	0.07545
2941.06079	0.08467
2939.13223	0.09535
2937.20366	0.10776
2935.27510	0.12204
2933.34653	0.13837
2931.41797	0.15722
2929.48940	0.17919
2927.56084	0.20521
2925.63228	0.23653
2923.70371	0.27436
2921.77515	0.31885
2919.84658	0.36714
2917.91802	0.41099
2915.98945	0.43727
2914.06089	0.43610
2912.13232	0.41071
2910.20376	0.37439
2908.27520	0.33870
2906.34663	0.30850
2904.41807	0.28427
2902.48950	0.26517
2900.56094	0.24997
2898.63237	0.23717
2896.70381	0.22555
2894.77524	0.21449
2892.84668	0.20373
2890.91812	0.19318
2888.98955	0.18284
2887.06099	0.17262
2885.13242	0.16263
2883.20386	0.15305
2881.27529	0.14388
2879.34673	0.13512
2877.41816	0.12706
2875.48960	0.12009
2873.56104	0.11451
2871.63247	0.11039
2869.70391	0.10766
2867.77534	0.10645
2865.84678	0.10740
2863.91821	0.11145
2861.98965	0.11967
2860.06108	0.13345
2858.13252	0.15499
2856.20396	0.18776
2854.27539	0.23632
2852.34683	0.30139
2850.41826	0.36705
2848.48970	0.39729
2846.56113	0.37291
2844.63257	0.31821
2842.70400	0.26343
2840.77544	0.21972
2838.84687	0.18719
2836.91831	0.16334
2834.98975	0.14574
2833.06118	0.13254
2831.13262	0.12226
2829.20405	0.11392
2827.27549	0.10707
2825.34692	0.10143
2823.41836	0.09666
2821.48979	0.09248
2819.56123	0.08884
2817.63267	0.08572
2815.70410	0.08292
2813.77554	0.08033
2811.84697	0.07800
2809.91841	0.07591
2807.98984	0.07403
2806.06128	0.07236
2804.13271	0.07073
2802.20415	0.06909
2800.27559	0.06758
2798.34702	0.06628
2796.41846	0.06506
2794.48989	0.06387
2792.56133	0.06274
2790.63276	0.06164
2788.70420	0.06049
2786.77563	0.05933
2784.84707	0.05828
2782.91851	0.05735
2780.98994	0.05652
2779.06138	0.05570
2777.13281	0.05482
2775.20425	0.05391
2773.27568	0.05309
2771.34712	0.05237
2769.41855	0.05172
2767.48999	0.05114
2765.56143	0.05065
2763.63286	0.05014
2761.70430	0.04960
2759.77573	0.04910
2757.84717	0.04861
2755.91860	0.04813
2753.99004	0.04771
2752.06147	0.04740
2750.13291	0.04713
2748.20435	0.04688
2746.27578	0.04663
2744.34722	0.04638
2742.41865	0.04615
2740.49009	0.04592
2738.56152	0.04571
2736.63296	0.04552
2734.70439	0.04526
2732.77583	0.04490
2730.84727	0.04453
2728.91870	0.04422
2726.99014	0.04391
2725.06157	0.04355
2723.13301	0.04320
2721.20444	0.04289
2719.27588	0.04261
2717.34731	0.04232
2715.41875	0.04204
2713.49019	0.04178
2711.56162	0.04153
2709.63306	0.04131
2707.70449	0.04112
2705.77593	0.04093
2703.84736	0.04072
2701.91880	0.04050
2699.99023	0.04024
2698.06167	0.03999
2696.13311	0.03981
2694.20454	0.03965
2692.27598	0.03948
2690.34741	0.03938
2688.41885	0.03931
2686.49028	0.03917
2684.56172	0.03899
2682.63315	0.03890
2680.70459	0.03894
2678.77603	0.03903
2676.84746	0.03907
2674.91890	0.03903
2672.99033	0.03899
2671.06177	0.03898
2669.13320	0.03897
2667.20464	0.03896
2665.27607	0.03904
2663.34751	0.03924
2661.41895	0.03940
2659.49038	0.03939
2657.56182	0.03926
2655.63325	0.03919
2653.70469	0.03919
2651.77612	0.03907
2649.84756	0.03885
2647.91899	0.03870
2645.99043	0.03869
2644.06187	0.03867
2642.13330	0.03856
2640.20474	0.03844
2638.27617	0.03835
2636.34761	0.03826
2634.41904	0.03815
2632.49048	0.03796
2630.56191	0.03766
2628.63335	0.03726
2626.70479	0.03684
2624.77622	0.03648
2622.84766	0.03615
2620.91909	0.03581
2618.99053	0.03550
2617.06196	0.03521
2615.13340	0.03494
2613.20483	0.03474
2611.27627	0.03456
2609.34771	0.03426
2607.41914	0.03389
2605.49058	0.03358
2603.56201	0.03336
2601.63345	0.03320
2599.70488	0.03303
2597.77632	0.03284
2595.84775	0.03267
2593.91919	0.03250
2591.99062	0.03224
2590.06206	0.03189
2588.13350	0.03155
2586.20493	0.03134
2584.27637	0.03126
2582.34780	0.03123
2580.41924	0.03111
2578.49067	0.03088
2576.56211	0.03063
2574.63354	0.03041
2572.70498	0.03021
2570.77642	0.02999
2568.84785	0.02972
2566.91929	0.02953
2564.99072	0.02950
2563.06216	0.02947
2561.13359	0.02932
2559.20503	0.02914
2557.27646	0.02899
2555.34790	0.02883
2553.41934	0.02863
2551.49077	0.02844
2549.56221	0.02828
2547.63364	0.02812
2545.70508	0.02794
2543.77651	0.02778
2541.84795	0.02769
2539.91938	0.02766
2537.99082	0.02757
2536.06226	0.02739
2534.13369	0.02728
2532.20513	0.02731
2530.27656	0.02733
2528.34800	0.02730
2526.41943	0.02725
2524.49087	0.02711
2522.56230	0.02687
2520.63374	0.02668
2518.70518	0.02654
2516.77661	0.02634
2514.84805	0.02619
2512.91948	0.02611
2510.99092	0.02594
2509.06235	0.02573
2507.13379	0.02572
2505.20522	0.02583
2503.27666	0.02587
2501.34810	0.02575
2499.41953	0.02554
2497.49097	0.02536
2495.56240	0.02536
2493.63384	0.02543
2491.70527	0.02538
2489.77671	0.02524
2487.84814	0.02509
2485.91958	0.02497
2483.99102	0.02495
2482.06245	0.02495
2480.13389	0.02488
2478.20532	0.02481
2476.27676	0.02475
2474.34819	0.02463
2472.41963	0.02450
2470.49106	0.02438
2468.56250	0.02425
2466.63394	0.02420
2464.70537	0.02426
2462.77681	0.02426
2460.84824	0.02422
2458.91968	0.02432
2456.99111	0.02445
2455.06255	0.02440
2453.13398	0.02415
2451.20542	0.02388
2449.27686	0.02375
2447.34829	0.02370
2445.41973	0.02367
2443.49116	0.02363
2441.56260	0.02358
2439.63403	0.02351
2437.70547	0.02345
2435.77690	0.02338
2433.84834	0.02329
2431.91978	0.02320
2429.99121	0.02311
2428.06265	0.02304
2426.13408	0.02300
2424.20552	0.02295
2422.27695	0.02290
2420.34839	0.02294
2418.41982	0.02295
2416.49126	0.02290
2414.56270	0.02295
2412.63413	0.02305
2410.70557	0.02297
2408.77700	0.02273
2406.84844	0.02249
2404.91987	0.02235
2402.99131	0.02236
2401.06274	0.02238
2399.13418	0.02034
2397.20562	0.02007
2395.27705	0.02086
2393.34849	0.02172
2391.41992	0.02260
2389.49136	0.02353
2387.56279	0.02459
2385.63423	0.02585
2383.70566	0.02716
2381.77710	0.02808
2379.84854	0.02826
2377.91997	0.02764
2375.99141	0.02660
2374.06284	0.02559
2372.13428	0.02498
2370.20571	0.02494
2368.27715	0.02402
2366.34858	0.02313
2364.42002	0.02406
2362.49146	0.02392
2360.56289	0.02542
2358.63433	0.02808
2356.70576	0.02568
2354.77720	0.02994
2352.84863	0.03459
2350.92007	0.03619
2348.99150	0.03702
2347.06294	0.03308
2345.13437	0.02813
2343.20581	0.02914
2341.27725	0.03524
2339.34868	0.03706
2337.42012	0.03408
2335.49155	0.02886
2333.56299	0.02554
2331.63442	0.02536
2329.70586	0.02725
2327.77729	0.03072
2325.84873	0.03273
2323.92017	0.03206
2321.99160	0.03011
2320.06304	0.02816
2318.13447	0.02738
2316.20591	0.02750
2314.27734	0.02780
2312.34878	0.02828
2310.42021	0.02885
2308.49165	0.02912
2306.56309	0.02918
2304.63452	0.02887
2302.70596	0.02827
2300.77739	0.02770
2298.84883	0.02725
2296.92026	0.02691
2294.99170	0.02676
2293.06313	0.02677
2291.13457	0.02649
2289.20601	0.02597
2287.27744	0.02530
2285.34888	0.02447
2283.42031	0.02360
2281.49175	0.02281
2279.56318	0.02226
2277.63462	0.02204
2275.70605	0.02203
2273.77749	0.02198
2271.84893	0.02181
2269.92036	0.02165
2267.99180	0.02152
2266.06323	0.02142
2264.13467	0.02154
2262.20610	0.02195
2260.27754	0.02231
2258.34897	0.02224
2256.42041	0.02176
2254.49185	0.02134
2252.56328	0.02155
2250.63472	0.02189
2248.70615	0.02070
2246.77759	0.02076
2244.84902	0.02073
2242.92046	0.02061
2240.99189	0.02058
2239.06333	0.02065
2237.13477	0.02061
2235.20620	0.02041
2233.27764	0.02030
2231.34907	0.02030
2229.42051	0.02021
2227.49194	0.02005
2225.56338	0.01994
2223.63481	0.01986
2221.70625	0.01974
2219.77769	0.01965
2217.84912	0.01974
2215.92056	0.01990
2213.99199	0.01980
2212.06343	0.01947
2210.13486	0.01924
2208.20630	0.01921
2206.27773	0.01924
2204.34917	0.01923
2202.42061	0.01921
2200.49204	0.01918
2198.56348	0.01916
2196.63491	0.01919
2194.70635	0.01934
2192.77778	0.01960
2190.84922	0.01976
2188.92065	0.01975
2186.99209	0.01967
2185.06353	0.01960
2183.13496	0.01949
2181.20640	0.01939
2179.27783	0.01914
2177.34927	0.01830
2175.42070	0.01730
2173.49214	0.01734
2171.56357	0.01866
2169.63501	0.02046
2167.70645	0.02169
2165.77788	0.02181
2163.84932	0.02154
2161.92075	0.02070
2159.99219	0.01732
2158.06362	0.01300
2156.13506	0.01154
2154.20649	0.01239
2152.27793	0.01372
2150.34937	0.01473
2148.42080	0.01496
2146.49224	0.01463
2144.56367	0.01436
2142.63511	0.01452
2140.70654	0.01483
2138.77798	0.01472
2136.84941	0.01407
2134.92085	0.01329
2132.99229	0.01325
2131.06372	0.01413
2129.13516	0.01510
2127.20659	0.01571
2125.27803	0.01618
2123.34946	0.01659
2121.42090	0.01692
2119.49233	0.01725
2117.56377	0.01762
2115.63521	0.01803
2113.70664	0.01835
2111.77808	0.01847
2109.84951	0.01841
2107.92095	0.01820
2105.99238	0.01802
2104.06382	0.01799
2102.13525	0.01803
2100.20669	0.01798
2098.27812	0.01766
2096.34956	0.01711
2094.42100	0.01675
2092.49243	0.01695
2090.56387	0.01747
2088.63530	0.01783
2086.70674	0.01803
2084.77817	0.01840
2082.84961	0.01889
2080.92104	0.01898
2078.99248	0.01868
2077.06392	0.01846
2075.13535	0.01836
2073.20679	0.01820
2071.27822	0.01802
2069.34966	0.01784
2067.42109	0.01766
2065.49253	0.01755
2063.56396	0.01762
2061.63540	0.01796
2059.70684	0.01836
2057.77827	0.01849
2055.84971	0.01842
2053.92114	0.01887
2051.99258	0.01992
2050.06401	0.02038
2048.13545	0.01991
2046.20688	0.01949
2044.27832	0.01922
2042.34976	0.01888
2040.42119	0.01894
2038.49263	0.01916
2036.56406	0.01880
2034.63550	0.01787
2032.70693	0.01693
2030.77837	0.01653
2028.84980	0.01678
2026.92124	0.01729
2024.99268	0.01765
2023.06411	0.01766
2021.13555	0.01739
2019.20698	0.01712
2017.27842	0.01718
2015.34985	0.01750
2013.42129	0.01775
2011.49272	0.01776
2009.56416	0.01728
2007.63560	0.01608
2005.70703	0.01500
2003.77847	0.01495
2001.84990	0.01549
1999.92134	0.01595
1997.99277	0.01637
1996.06421	0.01682
1994.13564	0.01717
1992.20708	0.01735
1990.27852	0.01747
1988.34995	0.01773
1986.42139	0.01825
1984.49282	0.01898
1982.56426	0.01968
1980.63569	0.01971
1978.70713	0.01837
1976.77856	0.01637
1974.85000	0.01521
1972.92144	0.01505
1970.99287	0.01523
1969.06431	0.01524
1967.13574	0.01492
1965.20718	0.01472
1963.27861	0.01475
1961.35005	0.01445
1959.42148	0.01413
1957.49292	0.01440
1955.56436	0.01493
1953.63579	0.01529
1951.70723	0.01564
1949.77866	0.01604
1947.85010	0.01637
1945.92153	0.01643
1943.99297	0.01622
1942.06440	0.01606
1940.13584	0.01615
1938.20728	0.01631
1936.27871	0.01632
1934.35015	0.01624
1932.42158	0.01620
1930.49302	0.01621
1928.56445	0.01623
1926.63589	0.01629
1924.70732	0.01648
1922.77876	0.01678
1920.85020	0.01706
1918.92163	0.01726
1916.99307	0.01735
1915.06450	0.01732
1913.13594	0.01736
1911.20737	0.01755
1909.27881	0.01770
1907.35024	0.01773
1905.42168	0.01779
1903.49312	0.01801
1901.56455	0.01822
1899.63599	0.01827
1897.70742	0.01822
1895.77886	0.01821
1893.85029	0.01823
1891.92173	0.01824
1889.99316	0.01818
1888.06460	0.01806
1886.13604	0.01790
1884.20747	0.01777
1882.27891	0.01768
1880.35034	0.01767
1878.42178	0.01774
1876.49321	0.01774
1874.56465	0.01765
1872.63608	0.01760
1870.70752	0.01767
1868.77896	0.01777
1866.85039	0.01781
1864.92183	0.01782
1862.99326	0.01784
1861.06470	0.01788
1859.13613	0.01789
1857.20757	0.01789
1855.27900	0.01792
1853.35044	0.01798
1851.42187	0.01805
1849.49331	0.01811
1847.56475	0.01813
1845.63618	0.01820
1843.70762	0.01833
1841.77905	0.01835
1839.85049	0.01821
1837.92192	0.01811
1835.99336	0.01817
1834.06479	0.01831
1832.13623	0.01843
1830.20767	0.01855
1828.27910	0.01871
1826.35054	0.01890
1824.42197	0.01905
1822.49341	0.01913
1820.56484	0.01907
1818.63628	0.01895
1816.70771	0.01896
1814.77915	0.01922
1812.85059	0.01955
1810.92202	0.01984
1808.99346	0.02008
1807.06489	0.02029
1805.13633	0.02056
1803.20776	0.02092
1801.27920	0.02128
1799.35063	0.02159
1797.42207	0.02191
1795.49351	0.02230
1793.56494	0.02279
1791.63638	0.02343
1789.70781	0.02415
1787.77925	0.02487
1785.85068	0.02555
1783.92212	0.02616
1781.99355	0.02667
1780.06499	0.02709
1778.13643	0.02741
1776.20786	0.02766
1774.27930	0.02795
1772.35073	0.02841
1770.42217	0.02907
1768.49360	0.02972
1766.56504	0.03021
1764.63647	0.03064
1762.70791	0.03125
1760.77935	0.03198
1758.85078	0.03270
1756.92222	0.03350
1754.99365	0.03445
1753.06509	0.03557
1751.13652	0.03689
1749.20796	0.03841
1747.27939	0.04017
1745.35083	0.04228
1743.42227	0.04483
1741.49370	0.04792
1739.56514	0.05138
1737.63657	0.05445
1735.70801	0.05648
1733.77944	0.05737
1731.85088	0.05735
1729.92231	0.05701
1727.99375	0.05691
1726.06519	0.05740
1724.13662	0.05844
1722.20806	0.05965
1720.27949	0.06074
1718.35093	0.06171
1716.42236	0.06255
1714.49380	0.06299
1712.56523	0.06297
1710.63667	0.06253
1708.70811	0.06170
1706.77954	0.06051
1704.85098	0.05917
1702.92241	0.05784
1700.99385	0.05654
1699.06528	0.05544
1697.13672	0.05461
1695.20815	0.05378
1693.27959	0.05299
1691.35103	0.05238
1689.42246	0.05197
1687.49390	0.05171
1685.56533	0.05171
1683.63677	0.05210
1681.70820	0.05267
1679.77964	0.05315
1677.85107	0.05357
1675.92251	0.05410
1673.99395	0.05475
1672.06538	0.05537
1670.13682	0.05595
1668.20825	0.05655
1666.27969	0.05708
1664.35112	0.05746
1662.42256	0.05776
1660.49399	0.05805
1658.56543	0.05829
1656.63687	0.05832
1654.70830	0.05795
1652.77974	0.05716
1650.85117	0.05622
1648.92261	0.05531
1646.99404	0.05456
1645.06548	0.05446
1643.13691	0.05516
1641.20835	0.05616
1639.27979	0.05684
1637.35122	0.05704
1635.42266	0.05701
1633.49409	0.05695
1631.56553	0.05676
1629.63696	0.05638
1627.70840	0.05586
1625.77983	0.05528
1623.85127	0.05459
1621.92271	0.05381
1619.99414	0.05296
1618.06558	0.05204
1616.13701	0.05117
1614.20845	0.05047
1612.27988	0.04990
1610.35132	0.04941
1608.42275	0.04906
1606.49419	0.04881
1604.56562	0.04862
1602.63706	0.04856
1600.70850	0.04862
1598.77993	0.04874
1596.85137	0.04885
1594.92280	0.04897
1592.99424	0.04916
1591.06567	0.04948
1589.13711	0.04994
1587.20854	0.05053
1585.27998	0.05121
1583.35142	0.05192
1581.42285	0.05262
1579.49429	0.05322
1577.56572	0.05372
1575.63716	0.05415
1573.70859	0.05440
1571.78003	0.05440
1569.85146	0.05427
1567.92290	0.05414
1565.99434	0.05407
1564.06577	0.05409
1562.13721	0.05418
1560.20864	0.05430
1558.28008	0.05450
1556.35151	0.05481
1554.42295	0.05512
1552.49438	0.05539
1550.56582	0.05562
1548.63726	0.05575
1546.70869	0.05573
1544.78013	0.05540
1542.85156	0.05447
1540.92300	0.05282
1538.99443	0.05094
1537.06587	0.04938
1535.13730	0.04795
1533.20874	0.04635
1531.28018	0.04485
1529.35161	0.04364
1527.42305	0.04253
1525.49448	0.04143
1523.56592	0.04040
1521.63735	0.03950
1519.70879	0.03869
1517.78022	0.03794
1515.85166	0.03725
1513.92310	0.03665
1511.99453	0.03614
1510.06597	0.03562
1508.13740	0.03490
1506.20884	0.03398
1504.28027	0.03326
1502.35171	0.03287
1500.42314	0.03257
1498.49458	0.03226
1496.56602	0.03200
1494.63745	0.03187
1492.70889	0.03193
1490.78032	0.03218
1488.85176	0.03256
1486.92319	0.03312
1484.99463	0.03405
1483.06606	0.03558
1481.13750	0.03866
1479.20894	0.04710
1477.28037	0.06933
1475.35181	0.11118
1473.42324	0.15952
1471.49468	0.18426
1469.56611	0.17738
1467.63755	0.16112
1465.70898	0.15273
1463.78042	0.15152
1461.85186	0.14773
1459.92329	0.13639
1457.99473	0.12118
1456.06616	0.10847
1454.13760	0.10029
1452.20903	0.09444
1450.28047	0.08940
1448.35190	0.08521
1446.42334	0.08211
1444.49478	0.08000
1442.56621	0.07852
1440.63765	0.07730
1438.70908	0.07608
1436.78052	0.07456
1434.85195	0.07273
1432.92339	0.07071
1430.99482	0.06853
1429.06626	0.06635
1427.13770	0.06446
1425.20913	0.06299
1423.28057	0.06197
1421.35200	0.06146
1419.42344	0.06135
1417.49487	0.06140
1415.56631	0.06140
1413.63774	0.06124
1411.70918	0.06086
1409.78062	0.06019
1407.85205	0.05928
1405.92349	0.05822
1403.99492	0.05710
1402.06636	0.05605
1400.13779	0.05510
1398.20923	0.05422
1396.28066	0.05336
1394.35210	0.05260
1392.42354	0.05205
1390.49497	0.05183
1388.56641	0.05196
1386.63784	0.05252
1384.70928	0.05376
1382.78071	0.05587
1380.85215	0.05857
1378.92358	0.06096
1376.99502	0.06222
1375.06646	0.06228
1373.13789	0.06173
1371.20933	0.06112
1369.28076	0.06063
1367.35220	0.06015
1365.42363	0.05953
1363.49507	0.05865
1361.56650	0.05759
1359.63794	0.05662
1357.70937	0.05596
1355.78081	0.05564
1353.85225	0.05548
1351.92368	0.05521
1349.99512	0.05469
1348.06655	0.05395
1346.13799	0.05316
1344.20942	0.05246
1342.28086	0.05192
1340.35229	0.05138
1338.42373	0.05068
1336.49517	0.04993
1334.56660	0.04933
1332.63804	0.04893
1330.70947	0.04876
1328.78091	0.04883
1326.85234	0.04909
1324.92378	0.04947
1322.99521	0.04997
1321.06665	0.05057
1319.13809	0.05112
1317.20952	0.05143
1315.28096	0.05150
1313.35239	0.05151
1311.42383	0.05157
1309.49526	0.05168
1307.56670	0.05188
1305.63813	0.05215
1303.70957	0.05245
1301.78101	0.05272
1299.85244	0.05294
1297.92388	0.05309
1295.99531	0.05318
1294.06675	0.05321
1292.13818	0.05325
1290.20962	0.05335
1288.28105	0.05349
1286.35249	0.05370
1284.42393	0.05401
1282.49536	0.05438
1280.56680	0.05475
1278.63823	0.05511
1276.70967	0.05554
1274.78110	0.05606
1272.85254	0.05667
1270.92397	0.05745
1268.99541	0.05848
1267.06685	0.05974
1265.13828	0.06105
1263.20972	0.06214
1261.28115	0.06284
1259.35259	0.06310
1257.42402	0.06304
1255.49546	0.06284
1253.56689	0.06274
1251.63833	0.06280
1249.70977	0.06299
1247.78120	0.06330
1245.85264	0.06371
1243.92407	0.06424
1241.99551	0.06487
1240.06694	0.06556
1238.13838	0.06623
1236.20981	0.06688
1234.28125	0.06750
1232.35269	0.06805
1230.42412	0.06848
1228.49556	0.06873
1226.56699	0.06874
1224.63843	0.06853
1222.70986	0.06835
1220.78130	0.06860
1218.85273	0.06921
1216.92417	0.06958
1214.99561	0.06941
1213.06704	0.06910
1211.13848	0.06900
1209.20991	0.06913
1207.28135	0.06935
1205.35278	0.06956
1203.42422	0.06965
1201.49565	0.06964
1199.56709	0.06964
1197.63853	0.06966
1195.70996	0.06966
1193.78140	0.06968
1191.85283	0.06979
1189.92427	0.07004
1187.99570	0.07043
1186.06714	0.07091
1184.13857	0.07149
1182.21001	0.07216
1180.28145	0.07293
1178.35288	0.07372
1176.42432	0.07449
1174.49575	0.07513
1172.56719	0.07559
1170.63862	0.07599
1168.71006	0.07639
1166.78149	0.07671
1164.85293	0.07681
1162.92437	0.07673
1160.99580	0.07654
1159.06724	0.07634
1157.13867	0.07614
1155.21011	0.07587
1153.28154	0.07555
1151.35298	0.07535
1149.42441	0.07535
1147.49585	0.07550
1145.56729	0.07568
1143.63872	0.07591
1141.71016	0.07626
1139.78159	0.07676
1137.85303	0.07733
1135.92446	0.07793
1133.99590	0.07851
1132.06733	0.07908
1130.13877	0.07965
1128.21021	0.08029
1126.28164	0.08107
1124.35308	0.08209
1122.42451	0.08338
1120.49595	0.08484
1118.56738	0.08629
1116.63882	0.08765
1114.71025	0.08891
1112.78169	0.09012
1110.85312	0.09128
1108.92456	0.09231
1106.99600	0.09318
1105.06743	0.09389
1103.13887	0.09457
1101.21030	0.09530
1099.28174	0.09595
1097.35317	0.09646
1095.42461	0.09693
1093.49604	0.09734
1091.56748	0.09765
1089.63892	0.09789
1087.71035	0.09814
1085.78179	0.09838
1083.85322	0.09855
1081.92466	0.09859
1079.99609	0.09856
1078.06753	0.09861
1076.13896	0.09874
1074.21040	0.09890
1072.28184	0.09907
1070.35327	0.09917
1068.42471	0.09917
1066.49614	0.09908
1064.56758	0.09887
1062.63901	0.09850
1060.71045	0.09796
1058.78188	0.09723
1056.85332	0.09643
1054.92476	0.09575
1052.99619	0.09526
1051.06763	0.09487
1049.13906	0.09447
1047.21050	0.09408
1045.28193	0.09367
1043.35337	0.09313
1041.42480	0.09247
1039.49624	0.09182
1037.56768	0.09118
1035.63911	0.09040
1033.71055	0.08941
1031.78198	0.08829
1029.85342	0.08709
1027.92485	0.08584
1025.99629	0.08453
1024.06772	0.08319
1022.13916	0.08182
1020.21060	0.08041
1018.28203	0.07889
1016.35347	0.07730
1014.42490	0.07576
1012.49634	0.07426
1010.56777	0.07273
1008.63921	0.07124
1006.71064	0.06983
1004.78208	0.06846
1002.85352	0.06715
1000.92495	0.06597
998.99639	0.06498
997.06782	0.06409
995.13926	0.06316
993.21069	0.06212
991.28213	0.06091
989.35356	0.05938
987.42500	0.05766
985.49644	0.05603
983.56787	0.05465
981.63931	0.05354
979.71074	0.05264
977.78218	0.05190
975.85361	0.05127
973.92505	0.05076
971.99648	0.05038
970.06792	0.05004
968.13936	0.04967
966.21079	0.04923
964.28223	0.04868
962.35366	0.04811
960.42510	0.04752
958.49653	0.04689
956.56797	0.04632
954.63940	0.04586
952.71084	0.04543
950.78228	0.04506
948.85371	0.04483
946.92515	0.04469
944.99658	0.04454
943.06802	0.04432
941.13945	0.04407
939.21089	0.04387
937.28232	0.04372
935.35376	0.04352
933.42520	0.04322
931.49663	0.04300
929.56807	0.04288
927.63950	0.04275
925.71094	0.04260
923.78237	0.04250
921.85381	0.04255
919.92524	0.04287
917.99668	0.04358
916.06812	0.04480
914.13955	0.04658
912.21099	0.04878
910.28242	0.05077
908.35386	0.05147
906.42529	0.05026
904.49673	0.04774
902.56816	0.04503
900.63960	0.04276
898.71104	0.04103
896.78247	0.03972
894.85391	0.03878
892.92534	0.03813
890.99678	0.03767
889.06821	0.03724
887.13965	0.03674
885.21108	0.03620
883.28252	0.03572
881.35396	0.03531
879.42539	0.03494
877.49683	0.03459
875.56826	0.03426
873.63970	0.03395
871.71113	0.03360
869.78257	0.03325
867.85400	0.03298
865.92544	0.03282
863.99687	0.03267
862.06831	0.03244
860.13975	0.03225
858.21118	0.03215
856.28262	0.03204
854.35405	0.03189
852.42549	0.03179
850.49692	0.03176
848.56836	0.03178
846.63979	0.03188
844.71123	0.03196
842.78267	0.03197
840.85410	0.03197
838.92554	0.03202
836.99697	0.03214
835.06841	0.03234
833.13984	0.03266
831.21128	0.03307
829.28271	0.03351
827.35415	0.03397
825.42559	0.03450
823.49702	0.03509
821.56846	0.03571
819.63989	0.03626
817.71133	0.03667
815.78276	0.03698
813.85420	0.03732
811.92563	0.03783
809.99707	0.03851
808.06851	0.03925
806.13994	0.03990
804.21138	0.04035
802.28281	0.04063
800.35425	0.04088
798.42568	0.04089
796.49712	0.04045
794.56855	0.03978
792.63999	0.03915
790.71143	0.03859
788.78286	0.03811
786.85430	0.03788
784.92573	0.03796
782.99717	0.03798
781.06860	0.03764
779.14004	0.03713
777.21147	0.03668
775.28291	0.03639
773.35435	0.03626
771.42578	0.03625
769.49722	0.03637
767.56865	0.03655
765.64009	0.03666
763.71152	0.03670
761.78296	0.03675
759.85439	0.03679
757.92583	0.03691
755.99727	0.03728
754.06870	0.03786
752.14014	0.03839
750.21157	0.03884
748.28301	0.03939
746.35444	0.04017
744.42588	0.04128
742.49731	0.04278
740.56875	0.04477
738.64019	0.04805
736.71162	0.05539
734.78306	0.07118
732.85449	0.09353
730.92593	0.10857
728.99736	0.10768
727.06880	0.10162
725.14023	0.10364
723.21167	0.11963
721.28311	0.14891
719.35454	0.18367
717.42598	0.20385
715.49741	0.19359
713.56885	0.15997
711.64028	0.12373
709.71172	0.09760
707.78315	0.08164
705.85459	0.07192
703.92603	0.06568
701.99746	0.06127
700.06890	0.05790
698.14033	0.05535
696.21177	0.05324
694.28320	0.05136
692.35464	0.04999
690.42607	0.04913
688.49751	0.04819
686.56895	0.04722
684.64038	0.04669
682.71182	0.04672
680.78325	0.04665
678.85469	0.04595
676.92612	0.04535
674.99756	0.04555
673.06899	0.04542
671.14043	0.04066
669.21187	0.03201
667.28330	0.03470
665.35474	0.03834
663.42617	0.04205
661.49761	0.04288
659.56904	0.04222
657.64048	0.04141
655.71191	0.04124
653.78335	0.04178
651.85479	0.04186
649.92622	0.04133
647.99766	0.04146
646.06909	0.04235
644.14053	0.04281
642.21196	0.04262
640.28340	0.04245
638.35483	0.04282
636.42627	0.04404
634.49771	0.04576
632.56914	0.04683
630.64058	0.04659
628.71201	0.04554
626.78345	0.04409
624.85488	0.04291
622.92632	0.04237
620.99775	0.04220
619.06919	0.04232
617.14062	0.04244
615.21206	0.04211
613.28350	0.04150
611.35493	0.04106
609.42637	0.04098
607.49780	0.04096
605.56924	0.04072
603.64067	0.04077
601.71211	0.04170
599.78354	0.04282
