3997.91411	-0.00986
3995.98555	-0.01005
3994.05698	-0.01003
3992.12842	-0.00999
3990.19985	-0.01009
3988.27129	-0.01021
3986.34272	-0.01021
3984.41416	-0.01009
3982.48560	-0.00998
3980.55703	-0.00999
3978.62847	-0.00998
3976.69990	-0.00991
3974.77134	-0.00994
3972.84277	-0.01003
3970.91421	-0.01012
3968.98564	-0.01020
3967.05708	-0.01017
3965.12852	-0.01001
3963.19995	-0.00992
3961.27139	-0.01009
3959.34282	-0.01030
3957.41426	-0.01031
3955.48569	-0.01027
3953.55713	-0.01028
3951.62856	-0.01018
3949.70000	-0.01000
3947.77144	-0.00993
3945.84287	-0.00981
3943.91431	-0.00957
3941.98574	-0.00961
3940.05718	-0.00997
3938.12861	-0.01025
3936.20005	-0.01023
3934.27148	-0.00980
3932.34292	-0.00933
3930.41436	-0.00943
3928.48579	-0.00981
3926.55723	-0.00988
3924.62866	-0.00987
3922.70010	-0.00994
3920.77153	-0.00978
3918.84297	-0.00950
3916.91440	-0.00959
3914.98584	-0.01006
3913.05728	-0.01047
3911.12871	-0.01053
3909.20015	-0.01022
3907.27158	-0.00940
3905.34302	-0.00824
3903.41445	-0.00745
3901.48589	-0.00747
3899.55732	-0.00824
3897.62876	-0.00930
3895.70020	-0.00971
3893.77163	-0.00924
3891.84307	-0.00891
3889.91450	-0.00930
3887.98594	-0.00941
3886.05737	-0.00903
3884.12881	-0.00886
3882.20024	-0.00872
3880.27168	-0.00886
3878.34312	-0.00951
3876.41455	-0.00963
3874.48599	-0.00913
3872.55742	-0.00865
3870.62886	-0.00824
3868.70029	-0.00830
3866.77173	-0.00856
3864.84316	-0.00850
3862.91460	-0.00879
3860.98604	-0.00954
3859.05747	-0.00975
3857.12891	-0.00895
3855.20034	-0.00732
3853.27178	-0.00640
3851.34321	-0.00773
3849.41465	-0.00953
3847.48608	-0.01039
3845.55752	-0.01013
3843.62896	-0.00928
3841.70039	-0.00841
3839.77183	-0.00781
3837.84326	-0.00779
3835.91470	-0.00832
3833.98613	-0.00884
3832.05757	-0.00934
3830.12900	-0.00984
3828.20044	-0.00984
3826.27187	-0.00933
3824.34331	-0.00853
3822.41475	-0.00759
3820.48618	-0.00751
3818.55762	-0.00819
3816.62905	-0.00872
3814.70049	-0.00968
3812.77192	-0.01072
3810.84336	-0.01079
3808.91479	-0.01003
3806.98623	-0.00951
3805.05767	-0.00945
3803.12910	-0.00895
3801.20054	-0.00873
3799.27197	-0.00933
3797.34341	-0.00981
3795.41484	-0.01039
3793.48628	-0.01119
3791.55771	-0.01168
3789.62915	-0.01177
3787.70059	-0.01150
3785.77202	-0.01108
3783.84346	-0.01085
3781.91489	-0.01064
3779.98633	-0.01049
3778.05776	-0.01087
3776.12920	-0.01143
3774.20063	-0.01150
3772.27207	-0.01099
3770.34351	-0.01036
3768.41494	-0.01027
3766.48638	-0.01056
3764.55781	-0.01086
3762.62925	-0.01083
3760.70068	-0.01029
3758.77212	-0.00990
3756.84355	-0.00995
3754.91499	-0.00956
3752.98643	-0.00819
3751.05786	-0.00686
3749.12930	-0.00695
3747.20073	-0.00720
3745.27217	-0.00677
3743.34360	-0.00677
3741.41504	-0.00706
3739.48647	-0.00627
3737.55791	-0.00405
3735.62935	-0.00182
3733.70078	-0.00153
3731.77222	-0.00237
3729.84365	-0.00263
3727.91509	-0.00226
3725.98652	-0.00206
3724.05796	-0.00257
3722.12939	-0.00376
3720.20083	-0.00555
3718.27227	-0.00766
3716.34370	-0.00906
3714.41514	-0.00871
3712.48657	-0.00676
3710.55801	-0.00524
3708.62944	-0.00541
3706.70088	-0.00605
3704.77231	-0.00596
3702.84375	-0.00544
3700.91519	-0.00557
3698.98662	-0.00630
3697.05806	-0.00678
3695.12949	-0.00671
3693.20093	-0.00613
3691.27236	-0.00554
3689.34380	-0.00606
3687.41523	-0.00790
3685.48667	-0.00960
3683.55811	-0.01025
3681.62954	-0.01001
3679.70098	-0.00939
3677.77241	-0.00847
3675.84385	-0.00789
3673.91528	-0.00861
3671.98672	-0.00919
3670.05815	-0.00942
3668.12959	-0.01059
3666.20103	-0.01182
3664.27246	-0.01225
3662.34390	-0.01227
3660.41533	-0.01205
3658.48677	-0.01143
3656.55820	-0.01085
3654.62964	-0.01051
3652.70107	-0.00937
3650.77251	-0.00731
3648.84395	-0.00656
3646.91538	-0.00815
3644.98682	-0.00985
3643.05825	-0.01045
3641.12969	-0.01024
3639.20112	-0.00967
3637.27256	-0.00879
3635.34399	-0.00760
3633.41543	-0.00619
3631.48687	-0.00441
3629.55830	-0.00273
3627.62974	-0.00310
3625.70117	-0.00479
3623.77261	-0.00569
3621.84404	-0.00565
3619.91548	-0.00551
3617.98691	-0.00606
3616.05835	-0.00693
3614.12979	-0.00750
3612.20122	-0.00762
3610.27266	-0.00713
3608.34409	-0.00645
3606.41553	-0.00629
3604.48696	-0.00631
3602.55840	-0.00613
3600.62983	-0.00600
3598.70127	-0.00596
3596.77271	-0.00587
3594.84414	-0.00611
3592.91558	-0.00674
3590.98701	-0.00710
3589.05845	-0.00703
3587.12988	-0.00725
3585.20132	-0.00811
3583.27275	-0.00907
3581.34419	-0.00977
3579.41562	-0.01031
3577.48706	-0.01073
3575.55850	-0.01090
3573.62993	-0.01082
3571.70137	-0.01054
3569.77280	-0.00981
3567.84424	-0.00895
3565.91567	-0.00910
3563.98711	-0.01007
3562.05854	-0.01070
3560.12998	-0.01088
3558.20142	-0.01093
3556.27285	-0.01071
3554.34429	-0.01027
3552.41572	-0.01014
3550.48716	-0.01041
3548.55859	-0.01043
3546.63003	-0.01007
3544.70146	-0.00990
3542.77290	-0.01012
3540.84434	-0.01045
3538.91577	-0.01061
3536.98721	-0.01073
3535.05864	-0.01097
3533.13008	-0.01111
3531.20151	-0.01099
3529.27295	-0.01073
3527.34438	-0.01029
3525.41582	-0.00985
3523.48726	-0.00983
3521.55869	-0.01017
3519.63013	-0.01048
3517.70156	-0.01071
3515.77300	-0.01081
3513.84443	-0.01064
3511.91587	-0.01034
3509.98730	-0.01014
3508.05874	-0.01001
3506.13018	-0.00982
3504.20161	-0.00970
3502.27305	-0.00978
3500.34448	-0.00995
3498.41592	-0.01013
3496.48735	-0.01029
3494.55879	-0.01038
3492.63022	-0.01055
3490.70166	-0.01059
3488.77310	-0.01027
3486.84453	-0.01001
3484.91597	-0.01008
3482.98740	-0.01024
3481.05884	-0.01025
3479.13027	-0.01007
3477.20171	-0.01000
3475.27314	-0.01010
3473.34458	-0.01024
3471.41602	-0.01040
3469.48745	-0.01041
3467.55889	-0.01023
3465.63032	-0.01017
3463.70176	-0.01032
3461.77319	-0.01044
3459.84463	-0.01037
3457.91606	-0.01030
3455.98750	-0.01037
3454.05894	-0.01042
3452.13037	-0.01035
3450.20181	-0.01026
3448.27324	-0.01008
3446.34468	-0.00993
3444.41611	-0.01013
3442.48755	-0.01041
3440.55898	-0.01039
3438.63042	-0.01041
3436.70186	-0.01060
3434.77329	-0.01051
3432.84473	-0.01006
3430.91616	-0.00965
3428.98760	-0.00962
3427.05903	-0.00988
3425.13047	-0.01009
3423.20190	-0.01011
3421.27334	-0.01011
3419.34478	-0.01007
3417.41621	-0.00995
3415.48765	-0.00998
3413.55908	-0.01017
3411.63052	-0.01021
3409.70195	-0.01032
3407.77339	-0.01061
3405.84482	-0.01077
3403.91626	-0.01078
3401.98770	-0.01079
3400.05913	-0.01076
3398.13057	-0.01057
3396.20200	-0.01034
3394.27344	-0.01042
3392.34487	-0.01063
3390.41631	-0.01044
3388.48774	-0.01002
3386.55918	-0.00988
3384.63062	-0.01011
3382.70205	-0.01055
3380.77349	-0.01089
3378.84492	-0.01088
3376.91636	-0.01067
3374.98779	-0.01051
3373.05923	-0.01042
3371.13066	-0.01041
3369.20210	-0.01057
3367.27354	-0.01068
3365.34497	-0.01074
3363.41641	-0.01093
3361.48784	-0.01110
3359.55928	-0.01113
3357.63071	-0.01121
3355.70215	-0.01128
3353.77358	-0.01115
3351.84502	-0.01092
3349.91646	-0.01087
3347.98789	-0.01098
3346.05933	-0.01100
3344.13076	-0.01092
3342.20220	-0.01110
3340.27363	-0.01156
3338.34507	-0.01180
3336.41650	-0.01167
3334.48794	-0.01156
3332.55937	-0.01158
3330.63081	-0.01144
3328.70225	-0.01128
3326.77368	-0.01137
3324.84512	-0.01156
3322.91655	-0.01163
3320.98799	-0.01163
3319.05942	-0.01166
3317.13086	-0.01152
3315.20229	-0.01123
3313.27373	-0.01121
3311.34517	-0.01134
3309.41660	-0.01135
3307.48804	-0.01135
3305.55947	-0.01140
3303.63091	-0.01140
3301.70234	-0.01130
3299.77378	-0.01137
3297.84521	-0.01173
3295.91665	-0.01197
3293.98809	-0.01203
3292.05952	-0.01222
3290.13096	-0.01243
3288.20239	-0.01248
3286.27383	-0.01234
3284.34526	-0.01214
3282.41670	-0.01188
3280.48813	-0.01159
3278.55957	-0.01160
3276.63101	-0.01187
3274.70244	-0.01196
3272.77388	-0.01193
3270.84531	-0.01210
3268.91675	-0.01231
3266.98818	-0.01240
3265.05962	-0.01253
3263.13105	-0.01267
3261.20249	-0.01261
3259.27393	-0.01241
3257.34536	-0.01232
3255.41680	-0.01235
3253.48823	-0.01238
3251.55967	-0.01238
3249.63110	-0.01246
3247.70254	-0.01264
3245.77397	-0.01273
3243.84541	-0.01278
3241.91685	-0.01293
3239.98828	-0.01312
3238.05972	-0.01329
3236.13115	-0.01339
3234.20259	-0.01336
3232.27402	-0.01333
3230.34546	-0.01326
3228.41689	-0.01307
3226.48833	-0.01305
3224.55977	-0.01330
3222.63120	-0.01337
3220.70264	-0.01316
3218.77407	-0.01298
3216.84551	-0.01302
3214.91694	-0.01324
3212.98838	-0.01346
3211.05981	-0.01362
3209.13125	-0.01381
3207.20269	-0.01403
3205.27412	-0.01414
3203.34556	-0.01403
3201.41699	-0.01381
3199.48843	-0.01363
3197.55986	-0.01353
3195.63130	-0.01355
3193.70273	-0.01374
3191.77417	-0.01399
3189.84561	-0.01406
3187.91704	-0.01401
3185.98848	-0.01417
3184.05991	-0.01457
3182.13135	-0.01481
3180.20278	-0.01474
3178.27422	-0.01458
3176.34565	-0.01450
3174.41709	-0.01461
3172.48853	-0.01487
3170.55996	-0.01507
3168.63140	-0.01509
3166.70283	-0.01505
3164.77427	-0.01505
3162.84570	-0.01502
3160.91714	-0.01493
3158.98857	-0.01490
3157.06001	-0.01511
3155.13145	-0.01547
3153.20288	-0.01567
3151.27432	-0.01563
3149.34575	-0.01554
3147.41719	-0.01553
3145.48862	-0.01560
3143.56006	-0.01572
3141.63149	-0.01577
3139.70293	-0.01577
3137.77437	-0.01581
3135.84580	-0.01583
3133.91724	-0.01573
3131.98867	-0.01575
3130.06011	-0.01592
3128.13154	-0.01589
3126.20298	-0.01566
3124.27441	-0.01564
3122.34585	-0.01577
3120.41729	-0.01571
3118.48872	-0.01552
3116.56016	-0.01537
3114.63159	-0.01535
3112.70303	-0.01539
3110.77446	-0.01539
3108.84590	-0.01545
3106.91733	-0.01567
3104.98877	-0.01577
3103.06021	-0.01561
3101.13164	-0.01550
3099.20308	-0.01559
3097.27451	-0.01563
3095.34595	-0.01558
3093.41738	-0.01566
3091.48882	-0.01578
3089.56025	-0.01579
3087.63169	-0.01569
3085.70312	-0.01556
3083.77456	-0.01548
3081.84600	-0.01542
3079.91743	-0.01544
3077.98887	-0.01560
3076.06030	-0.01577
3074.13174	-0.01588
3072.20317	-0.01595
3070.27461	-0.01591
3068.34604	-0.01578
3066.41748	-0.01574
3064.48892	-0.01580
3062.56035	-0.01584
3060.63179	-0.01591
3058.70322	-0.01607
3056.77466	-0.01617
3054.84609	-0.01607
3052.91753	-0.01593
3050.98896	-0.01592
3049.06040	-0.01601
3047.13184	-0.01612
3045.20327	-0.01623
3043.27471	-0.01631
3041.34614	-0.01631
3039.41758	-0.01627
3037.48901	-0.01625
3035.56045	-0.01623
3033.63188	-0.01614
3031.70332	-0.01596
3029.77476	-0.01585
3027.84619	-0.01595
3025.91763	-0.01621
3023.98906	-0.01651
3022.06050	-0.01672
3020.13193	-0.01668
3018.20337	-0.01644
3016.27480	-0.01631
3014.34624	-0.01627
3012.41768	-0.01618
3010.48911	-0.01617
3008.56055	-0.01632
3006.63198	-0.01639
3004.70342	-0.01626
3002.77485	-0.01607
3000.84629	-0.01595
2998.91772	-0.01583
2996.98916	-0.01562
2995.06060	-0.01538
2993.13203	-0.01520
2991.20347	-0.01493
2989.27490	-0.01445
2987.34634	-0.01384
2985.41777	-0.01311
2983.48921	-0.01224
2981.56064	-0.01121
2979.63208	-0.01002
2977.70352	-0.00872
2975.77495	-0.00739
2973.84639	-0.00598
2971.91782	-0.00433
2969.98926	-0.00233
2968.06069	-0.00004
2966.13213	0.00232
2964.20356	0.00468
2962.27500	0.00707
2960.34644	0.00937
2958.41787	0.01152
2956.48931	0.01368
2954.56074	0.01598
2952.63218	0.01857
2950.70361	0.02177
2948.77505	0.02586
2946.84648	0.03121
2944.91792	0.03812
2942.98936	0.04667
2941.06079	0.05683
2939.13223	0.06873
2937.20366	0.08262
2935.27510	0.09868
2933.34653	0.11713
2931.41797	0.13837
2929.48940	0.16283
2927.56084	0.19121
2925.63228	0.22445
2923.70371	0.26284
2921.77515	0.30490
2919.84658	0.34654
2917.91802	0.38010
2915.98945	0.39611
2914.06089	0.39002
2912.13232	0.36657
2910.20376	0.33563
2908.27520	0.30532
2906.34663	0.27939
2904.41807	0.25834
2902.48950	0.24125
2900.56094	0.22708
2898.63237	0.21481
2896.70381	0.20340
2894.77524	0.19229
2892.84668	0.18129
2890.91812	0.17032
2888.98955	0.15938
2887.06099	0.14852
2885.13242	0.13787
2883.20386	0.12777
2881.27529	0.11824
2879.34673	0.10896
2877.41816	0.10015
2875.48960	0.09244
2873.56104	0.08636
2871.63247	0.08209
2869.70391	0.07959
2867.77534	0.07910
2865.84678	0.08139
2863.91821	0.08751
2861.98965	0.09872
2860.06108	0.11667
2858.13252	0.14358
2856.20396	0.18231
2854.27539	0.23470
2852.34683	0.29620
2850.41826	0.34918
2848.48970	0.36835
2846.56113	0.34601
2844.63257	0.30019
2842.70400	0.25103
2840.77544	0.20775
2838.84687	0.17262
2836.91831	0.14544
2834.98975	0.12493
2833.06118	0.10938
2831.13262	0.09730
2829.20405	0.08767
2827.27549	0.07981
2825.34692	0.07333
2823.41836	0.06793
2821.48979	0.06326
2819.56123	0.05921
2817.63267	0.05569
2815.70410	0.05253
2813.77554	0.04974
2811.84697	0.04732
2809.91841	0.04499
2807.98984	0.04274
2806.06128	0.04073
2804.13271	0.03896
2802.20415	0.03732
2800.27559	0.03579
2798.34702	0.03431
2796.41846	0.03285
2794.48989	0.03149
2792.56133	0.03032
2790.63276	0.02920
2788.70420	0.02801
2786.77563	0.02689
2784.84707	0.02590
2782.91851	0.02490
2780.98994	0.02388
2779.06138	0.02294
2777.13281	0.02205
2775.20425	0.02122
2773.27568	0.02047
2771.34712	0.01977
2769.41855	0.01913
2767.48999	0.01853
2765.56143	0.01793
2763.63286	0.01732
2761.70430	0.01677
2759.77573	0.01627
2757.84717	0.01579
2755.91860	0.01531
2753.99004	0.01484
2752.06147	0.01444
2750.13291	0.01414
2748.20435	0.01392
2746.27578	0.01373
2744.34722	0.01356
2742.41865	0.01337
2740.49009	0.01311
2738.56152	0.01278
2736.63296	0.01247
2734.70439	0.01224
2732.77583	0.01198
2730.84727	0.01162
2728.91870	0.01120
2726.99014	0.01086
2725.06157	0.01069
2723.13301	0.01049
2721.20444	0.01012
2719.27588	0.00974
2717.34731	0.00953
2715.41875	0.00942
2713.49019	0.00918
2711.56162	0.00880
2709.63306	0.00847
2707.70449	0.00823
2705.77593	0.00798
2703.84736	0.00772
2701.91880	0.00749
2699.99023	0.00732
2698.06167	0.00717
2696.13311	0.00700
2694.20454	0.00689
2692.27598	0.00688
2690.34741	0.00689
2688.41885	0.00686
2686.49028	0.00687
2684.56172	0.00690
2682.63315	0.00683
2680.70459	0.00668
2678.77603	0.00657
2676.84746	0.00655
2674.91890	0.00657
2672.99033	0.00656
2671.06177	0.00651
2669.13320	0.00652
2667.20464	0.00662
2665.27607	0.00672
2663.34751	0.00677
2661.41895	0.00682
2659.49038	0.00689
2657.56182	0.00685
2655.63325	0.00672
2653.70469	0.00668
2651.77612	0.00675
2649.84756	0.00675
2647.91899	0.00664
2645.99043	0.00652
2644.06187	0.00649
2642.13330	0.00652
2640.20474	0.00651
2638.27617	0.00640
2636.34761	0.00621
2634.41904	0.00605
2632.49048	0.00599
2630.56191	0.00591
2628.63335	0.00574
2626.70479	0.00547
2624.77622	0.00507
2622.84766	0.00465
2620.91909	0.00438
2618.99053	0.00425
2617.06196	0.00410
2615.13340	0.00388
2613.20483	0.00366
2611.27627	0.00344
2609.34771	0.00321
2607.41914	0.00297
2605.49058	0.00271
2603.56201	0.00253
2601.63345	0.00244
2599.70488	0.00232
2597.77632	0.00209
2595.84775	0.00178
2593.91919	0.00150
2591.99062	0.00135
2590.06206	0.00125
2588.13350	0.00104
2586.20493	0.00080
2584.27637	0.00064
2582.34780	0.00051
2580.41924	0.00035
2578.49067	0.00016
2576.56211	-0.00004
2574.63354	-0.00022
2572.70498	-0.00042
2570.77642	-0.00069
2568.84785	-0.00082
2566.91929	-0.00071
2564.99072	-0.00060
2563.06216	-0.00069
2561.13359	-0.00094
2559.20503	-0.00120
2557.27646	-0.00132
2555.34790	-0.00136
2553.41934	-0.00139
2551.49077	-0.00137
2549.56221	-0.00144
2547.63364	-0.00165
2545.70508	-0.00185
2543.77651	-0.00206
2541.84795	-0.00229
2539.91938	-0.00242
2537.99082	-0.00242
2536.06226	-0.00244
2534.13369	-0.00250
2532.20513	-0.00253
2530.27656	-0.00257
2528.34800	-0.00264
2526.41943	-0.00277
2524.49087	-0.00298
2522.56230	-0.00319
2520.63374	-0.00331
2518.70518	-0.00338
2516.77661	-0.00347
2514.84805	-0.00359
2512.91948	-0.00368
2510.99092	-0.00367
2509.06235	-0.00356
2507.13379	-0.00351
2505.20522	-0.00358
2503.27666	-0.00360
2501.34810	-0.00362
2499.41953	-0.00380
2497.49097	-0.00405
2495.56240	-0.00421
2493.63384	-0.00431
2491.70527	-0.00442
2489.77671	-0.00458
2487.84814	-0.00472
2485.91958	-0.00473
2483.99102	-0.00461
2482.06245	-0.00442
2480.13389	-0.00429
2478.20532	-0.00425
2476.27676	-0.00422
2474.34819	-0.00424
2472.41963	-0.00436
2470.49106	-0.00451
2468.56250	-0.00466
2466.63394	-0.00481
2464.70537	-0.00492
2462.77681	-0.00492
2460.84824	-0.00480
2458.91968	-0.00471
2456.99111	-0.00481
2455.06255	-0.00505
2453.13398	-0.00521
2451.20542	-0.00521
2449.27686	-0.00512
2447.34829	-0.00502
2445.41973	-0.00499
2443.49116	-0.00506
2441.56260	-0.00516
2439.63403	-0.00524
2437.70547	-0.00526
2435.77690	-0.00524
2433.84834	-0.00531
2431.91978	-0.00544
2429.99121	-0.00545
2428.06265	-0.00538
2426.13408	-0.00538
2424.20552	-0.00541
2422.27695	-0.00548
2420.34839	-0.00562
2418.41982	-0.00569
2416.49126	-0.00563
2414.56270	-0.00553
2412.63413	-0.00545
2410.70557	-0.00540
2408.77700	-0.00549
2406.84844	-0.00572
2404.91987	-0.00591
2402.99131	-0.00588
2401.06274	-0.00595
2399.13418	-0.01238
2397.20562	-0.01327
2395.27705	-0.01046
2393.34849	-0.00740
2391.41992	-0.00451
2389.49136	-0.00134
2387.56279	0.00225
2385.63423	0.00583
2383.70566	0.00890
2381.77710	0.01070
2379.84854	0.00997
2377.91997	0.00749
2375.99141	0.00391
2374.06284	0.00260
2372.13428	0.00511
2370.20571	0.00418
2368.27715	0.00411
2366.34858	0.00295
2364.42002	0.00932
2362.49146	0.01278
2360.56289	0.01203
2358.63433	0.01800
2356.70576	0.01525
2354.77720	0.02918
2352.84863	0.03724
2350.92007	0.03000
2348.99150	0.01901
2347.06294	0.01945
2345.13437	0.01197
2343.20581	0.01577
2341.27725	0.04487
2339.34868	0.05435
2337.42012	0.03908
2335.49155	0.01619
2333.56299	-0.00599
2331.63442	-0.01312
2329.70586	-0.01310
2327.77729	0.00011
2325.84873	-0.00058
2323.92017	-0.00654
2321.99160	-0.01453
2320.06304	-0.01533
2318.13447	-0.01709
2316.20591	-0.01433
2314.27734	-0.01128
2312.34878	-0.00705
2310.42021	0.00253
2308.49165	0.00963
2306.56309	0.01567
2304.63452	0.01708
2302.70596	0.01444
2300.77739	0.01050
2298.84883	0.00608
2296.92026	0.00285
2294.99170	0.00279
2293.06313	0.00354
2291.13457	0.00337
2289.20601	0.00246
2287.27744	0.00033
2285.34888	-0.00244
2283.42031	-0.00476
2281.49175	-0.00622
2279.56318	-0.00702
2277.63462	-0.00732
2275.70605	-0.00670
2273.77749	-0.00603
2271.84893	-0.00574
2269.92036	-0.00559
2267.99180	-0.00551
2266.06323	-0.00519
2264.13467	-0.00462
2262.20610	-0.00398
2260.27754	-0.00329
2258.34897	-0.00341
2256.42041	-0.00375
2254.49185	-0.00308
2252.56328	-0.00133
2250.63472	-0.00015
2248.70615	-0.00383
2246.77759	-0.00409
2244.84902	-0.00439
2242.92046	-0.00478
2240.99189	-0.00497
2239.06333	-0.00495
2237.13477	-0.00509
2235.20620	-0.00547
2233.27764	-0.00573
2231.34907	-0.00555
2229.42051	-0.00528
2227.49194	-0.00541
2225.56338	-0.00579
2223.63481	-0.00596
2221.70625	-0.00580
2219.77769	-0.00558
2217.84912	-0.00544
2215.92056	-0.00530
2213.99199	-0.00530
2212.06343	-0.00555
2210.13486	-0.00586
2208.20630	-0.00593
2206.27773	-0.00556
2204.34917	-0.00495
2202.42061	-0.00470
2200.49204	-0.00499
2198.56348	-0.00541
2196.63491	-0.00558
2194.70635	-0.00552
2192.77778	-0.00529
2190.84922	-0.00484
2188.92065	-0.00429
2186.99209	-0.00397
2185.06353	-0.00420
2183.13496	-0.00485
2181.20640	-0.00529
2179.27783	-0.00540
2177.34927	-0.00553
2175.42070	-0.00566
2173.49214	-0.00551
2171.56357	-0.00497
2169.63501	-0.00424
2167.70645	-0.00353
2165.77788	-0.00272
2163.84932	-0.00185
2161.92075	-0.00249
2159.99219	-0.00610
2158.06362	-0.00966
2156.13506	-0.00995
2154.20649	-0.00873
2152.27793	-0.00802
2150.34937	-0.00773
2148.42080	-0.00757
2146.49224	-0.00759
2144.56367	-0.00766
2142.63511	-0.00756
2140.70654	-0.00725
2138.77798	-0.00713
2136.84941	-0.00758
2134.92085	-0.00822
2132.99229	-0.00833
2131.06372	-0.00784
2129.13516	-0.00731
2127.20659	-0.00709
2125.27803	-0.00696
2123.34946	-0.00665
2121.42090	-0.00623
2119.49233	-0.00585
2117.56377	-0.00546
2115.63521	-0.00502
2113.70664	-0.00466
2111.77808	-0.00450
2109.84951	-0.00451
2107.92095	-0.00460
2105.99238	-0.00477
2104.06382	-0.00499
2102.13525	-0.00515
2100.20669	-0.00530
2098.27812	-0.00562
2096.34956	-0.00606
2094.42100	-0.00622
2092.49243	-0.00577
2090.56387	-0.00519
2088.63530	-0.00492
2086.70674	-0.00470
2084.77817	-0.00441
2082.84961	-0.00423
2080.92104	-0.00426
2078.99248	-0.00444
2077.06392	-0.00465
2075.13535	-0.00474
2073.20679	-0.00453
2071.27822	-0.00435
2069.34966	-0.00477
2067.42109	-0.00516
2065.49253	-0.00471
2063.56396	-0.00406
2061.63540	-0.00412
2059.70684	-0.00464
2057.77827	-0.00479
2055.84971	-0.00453
2053.92114	-0.00403
2051.99258	-0.00317
2050.06401	-0.00277
2048.13545	-0.00329
2046.20688	-0.00372
2044.27832	-0.00358
2042.34976	-0.00328
2040.42119	-0.00324
2038.49263	-0.00349
2036.56406	-0.00372
2034.63550	-0.00380
2032.70693	-0.00389
2030.77837	-0.00414
2028.84980	-0.00455
2026.92124	-0.00505
2024.99268	-0.00531
2023.06411	-0.00508
2021.13555	-0.00450
2019.20698	-0.00386
2017.27842	-0.00368
2015.34985	-0.00401
2013.42129	-0.00436
2011.49272	-0.00476
2009.56416	-0.00508
2007.63560	-0.00477
2005.70703	-0.00424
2003.77847	-0.00415
2001.84990	-0.00406
1999.92134	-0.00368
1997.99277	-0.00340
1996.06421	-0.00321
1994.13564	-0.00306
1992.20708	-0.00313
1990.27852	-0.00326
1988.34995	-0.00318
1986.42139	-0.00289
1984.49282	-0.00246
1982.56426	-0.00195
1980.63569	-0.00166
1978.70713	-0.00235
1976.77856	-0.00409
1974.85000	-0.00540
1972.92144	-0.00552
1970.99287	-0.00527
1969.06431	-0.00491
1967.13574	-0.00422
1965.20718	-0.00383
1963.27861	-0.00421
1961.35005	-0.00477
1959.42148	-0.00490
1957.49292	-0.00459
1955.56436	-0.00408
1953.63579	-0.00367
1951.70723	-0.00350
1949.77866	-0.00337
1947.85010	-0.00326
1945.92153	-0.00319
1943.99297	-0.00293
1942.06440	-0.00274
1940.13584	-0.00290
1938.20728	-0.00309
1936.27871	-0.00319
1934.35015	-0.00325
1932.42158	-0.00315
1930.49302	-0.00301
1928.56445	-0.00296
1926.63589	-0.00276
1924.70732	-0.00226
1922.77876	-0.00178
1920.85020	-0.00152
1918.92163	-0.00139
1916.99307	-0.00161
1915.06450	-0.00204
1913.13594	-0.00205
1911.20737	-0.00158
1909.27881	-0.00121
1907.35024	-0.00125
1905.42168	-0.00141
1903.49312	-0.00143
1901.56455	-0.00126
1899.63599	-0.00107
1897.70742	-0.00091
1895.77886	-0.00081
1893.85029	-0.00084
1891.92173	-0.00076
1889.99316	-0.00042
1888.06460	-0.00028
1886.13604	-0.00050
1884.20747	-0.00083
1882.27891	-0.00113
1880.35034	-0.00118
1878.42178	-0.00105
1876.49321	-0.00094
1874.56465	-0.00088
1872.63608	-0.00060
1870.70752	0.00019
1868.77896	0.00092
1866.85039	0.00065
1864.92183	-0.00012
1862.99326	-0.00053
1861.06470	-0.00057
1859.13613	-0.00053
1857.20757	-0.00051
1855.27900	-0.00047
1853.35044	-0.00036
1851.42187	-0.00021
1849.49331	0.00004
1847.56475	0.00053
1845.63618	0.00121
1843.70762	0.00141
1841.77905	0.00094
1839.85049	0.00058
1837.92192	0.00045
1835.99336	0.00034
1834.06479	0.00051
1832.13623	0.00125
1830.20767	0.00199
1828.27910	0.00209
1826.35054	0.00198
1824.42197	0.00188
1822.49341	0.00157
1820.56484	0.00127
1818.63628	0.00116
1816.70771	0.00109
1814.77915	0.00127
1812.85059	0.00184
1810.92202	0.00234
1808.99346	0.00241
1807.06489	0.00244
1805.13633	0.00281
1803.20776	0.00343
1801.27920	0.00401
1799.35063	0.00426
1797.42207	0.00436
1795.49351	0.00492
1793.56494	0.00603
1791.63638	0.00670
1789.70781	0.00643
1787.77925	0.00615
1785.85068	0.00638
1783.92212	0.00678
1781.99355	0.00710
1780.06499	0.00720
1778.13643	0.00717
1776.20786	0.00765
1774.27930	0.00888
1772.35073	0.00996
1770.42217	0.00998
1768.49360	0.00944
1766.56504	0.00897
1764.63647	0.00896
1762.70791	0.00951
1760.77935	0.00996
1758.85078	0.01015
1756.92222	0.01051
1754.99365	0.01108
1753.06509	0.01223
1751.13652	0.01393
1749.20796	0.01512
1747.27939	0.01559
1745.35083	0.01621
1743.42227	0.01736
1741.49370	0.01877
1739.56514	0.01976
1737.63657	0.02032
1735.70801	0.02132
1733.77944	0.02214
1731.85088	0.02148
1729.92231	0.02064
1727.99375	0.02064
1726.06519	0.02170
1724.13662	0.02367
1722.20806	0.02589
1720.27949	0.02830
1718.35093	0.03094
1716.42236	0.03223
1714.49380	0.03153
1712.56523	0.03045
1710.63667	0.02974
1708.70811	0.02943
1706.77954	0.02913
1704.85098	0.02835
1702.92241	0.02772
1700.99385	0.02750
1699.06528	0.02645
1697.13672	0.02454
1695.20815	0.02207
1693.27959	0.01966
1691.35103	0.01844
1689.42246	0.01820
1687.49390	0.01867
1685.56533	0.01994
1683.63677	0.02021
1681.70820	0.01843
1679.77964	0.01691
1677.85107	0.01670
1675.92251	0.01726
1673.99395	0.01757
1672.06538	0.01776
1670.13682	0.01804
1668.20825	0.01741
1666.27969	0.01655
1664.35112	0.01668
1662.42256	0.01711
1660.49399	0.01689
1658.56543	0.01678
1656.63687	0.01782
1654.70830	0.02009
1652.77974	0.02124
1650.85117	0.02012
1648.92261	0.01996
1646.99404	0.02043
1645.06548	0.01951
1643.13691	0.01817
1641.20835	0.01776
1639.27979	0.01830
1637.35122	0.01949
1635.42266	0.01992
1633.49409	0.01869
1631.56553	0.01768
1629.63696	0.01765
1627.70840	0.01785
1625.77983	0.01794
1623.85127	0.01798
1621.92271	0.01760
1619.99414	0.01744
1618.06558	0.01805
1616.13701	0.01810
1614.20845	0.01702
1612.27988	0.01633
1610.35132	0.01641
1608.42275	0.01658
1606.49419	0.01653
1604.56562	0.01646
1602.63706	0.01642
1600.70850	0.01631
1598.77993	0.01627
1596.85137	0.01640
1594.92280	0.01655
1592.99424	0.01662
1591.06567	0.01660
1589.13711	0.01654
1587.20854	0.01655
1585.27998	0.01675
1583.35142	0.01706
1581.42285	0.01746
1579.49429	0.01825
1577.56572	0.01945
1575.63716	0.01975
1573.70859	0.01893
1571.78003	0.01878
1569.85146	0.01922
1567.92290	0.01900
1565.99434	0.01849
1564.06577	0.01855
1562.13721	0.01986
1560.20864	0.02289
1558.28008	0.02450
1556.35151	0.02251
1554.42295	0.02059
1552.49438	0.01969
1550.56582	0.01935
1548.63726	0.01930
1546.70869	0.01984
1544.78013	0.02124
1542.85156	0.02308
1540.92300	0.02423
1538.99443	0.02274
1537.06587	0.02040
1535.13730	0.01968
1533.20874	0.01962
1531.28018	0.01895
1529.35161	0.01858
1527.42305	0.01896
1525.49448	0.01950
1523.56592	0.02021
1521.63735	0.02080
1519.70879	0.02058
1517.78022	0.02004
1515.85166	0.01919
1513.92310	0.01824
1511.99453	0.01817
1510.06597	0.01949
1508.13740	0.02161
1506.20884	0.02159
1504.28027	0.01895
1502.35171	0.01731
1500.42314	0.01741
1498.49458	0.01826
1496.56602	0.01843
1494.63745	0.01786
1492.70889	0.01798
1490.78032	0.01918
1488.85176	0.02011
1486.92319	0.02006
1484.99463	0.02017
1483.06606	0.02164
1481.13750	0.02536
1479.20894	0.03387
1477.28037	0.05370
1475.35181	0.09114
1473.42324	0.14043
1471.49468	0.17455
1469.56611	0.17995
1467.63755	0.17368
1465.70898	0.16392
1463.78042	0.14944
1461.85186	0.13333
1459.92329	0.11932
1457.99473	0.10702
1456.06616	0.09514
1454.13760	0.08507
1452.20903	0.07704
1450.28047	0.07062
1448.35190	0.06574
1446.42334	0.06191
1444.49478	0.05900
1442.56621	0.05693
1440.63765	0.05554
1438.70908	0.05472
1436.78052	0.05349
1434.85195	0.05095
1432.92339	0.04821
1430.99482	0.04581
1429.06626	0.04323
1427.13770	0.04074
1425.20913	0.03885
1423.28057	0.03753
1421.35200	0.03693
1419.42344	0.03678
1417.49487	0.03604
1415.56631	0.03493
1413.63774	0.03423
1411.70918	0.03382
1409.78062	0.03336
1407.85205	0.03290
1405.92349	0.03248
1403.99492	0.03183
1402.06636	0.03114
1400.13779	0.03083
1398.20923	0.03066
1396.28066	0.03033
1394.35210	0.02970
1392.42354	0.02887
1390.49497	0.02856
1388.56641	0.02906
1386.63784	0.02979
1384.70928	0.03067
1382.78071	0.03250
1380.85215	0.03531
1378.92358	0.03800
1376.99502	0.03961
1375.06646	0.03987
1373.13789	0.03910
1371.20933	0.03819
1369.28076	0.03759
1367.35220	0.03698
1365.42363	0.03645
1363.49507	0.03602
1361.56650	0.03520
1359.63794	0.03416
1357.70937	0.03353
1355.78081	0.03332
1353.85225	0.03322
1351.92368	0.03306
1349.99512	0.03275
1348.06655	0.03226
1346.13799	0.03164
1344.20942	0.03109
1342.28086	0.03087
1340.35229	0.03078
1338.42373	0.03026
1336.49517	0.02936
1334.56660	0.02860
1332.63804	0.02807
1330.70947	0.02769
1328.78091	0.02753
1326.85234	0.02760
1324.92378	0.02781
1322.99521	0.02812
1321.06665	0.02852
1319.13809	0.02891
1317.20952	0.02919
1315.28096	0.02948
1313.35239	0.02986
1311.42383	0.03019
1309.49526	0.03048
1307.56670	0.03079
1305.63813	0.03101
1303.70957	0.03112
1301.78101	0.03118
1299.85244	0.03117
1297.92388	0.03107
1295.99531	0.03095
1294.06675	0.03079
1292.13818	0.03054
1290.20962	0.03024
1288.28105	0.02996
1286.35249	0.02976
1284.42393	0.02960
1282.49536	0.02947
1280.56680	0.02933
1278.63823	0.02916
1276.70967	0.02910
1274.78110	0.02913
1272.85254	0.02913
1270.92397	0.02912
1268.99541	0.02913
1267.06685	0.02921
1265.13828	0.02935
1263.20972	0.02951
1261.28115	0.02959
1259.35259	0.02950
1257.42402	0.02923
1255.49546	0.02893
1253.56689	0.02872
1251.63833	0.02859
1249.70977	0.02856
1247.78120	0.02860
1245.85264	0.02862
1243.92407	0.02861
1241.99551	0.02860
1240.06694	0.02858
1238.13838	0.02847
1236.20981	0.02829
1234.28125	0.02813
1232.35269	0.02799
1230.42412	0.02792
1228.49556	0.02793
1226.56699	0.02790
1224.63843	0.02783
1222.70986	0.02777
1220.78130	0.02773
1218.85273	0.02776
1216.92417	0.02781
1214.99561	0.02782
1213.06704	0.02780
1211.13848	0.02776
1209.20991	0.02767
1207.28135	0.02761
1205.35278	0.02764
1203.42422	0.02773
1201.49565	0.02783
1199.56709	0.02793
1197.63853	0.02801
1195.70996	0.02813
1193.78140	0.02827
1191.85283	0.02840
1189.92427	0.02857
1187.99570	0.02883
1186.06714	0.02909
1184.13857	0.02932
1182.21001	0.02959
1180.28145	0.02992
1178.35288	0.03021
1176.42432	0.03040
1174.49575	0.03052
1172.56719	0.03059
1170.63862	0.03059
1168.71006	0.03047
1166.78149	0.03025
1164.85293	0.03005
1162.92437	0.02986
1160.99580	0.02960
1159.06724	0.02929
1157.13867	0.02901
1155.21011	0.02871
1153.28154	0.02840
1151.35298	0.02811
1149.42441	0.02782
1147.49585	0.02755
1145.56729	0.02729
1143.63872	0.02705
1141.71016	0.02688
1139.78159	0.02685
1137.85303	0.02696
1135.92446	0.02711
1133.99590	0.02722
1132.06733	0.02729
1130.13877	0.02745
1128.21021	0.02762
1126.28164	0.02763
1124.35308	0.02758
1122.42451	0.02764
1120.49595	0.02780
1118.56738	0.02793
1116.63882	0.02800
1114.71025	0.02817
1112.78169	0.02847
1110.85312	0.02874
1108.92456	0.02891
1106.99600	0.02902
1105.06743	0.02914
1103.13887	0.02931
1101.21030	0.02952
1099.28174	0.02974
1097.35317	0.02996
1095.42461	0.03018
1093.49604	0.03038
1091.56748	0.03054
1089.63892	0.03075
1087.71035	0.03099
1085.78179	0.03112
1083.85322	0.03112
1081.92466	0.03110
1079.99609	0.03110
1078.06753	0.03107
1076.13896	0.03094
1074.21040	0.03070
1072.28184	0.03053
1070.35327	0.03050
1068.42471	0.03045
1066.49614	0.03034
1064.56758	0.03031
1062.63901	0.03029
1060.71045	0.03015
1058.78188	0.02993
1056.85332	0.02976
1054.92476	0.02973
1052.99619	0.02976
1051.06763	0.02974
1049.13906	0.02973
1047.21050	0.02975
1045.28193	0.02970
1043.35337	0.02964
1041.42480	0.02963
1039.49624	0.02961
1037.56768	0.02957
1035.63911	0.02951
1033.71055	0.02940
1031.78198	0.02923
1029.85342	0.02898
1027.92485	0.02881
1025.99629	0.02884
1024.06772	0.02887
1022.13916	0.02875
1020.21060	0.02855
1018.28203	0.02836
1016.35347	0.02815
1014.42490	0.02790
1012.49634	0.02765
1010.56777	0.02746
1008.63921	0.02731
1006.71064	0.02711
1004.78208	0.02693
1002.85352	0.02682
1000.92495	0.02683
998.99639	0.02694
997.06782	0.02707
995.13926	0.02711
993.21069	0.02710
991.28213	0.02696
989.35356	0.02661
987.42500	0.02618
985.49644	0.02585
983.56787	0.02561
981.63931	0.02536
979.71074	0.02508
977.78218	0.02489
975.85361	0.02482
973.92505	0.02485
971.99648	0.02495
970.06792	0.02502
968.13936	0.02497
966.21079	0.02485
964.28223	0.02469
962.35366	0.02444
960.42510	0.02417
958.49653	0.02388
956.56797	0.02353
954.63940	0.02321
952.71084	0.02306
950.78228	0.02304
948.85371	0.02299
946.92515	0.02284
944.99658	0.02268
943.06802	0.02247
941.13945	0.02220
939.21089	0.02204
937.28232	0.02200
935.35376	0.02189
933.42520	0.02171
931.49663	0.02153
929.56807	0.02133
927.63950	0.02112
925.71094	0.02099
923.78237	0.02087
921.85381	0.02071
919.92524	0.02062
917.99668	0.02067
916.06812	0.02092
914.13955	0.02141
912.21099	0.02211
910.28242	0.02268
908.35386	0.02260
906.42529	0.02155
904.49673	0.01973
902.56816	0.01772
900.63960	0.01603
898.71104	0.01488
896.78247	0.01410
894.85391	0.01349
892.92534	0.01311
890.99678	0.01303
889.06821	0.01301
887.13965	0.01291
885.21108	0.01279
883.28252	0.01276
881.35396	0.01293
879.42539	0.01316
877.49683	0.01324
875.56826	0.01318
873.63970	0.01313
871.71113	0.01310
869.78257	0.01303
867.85400	0.01291
865.92544	0.01273
863.99687	0.01253
862.06831	0.01235
860.13975	0.01200
858.21118	0.01150
856.28262	0.01111
854.35405	0.01096
852.42549	0.01081
850.49692	0.01052
848.56836	0.01023
846.63979	0.01003
844.71123	0.00968
842.78267	0.00910
840.85410	0.00842
838.92554	0.00775
836.99697	0.00715
835.06841	0.00658
833.13984	0.00589
831.21128	0.00506
829.28271	0.00422
827.35415	0.00336
825.42559	0.00238
823.49702	0.00126
821.56846	0.00005
819.63989	-0.00128
817.71133	-0.00281
815.78276	-0.00459
813.85420	-0.00662
811.92563	-0.00877
809.99707	-0.01090
808.06851	-0.01309
806.13994	-0.01550
804.21138	-0.01817
802.28281	-0.02111
800.35425	-0.02430
798.42568	-0.02760
796.49712	-0.03118
794.56855	-0.03538
792.63999	-0.03997
790.71143	-0.04452
788.78286	-0.04906
786.85430	-0.05363
784.92573	-0.05786
782.99717	-0.06152
781.06860	-0.06474
779.14004	-0.06769
777.21147	-0.07037
775.28291	-0.07261
773.35435	-0.07436
771.42578	-0.07586
769.49722	-0.07707
767.56865	-0.07770
765.64009	-0.07767
763.71152	-0.07699
761.78296	-0.07564
759.85439	-0.07362
757.92583	-0.07104
755.99727	-0.06806
754.06870	-0.06478
752.14014	-0.06146
750.21157	-0.05851
748.28301	-0.05585
746.35444	-0.05321
744.42588	-0.05044
742.49731	-0.04738
740.56875	-0.04387
738.64019	-0.03948
736.71162	-0.03331
734.78306	-0.02412
732.85449	-0.01195
730.92593	0.00092
728.99736	0.01303
727.06880	0.02598
725.14023	0.04250
723.21167	0.06626
721.28311	0.09178
719.35454	0.11700
717.42598	0.13061
715.49741	0.11823
713.56885	0.08722
711.64028	0.05520
709.71172	0.03220
707.78315	0.01788
705.85459	0.00907
703.92603	0.00381
701.99746	0.00099
700.06890	-0.00105
698.14033	-0.00312
696.21177	-0.00483
694.28320	-0.00530
692.35464	-0.00431
690.42607	-0.00364
688.49751	-0.00491
686.56895	-0.00582
684.64038	-0.00447
682.71182	-0.00131
680.78325	0.00089
678.85469	0.00081
676.92612	0.00122
674.99756	0.00474
673.06899	0.00625
671.14043	-0.02237
669.21187	-0.06755
667.28330	-0.01623
665.35474	-0.02049
663.42617	-0.00356
661.49761	0.00356
659.56904	0.00130
657.64048	-0.00151
655.71191	-0.00213
653.78335	-0.00170
651.85479	-0.00202
649.92622	-0.00426
647.99766	-0.00480
646.06909	-0.00315
644.14053	-0.00429
642.21196	-0.00821
640.28340	-0.01387
638.35483	-0.02314
636.42627	-0.03986
634.49771	-0.06201
632.56914	-0.07852
630.64058	-0.07841
628.71201	-0.06733
626.78345	-0.05002
624.85488	-0.03470
622.92632	-0.02376
620.99775	-0.01590
619.06919	-0.01049
617.14062	-0.00766
615.21206	-0.00659
613.28350	-0.00565
611.35493	-0.00496
609.42637	-0.00553
607.49780	-0.00695
605.56924	-0.00818
603.64067	-0.00849
601.71211	-0.00828
599.78354	-0.00910
