3997.91411	-0.00289
3995.98555	-0.00302
3994.05698	-0.00306
3992.12842	-0.00296
3990.19985	-0.00283
3988.27129	-0.00267
3986.34272	-0.00262
3984.41416	-0.00274
3982.48560	-0.00279
3980.55703	-0.00289
3978.62847	-0.00321
3976.69990	-0.00351
3974.77134	-0.00354
3972.84277	-0.00347
3970.91421	-0.00342
3968.98564	-0.00334
3967.05708	-0.00324
3965.12852	-0.00331
3963.19995	-0.00349
3961.27139	-0.00357
3959.34282	-0.00354
3957.41426	-0.00354
3955.48569	-0.00351
3953.55713	-0.00353
3951.62856	-0.00390
3949.70000	-0.00452
3947.77144	-0.00476
3945.84287	-0.00466
3943.91431	-0.00478
3941.98574	-0.00465
3940.05718	-0.00394
3938.12861	-0.00343
3936.20005	-0.00360
3934.27148	-0.00444
3932.34292	-0.00525
3930.41436	-0.00515
3928.48579	-0.00473
3926.55723	-0.00488
3924.62866	-0.00506
3922.70010	-0.00476
3920.77153	-0.00477
3918.84297	-0.00533
3916.91440	-0.00532
3914.98584	-0.00429
3913.05728	-0.00316
3911.12871	-0.00277
3909.20015	-0.00333
3907.27158	-0.00506
3905.34302	-0.00758
3903.41445	-0.00931
3901.48589	-0.00935
3899.55732	-0.00809
3897.62876	-0.00616
3895.70020	-0.00502
3893.77163	-0.00559
3891.84307	-0.00653
3889.91450	-0.00631
3887.98594	-0.00630
3886.05737	-0.00708
3884.12881	-0.00740
3882.20024	-0.00768
3880.27168	-0.00754
3878.34312	-0.00621
3876.41455	-0.00600
3874.48599	-0.00755
3872.55742	-0.00910
3870.62886	-0.00976
3868.70029	-0.00907
3866.77173	-0.00834
3864.84316	-0.00861
3862.91460	-0.00820
3860.98604	-0.00680
3859.05747	-0.00638
3857.12891	-0.00816
3855.20034	-0.01196
3853.27178	-0.01405
3851.34321	-0.01091
3849.41465	-0.00714
3847.48608	-0.00555
3845.55752	-0.00598
3843.62896	-0.00755
3841.70039	-0.00936
3839.77183	-0.01090
3837.84326	-0.01121
3835.91470	-0.01004
3833.98613	-0.00870
3832.05757	-0.00767
3830.12900	-0.00692
3828.20044	-0.00689
3826.27187	-0.00738
3824.34331	-0.00839
3822.41475	-0.01041
3820.48618	-0.01142
3818.55762	-0.01049
3816.62905	-0.00936
3814.70049	-0.00737
3812.77192	-0.00525
3810.84336	-0.00496
3808.91479	-0.00652
3806.98623	-0.00824
3805.05767	-0.00915
3803.12910	-0.01047
3801.20054	-0.01106
3799.27197	-0.00964
3797.34341	-0.00822
3795.41484	-0.00689
3793.48628	-0.00536
3791.55771	-0.00458
3789.62915	-0.00460
3787.70059	-0.00506
3785.77202	-0.00571
3783.84346	-0.00599
3781.91489	-0.00637
3779.98633	-0.00703
3778.05776	-0.00656
3776.12920	-0.00531
3774.20063	-0.00513
3772.27207	-0.00651
3770.34351	-0.00799
3768.41494	-0.00796
3766.48638	-0.00716
3764.55781	-0.00664
3762.62925	-0.00692
3760.70068	-0.00830
3758.77212	-0.00932
3756.84355	-0.00927
3754.91499	-0.01010
3752.98643	-0.01294
3751.05786	-0.01552
3749.12930	-0.01499
3747.20073	-0.01409
3745.27217	-0.01448
3743.34360	-0.01351
3741.41504	-0.01166
3739.48647	-0.01195
3737.55791	-0.01482
3735.62935	-0.01769
3733.70078	-0.01718
3731.77222	-0.01421
3729.84365	-0.01201
3727.91509	-0.01174
3725.98652	-0.01246
3724.05796	-0.01274
3722.12939	-0.01200
3720.20083	-0.01045
3718.27227	-0.00875
3716.34370	-0.00807
3714.41514	-0.00952
3712.48657	-0.01251
3710.55801	-0.01359
3708.62944	-0.01151
3706.70088	-0.00922
3704.77231	-0.00883
3702.84375	-0.00973
3700.91519	-0.00967
3698.98662	-0.00848
3697.05806	-0.00783
3695.12949	-0.00833
3693.20093	-0.01014
3691.27236	-0.01271
3689.34380	-0.01337
3687.41523	-0.01070
3685.48667	-0.00770
3683.55811	-0.00647
3681.62954	-0.00708
3679.70098	-0.00913
3677.77241	-0.01226
3675.84385	-0.01449
3673.91528	-0.01335
3671.98672	-0.01181
3670.05815	-0.01109
3668.12959	-0.00875
3666.20103	-0.00603
3664.27246	-0.00483
3662.34390	-0.00471
3660.41533	-0.00510
3658.48677	-0.00622
3656.55820	-0.00744
3654.62964	-0.00802
3652.70107	-0.00977
3650.77251	-0.01353
3648.84395	-0.01546
3646.91538	-0.01256
3644.98682	-0.00855
3643.05825	-0.00642
3641.12969	-0.00587
3639.20112	-0.00587
3637.27256	-0.00629
3635.34399	-0.00712
3633.41543	-0.00830
3631.48687	-0.01046
3629.55830	-0.01291
3627.62974	-0.01226
3625.70117	-0.00951
3623.77261	-0.00829
3621.84404	-0.00923
3619.91548	-0.01081
3617.98691	-0.01087
3616.05835	-0.00994
3614.12979	-0.00945
3612.20122	-0.00902
3610.27266	-0.00873
3608.34409	-0.00867
3606.41553	-0.00789
3604.48696	-0.00699
3602.55840	-0.00737
3600.62983	-0.00844
3598.70127	-0.00871
3596.77271	-0.00848
3594.84414	-0.00828
3592.91558	-0.00784
3590.98701	-0.00805
3589.05845	-0.00968
3587.12988	-0.01056
3585.20132	-0.00900
3583.27275	-0.00718
3581.34419	-0.00665
3579.41562	-0.00686
3577.48706	-0.00687
3575.55850	-0.00638
3573.62993	-0.00585
3571.70137	-0.00613
3569.77280	-0.00793
3567.84424	-0.01029
3565.91567	-0.01051
3563.98711	-0.00863
3562.05854	-0.00713
3560.12998	-0.00661
3558.20142	-0.00609
3556.27285	-0.00555
3554.34429	-0.00561
3552.41572	-0.00570
3550.48716	-0.00538
3548.55859	-0.00553
3546.63003	-0.00634
3544.70146	-0.00659
3542.77290	-0.00584
3540.84434	-0.00481
3538.91577	-0.00423
3536.98721	-0.00403
3535.05864	-0.00379
3533.13008	-0.00372
3531.20151	-0.00412
3529.27295	-0.00464
3527.34438	-0.00487
3525.41582	-0.00492
3523.48726	-0.00484
3521.55869	-0.00456
3519.63013	-0.00430
3517.70156	-0.00407
3515.77300	-0.00379
3513.84443	-0.00360
3511.91587	-0.00376
3509.98730	-0.00413
3508.05874	-0.00421
3506.13018	-0.00419
3504.20161	-0.00443
3502.27305	-0.00443
3500.34448	-0.00391
3498.41592	-0.00361
3496.48735	-0.00367
3494.55879	-0.00350
3492.63022	-0.00308
3490.70166	-0.00293
3488.77310	-0.00310
3486.84453	-0.00306
3484.91597	-0.00295
3482.98740	-0.00335
3481.05884	-0.00373
3479.13027	-0.00345
3477.20171	-0.00299
3475.27314	-0.00291
3473.34458	-0.00310
3471.41602	-0.00324
3469.48745	-0.00324
3467.55889	-0.00321
3465.63032	-0.00319
3463.70176	-0.00302
3461.77319	-0.00273
3459.84463	-0.00260
3457.91606	-0.00265
3455.98750	-0.00268
3454.05894	-0.00261
3452.13037	-0.00256
3450.20181	-0.00285
3448.27324	-0.00340
3446.34468	-0.00363
3444.41611	-0.00339
3442.48755	-0.00313
3440.55898	-0.00306
3438.63042	-0.00296
3436.70186	-0.00269
3434.77329	-0.00257
3432.84473	-0.00278
3430.91616	-0.00282
3428.98760	-0.00256
3427.05903	-0.00250
3425.13047	-0.00271
3423.20190	-0.00293
3421.27334	-0.00304
3419.34478	-0.00301
3417.41621	-0.00281
3415.48765	-0.00264
3413.55908	-0.00263
3411.63052	-0.00262
3409.70195	-0.00263
3407.77339	-0.00273
3405.84482	-0.00276
3403.91626	-0.00268
3401.98770	-0.00260
3400.05913	-0.00267
3398.13057	-0.00296
3396.20200	-0.00332
3394.27344	-0.00338
3392.34487	-0.00299
3390.41631	-0.00252
3388.48774	-0.00244
3386.55918	-0.00272
3384.63062	-0.00286
3382.70205	-0.00263
3380.77349	-0.00254
3378.84492	-0.00284
3376.91636	-0.00301
3374.98779	-0.00289
3373.05923	-0.00285
3371.13066	-0.00308
3369.20210	-0.00340
3367.27354	-0.00348
3365.34497	-0.00331
3363.41641	-0.00310
3361.48784	-0.00295
3359.55928	-0.00282
3357.63071	-0.00263
3355.70215	-0.00257
3353.77358	-0.00278
3351.84502	-0.00308
3349.91646	-0.00321
3347.98789	-0.00317
3346.05933	-0.00311
3344.13076	-0.00307
3342.20220	-0.00315
3340.27363	-0.00347
3338.34507	-0.00375
3336.41650	-0.00365
3334.48794	-0.00336
3332.55937	-0.00326
3330.63081	-0.00328
3328.70225	-0.00329
3326.77368	-0.00339
3324.84512	-0.00356
3322.91655	-0.00360
3320.98799	-0.00344
3319.05942	-0.00323
3317.13086	-0.00324
3315.20229	-0.00344
3313.27373	-0.00362
3311.34517	-0.00364
3309.41660	-0.00358
3307.48804	-0.00352
3305.55947	-0.00342
3303.63091	-0.00334
3301.70234	-0.00335
3299.77378	-0.00340
3297.84521	-0.00347
3295.91665	-0.00351
3293.98809	-0.00357
3292.05952	-0.00372
3290.13096	-0.00384
3288.20239	-0.00389
3286.27383	-0.00389
3284.34526	-0.00379
3282.41670	-0.00366
3280.48813	-0.00360
3278.55957	-0.00355
3276.63101	-0.00348
3274.70244	-0.00353
3272.77388	-0.00386
3270.84531	-0.00424
3268.91675	-0.00425
3266.98818	-0.00393
3265.05962	-0.00384
3263.13105	-0.00421
3261.20249	-0.00461
3259.27393	-0.00465
3257.34536	-0.00452
3255.41680	-0.00439
3253.48823	-0.00427
3251.55967	-0.00414
3249.63110	-0.00408
3247.70254	-0.00412
3245.77397	-0.00420
3243.84541	-0.00424
3241.91685	-0.00434
3239.98828	-0.00458
3238.05972	-0.00471
3236.13115	-0.00469
3234.20259	-0.00467
3232.27402	-0.00458
3230.34546	-0.00448
3228.41689	-0.00466
3226.48833	-0.00485
3224.55977	-0.00465
3222.63120	-0.00438
3220.70264	-0.00448
3218.77407	-0.00486
3216.84551	-0.00512
3214.91694	-0.00514
3212.98838	-0.00507
3211.05981	-0.00498
3209.13125	-0.00487
3207.20269	-0.00486
3205.27412	-0.00497
3203.34556	-0.00505
3201.41699	-0.00507
3199.48843	-0.00513
3197.55986	-0.00515
3195.63130	-0.00509
3193.70273	-0.00498
3191.77417	-0.00485
3189.84561	-0.00483
3187.91704	-0.00502
3185.98848	-0.00548
3184.05991	-0.00584
3182.13135	-0.00562
3180.20278	-0.00520
3178.27422	-0.00514
3176.34565	-0.00529
3174.41709	-0.00548
3172.48853	-0.00571
3170.55996	-0.00586
3168.63140	-0.00588
3166.70283	-0.00593
3164.77427	-0.00604
3162.84570	-0.00595
3160.91714	-0.00563
3158.98857	-0.00549
3157.06001	-0.00564
3155.13145	-0.00586
3153.20288	-0.00601
3151.27432	-0.00617
3149.34575	-0.00629
3147.41719	-0.00632
3145.48862	-0.00638
3143.56006	-0.00664
3141.63149	-0.00682
3139.70293	-0.00664
3137.77437	-0.00633
3135.84580	-0.00615
3133.91724	-0.00617
3131.98867	-0.00635
3130.06011	-0.00651
3128.13154	-0.00659
3126.20298	-0.00668
3124.27441	-0.00689
3122.34585	-0.00715
3120.41729	-0.00732
3118.48872	-0.00741
3116.56016	-0.00737
3114.63159	-0.00724
3112.70303	-0.00712
3110.77446	-0.00702
3108.84590	-0.00689
3106.91733	-0.00668
3104.98877	-0.00648
3103.06021	-0.00646
3101.13164	-0.00665
3099.20308	-0.00684
3097.27451	-0.00675
3095.34595	-0.00636
3093.41738	-0.00604
3091.48882	-0.00598
3089.56025	-0.00605
3087.63169	-0.00612
3085.70312	-0.00625
3083.77456	-0.00636
3081.84600	-0.00639
3079.91743	-0.00642
3077.98887	-0.00634
3076.06030	-0.00616
3074.13174	-0.00616
3072.20317	-0.00633
3070.27461	-0.00647
3068.34604	-0.00660
3066.41748	-0.00670
3064.48892	-0.00669
3062.56035	-0.00661
3060.63179	-0.00667
3058.70322	-0.00690
3056.77466	-0.00705
3054.84609	-0.00705
3052.91753	-0.00701
3050.98896	-0.00697
3049.06040	-0.00688
3047.13184	-0.00682
3045.20327	-0.00687
3043.27471	-0.00694
3041.34614	-0.00702
3039.41758	-0.00714
3037.48901	-0.00727
3035.56045	-0.00738
3033.63188	-0.00744
3031.70332	-0.00738
3029.77476	-0.00733
3027.84619	-0.00742
3025.91763	-0.00759
3023.98906	-0.00778
3022.06050	-0.00796
3020.13193	-0.00815
3018.20337	-0.00834
3016.27480	-0.00844
3014.34624	-0.00842
3012.41768	-0.00839
3010.48911	-0.00840
3008.56055	-0.00848
3006.63198	-0.00854
3004.70342	-0.00855
3002.77485	-0.00854
3000.84629	-0.00849
2998.91772	-0.00841
2996.98916	-0.00841
2995.06060	-0.00853
2993.13203	-0.00854
2991.20347	-0.00825
2989.27490	-0.00784
2987.34634	-0.00758
2985.41777	-0.00753
2983.48921	-0.00763
2981.56064	-0.00757
2979.63208	-0.00713
2977.70352	-0.00648
2975.77495	-0.00584
2973.84639	-0.00523
2971.91782	-0.00468
2969.98926	-0.00416
2968.06069	-0.00348
2966.13213	-0.00262
2964.20356	-0.00162
2962.27500	-0.00038
2960.34644	0.00117
2958.41787	0.00296
2956.48931	0.00493
2954.56074	0.00721
2952.63218	0.01001
2950.70361	0.01341
2948.77505	0.01760
2946.84648	0.02296
2944.91792	0.02973
2942.98936	0.03797
2941.06079	0.04779
2939.13223	0.05937
2937.20366	0.07287
2935.27510	0.08869
2933.34653	0.10741
2931.41797	0.13003
2929.48940	0.15798
2927.56084	0.19312
2925.63228	0.23783
2923.70371	0.29453
2921.77515	0.36456
2919.84658	0.44650
2917.91802	0.53153
2915.98945	0.59715
2914.06089	0.61548
2912.13232	0.58306
2910.20376	0.52506
2908.27520	0.46574
2906.34663	0.41544
2904.41807	0.37576
2902.48950	0.34522
2900.56094	0.32145
2898.63237	0.30209
2896.70381	0.28518
2894.77524	0.26922
2892.84668	0.25350
2890.91812	0.23801
2888.98955	0.22294
2887.06099	0.20827
2885.13242	0.19368
2883.20386	0.17879
2881.27529	0.16355
2879.34673	0.14824
2877.41816	0.13329
2875.48960	0.11941
2873.56104	0.10758
2871.63247	0.09849
2869.70391	0.09214
2867.77534	0.08846
2865.84678	0.08795
2863.91821	0.09158
2861.98965	0.10067
2860.06108	0.11749
2858.13252	0.14595
2856.20396	0.19230
2854.27539	0.26543
2852.34683	0.37198
2850.41826	0.49831
2848.48970	0.58374
2846.56113	0.56305
2844.63257	0.46964
2842.70400	0.37206
2840.77544	0.29629
2838.84687	0.24217
2836.91831	0.20396
2834.98975	0.17647
2833.06118	0.15611
2831.13262	0.14057
2829.20405	0.12828
2827.27549	0.11824
2825.34692	0.10983
2823.41836	0.10275
2821.48979	0.09677
2819.56123	0.09161
2817.63267	0.08708
2815.70410	0.08314
2813.77554	0.07974
2811.84697	0.07670
2809.91841	0.07386
2807.98984	0.07127
2806.06128	0.06892
2804.13271	0.06672
2802.20415	0.06464
2800.27559	0.06274
2798.34702	0.06102
2796.41846	0.05939
2794.48989	0.05778
2792.56133	0.05624
2790.63276	0.05483
2788.70420	0.05341
2786.77563	0.05192
2784.84707	0.05058
2782.91851	0.04936
2780.98994	0.04804
2779.06138	0.04668
2777.13281	0.04546
2775.20425	0.04447
2773.27568	0.04356
2771.34712	0.04260
2769.41855	0.04161
2767.48999	0.04075
2765.56143	0.04005
2763.63286	0.03940
2761.70430	0.03869
2759.77573	0.03792
2757.84717	0.03722
2755.91860	0.03667
2753.99004	0.03621
2752.06147	0.03577
2750.13291	0.03538
2748.20435	0.03502
2746.27578	0.03473
2744.34722	0.03451
2742.41865	0.03423
2740.49009	0.03381
2738.56152	0.03339
2736.63296	0.03307
2734.70439	0.03274
2732.77583	0.03240
2730.84727	0.03202
2728.91870	0.03157
2726.99014	0.03110
2725.06157	0.03068
2723.13301	0.03026
2721.20444	0.02980
2719.27588	0.02937
2717.34731	0.02902
2715.41875	0.02876
2713.49019	0.02856
2711.56162	0.02828
2709.63306	0.02789
2707.70449	0.02756
2705.77593	0.02733
2703.84736	0.02707
2701.91880	0.02675
2699.99023	0.02638
2698.06167	0.02601
2696.13311	0.02574
2694.20454	0.02563
2692.27598	0.02554
2690.34741	0.02535
2688.41885	0.02510
2686.49028	0.02483
2684.56172	0.02460
2682.63315	0.02449
2680.70459	0.02446
2678.77603	0.02451
2676.84746	0.02459
2674.91890	0.02466
2672.99033	0.02475
2671.06177	0.02488
2669.13320	0.02499
2667.20464	0.02514
2665.27607	0.02537
2663.34751	0.02551
2661.41895	0.02554
2659.49038	0.02560
2657.56182	0.02562
2655.63325	0.02546
2653.70469	0.02517
2651.77612	0.02491
2649.84756	0.02476
2647.91899	0.02470
2645.99043	0.02467
2644.06187	0.02465
2642.13330	0.02470
2640.20474	0.02482
2638.27617	0.02490
2636.34761	0.02488
2634.41904	0.02477
2632.49048	0.02455
2630.56191	0.02429
2628.63335	0.02409
2626.70479	0.02393
2624.77622	0.02365
2622.84766	0.02314
2620.91909	0.02253
2618.99053	0.02206
2617.06196	0.02173
2615.13340	0.02140
2613.20483	0.02099
2611.27627	0.02055
2609.34771	0.02021
2607.41914	0.02001
2605.49058	0.01987
2603.56201	0.01968
2601.63345	0.01936
2599.70488	0.01895
2597.77632	0.01855
2595.84775	0.01831
2593.91919	0.01824
2591.99062	0.01818
2590.06206	0.01794
2588.13350	0.01759
2586.20493	0.01736
2584.27637	0.01725
2582.34780	0.01711
2580.41924	0.01692
2578.49067	0.01677
2576.56211	0.01660
2574.63354	0.01640
2572.70498	0.01624
2570.77642	0.01609
2568.84785	0.01590
2566.91929	0.01572
2564.99072	0.01564
2563.06216	0.01557
2561.13359	0.01544
2559.20503	0.01530
2557.27646	0.01520
2555.34790	0.01507
2553.41934	0.01492
2551.49077	0.01482
2549.56221	0.01472
2547.63364	0.01453
2545.70508	0.01425
2543.77651	0.01396
2541.84795	0.01377
2539.91938	0.01374
2537.99082	0.01378
2536.06226	0.01376
2534.13369	0.01366
2532.20513	0.01352
2530.27656	0.01341
2528.34800	0.01342
2526.41943	0.01347
2524.49087	0.01336
2522.56230	0.01308
2520.63374	0.01280
2518.70518	0.01260
2516.77661	0.01244
2514.84805	0.01231
2512.91948	0.01220
2510.99092	0.01208
2509.06235	0.01196
2507.13379	0.01190
2505.20522	0.01189
2503.27666	0.01179
2501.34810	0.01170
2499.41953	0.01178
2497.49097	0.01179
2495.56240	0.01157
2493.63384	0.01140
2491.70527	0.01150
2489.77671	0.01167
2487.84814	0.01159
2485.91958	0.01124
2483.99102	0.01083
2482.06245	0.01062
2480.13389	0.01062
2478.20532	0.01068
2476.27676	0.01072
2474.34819	0.01070
2472.41963	0.01053
2470.49106	0.01035
2468.56250	0.01025
2466.63394	0.01019
2464.70537	0.01011
2462.77681	0.00997
2460.84824	0.00979
2458.91968	0.00969
2456.99111	0.00971
2455.06255	0.00973
2453.13398	0.00962
2451.20542	0.00940
2449.27686	0.00923
2447.34829	0.00915
2445.41973	0.00912
2443.49116	0.00912
2441.56260	0.00915
2439.63403	0.00914
2437.70547	0.00914
2435.77690	0.00917
2433.84834	0.00917
2431.91978	0.00915
2429.99121	0.00921
2428.06265	0.00929
2426.13408	0.00925
2424.20552	0.00914
2422.27695	0.00910
2420.34839	0.00915
2418.41982	0.00918
2416.49126	0.00906
2414.56270	0.00890
2412.63413	0.00887
2410.70557	0.00893
2408.77700	0.00885
2406.84844	0.00864
2404.91987	0.00846
2402.99131	0.00836
2401.06274	0.00842
2399.13418	0.01043
2397.20562	0.01060
2395.27705	0.00957
2393.34849	0.00848
2391.41992	0.00747
2389.49136	0.00646
2387.56279	0.00539
2385.63423	0.00429
2383.70566	0.00337
2381.77710	0.00295
2379.84854	0.00319
2377.91997	0.00397
2375.99141	0.00479
2374.06284	0.00511
2372.13428	0.00490
2370.20571	0.00464
2368.27715	0.00412
2366.34858	0.00335
2364.42002	0.00199
2362.49146	0.00137
2360.56289	0.00097
2358.63433	0.00061
2356.70576	0.00178
2354.77720	-0.00007
2352.84863	-0.00236
2350.92007	-0.00297
2348.99150	-0.00267
2347.06294	0.00015
2345.13437	0.00325
2343.20581	0.00224
2341.27725	-0.00216
2339.34868	-0.00392
2337.42012	-0.00184
2335.49155	0.00211
2333.56299	0.00526
2331.63442	0.00628
2329.70586	0.00572
2327.77729	0.00438
2325.84873	0.00495
2323.92017	0.00712
2321.99160	0.00899
2320.06304	0.00960
2318.13447	0.00931
2316.20591	0.00860
2314.27734	0.00807
2312.34878	0.00735
2310.42021	0.00621
2308.49165	0.00531
2306.56309	0.00477
2304.63452	0.00465
2302.70596	0.00486
2300.77739	0.00517
2298.84883	0.00549
2296.92026	0.00583
2294.99170	0.00606
2293.06313	0.00616
2291.13457	0.00644
2289.20601	0.00698
2287.27744	0.00771
2285.34888	0.00842
2283.42031	0.00890
2281.49175	0.00917
2279.56318	0.00929
2277.63462	0.00925
2275.70605	0.00898
2273.77749	0.00850
2271.84893	0.00805
2269.92036	0.00772
2267.99180	0.00749
2266.06323	0.00728
2264.13467	0.00707
2262.20610	0.00689
2260.27754	0.00685
2258.34897	0.00691
2256.42041	0.00687
2254.49185	0.00646
2252.56328	0.00569
2250.63472	0.00534
2248.70615	0.00664
2246.77759	0.00695
2244.84902	0.00709
2242.92046	0.00701
2240.99189	0.00676
2239.06333	0.00651
2237.13477	0.00633
2235.20620	0.00611
2233.27764	0.00604
2231.34907	0.00630
2229.42051	0.00663
2227.49194	0.00668
2225.56338	0.00635
2223.63481	0.00609
2221.70625	0.00624
2219.77769	0.00644
2217.84912	0.00643
2215.92056	0.00629
2213.99199	0.00608
2212.06343	0.00601
2210.13486	0.00621
2208.20630	0.00654
2206.27773	0.00675
2204.34917	0.00661
2202.42061	0.00613
2200.49204	0.00567
2198.56348	0.00549
2196.63491	0.00567
2194.70635	0.00603
2192.77778	0.00616
2190.84922	0.00607
2188.92065	0.00614
2186.99209	0.00635
2185.06353	0.00629
2183.13496	0.00582
2181.20640	0.00532
2179.27783	0.00508
2177.34927	0.00482
2175.42070	0.00457
2173.49214	0.00471
2171.56357	0.00517
2169.63501	0.00559
2167.70645	0.00578
2165.77788	0.00613
2163.84932	0.00680
2161.92075	0.00661
2159.99219	0.00496
2158.06362	0.00355
2156.13506	0.00338
2154.20649	0.00350
2152.27793	0.00354
2150.34937	0.00382
2148.42080	0.00436
2146.49224	0.00492
2144.56367	0.00527
2142.63511	0.00517
2140.70654	0.00475
2138.77798	0.00446
2136.84941	0.00422
2134.92085	0.00388
2132.99229	0.00378
2131.06372	0.00408
2129.13516	0.00465
2127.20659	0.00522
2125.27803	0.00553
2123.34946	0.00564
2121.42090	0.00576
2119.49233	0.00593
2117.56377	0.00602
2115.63521	0.00600
2113.70664	0.00593
2111.77808	0.00578
2109.84951	0.00557
2107.92095	0.00542
2105.99238	0.00540
2104.06382	0.00556
2102.13525	0.00581
2100.20669	0.00601
2098.27812	0.00601
2096.34956	0.00572
2094.42100	0.00546
2092.49243	0.00556
2090.56387	0.00567
2088.63530	0.00561
2086.70674	0.00571
2084.77817	0.00601
2082.84961	0.00626
2080.92104	0.00646
2078.99248	0.00657
2077.06392	0.00647
2075.13535	0.00634
2073.20679	0.00651
2071.27822	0.00688
2069.34966	0.00706
2067.42109	0.00682
2065.49253	0.00643
2063.56396	0.00612
2061.63540	0.00587
2059.70684	0.00580
2057.77827	0.00597
2055.84971	0.00609
2053.92114	0.00623
2051.99258	0.00665
2050.06401	0.00699
2048.13545	0.00693
2046.20688	0.00665
2044.27832	0.00639
2042.34976	0.00664
2040.42119	0.00768
2038.49263	0.00866
2036.56406	0.00838
2034.63550	0.00709
2032.70693	0.00616
2030.77837	0.00614
2028.84980	0.00657
2026.92124	0.00704
2024.99268	0.00727
2023.06411	0.00719
2021.13555	0.00719
2019.20698	0.00739
2017.27842	0.00762
2015.34985	0.00760
2013.42129	0.00719
2011.49272	0.00672
2009.56416	0.00649
2007.63560	0.00654
2005.70703	0.00680
2003.77847	0.00687
2001.84990	0.00666
1999.92134	0.00660
1997.99277	0.00672
1996.06421	0.00676
1994.13564	0.00652
1992.20708	0.00604
1990.27852	0.00610
1988.34995	0.00687
1986.42139	0.00756
1984.49282	0.00784
1982.56426	0.00789
1980.63569	0.00770
1978.70713	0.00724
1976.77856	0.00663
1974.85000	0.00600
1972.92144	0.00587
1970.99287	0.00622
1969.06431	0.00608
1967.13574	0.00553
1965.20718	0.00543
1963.27861	0.00574
1961.35005	0.00615
1959.42148	0.00668
1957.49292	0.00718
1955.56436	0.00741
1953.63579	0.00736
1951.70723	0.00711
1949.77866	0.00669
1947.85010	0.00623
1945.92153	0.00588
1943.99297	0.00567
1942.06440	0.00584
1940.13584	0.00655
1938.20728	0.00731
1936.27871	0.00774
1934.35015	0.00785
1932.42158	0.00783
1930.49302	0.00785
1928.56445	0.00784
1926.63589	0.00762
1924.70732	0.00722
1922.77876	0.00705
1920.85020	0.00707
1918.92163	0.00704
1916.99307	0.00750
1915.06450	0.00834
1913.13594	0.00862
1911.20737	0.00835
1909.27881	0.00835
1907.35024	0.00889
1905.42168	0.00948
1903.49312	0.00984
1901.56455	0.00998
1899.63599	0.00988
1897.70742	0.00954
1895.77886	0.00921
1893.85029	0.00912
1891.92173	0.00895
1889.99316	0.00866
1888.06460	0.00872
1886.13604	0.00888
1884.20747	0.00894
1882.27891	0.00915
1880.35034	0.00929
1878.42178	0.00920
1876.49321	0.00916
1874.56465	0.00919
1872.63608	0.00857
1870.70752	0.00693
1868.77896	0.00574
1866.85039	0.00657
1864.92183	0.00821
1862.99326	0.00913
1861.06470	0.00939
1859.13613	0.00948
1857.20757	0.00958
1855.27900	0.00970
1853.35044	0.00973
1851.42187	0.00955
1849.49331	0.00899
1847.56475	0.00793
1845.63618	0.00654
1843.70762	0.00633
1841.77905	0.00790
1839.85049	0.00921
1837.92192	0.00952
1835.99336	0.00963
1834.06479	0.00949
1832.13623	0.00839
1830.20767	0.00723
1828.27910	0.00743
1826.35054	0.00813
1824.42197	0.00881
1822.49341	0.00994
1820.56484	0.01088
1818.63628	0.01115
1816.70771	0.01121
1814.77915	0.01122
1812.85059	0.01086
1810.92202	0.01058
1808.99346	0.01105
1807.06489	0.01183
1805.13633	0.01214
1803.20776	0.01164
1801.27920	0.01105
1799.35063	0.01151
1797.42207	0.01256
1795.49351	0.01282
1793.56494	0.01227
1791.63638	0.01286
1789.70781	0.01513
1787.77925	0.01695
1785.85068	0.01760
1783.92212	0.01786
1781.99355	0.01804
1780.06499	0.01838
1778.13643	0.01891
1776.20786	0.01863
1774.27930	0.01700
1772.35073	0.01574
1770.42217	0.01689
1768.49360	0.01928
1766.56504	0.02126
1764.63647	0.02189
1762.70791	0.02143
1760.77935	0.02155
1758.85078	0.02240
1756.92222	0.02331
1754.99365	0.02422
1753.06509	0.02421
1751.13652	0.02355
1749.20796	0.02441
1747.27939	0.02714
1745.35083	0.03019
1743.42227	0.03261
1741.49370	0.03438
1739.56514	0.03613
1737.63657	0.03721
1735.70801	0.03614
1733.77944	0.03482
1731.85088	0.03641
1729.92231	0.03922
1727.99375	0.04194
1726.06519	0.04441
1724.13662	0.04675
1722.20806	0.04890
1720.27949	0.04960
1718.35093	0.04969
1716.42236	0.05294
1714.49380	0.05880
1712.56523	0.06318
1710.63667	0.06428
1708.70811	0.06215
1706.77954	0.05802
1704.85098	0.05403
1702.92241	0.05015
1700.99385	0.04516
1699.06528	0.04194
1697.13672	0.04142
1695.20815	0.04135
1693.27959	0.04102
1691.35103	0.03901
1689.42246	0.03554
1687.49390	0.03154
1685.56533	0.02645
1683.63677	0.02348
1681.70820	0.02539
1679.77964	0.02740
1677.85107	0.02707
1675.92251	0.02539
1673.99395	0.02430
1672.06538	0.02335
1670.13682	0.02226
1668.20825	0.02335
1666.27969	0.02527
1664.35112	0.02522
1662.42256	0.02458
1660.49399	0.02534
1658.56543	0.02577
1656.63687	0.02355
1654.70830	0.01836
1652.77974	0.01570
1650.85117	0.01857
1648.92261	0.01959
1646.99404	0.01939
1645.06548	0.02235
1643.13691	0.02598
1641.20835	0.02706
1639.27979	0.02541
1637.35122	0.02193
1635.42266	0.02037
1633.49409	0.02308
1631.56553	0.02556
1629.63696	0.02571
1627.70840	0.02493
1625.77983	0.02411
1623.85127	0.02346
1621.92271	0.02400
1619.99414	0.02451
1618.06558	0.02333
1616.13701	0.02289
1614.20845	0.02471
1612.27988	0.02603
1610.35132	0.02600
1608.42275	0.02585
1606.49419	0.02613
1604.56562	0.02639
1602.63706	0.02656
1600.70850	0.02682
1598.77993	0.02700
1596.85137	0.02690
1594.92280	0.02677
1592.99424	0.02684
1591.06567	0.02700
1589.13711	0.02718
1587.20854	0.02728
1585.27998	0.02717
1583.35142	0.02698
1581.42285	0.02660
1579.49429	0.02515
1577.56572	0.02246
1575.63716	0.02133
1573.70859	0.02252
1571.78003	0.02238
1569.85146	0.02100
1567.92290	0.02114
1565.99434	0.02203
1564.06577	0.02177
1562.13721	0.01906
1560.20864	0.01303
1558.28008	0.01020
1556.35151	0.01460
1554.42295	0.01863
1552.49438	0.02043
1550.56582	0.02098
1548.63726	0.02109
1546.70869	0.02006
1544.78013	0.01703
1542.85156	0.01279
1540.92300	0.00982
1538.99443	0.01237
1537.06587	0.01673
1535.13730	0.01786
1533.20874	0.01763
1531.28018	0.01858
1529.35161	0.01883
1527.42305	0.01744
1525.49448	0.01573
1523.56592	0.01372
1521.63735	0.01212
1519.70879	0.01249
1517.78022	0.01372
1515.85166	0.01543
1513.92310	0.01723
1511.99453	0.01718
1510.06597	0.01427
1508.13740	0.00994
1506.20884	0.01029
1504.28027	0.01593
1502.35171	0.01924
1500.42314	0.01903
1498.49458	0.01760
1496.56602	0.01778
1494.63745	0.01942
1492.70889	0.01944
1490.78032	0.01751
1488.85176	0.01694
1486.92319	0.01942
1484.99463	0.02263
1483.06606	0.02542
1481.13750	0.02985
1479.20894	0.04118
1477.28037	0.07118
1475.35181	0.13440
1473.42324	0.21978
1471.49468	0.25720
1469.56611	0.22431
1467.63755	0.18182
1465.70898	0.16239
1463.78042	0.16775
1461.85186	0.16856
1459.92329	0.14442
1457.99473	0.10701
1456.06616	0.08210
1454.13760	0.07417
1452.20903	0.07000
1450.28047	0.06547
1448.35190	0.06167
1446.42334	0.05982
1444.49478	0.05931
1442.56621	0.05876
1440.63765	0.05743
1438.70908	0.05488
1436.78052	0.05234
1434.85195	0.05202
1432.92339	0.05212
1430.99482	0.05102
1429.06626	0.04996
1427.13770	0.04930
1425.20913	0.04820
1423.28057	0.04697
1421.35200	0.04554
1419.42344	0.04406
1417.49487	0.04476
1415.56631	0.04712
1413.63774	0.04866
1411.70918	0.04918
1409.78062	0.04929
1407.85205	0.04883
1405.92349	0.04768
1403.99492	0.04653
1402.06636	0.04521
1400.13779	0.04302
1398.20923	0.04080
1396.28066	0.03964
1394.35210	0.03985
1392.42354	0.04089
1390.49497	0.04114
1388.56641	0.04032
1386.63784	0.04007
1384.70928	0.04096
1382.78071	0.04179
1380.85215	0.04219
1378.92358	0.04236
1376.99502	0.04212
1375.06646	0.04194
1373.13789	0.04285
1371.20933	0.04424
1369.28076	0.04491
1367.35220	0.04492
1365.42363	0.04409
1363.49507	0.04269
1361.56650	0.04228
1359.63794	0.04300
1357.70937	0.04354
1355.78081	0.04363
1353.85225	0.04367
1351.92368	0.04366
1349.99512	0.04340
1348.06655	0.04302
1346.13799	0.04264
1344.20942	0.04206
1342.28086	0.04086
1340.35229	0.03941
1338.42373	0.03887
1336.49517	0.03938
1334.56660	0.03996
1332.63804	0.04010
1330.70947	0.04001
1328.78091	0.04000
1326.85234	0.04012
1324.92378	0.04024
1322.99521	0.04035
1321.06665	0.04047
1319.13809	0.04072
1317.20952	0.04122
1315.28096	0.04179
1313.35239	0.04230
1311.42383	0.04291
1309.49526	0.04357
1307.56670	0.04417
1305.63813	0.04472
1303.70957	0.04527
1301.78101	0.04579
1299.85244	0.04628
1297.92388	0.04672
1295.99531	0.04711
1294.06675	0.04739
1292.13818	0.04753
1290.20962	0.04754
1288.28105	0.04751
1286.35249	0.04747
1284.42393	0.04740
1282.49536	0.04730
1280.56680	0.04720
1278.63823	0.04713
1276.70967	0.04708
1274.78110	0.04698
1272.85254	0.04681
1270.92397	0.04672
1268.99541	0.04671
1267.06685	0.04673
1265.13828	0.04682
1263.20972	0.04692
1261.28115	0.04689
1259.35259	0.04689
1257.42402	0.04701
1255.49546	0.04715
1253.56689	0.04723
1251.63833	0.04734
1249.70977	0.04751
1247.78120	0.04762
1245.85264	0.04766
1243.92407	0.04766
1241.99551	0.04770
1240.06694	0.04776
1238.13838	0.04783
1236.20981	0.04791
1234.28125	0.04797
1232.35269	0.04798
1230.42412	0.04796
1228.49556	0.04796
1226.56699	0.04797
1224.63843	0.04793
1222.70986	0.04787
1220.78130	0.04790
1218.85273	0.04799
1216.92417	0.04804
1214.99561	0.04803
1213.06704	0.04800
1211.13848	0.04804
1209.20991	0.04823
1207.28135	0.04850
1205.35278	0.04871
1203.42422	0.04889
1201.49565	0.04918
1199.56709	0.04953
1197.63853	0.04988
1195.70996	0.05025
1193.78140	0.05062
1191.85283	0.05094
1189.92427	0.05124
1187.99570	0.05151
1186.06714	0.05183
1184.13857	0.05211
1182.21001	0.05229
1180.28145	0.05253
1178.35288	0.05299
1176.42432	0.05340
1174.49575	0.05349
1172.56719	0.05338
1170.63862	0.05330
1168.71006	0.05329
1166.78149	0.05321
1164.85293	0.05295
1162.92437	0.05241
1160.99580	0.05168
1159.06724	0.05093
1157.13867	0.05015
1155.21011	0.04931
1153.28154	0.04847
1151.35298	0.04767
1149.42441	0.04692
1147.49585	0.04626
1145.56729	0.04575
1143.63872	0.04535
1141.71016	0.04502
1139.78159	0.04471
1137.85303	0.04452
1135.92446	0.04464
1133.99590	0.04502
1132.06733	0.04545
1130.13877	0.04583
1128.21021	0.04611
1126.28164	0.04628
1124.35308	0.04643
1122.42451	0.04664
1120.49595	0.04677
1118.56738	0.04677
1116.63882	0.04682
1114.71025	0.04700
1112.78169	0.04717
1110.85312	0.04725
1108.92456	0.04727
1106.99600	0.04727
1105.06743	0.04729
1103.13887	0.04732
1101.21030	0.04736
1099.28174	0.04738
1097.35317	0.04740
1095.42461	0.04742
1093.49604	0.04751
1091.56748	0.04765
1089.63892	0.04769
1087.71035	0.04758
1085.78179	0.04753
1083.85322	0.04763
1081.92466	0.04778
1079.99609	0.04791
1078.06753	0.04791
1076.13896	0.04768
1074.21040	0.04743
1072.28184	0.04735
1070.35327	0.04736
1068.42471	0.04749
1066.49614	0.04769
1064.56758	0.04770
1062.63901	0.04753
1060.71045	0.04745
1058.78188	0.04752
1056.85332	0.04751
1054.92476	0.04744
1052.99619	0.04747
1051.06763	0.04757
1049.13906	0.04751
1047.21050	0.04725
1045.28193	0.04702
1043.35337	0.04700
1041.42480	0.04698
1039.49624	0.04685
1037.56768	0.04674
1035.63911	0.04667
1033.71055	0.04654
1031.78198	0.04637
1029.85342	0.04621
1027.92485	0.04607
1025.99629	0.04590
1024.06772	0.04566
1022.13916	0.04537
1020.21060	0.04503
1018.28203	0.04467
1016.35347	0.04440
1014.42490	0.04428
1012.49634	0.04422
1010.56777	0.04409
1008.63921	0.04388
1006.71064	0.04370
1004.78208	0.04365
1002.85352	0.04367
1000.92495	0.04375
998.99639	0.04405
997.06782	0.04456
995.13926	0.04512
993.21069	0.04554
991.28213	0.04567
989.35356	0.04546
987.42500	0.04491
985.49644	0.04419
983.56787	0.04362
981.63931	0.04324
979.71074	0.04300
977.78218	0.04291
975.85361	0.04300
973.92505	0.04323
971.99648	0.04354
970.06792	0.04393
968.13936	0.04432
966.21079	0.04462
964.28223	0.04486
962.35366	0.04508
960.42510	0.04524
958.49653	0.04527
956.56797	0.04523
954.63940	0.04531
952.71084	0.04548
950.78228	0.04562
948.85371	0.04584
946.92515	0.04612
944.99658	0.04619
943.06802	0.04610
941.13945	0.04609
939.21089	0.04618
937.28232	0.04617
935.35376	0.04596
933.42520	0.04561
931.49663	0.04528
929.56807	0.04507
927.63950	0.04499
925.71094	0.04495
923.78237	0.04489
921.85381	0.04492
919.92524	0.04518
917.99668	0.04569
916.06812	0.04652
914.13955	0.04778
912.21099	0.04947
910.28242	0.05111
908.35386	0.05163
906.42529	0.05024
904.49673	0.04742
902.56816	0.04438
900.63960	0.04178
898.71104	0.03969
896.78247	0.03812
894.85391	0.03707
892.92534	0.03648
890.99678	0.03613
889.06821	0.03584
887.13965	0.03567
885.21108	0.03565
883.28252	0.03557
881.35396	0.03535
879.42539	0.03519
877.49683	0.03512
875.56826	0.03499
873.63970	0.03470
871.71113	0.03427
869.78257	0.03388
867.85400	0.03360
865.92544	0.03339
863.99687	0.03327
862.06831	0.03301
860.13975	0.03246
858.21118	0.03190
856.28262	0.03147
854.35405	0.03109
852.42549	0.03069
850.49692	0.03025
848.56836	0.02969
846.63979	0.02902
844.71123	0.02836
842.78267	0.02775
840.85410	0.02707
838.92554	0.02629
836.99697	0.02554
835.06841	0.02480
833.13984	0.02390
831.21128	0.02287
829.28271	0.02189
827.35415	0.02090
825.42559	0.01973
823.49702	0.01843
821.56846	0.01708
819.63989	0.01557
817.71133	0.01378
815.78276	0.01157
813.85420	0.00892
811.92563	0.00609
809.99707	0.00310
808.06851	-0.00019
806.13994	-0.00374
804.21138	-0.00753
802.28281	-0.01165
800.35425	-0.01615
798.42568	-0.02103
796.49712	-0.02619
794.56855	-0.03155
792.63999	-0.03701
790.71143	-0.04217
788.78286	-0.04662
786.85430	-0.05035
784.92573	-0.05364
782.99717	-0.05655
781.06860	-0.05885
779.14004	-0.06054
777.21147	-0.06169
775.28291	-0.06231
773.35435	-0.06239
771.42578	-0.06208
769.49722	-0.06153
767.56865	-0.06085
765.64009	-0.06003
763.71152	-0.05876
761.78296	-0.05673
759.85439	-0.05404
757.92583	-0.05074
755.99727	-0.04680
754.06870	-0.04282
752.14014	-0.03937
750.21157	-0.03652
748.28301	-0.03411
746.35444	-0.03170
744.42588	-0.02883
742.49731	-0.02548
740.56875	-0.02140
738.64019	-0.01519
736.71162	-0.00275
734.78306	0.02284
732.85449	0.05929
730.92593	0.08355
728.99736	0.07909
727.06880	0.06375
725.14023	0.06085
723.21167	0.08072
721.28311	0.12890
719.35454	0.19011
717.42598	0.22772
715.49741	0.21451
713.56885	0.16366
711.64028	0.11070
709.71172	0.07505
707.78315	0.05499
705.85459	0.04335
703.92603	0.03577
701.99746	0.03040
700.06890	0.02654
698.14033	0.02383
696.21177	0.02199
694.28320	0.02064
692.35464	0.01955
690.42607	0.01883
688.49751	0.01851
686.56895	0.01819
684.64038	0.01770
682.71182	0.01720
680.78325	0.01690
678.85469	0.01685
676.92612	0.01654
674.99756	0.01562
673.06899	0.01568
671.14043	0.02112
669.21187	0.02936
667.28330	0.02460
665.35474	0.02140
663.42617	0.01780
661.49761	0.01650
659.56904	0.01716
657.64048	0.01813
655.71191	0.01860
653.78335	0.01835
651.85479	0.01783
649.92622	0.01709
647.99766	0.01573
646.06909	0.01400
644.14053	0.01228
642.21196	0.00982
640.28340	0.00541
638.35483	-0.00206
636.42627	-0.01333
634.49771	-0.02759
632.56914	-0.04076
630.64058	-0.04632
628.71201	-0.03968
626.78345	-0.02469
624.85488	-0.01061
622.92632	-0.00088
620.99775	0.00568
619.06919	0.00955
617.14062	0.01103
615.21206	0.01231
613.28350	0.01489
611.35493	0.01749
609.42637	0.01841
607.49780	0.01806
605.56924	0.01767
603.64067	0.01723
601.71211	0.01579
599.78354	0.01363
