3997.91411	-0.01023
3995.98555	-0.01042
3994.05698	-0.01053
3992.12842	-0.01049
3990.19985	-0.01045
3988.27129	-0.01039
3986.34272	-0.01031
3984.41416	-0.01027
3982.48560	-0.01031
3980.55703	-0.01043
3978.62847	-0.01051
3976.69990	-0.01046
3974.77134	-0.01040
3972.84277	-0.01048
3970.91421	-0.01061
3968.98564	-0.01064
3967.05708	-0.01060
3965.12852	-0.01052
3963.19995	-0.01041
3961.27139	-0.01035
3959.34282	-0.01030
3957.41426	-0.01017
3955.48569	-0.01016
3953.55713	-0.01031
3951.62856	-0.01041
3949.70000	-0.01044
3947.77144	-0.01050
3945.84287	-0.01056
3943.91431	-0.01060
3941.98574	-0.01053
3940.05718	-0.01035
3938.12861	-0.01027
3936.20005	-0.01025
3934.27148	-0.01025
3932.34292	-0.01034
3930.41436	-0.01046
3928.48579	-0.01048
3926.55723	-0.01045
3924.62866	-0.01036
3922.70010	-0.01015
3920.77153	-0.00997
3918.84297	-0.00999
3916.91440	-0.01012
3914.98584	-0.01015
3913.05728	-0.01005
3911.12871	-0.00997
3909.20015	-0.00995
3907.27158	-0.00980
3905.34302	-0.00959
3903.41445	-0.00952
3901.48589	-0.00953
3899.55732	-0.00961
3897.62876	-0.00985
3895.70020	-0.01010
3893.77163	-0.01014
3891.84307	-0.01003
3889.91450	-0.00993
3887.98594	-0.00976
3886.05737	-0.00968
3884.12881	-0.00993
3882.20024	-0.01015
3880.27168	-0.01018
3878.34312	-0.01025
3876.41455	-0.01037
3874.48599	-0.01044
3872.55742	-0.01022
3870.62886	-0.00971
3868.70029	-0.00943
3866.77173	-0.00950
3864.84316	-0.00966
3862.91460	-0.00989
3860.98604	-0.01017
3859.05747	-0.01041
3857.12891	-0.01037
3855.20034	-0.00976
3853.27178	-0.00913
3851.34321	-0.00964
3849.41465	-0.01044
3847.48608	-0.01068
3845.55752	-0.01050
3843.62896	-0.01027
3841.70039	-0.00998
3839.77183	-0.00947
3837.84326	-0.00914
3835.91470	-0.00943
3833.98613	-0.00994
3832.05757	-0.01024
3830.12900	-0.01046
3828.20044	-0.01066
3826.27187	-0.01075
3824.34331	-0.01059
3822.41475	-0.01025
3820.48618	-0.01019
3818.55762	-0.01028
3816.62905	-0.01005
3814.70049	-0.00996
3812.77192	-0.01029
3810.84336	-0.01056
3808.91479	-0.01047
3806.98623	-0.01023
3805.05767	-0.01026
3803.12910	-0.01034
3801.20054	-0.01031
3799.27197	-0.01041
3797.34341	-0.01064
3795.41484	-0.01095
3793.48628	-0.01124
3791.55771	-0.01136
3789.62915	-0.01136
3787.70059	-0.01134
3785.77202	-0.01130
3783.84346	-0.01123
3781.91489	-0.01112
3779.98633	-0.01103
3778.05776	-0.01110
3776.12920	-0.01129
3774.20063	-0.01145
3772.27207	-0.01140
3770.34351	-0.01115
3768.41494	-0.01091
3766.48638	-0.01089
3764.55781	-0.01109
3762.62925	-0.01123
3760.70068	-0.01115
3758.77212	-0.01109
3756.84355	-0.01111
3754.91499	-0.01098
3752.98643	-0.01056
3751.05786	-0.01005
3749.12930	-0.00980
3747.20073	-0.00950
3745.27217	-0.00882
3743.34360	-0.00830
3741.41504	-0.00801
3739.48647	-0.00710
3737.55791	-0.00551
3735.62935	-0.00418
3733.70078	-0.00362
3731.77222	-0.00314
3729.84365	-0.00251
3727.91509	-0.00210
3725.98652	-0.00236
3724.05796	-0.00334
3722.12939	-0.00464
3720.20083	-0.00606
3718.27227	-0.00756
3716.34370	-0.00869
3714.41514	-0.00880
3712.48657	-0.00776
3710.55801	-0.00634
3708.62944	-0.00538
3706.70088	-0.00488
3704.77231	-0.00468
3702.84375	-0.00473
3700.91519	-0.00487
3698.98662	-0.00505
3697.05806	-0.00542
3695.12949	-0.00586
3693.20093	-0.00629
3691.27236	-0.00672
3689.34380	-0.00715
3687.41523	-0.00764
3685.48667	-0.00820
3683.55811	-0.00876
3681.62954	-0.00915
3679.70098	-0.00914
3677.77241	-0.00865
3675.84385	-0.00834
3673.91528	-0.00878
3671.98672	-0.00911
3670.05815	-0.00923
3668.12959	-0.00968
3666.20103	-0.01016
3664.27246	-0.01037
3662.34390	-0.01042
3660.41533	-0.01036
3658.48677	-0.01021
3656.55820	-0.01023
3654.62964	-0.01039
3652.70107	-0.01004
3650.77251	-0.00918
3648.84395	-0.00905
3646.91538	-0.00996
3644.98682	-0.01065
3643.05825	-0.01071
3641.12969	-0.01030
3639.20112	-0.00967
3637.27256	-0.00905
3635.34399	-0.00831
3633.41543	-0.00730
3631.48687	-0.00614
3629.55830	-0.00518
3627.62974	-0.00510
3625.70117	-0.00572
3623.77261	-0.00638
3621.84404	-0.00707
3619.91548	-0.00775
3617.98691	-0.00845
3616.05835	-0.00929
3614.12979	-0.00989
3612.20122	-0.00985
3610.27266	-0.00940
3608.34409	-0.00891
3606.41553	-0.00848
3604.48696	-0.00809
3602.55840	-0.00793
3600.62983	-0.00805
3598.70127	-0.00809
3596.77271	-0.00796
3594.84414	-0.00810
3592.91558	-0.00860
3590.98701	-0.00905
3589.05845	-0.00940
3587.12988	-0.01003
3585.20132	-0.01085
3583.27275	-0.01162
3581.34419	-0.01234
3579.41562	-0.01287
3577.48706	-0.01298
3575.55850	-0.01289
3573.62993	-0.01291
3571.70137	-0.01292
3569.77280	-0.01273
3567.84424	-0.01276
3565.91567	-0.01334
3563.98711	-0.01389
3562.05854	-0.01408
3560.12998	-0.01412
3558.20142	-0.01405
3556.27285	-0.01389
3554.34429	-0.01378
3552.41572	-0.01381
3550.48716	-0.01380
3548.55859	-0.01369
3546.63003	-0.01367
3544.70146	-0.01367
3542.77290	-0.01356
3540.84434	-0.01361
3538.91577	-0.01385
3536.98721	-0.01397
3535.05864	-0.01382
3533.13008	-0.01355
3531.20151	-0.01339
3529.27295	-0.01336
3527.34438	-0.01342
3525.41582	-0.01369
3523.48726	-0.01405
3521.55869	-0.01434
3519.63013	-0.01450
3517.70156	-0.01447
3515.77300	-0.01436
3513.84443	-0.01426
3511.91587	-0.01409
3509.98730	-0.01393
3508.05874	-0.01392
3506.13018	-0.01401
3504.20161	-0.01412
3502.27305	-0.01421
3500.34448	-0.01426
3498.41592	-0.01434
3496.48735	-0.01433
3494.55879	-0.01408
3492.63022	-0.01375
3490.70166	-0.01364
3488.77310	-0.01380
3486.84453	-0.01400
3484.91597	-0.01412
3482.98740	-0.01420
3481.05884	-0.01422
3479.13027	-0.01420
3477.20171	-0.01428
3475.27314	-0.01438
3473.34458	-0.01431
3471.41602	-0.01411
3469.48745	-0.01390
3467.55889	-0.01383
3465.63032	-0.01396
3463.70176	-0.01410
3461.77319	-0.01405
3459.84463	-0.01402
3457.91606	-0.01425
3455.98750	-0.01460
3454.05894	-0.01477
3452.13037	-0.01471
3450.20181	-0.01457
3448.27324	-0.01455
3446.34468	-0.01445
3444.41611	-0.01396
3442.48755	-0.01359
3440.55898	-0.01385
3438.63042	-0.01423
3436.70186	-0.01429
3434.77329	-0.01450
3432.84473	-0.01482
3430.91616	-0.01459
3428.98760	-0.01395
3427.05903	-0.01366
3425.13047	-0.01385
3423.20190	-0.01409
3421.27334	-0.01425
3419.34478	-0.01448
3417.41621	-0.01461
3415.48765	-0.01447
3413.55908	-0.01425
3411.63052	-0.01405
3409.70195	-0.01382
3407.77339	-0.01371
3405.84482	-0.01380
3403.91626	-0.01406
3401.98770	-0.01428
3400.05913	-0.01433
3398.13057	-0.01435
3396.20200	-0.01442
3394.27344	-0.01450
3392.34487	-0.01452
3390.41631	-0.01450
3388.48774	-0.01446
3386.55918	-0.01432
3384.63062	-0.01409
3382.70205	-0.01387
3380.77349	-0.01391
3378.84492	-0.01423
3376.91636	-0.01447
3374.98779	-0.01453
3373.05923	-0.01456
3371.13066	-0.01459
3369.20210	-0.01464
3367.27354	-0.01471
3365.34497	-0.01462
3363.41641	-0.01425
3361.48784	-0.01383
3359.55928	-0.01364
3357.63071	-0.01357
3355.70215	-0.01366
3353.77358	-0.01415
3351.84502	-0.01473
3349.91646	-0.01478
3347.98789	-0.01448
3346.05933	-0.01430
3344.13076	-0.01421
3342.20220	-0.01422
3340.27363	-0.01447
3338.34507	-0.01472
3336.41650	-0.01468
3334.48794	-0.01445
3332.55937	-0.01428
3330.63081	-0.01426
3328.70225	-0.01430
3326.77368	-0.01444
3324.84512	-0.01461
3322.91655	-0.01466
3320.98799	-0.01454
3319.05942	-0.01435
3317.13086	-0.01422
3315.20229	-0.01419
3313.27373	-0.01416
3311.34517	-0.01411
3309.41660	-0.01416
3307.48804	-0.01436
3305.55947	-0.01447
3303.63091	-0.01441
3301.70234	-0.01431
3299.77378	-0.01429
3297.84521	-0.01435
3295.91665	-0.01439
3293.98809	-0.01451
3292.05952	-0.01468
3290.13096	-0.01468
3288.20239	-0.01461
3286.27383	-0.01453
3284.34526	-0.01440
3282.41670	-0.01438
3280.48813	-0.01452
3278.55957	-0.01455
3276.63101	-0.01445
3274.70244	-0.01446
3272.77388	-0.01466
3270.84531	-0.01480
3268.91675	-0.01467
3266.98818	-0.01449
3265.05962	-0.01458
3263.13105	-0.01491
3261.20249	-0.01513
3259.27393	-0.01501
3257.34536	-0.01471
3255.41680	-0.01459
3253.48823	-0.01469
3251.55967	-0.01478
3249.63110	-0.01480
3247.70254	-0.01480
3245.77397	-0.01475
3243.84541	-0.01477
3241.91685	-0.01491
3239.98828	-0.01501
3238.05972	-0.01504
3236.13115	-0.01516
3234.20259	-0.01527
3232.27402	-0.01521
3230.34546	-0.01517
3228.41689	-0.01529
3226.48833	-0.01530
3224.55977	-0.01510
3222.63120	-0.01494
3220.70264	-0.01498
3218.77407	-0.01511
3216.84551	-0.01527
3214.91694	-0.01539
3212.98838	-0.01535
3211.05981	-0.01513
3209.13125	-0.01494
3207.20269	-0.01501
3205.27412	-0.01522
3203.34556	-0.01532
3201.41699	-0.01527
3199.48843	-0.01525
3197.55986	-0.01523
3195.63130	-0.01520
3193.70273	-0.01520
3191.77417	-0.01515
3189.84561	-0.01512
3187.91704	-0.01532
3185.98848	-0.01570
3184.05991	-0.01597
3182.13135	-0.01569
3180.20278	-0.01507
3178.27422	-0.01477
3176.34565	-0.01484
3174.41709	-0.01511
3172.48853	-0.01547
3170.55996	-0.01567
3168.63140	-0.01567
3166.70283	-0.01564
3164.77427	-0.01562
3162.84570	-0.01556
3160.91714	-0.01550
3158.98857	-0.01550
3157.06001	-0.01555
3155.13145	-0.01558
3153.20288	-0.01564
3151.27432	-0.01579
3149.34575	-0.01600
3147.41719	-0.01616
3145.48862	-0.01634
3143.56006	-0.01655
3141.63149	-0.01656
3139.70293	-0.01627
3137.77437	-0.01596
3135.84580	-0.01577
3133.91724	-0.01572
3131.98867	-0.01586
3130.06011	-0.01603
3128.13154	-0.01600
3126.20298	-0.01580
3124.27441	-0.01575
3122.34585	-0.01600
3120.41729	-0.01629
3118.48872	-0.01640
3116.56016	-0.01631
3114.63159	-0.01605
3112.70303	-0.01576
3110.77446	-0.01559
3108.84590	-0.01558
3106.91733	-0.01559
3104.98877	-0.01550
3103.06021	-0.01546
3101.13164	-0.01556
3099.20308	-0.01566
3097.27451	-0.01563
3095.34595	-0.01550
3093.41738	-0.01526
3091.48882	-0.01505
3089.56025	-0.01503
3087.63169	-0.01520
3085.70312	-0.01546
3083.77456	-0.01565
3081.84600	-0.01570
3079.91743	-0.01572
3077.98887	-0.01575
3076.06030	-0.01579
3074.13174	-0.01587
3072.20317	-0.01601
3070.27461	-0.01603
3068.34604	-0.01581
3066.41748	-0.01553
3064.48892	-0.01542
3062.56035	-0.01545
3060.63179	-0.01555
3058.70322	-0.01575
3056.77466	-0.01600
3054.84609	-0.01616
3052.91753	-0.01614
3050.98896	-0.01600
3049.06040	-0.01589
3047.13184	-0.01578
3045.20327	-0.01571
3043.27471	-0.01575
3041.34614	-0.01586
3039.41758	-0.01597
3037.48901	-0.01610
3035.56045	-0.01616
3033.63188	-0.01613
3031.70332	-0.01607
3029.77476	-0.01593
3027.84619	-0.01574
3025.91763	-0.01568
3023.98906	-0.01574
3022.06050	-0.01575
3020.13193	-0.01567
3018.20337	-0.01562
3016.27480	-0.01560
3014.34624	-0.01551
3012.41768	-0.01535
3010.48911	-0.01520
3008.56055	-0.01516
3006.63198	-0.01508
3004.70342	-0.01489
3002.77485	-0.01476
3000.84629	-0.01464
2998.91772	-0.01440
2996.98916	-0.01418
2995.06060	-0.01413
2993.13203	-0.01404
2991.20347	-0.01368
2989.27490	-0.01336
2987.34634	-0.01335
2985.41777	-0.01347
2983.48921	-0.01362
2981.56064	-0.01366
2979.63208	-0.01340
2977.70352	-0.01300
2975.77495	-0.01262
2973.84639	-0.01219
2971.91782	-0.01168
2969.98926	-0.01122
2968.06069	-0.01074
2966.13213	-0.01015
2964.20356	-0.00945
2962.27500	-0.00860
2960.34644	-0.00747
2958.41787	-0.00609
2956.48931	-0.00453
2954.56074	-0.00267
2952.63218	-0.00025
2950.70361	0.00275
2948.77505	0.00627
2946.84648	0.01059
2944.91792	0.01600
2942.98936	0.02253
2941.06079	0.03019
2939.13223	0.03901
2937.20366	0.04920
2935.27510	0.06103
2933.34653	0.07481
2931.41797	0.09102
2929.48940	0.11028
2927.56084	0.13303
2925.63228	0.15947
2923.70371	0.18952
2921.77515	0.22203
2919.84658	0.25405
2917.91802	0.28095
2915.98945	0.29725
2914.06089	0.29939
2912.13232	0.28861
2910.20376	0.27018
2908.27520	0.24963
2906.34663	0.23053
2904.41807	0.21440
2902.48950	0.20115
2900.56094	0.18997
2898.63237	0.18032
2896.70381	0.17173
2894.77524	0.16341
2892.84668	0.15489
2890.91812	0.14637
2888.98955	0.13798
2887.06099	0.12966
2885.13242	0.12129
2883.20386	0.11264
2881.27529	0.10351
2879.34673	0.09408
2877.41816	0.08478
2875.48960	0.07605
2873.56104	0.06853
2871.63247	0.06279
2869.70391	0.05893
2867.77534	0.05688
2865.84678	0.05704
2863.91821	0.06017
2861.98965	0.06726
2860.06108	0.07987
2858.13252	0.10003
2856.20396	0.13025
2854.27539	0.17272
2852.34683	0.22488
2850.41826	0.27282
2848.48970	0.29445
2846.56113	0.28017
2844.63257	0.24340
2842.70400	0.20281
2840.77544	0.16805
2838.84687	0.14110
2836.91831	0.12093
2834.98975	0.10591
2833.06118	0.09457
2831.13262	0.08574
2829.20405	0.07849
2827.27549	0.07232
2825.34692	0.06706
2823.41836	0.06267
2821.48979	0.05905
2819.56123	0.05586
2817.63267	0.05295
2815.70410	0.05040
2813.77554	0.04823
2811.84697	0.04618
2809.91841	0.04418
2807.98984	0.04247
2806.06128	0.04116
2804.13271	0.03995
2802.20415	0.03857
2800.27559	0.03717
2798.34702	0.03596
2796.41846	0.03497
2794.48989	0.03396
2792.56133	0.03284
2790.63276	0.03173
2788.70420	0.03078
2786.77563	0.02997
2784.84707	0.02919
2782.91851	0.02832
2780.98994	0.02737
2779.06138	0.02642
2777.13281	0.02555
2775.20425	0.02480
2773.27568	0.02418
2771.34712	0.02358
2769.41855	0.02293
2767.48999	0.02231
2765.56143	0.02186
2763.63286	0.02139
2761.70430	0.02073
2759.77573	0.02001
2757.84717	0.01947
2755.91860	0.01916
2753.99004	0.01889
2752.06147	0.01855
2750.13291	0.01830
2748.20435	0.01821
2746.27578	0.01812
2744.34722	0.01796
2742.41865	0.01769
2740.49009	0.01730
2738.56152	0.01693
2736.63296	0.01669
2734.70439	0.01650
2732.77583	0.01628
2730.84727	0.01594
2728.91870	0.01550
2726.99014	0.01510
2725.06157	0.01477
2723.13301	0.01446
2721.20444	0.01415
2719.27588	0.01378
2717.34731	0.01346
2715.41875	0.01332
2713.49019	0.01322
2711.56162	0.01305
2709.63306	0.01284
2707.70449	0.01253
2705.77593	0.01220
2703.84736	0.01202
2701.91880	0.01192
2699.99023	0.01172
2698.06167	0.01140
2696.13311	0.01115
2694.20454	0.01108
2692.27598	0.01100
2690.34741	0.01076
2688.41885	0.01053
2686.49028	0.01039
2684.56172	0.01027
2682.63315	0.01021
2680.70459	0.01025
2678.77603	0.01030
2676.84746	0.01035
2674.91890	0.01045
2672.99033	0.01060
2671.06177	0.01069
2669.13320	0.01071
2667.20464	0.01079
2665.27607	0.01090
2663.34751	0.01098
2661.41895	0.01105
2659.49038	0.01112
2657.56182	0.01109
2655.63325	0.01099
2653.70469	0.01089
2651.77612	0.01079
2649.84756	0.01071
2647.91899	0.01070
2645.99043	0.01069
2644.06187	0.01070
2642.13330	0.01076
2640.20474	0.01087
2638.27617	0.01098
2636.34761	0.01100
2634.41904	0.01084
2632.49048	0.01056
2630.56191	0.01041
2628.63335	0.01042
2626.70479	0.01033
2624.77622	0.01002
2622.84766	0.00956
2620.91909	0.00912
2618.99053	0.00879
2617.06196	0.00851
2615.13340	0.00819
2613.20483	0.00783
2611.27627	0.00747
2609.34771	0.00722
2607.41914	0.00710
2605.49058	0.00699
2603.56201	0.00682
2601.63345	0.00665
2599.70488	0.00648
2597.77632	0.00628
2595.84775	0.00614
2593.91919	0.00611
2591.99062	0.00604
2590.06206	0.00581
2588.13350	0.00545
2586.20493	0.00517
2584.27637	0.00503
2582.34780	0.00485
2580.41924	0.00462
2578.49067	0.00446
2576.56211	0.00432
2574.63354	0.00411
2572.70498	0.00394
2570.77642	0.00389
2568.84785	0.00382
2566.91929	0.00364
2564.99072	0.00350
2563.06216	0.00353
2561.13359	0.00355
2559.20503	0.00340
2557.27646	0.00322
2555.34790	0.00310
2553.41934	0.00300
2551.49077	0.00301
2549.56221	0.00304
2547.63364	0.00286
2545.70508	0.00254
2543.77651	0.00236
2541.84795	0.00234
2539.91938	0.00236
2537.99082	0.00234
2536.06226	0.00225
2534.13369	0.00220
2532.20513	0.00223
2530.27656	0.00216
2528.34800	0.00204
2526.41943	0.00188
2524.49087	0.00166
2522.56230	0.00150
2520.63374	0.00143
2518.70518	0.00138
2516.77661	0.00142
2514.84805	0.00150
2512.91948	0.00139
2510.99092	0.00106
2509.06235	0.00078
2507.13379	0.00080
2505.20522	0.00096
2503.27666	0.00095
2501.34810	0.00079
2499.41953	0.00068
2497.49097	0.00057
2495.56240	0.00039
2493.63384	0.00034
2491.70527	0.00045
2489.77671	0.00054
2487.84814	0.00048
2485.91958	0.00032
2483.99102	0.00018
2482.06245	0.00018
2480.13389	0.00028
2478.20532	0.00033
2476.27676	0.00023
2474.34819	0.00002
2472.41963	-0.00014
2470.49106	-0.00016
2468.56250	-0.00009
2466.63394	-0.00007
2464.70537	-0.00013
2462.77681	-0.00023
2460.84824	-0.00029
2458.91968	-0.00029
2456.99111	-0.00032
2455.06255	-0.00043
2453.13398	-0.00058
2451.20542	-0.00068
2449.27686	-0.00069
2447.34829	-0.00070
2445.41973	-0.00080
2443.49116	-0.00086
2441.56260	-0.00084
2439.63403	-0.00083
2437.70547	-0.00079
2435.77690	-0.00066
2433.84834	-0.00058
2431.91978	-0.00067
2429.99121	-0.00074
2428.06265	-0.00075
2426.13408	-0.00079
2424.20552	-0.00080
2422.27695	-0.00074
2420.34839	-0.00071
2418.41982	-0.00067
2416.49126	-0.00065
2414.56270	-0.00074
2412.63413	-0.00088
2410.70557	-0.00096
2408.77700	-0.00111
2406.84844	-0.00134
2404.91987	-0.00152
2402.99131	-0.00156
2401.06274	-0.00163
2399.13418	-0.00659
2397.20562	-0.00720
2395.27705	-0.00499
2393.34849	-0.00257
2391.41992	-0.00020
2389.49136	0.00234
2387.56279	0.00503
2385.63423	0.00753
2383.70566	0.00976
2381.77710	0.01136
2379.84854	0.01101
2377.91997	0.00987
2375.99141	0.00805
2374.06284	0.00848
2372.13428	0.01236
2370.20571	0.01117
2368.27715	0.01164
2366.34858	0.01010
2364.42002	0.01558
2362.49146	0.01910
2360.56289	0.01631
2358.63433	0.02130
2356.70576	0.02226
2354.77720	0.03392
2352.84863	0.03706
2350.92007	0.02609
2348.99150	0.01246
2347.06294	0.01931
2345.13437	0.01782
2343.20581	0.01980
2341.27725	0.04277
2339.34868	0.05103
2337.42012	0.03819
2335.49155	0.01978
2333.56299	0.00044
2331.63442	-0.00683
2329.70586	-0.00739
2327.77729	0.00367
2325.84873	0.00240
2323.92017	-0.00281
2321.99160	-0.01027
2320.06304	-0.01054
2318.13447	-0.01239
2316.20591	-0.01032
2314.27734	-0.00805
2312.34878	-0.00498
2310.42021	0.00394
2308.49165	0.01135
2306.56309	0.01789
2304.63452	0.01962
2302.70596	0.01714
2300.77739	0.01308
2298.84883	0.00827
2296.92026	0.00483
2294.99170	0.00507
2293.06313	0.00611
2291.13457	0.00626
2289.20601	0.00559
2287.27744	0.00374
2285.34888	0.00153
2283.42031	-0.00029
2281.49175	-0.00135
2279.56318	-0.00190
2277.63462	-0.00234
2275.70605	-0.00191
2273.77749	-0.00129
2271.84893	-0.00103
2269.92036	-0.00115
2267.99180	-0.00148
2266.06323	-0.00156
2264.13467	-0.00126
2262.20610	-0.00079
2260.27754	-0.00013
2258.34897	-0.00024
2256.42041	-0.00047
2254.49185	0.00005
2252.56328	0.00121
2250.63472	0.00220
2248.70615	-0.00004
2246.77759	-0.00020
2244.84902	-0.00048
2242.92046	-0.00068
2240.99189	-0.00075
2239.06333	-0.00086
2237.13477	-0.00112
2235.20620	-0.00149
2233.27764	-0.00167
2231.34907	-0.00139
2229.42051	-0.00087
2227.49194	-0.00064
2225.56338	-0.00085
2223.63481	-0.00129
2221.70625	-0.00182
2219.77769	-0.00215
2217.84912	-0.00192
2215.92056	-0.00160
2213.99199	-0.00179
2212.06343	-0.00202
2210.13486	-0.00191
2208.20630	-0.00186
2206.27773	-0.00190
2204.34917	-0.00183
2202.42061	-0.00189
2200.49204	-0.00226
2198.56348	-0.00251
2196.63491	-0.00213
2194.70635	-0.00141
2192.77778	-0.00103
2190.84922	-0.00113
2188.92065	-0.00139
2186.99209	-0.00148
2185.06353	-0.00149
2183.13496	-0.00173
2181.20640	-0.00193
2179.27783	-0.00196
2177.34927	-0.00229
2175.42070	-0.00279
2173.49214	-0.00269
2171.56357	-0.00171
2169.63501	-0.00063
2167.70645	-0.00034
2165.77788	-0.00038
2163.84932	-0.00007
2161.92075	-0.00050
2159.99219	-0.00273
2158.06362	-0.00504
2156.13506	-0.00565
2154.20649	-0.00517
2152.27793	-0.00448
2150.34937	-0.00383
2148.42080	-0.00341
2146.49224	-0.00341
2144.56367	-0.00357
2142.63511	-0.00344
2140.70654	-0.00322
2138.77798	-0.00343
2136.84941	-0.00421
2134.92085	-0.00485
2132.99229	-0.00459
2131.06372	-0.00381
2129.13516	-0.00321
2127.20659	-0.00285
2125.27803	-0.00266
2123.34946	-0.00261
2121.42090	-0.00237
2119.49233	-0.00185
2117.56377	-0.00143
2115.63521	-0.00127
2113.70664	-0.00118
2111.77808	-0.00123
2109.84951	-0.00152
2107.92095	-0.00178
2105.99238	-0.00183
2104.06382	-0.00185
2102.13525	-0.00174
2100.20669	-0.00158
2098.27812	-0.00170
2096.34956	-0.00211
2094.42100	-0.00232
2092.49243	-0.00207
2090.56387	-0.00171
2088.63530	-0.00159
2086.70674	-0.00152
2084.77817	-0.00124
2082.84961	-0.00094
2080.92104	-0.00088
2078.99248	-0.00097
2077.06392	-0.00106
2075.13535	-0.00104
2073.20679	-0.00089
2071.27822	-0.00075
2069.34966	-0.00081
2067.42109	-0.00104
2065.49253	-0.00113
2063.56396	-0.00107
2061.63540	-0.00122
2059.70684	-0.00142
2057.77827	-0.00124
2055.84971	-0.00090
2053.92114	-0.00034
2051.99258	0.00046
2050.06401	0.00062
2048.13545	0.00007
2046.20688	-0.00026
2044.27832	-0.00016
2042.34976	0.00015
2040.42119	0.00044
2038.49263	0.00023
2036.56406	-0.00026
2034.63550	-0.00053
2032.70693	-0.00072
2030.77837	-0.00087
2028.84980	-0.00089
2026.92124	-0.00087
2024.99268	-0.00077
2023.06411	-0.00058
2021.13555	-0.00046
2019.20698	-0.00037
2017.27842	-0.00030
2015.34985	-0.00033
2013.42129	-0.00032
2011.49272	-0.00014
2009.56416	-0.00008
2007.63560	-0.00049
2005.70703	-0.00084
2003.77847	-0.00087
2001.84990	-0.00097
1999.92134	-0.00095
1997.99277	-0.00055
1996.06421	-0.00002
1994.13564	0.00019
1992.20708	-0.00014
1990.27852	-0.00040
1988.34995	-0.00000
1986.42139	0.00070
1984.49282	0.00134
1982.56426	0.00185
1980.63569	0.00175
1978.70713	0.00080
1976.77856	-0.00016
1974.85000	-0.00059
1972.92144	-0.00071
1970.99287	-0.00071
1969.06431	-0.00071
1967.13574	-0.00077
1965.20718	-0.00087
1963.27861	-0.00081
1961.35005	-0.00049
1959.42148	-0.00001
1957.49292	0.00045
1955.56436	0.00052
1953.63579	0.00015
1951.70723	-0.00030
1949.77866	-0.00059
1947.85010	-0.00059
1945.92153	-0.00025
1943.99297	0.00017
1942.06440	0.00023
1940.13584	0.00005
1938.20728	0.00014
1936.27871	0.00057
1934.35015	0.00092
1932.42158	0.00100
1930.49302	0.00103
1928.56445	0.00108
1926.63589	0.00105
1924.70732	0.00105
1922.77876	0.00117
1920.85020	0.00129
1918.92163	0.00145
1916.99307	0.00162
1915.06450	0.00160
1913.13594	0.00152
1911.20737	0.00163
1909.27881	0.00191
1907.35024	0.00213
1905.42168	0.00225
1903.49312	0.00247
1901.56455	0.00267
1899.63599	0.00259
1897.70742	0.00245
1895.77886	0.00244
1893.85029	0.00250
1891.92173	0.00270
1889.99316	0.00297
1888.06460	0.00292
1886.13604	0.00253
1884.20747	0.00224
1882.27891	0.00218
1880.35034	0.00207
1878.42178	0.00192
1876.49321	0.00200
1874.56465	0.00224
1872.63608	0.00236
1870.70752	0.00244
1868.77896	0.00260
1866.85039	0.00269
1864.92183	0.00268
1862.99326	0.00265
1861.06470	0.00261
1859.13613	0.00266
1857.20757	0.00280
1855.27900	0.00286
1853.35044	0.00281
1851.42187	0.00275
1849.49331	0.00272
1847.56475	0.00284
1845.63618	0.00314
1843.70762	0.00334
1841.77905	0.00330
1839.85049	0.00325
1837.92192	0.00328
1835.99336	0.00330
1834.06479	0.00337
1832.13623	0.00365
1830.20767	0.00409
1828.27910	0.00433
1826.35054	0.00429
1824.42197	0.00417
1822.49341	0.00410
1820.56484	0.00408
1818.63628	0.00395
1816.70771	0.00386
1814.77915	0.00411
1812.85059	0.00453
1810.92202	0.00483
1808.99346	0.00486
1807.06489	0.00477
1805.13633	0.00483
1803.20776	0.00510
1801.27920	0.00539
1799.35063	0.00551
1797.42207	0.00558
1795.49351	0.00591
1793.56494	0.00650
1791.63638	0.00687
1789.70781	0.00682
1787.77925	0.00678
1785.85068	0.00699
1783.92212	0.00717
1781.99355	0.00716
1780.06499	0.00713
1778.13643	0.00726
1776.20786	0.00765
1774.27930	0.00830
1772.35073	0.00883
1770.42217	0.00891
1768.49360	0.00884
1766.56504	0.00878
1764.63647	0.00888
1762.70791	0.00923
1760.77935	0.00952
1758.85078	0.00969
1756.92222	0.00996
1754.99365	0.01034
1753.06509	0.01100
1751.13652	0.01193
1749.20796	0.01263
1747.27939	0.01303
1745.35083	0.01362
1743.42227	0.01463
1741.49370	0.01578
1739.56514	0.01659
1737.63657	0.01712
1735.70801	0.01784
1733.77944	0.01831
1731.85088	0.01797
1729.92231	0.01790
1727.99375	0.01885
1726.06519	0.02075
1724.13662	0.02348
1722.20806	0.02662
1720.27949	0.02975
1718.35093	0.03299
1716.42236	0.03563
1714.49380	0.03677
1712.56523	0.03677
1710.63667	0.03601
1708.70811	0.03477
1706.77954	0.03323
1704.85098	0.03154
1702.92241	0.03017
1700.99385	0.02903
1699.06528	0.02779
1697.13672	0.02658
1695.20815	0.02486
1693.27959	0.02272
1691.35103	0.02088
1689.42246	0.01948
1687.49390	0.01875
1685.56533	0.01862
1683.63677	0.01804
1681.70820	0.01681
1679.77964	0.01598
1677.85107	0.01574
1675.92251	0.01575
1673.99395	0.01565
1672.06538	0.01556
1670.13682	0.01540
1668.20825	0.01483
1666.27969	0.01432
1664.35112	0.01430
1662.42256	0.01437
1660.49399	0.01417
1658.56543	0.01405
1656.63687	0.01450
1654.70830	0.01551
1652.77974	0.01581
1650.85117	0.01508
1648.92261	0.01486
1646.99404	0.01499
1645.06548	0.01476
1643.13691	0.01444
1641.20835	0.01437
1639.27979	0.01461
1637.35122	0.01508
1635.42266	0.01511
1633.49409	0.01446
1631.56553	0.01403
1629.63696	0.01405
1627.70840	0.01417
1625.77983	0.01422
1623.85127	0.01416
1621.92271	0.01400
1619.99414	0.01407
1618.06558	0.01440
1616.13701	0.01445
1614.20845	0.01405
1612.27988	0.01374
1610.35132	0.01361
1608.42275	0.01353
1606.49419	0.01353
1604.56562	0.01361
1602.63706	0.01367
1600.70850	0.01364
1598.77993	0.01358
1596.85137	0.01356
1594.92280	0.01351
1592.99424	0.01344
1591.06567	0.01348
1589.13711	0.01366
1587.20854	0.01378
1585.27998	0.01373
1583.35142	0.01367
1581.42285	0.01370
1579.49429	0.01386
1577.56572	0.01409
1575.63716	0.01400
1573.70859	0.01360
1571.78003	0.01353
1569.85146	0.01366
1567.92290	0.01348
1565.99434	0.01324
1564.06577	0.01330
1562.13721	0.01391
1560.20864	0.01520
1558.28008	0.01579
1556.35151	0.01497
1554.42295	0.01427
1552.49438	0.01392
1550.56582	0.01369
1548.63726	0.01355
1546.70869	0.01369
1544.78013	0.01426
1542.85156	0.01507
1540.92300	0.01559
1538.99443	0.01500
1537.06587	0.01411
1535.13730	0.01391
1533.20874	0.01396
1531.28018	0.01372
1529.35161	0.01363
1527.42305	0.01392
1525.49448	0.01426
1523.56592	0.01458
1521.63735	0.01481
1519.70879	0.01457
1517.78022	0.01418
1515.85166	0.01390
1513.92310	0.01370
1511.99453	0.01375
1510.06597	0.01415
1508.13740	0.01489
1506.20884	0.01504
1504.28027	0.01422
1502.35171	0.01367
1500.42314	0.01378
1498.49458	0.01427
1496.56602	0.01455
1494.63745	0.01443
1492.70889	0.01443
1490.78032	0.01481
1488.85176	0.01510
1486.92319	0.01510
1484.99463	0.01536
1483.06606	0.01660
1481.13750	0.02026
1479.20894	0.03013
1477.28037	0.05437
1475.35181	0.09994
1473.42324	0.15488
1471.49468	0.17744
1469.56611	0.15840
1467.63755	0.13223
1465.70898	0.11743
1463.78042	0.11539
1461.85186	0.11316
1459.92329	0.10111
1457.99473	0.08178
1456.06616	0.06497
1454.13760	0.05584
1452.20903	0.05041
1450.28047	0.04643
1448.35190	0.04355
1446.42334	0.04145
1444.49478	0.03997
1442.56621	0.03894
1440.63765	0.03812
1438.70908	0.03742
1436.78052	0.03634
1434.85195	0.03458
1432.92339	0.03283
1430.99482	0.03131
1429.06626	0.02979
1427.13770	0.02836
1425.20913	0.02721
1423.28057	0.02651
1421.35200	0.02651
1419.42344	0.02692
1417.49487	0.02715
1415.56631	0.02740
1413.63774	0.02805
1411.70918	0.02879
1409.78062	0.02908
1407.85205	0.02884
1405.92349	0.02812
1403.99492	0.02678
1402.06636	0.02518
1400.13779	0.02378
1398.20923	0.02268
1396.28066	0.02202
1394.35210	0.02149
1392.42354	0.02059
1390.49497	0.01983
1388.56641	0.01967
1386.63784	0.01983
1384.70928	0.02010
1382.78071	0.02067
1380.85215	0.02164
1378.92358	0.02280
1376.99502	0.02389
1375.06646	0.02485
1373.13789	0.02557
1371.20933	0.02592
1369.28076	0.02595
1367.35220	0.02572
1365.42363	0.02524
1363.49507	0.02461
1361.56650	0.02393
1359.63794	0.02330
1357.70937	0.02287
1355.78081	0.02268
1353.85225	0.02261
1351.92368	0.02247
1349.99512	0.02218
1348.06655	0.02176
1346.13799	0.02123
1344.20942	0.02062
1342.28086	0.01999
1340.35229	0.01933
1338.42373	0.01865
1336.49517	0.01808
1334.56660	0.01770
1332.63804	0.01742
1330.70947	0.01728
1328.78091	0.01733
1326.85234	0.01751
1324.92378	0.01773
1322.99521	0.01801
1321.06665	0.01838
1319.13809	0.01883
1317.20952	0.01931
1315.28096	0.01981
1313.35239	0.02031
1311.42383	0.02083
1309.49526	0.02135
1307.56670	0.02181
1305.63813	0.02217
1303.70957	0.02251
1301.78101	0.02288
1299.85244	0.02328
1297.92388	0.02364
1295.99531	0.02384
1294.06675	0.02379
1292.13818	0.02354
1290.20962	0.02320
1288.28105	0.02289
1286.35249	0.02267
1284.42393	0.02243
1282.49536	0.02212
1280.56680	0.02179
1278.63823	0.02152
1276.70967	0.02135
1274.78110	0.02120
1272.85254	0.02102
1270.92397	0.02086
1268.99541	0.02075
1267.06685	0.02066
1265.13828	0.02061
1263.20972	0.02060
1261.28115	0.02062
1259.35259	0.02065
1257.42402	0.02067
1255.49546	0.02072
1253.56689	0.02079
1251.63833	0.02082
1249.70977	0.02078
1247.78120	0.02069
1245.85264	0.02061
1243.92407	0.02057
1241.99551	0.02052
1240.06694	0.02038
1238.13838	0.02026
1236.20981	0.02024
1234.28125	0.02025
1232.35269	0.02018
1230.42412	0.02011
1228.49556	0.02014
1226.56699	0.02017
1224.63843	0.02004
1222.70986	0.01981
1220.78130	0.01959
1218.85273	0.01945
1216.92417	0.01931
1214.99561	0.01917
1213.06704	0.01908
1211.13848	0.01903
1209.20991	0.01893
1207.28135	0.01882
1205.35278	0.01873
1203.42422	0.01873
1201.49565	0.01880
1199.56709	0.01885
1197.63853	0.01890
1195.70996	0.01902
1193.78140	0.01913
1191.85283	0.01917
1189.92427	0.01923
1187.99570	0.01938
1186.06714	0.01957
1184.13857	0.01967
1182.21001	0.01972
1180.28145	0.01992
1178.35288	0.02040
1176.42432	0.02082
1174.49575	0.02081
1172.56719	0.02054
1170.63862	0.02033
1168.71006	0.02021
1166.78149	0.02004
1164.85293	0.01980
1162.92437	0.01950
1160.99580	0.01913
1159.06724	0.01868
1157.13867	0.01814
1155.21011	0.01747
1153.28154	0.01676
1151.35298	0.01616
1149.42441	0.01571
1147.49585	0.01535
1145.56729	0.01503
1143.63872	0.01483
1141.71016	0.01471
1139.78159	0.01460
1137.85303	0.01456
1135.92446	0.01474
1133.99590	0.01508
1132.06733	0.01541
1130.13877	0.01563
1128.21021	0.01573
1126.28164	0.01572
1124.35308	0.01568
1122.42451	0.01578
1120.49595	0.01598
1118.56738	0.01616
1116.63882	0.01636
1114.71025	0.01661
1112.78169	0.01692
1110.85312	0.01719
1108.92456	0.01734
1106.99600	0.01748
1105.06743	0.01768
1103.13887	0.01777
1101.21030	0.01777
1099.28174	0.01786
1097.35317	0.01803
1095.42461	0.01815
1093.49604	0.01825
1091.56748	0.01849
1089.63892	0.01894
1087.71035	0.01943
1085.78179	0.01978
1083.85322	0.02013
1081.92466	0.02065
1079.99609	0.02114
1078.06753	0.02135
1076.13896	0.02126
1074.21040	0.02104
1072.28184	0.02080
1070.35327	0.02070
1068.42471	0.02094
1066.49614	0.02123
1064.56758	0.02108
1062.63901	0.02071
1060.71045	0.02069
1058.78188	0.02095
1056.85332	0.02103
1054.92476	0.02080
1052.99619	0.02061
1051.06763	0.02050
1049.13906	0.02020
1047.21050	0.01964
1045.28193	0.01905
1043.35337	0.01868
1041.42480	0.01846
1039.49624	0.01819
1037.56768	0.01785
1035.63911	0.01741
1033.71055	0.01689
1031.78198	0.01647
1029.85342	0.01636
1027.92485	0.01637
1025.99629	0.01614
1024.06772	0.01573
1022.13916	0.01534
1020.21060	0.01493
1018.28203	0.01456
1016.35347	0.01432
1014.42490	0.01416
1012.49634	0.01399
1010.56777	0.01373
1008.63921	0.01340
1006.71064	0.01311
1004.78208	0.01288
1002.85352	0.01267
1000.92495	0.01245
998.99639	0.01224
997.06782	0.01216
995.13926	0.01218
993.21069	0.01213
991.28213	0.01203
989.35356	0.01199
987.42500	0.01195
985.49644	0.01183
983.56787	0.01175
981.63931	0.01180
979.71074	0.01190
977.78218	0.01198
975.85361	0.01210
973.92505	0.01229
971.99648	0.01257
970.06792	0.01295
968.13936	0.01328
966.21079	0.01348
964.28223	0.01364
962.35366	0.01374
960.42510	0.01375
958.49653	0.01369
956.56797	0.01360
954.63940	0.01352
952.71084	0.01348
950.78228	0.01353
948.85371	0.01368
946.92515	0.01377
944.99658	0.01366
943.06802	0.01343
941.13945	0.01315
939.21089	0.01286
937.28232	0.01264
935.35376	0.01238
933.42520	0.01196
931.49663	0.01145
929.56807	0.01097
927.63950	0.01060
925.71094	0.01022
923.78237	0.00980
921.85381	0.00947
919.92524	0.00928
917.99668	0.00912
916.06812	0.00893
914.13955	0.00873
912.21099	0.00859
910.28242	0.00842
908.35386	0.00803
906.42529	0.00730
904.49673	0.00642
902.56816	0.00560
900.63960	0.00487
898.71104	0.00426
896.78247	0.00386
894.85391	0.00371
892.92534	0.00372
890.99678	0.00377
889.06821	0.00376
887.13965	0.00376
885.21108	0.00384
883.28252	0.00390
881.35396	0.00384
879.42539	0.00380
877.49683	0.00373
875.56826	0.00344
873.63970	0.00311
871.71113	0.00295
869.78257	0.00284
867.85400	0.00255
865.92544	0.00216
863.99687	0.00190
862.06831	0.00168
860.13975	0.00138
858.21118	0.00102
856.28262	0.00055
854.35405	-0.00001
852.42549	-0.00038
850.49692	-0.00062
848.56836	-0.00100
846.63979	-0.00148
844.71123	-0.00185
842.78267	-0.00225
840.85410	-0.00288
838.92554	-0.00361
836.99697	-0.00436
835.06841	-0.00515
833.13984	-0.00597
831.21128	-0.00685
829.28271	-0.00777
827.35415	-0.00869
825.42559	-0.00961
823.49702	-0.01050
821.56846	-0.01156
819.63989	-0.01303
817.71133	-0.01483
815.78276	-0.01691
813.85420	-0.01936
811.92563	-0.02214
809.99707	-0.02505
808.06851	-0.02810
806.13994	-0.03151
804.21138	-0.03538
802.28281	-0.03954
800.35425	-0.04386
798.42568	-0.04840
796.49712	-0.05319
794.56855	-0.05823
792.63999	-0.06337
790.71143	-0.06843
788.78286	-0.07316
786.85430	-0.07722
784.92573	-0.08064
782.99717	-0.08355
781.06860	-0.08582
779.14004	-0.08728
777.21147	-0.08802
775.28291	-0.08824
773.35435	-0.08809
771.42578	-0.08769
769.49722	-0.08710
767.56865	-0.08626
765.64009	-0.08520
763.71152	-0.08384
761.78296	-0.08183
759.85439	-0.07914
757.92583	-0.07585
755.99727	-0.07187
754.06870	-0.06761
752.14014	-0.06372
750.21157	-0.06033
748.28301	-0.05742
746.35444	-0.05483
744.42588	-0.05200
742.49731	-0.04842
740.56875	-0.04362
738.64019	-0.03608
736.71162	-0.02268
734.78306	-0.00208
732.85449	0.01842
730.92593	0.02656
728.99736	0.02198
727.06880	0.01719
725.14023	0.02195
723.21167	0.04209
721.28311	0.07399
719.35454	0.11209
717.42598	0.13861
715.49741	0.13339
713.56885	0.10211
711.64028	0.06526
709.71172	0.03710
707.78315	0.01937
705.85459	0.00868
703.92603	0.00220
701.99746	-0.00160
700.06890	-0.00422
698.14033	-0.00628
696.21177	-0.00747
694.28320	-0.00770
692.35464	-0.00726
690.42607	-0.00775
688.49751	-0.01017
686.56895	-0.01192
684.64038	-0.01118
682.71182	-0.00853
680.78325	-0.00707
678.85469	-0.00837
676.92612	-0.00940
674.99756	-0.00687
673.06899	-0.00732
671.14043	-0.03707
669.21187	-0.06966
667.28330	-0.01507
665.35474	-0.02791
663.42617	-0.01436
661.49761	-0.00667
659.56904	-0.00870
657.64048	-0.01145
655.71191	-0.01171
653.78335	-0.01103
651.85479	-0.01093
649.92622	-0.01309
647.99766	-0.01439
646.06909	-0.01346
644.14053	-0.01440
642.21196	-0.01757
640.28340	-0.02223
638.35483	-0.02941
636.42627	-0.04140
634.49771	-0.05705
632.56914	-0.06998
630.64058	-0.07322
628.71201	-0.06660
626.78345	-0.05276
624.85488	-0.03910
622.92632	-0.02979
620.99775	-0.02348
619.06919	-0.01846
617.14062	-0.01556
615.21206	-0.01446
613.28350	-0.01292
611.35493	-0.01128
609.42637	-0.01087
607.49780	-0.01112
605.56924	-0.01118
603.64067	-0.01118
601.71211	-0.01193
599.78354	-0.01333
