3997.91411	0.00422
3995.98555	0.00426
3994.05698	0.00420
3992.12842	0.00413
3990.19985	0.00414
3988.27129	0.00415
3986.34272	0.00415
3984.41416	0.00414
3982.48560	0.00410
3980.55703	0.00405
3978.62847	0.00408
3976.69990	0.00417
3974.77134	0.00414
3972.84277	0.00401
3970.91421	0.00398
3968.98564	0.00410
3967.05708	0.00417
3965.12852	0.00412
3963.19995	0.00401
3961.27139	0.00392
3959.34282	0.00390
3957.41426	0.00393
3955.48569	0.00399
3953.55713	0.00406
3951.62856	0.00411
3949.70000	0.00408
3947.77144	0.00397
3945.84287	0.00388
3943.91431	0.00387
3941.98574	0.00392
3940.05718	0.00402
3938.12861	0.00411
3936.20005	0.00406
3934.27148	0.00384
3932.34292	0.00366
3930.41436	0.00367
3928.48579	0.00384
3926.55723	0.00404
3924.62866	0.00413
3922.70010	0.00404
3920.77153	0.00392
3918.84297	0.00390
3916.91440	0.00393
3914.98584	0.00397
3913.05728	0.00403
3911.12871	0.00412
3909.20015	0.00415
3907.27158	0.00400
3905.34302	0.00370
3903.41445	0.00349
3901.48589	0.00360
3899.55732	0.00391
3897.62876	0.00398
3895.70020	0.00374
3893.77163	0.00352
3891.84307	0.00350
3889.91450	0.00349
3887.98594	0.00341
3886.05737	0.00339
3884.12881	0.00346
3882.20024	0.00354
3880.27168	0.00351
3878.34312	0.00331
3876.41455	0.00310
3874.48599	0.00304
3872.55742	0.00300
3870.62886	0.00296
3868.70029	0.00300
3866.77173	0.00309
3864.84316	0.00318
3862.91460	0.00319
3860.98604	0.00302
3859.05747	0.00275
3857.12891	0.00261
3855.20034	0.00291
3853.27178	0.00351
3851.34321	0.00366
3849.41465	0.00328
3847.48608	0.00295
3845.55752	0.00289
3843.62896	0.00287
3841.70039	0.00272
3839.77183	0.00262
3837.84326	0.00277
3835.91470	0.00301
3833.98613	0.00311
3832.05757	0.00311
3830.12900	0.00310
3828.20044	0.00301
3826.27187	0.00284
3824.34331	0.00279
3822.41475	0.00303
3820.48618	0.00331
3818.55762	0.00332
3816.62905	0.00328
3814.70049	0.00336
3812.77192	0.00332
3810.84336	0.00317
3808.91479	0.00311
3806.98623	0.00314
3805.05767	0.00316
3803.12910	0.00321
3801.20054	0.00343
3799.27197	0.00365
3797.34341	0.00366
3795.41484	0.00358
3793.48628	0.00359
3791.55771	0.00366
3789.62915	0.00372
3787.70059	0.00368
3785.77202	0.00362
3783.84346	0.00364
3781.91489	0.00378
3779.98633	0.00394
3778.05776	0.00392
3776.12920	0.00371
3774.20063	0.00351
3772.27207	0.00347
3770.34351	0.00357
3768.41494	0.00367
3766.48638	0.00367
3764.55781	0.00362
3762.62925	0.00354
3760.70068	0.00342
3758.77212	0.00328
3756.84355	0.00310
3754.91499	0.00289
3752.98643	0.00276
3751.05786	0.00278
3749.12930	0.00281
3747.20073	0.00273
3745.27217	0.00281
3743.34360	0.00310
3741.41504	0.00318
3739.48647	0.00313
3737.55791	0.00337
3735.62935	0.00382
3733.70078	0.00409
3731.77222	0.00416
3729.84365	0.00420
3727.91509	0.00431
3725.98652	0.00447
3724.05796	0.00453
3722.12939	0.00436
3720.20083	0.00404
3718.27227	0.00370
3716.34370	0.00350
3714.41514	0.00347
3712.48657	0.00360
3710.55801	0.00401
3708.62944	0.00420
3706.70088	0.00414
3704.77231	0.00409
3702.84375	0.00421
3700.91519	0.00445
3698.98662	0.00455
3697.05806	0.00448
3695.12949	0.00441
3693.20093	0.00436
3691.27236	0.00443
3689.34380	0.00439
3687.41523	0.00419
3685.48667	0.00388
3683.55811	0.00362
3681.62954	0.00346
3679.70098	0.00333
3677.77241	0.00322
3675.84385	0.00326
3673.91528	0.00331
3671.98672	0.00327
3670.05815	0.00331
3668.12959	0.00340
3666.20103	0.00337
3664.27246	0.00325
3662.34390	0.00309
3660.41533	0.00298
3658.48677	0.00297
3656.55820	0.00299
3654.62964	0.00298
3652.70107	0.00302
3650.77251	0.00318
3648.84395	0.00333
3646.91538	0.00333
3644.98682	0.00310
3643.05825	0.00292
3641.12969	0.00297
3639.20112	0.00315
3637.27256	0.00331
3635.34399	0.00338
3633.41543	0.00331
3631.48687	0.00335
3629.55830	0.00384
3627.62974	0.00430
3625.70117	0.00421
3623.77261	0.00398
3621.84404	0.00387
3619.91548	0.00373
3617.98691	0.00358
3616.05835	0.00344
3614.12979	0.00346
3612.20122	0.00352
3610.27266	0.00348
3608.34409	0.00354
3606.41553	0.00359
3604.48696	0.00363
3602.55840	0.00377
3600.62983	0.00400
3598.70127	0.00421
3596.77271	0.00430
3594.84414	0.00433
3592.91558	0.00411
3590.98701	0.00377
3589.05845	0.00352
3587.12988	0.00351
3585.20132	0.00354
3583.27275	0.00353
3581.34419	0.00357
3579.41562	0.00366
3577.48706	0.00383
3575.55850	0.00401
3573.62993	0.00397
3571.70137	0.00373
3569.77280	0.00350
3567.84424	0.00353
3565.91567	0.00383
3563.98711	0.00412
3562.05854	0.00426
3560.12998	0.00434
3558.20142	0.00436
3556.27285	0.00428
3554.34429	0.00418
3552.41572	0.00413
3550.48716	0.00405
3548.55859	0.00393
3546.63003	0.00391
3544.70146	0.00408
3542.77290	0.00427
3540.84434	0.00435
3538.91577	0.00436
3536.98721	0.00444
3535.05864	0.00460
3533.13008	0.00477
3531.20151	0.00485
3529.27295	0.00482
3527.34438	0.00474
3525.41582	0.00468
3523.48726	0.00471
3521.55869	0.00484
3519.63013	0.00498
3517.70156	0.00508
3515.77300	0.00521
3513.84443	0.00533
3511.91587	0.00533
3509.98730	0.00521
3508.05874	0.00508
3506.13018	0.00516
3504.20161	0.00542
3502.27305	0.00559
3500.34448	0.00563
3498.41592	0.00563
3496.48735	0.00564
3494.55879	0.00561
3492.63022	0.00550
3490.70166	0.00541
3488.77310	0.00546
3486.84453	0.00559
3484.91597	0.00575
3482.98740	0.00579
3481.05884	0.00557
3479.13027	0.00530
3477.20171	0.00523
3475.27314	0.00541
3473.34458	0.00578
3471.41602	0.00612
3469.48745	0.00615
3467.55889	0.00592
3465.63032	0.00574
3463.70176	0.00573
3461.77319	0.00590
3459.84463	0.00608
3457.91606	0.00611
3455.98750	0.00601
3454.05894	0.00596
3452.13037	0.00594
3450.20181	0.00585
3448.27324	0.00578
3446.34468	0.00583
3444.41611	0.00592
3442.48755	0.00601
3440.55898	0.00612
3438.63042	0.00613
3436.70186	0.00604
3434.77329	0.00602
3432.84473	0.00602
3430.91616	0.00587
3428.98760	0.00562
3427.05903	0.00542
3425.13047	0.00534
3423.20190	0.00531
3421.27334	0.00520
3419.34478	0.00507
3417.41621	0.00503
3415.48765	0.00506
3413.55908	0.00511
3411.63052	0.00518
3409.70195	0.00518
3407.77339	0.00504
3405.84482	0.00487
3403.91626	0.00481
3401.98770	0.00498
3400.05913	0.00513
3398.13057	0.00475
3396.20200	0.00449
3394.27344	0.00449
3392.34487	0.00467
3390.41631	0.00480
3388.48774	0.00481
3386.55918	0.00475
3384.63062	0.00471
3382.70205	0.00478
3380.77349	0.00487
3378.84492	0.00484
3376.91636	0.00472
3374.98779	0.00469
3373.05923	0.00486
3371.13066	0.00505
3369.20210	0.00516
3367.27354	0.00523
3365.34497	0.00531
3363.41641	0.00534
3361.48784	0.00527
3359.55928	0.00521
3357.63071	0.00518
3355.70215	0.00515
3353.77358	0.00513
3351.84502	0.00516
3349.91646	0.00521
3347.98789	0.00522
3346.05933	0.00513
3344.13076	0.00494
3342.20220	0.00483
3340.27363	0.00485
3338.34507	0.00493
3336.41650	0.00496
3334.48794	0.00493
3332.55937	0.00498
3330.63081	0.00515
3328.70225	0.00521
3326.77368	0.00507
3324.84512	0.00494
3322.91655	0.00494
3320.98799	0.00495
3319.05942	0.00492
3317.13086	0.00498
3315.20229	0.00503
3313.27373	0.00499
3311.34517	0.00502
3309.41660	0.00507
3307.48804	0.00496
3305.55947	0.00475
3303.63091	0.00468
3301.70234	0.00474
3299.77378	0.00480
3297.84521	0.00481
3295.91665	0.00476
3293.98809	0.00465
3292.05952	0.00457
3290.13096	0.00466
3288.20239	0.00478
3286.27383	0.00468
3284.34526	0.00445
3282.41670	0.00443
3280.48813	0.00461
3278.55957	0.00464
3276.63101	0.00444
3274.70244	0.00427
3272.77388	0.00435
3270.84531	0.00459
3268.91675	0.00470
3266.98818	0.00457
3265.05962	0.00446
3263.13105	0.00453
3261.20249	0.00457
3259.27393	0.00451
3257.34536	0.00455
3255.41680	0.00461
3253.48823	0.00459
3251.55967	0.00462
3249.63110	0.00470
3247.70254	0.00465
3245.77397	0.00458
3243.84541	0.00457
3241.91685	0.00458
3239.98828	0.00457
3238.05972	0.00453
3236.13115	0.00446
3234.20259	0.00451
3232.27402	0.00476
3230.34546	0.00499
3228.41689	0.00495
3226.48833	0.00475
3224.55977	0.00467
3222.63120	0.00471
3220.70264	0.00466
3218.77407	0.00454
3216.84551	0.00446
3214.91694	0.00446
3212.98838	0.00438
3211.05981	0.00420
3209.13125	0.00412
3207.20269	0.00420
3205.27412	0.00427
3203.34556	0.00420
3201.41699	0.00405
3199.48843	0.00399
3197.55986	0.00411
3195.63130	0.00428
3193.70273	0.00430
3191.77417	0.00420
3189.84561	0.00420
3187.91704	0.00429
3185.98848	0.00429
3184.05991	0.00417
3182.13135	0.00403
3180.20278	0.00405
3178.27422	0.00419
3176.34565	0.00421
3174.41709	0.00405
3172.48853	0.00393
3170.55996	0.00395
3168.63140	0.00400
3166.70283	0.00402
3164.77427	0.00409
3162.84570	0.00413
3160.91714	0.00407
3158.98857	0.00392
3157.06001	0.00380
3155.13145	0.00375
3153.20288	0.00378
3151.27432	0.00391
3149.34575	0.00406
3147.41719	0.00413
3145.48862	0.00413
3143.56006	0.00405
3141.63149	0.00395
3139.70293	0.00385
3137.77437	0.00377
3135.84580	0.00375
3133.91724	0.00378
3131.98867	0.00382
3130.06011	0.00385
3128.13154	0.00386
3126.20298	0.00381
3124.27441	0.00377
3122.34585	0.00375
3120.41729	0.00374
3118.48872	0.00372
3116.56016	0.00368
3114.63159	0.00363
3112.70303	0.00358
3110.77446	0.00354
3108.84590	0.00357
3106.91733	0.00364
3104.98877	0.00370
3103.06021	0.00373
3101.13164	0.00368
3099.20308	0.00359
3097.27451	0.00360
3095.34595	0.00372
3093.41738	0.00381
3091.48882	0.00376
3089.56025	0.00364
3087.63169	0.00359
3085.70312	0.00365
3083.77456	0.00371
3081.84600	0.00376
3079.91743	0.00386
3077.98887	0.00393
3076.06030	0.00390
3074.13174	0.00388
3072.20317	0.00391
3070.27461	0.00391
3068.34604	0.00384
3066.41748	0.00375
3064.48892	0.00368
3062.56035	0.00362
3060.63179	0.00353
3058.70322	0.00346
3056.77466	0.00347
3054.84609	0.00353
3052.91753	0.00355
3050.98896	0.00353
3049.06040	0.00356
3047.13184	0.00361
3045.20327	0.00357
3043.27471	0.00350
3041.34614	0.00353
3039.41758	0.00368
3037.48901	0.00384
3035.56045	0.00399
3033.63188	0.00414
3031.70332	0.00433
3029.77476	0.00459
3027.84619	0.00483
3025.91763	0.00495
3023.98906	0.00493
3022.06050	0.00483
3020.13193	0.00486
3018.20337	0.00515
3016.27480	0.00546
3014.34624	0.00552
3012.41768	0.00548
3010.48911	0.00559
3008.56055	0.00588
3006.63198	0.00626
3004.70342	0.00663
3002.77485	0.00702
3000.84629	0.00742
2998.91772	0.00780
2996.98916	0.00818
2995.06060	0.00870
2993.13203	0.00944
2991.20347	0.01043
2989.27490	0.01151
2987.34634	0.01259
2985.41777	0.01379
2983.48921	0.01525
2981.56064	0.01694
2979.63208	0.01877
2977.70352	0.02082
2975.77495	0.02343
2973.84639	0.02681
2971.91782	0.03064
2969.98926	0.03416
2968.06069	0.03700
2966.13213	0.03955
2964.20356	0.04218
2962.27500	0.04468
2960.34644	0.04672
2958.41787	0.04838
2956.48931	0.04986
2954.56074	0.05114
2952.63218	0.05191
2950.70361	0.05180
2948.77505	0.05054
2946.84648	0.04811
2944.91792	0.04495
2942.98936	0.04191
2941.06079	0.03976
2939.13223	0.03891
2937.20366	0.03947
2935.27510	0.04123
2933.34653	0.04375
2931.41797	0.04664
2929.48940	0.04955
2927.56084	0.05225
2925.63228	0.05458
2923.70371	0.05656
2921.77515	0.05827
2919.84658	0.05972
2917.91802	0.06073
2915.98945	0.06113
2914.06089	0.06073
2912.13232	0.05958
2910.20376	0.05814
2908.27520	0.05676
2906.34663	0.05532
2904.41807	0.05371
2902.48950	0.05194
2900.56094	0.05001
2898.63237	0.04797
2896.70381	0.04600
2894.77524	0.04429
2892.84668	0.04294
2890.91812	0.04192
2888.98955	0.04118
2887.06099	0.04081
2885.13242	0.04081
2883.20386	0.04101
2881.27529	0.04132
2879.34673	0.04177
2877.41816	0.04221
2875.48960	0.04239
2873.56104	0.04238
2871.63247	0.04239
2869.70391	0.04238
2867.77534	0.04200
2865.84678	0.04080
2863.91821	0.03847
2861.98965	0.03528
2860.06108	0.03202
2858.13252	0.02945
2856.20396	0.02784
2854.27539	0.02701
2852.34683	0.02686
2850.41826	0.02751
2848.48970	0.02905
2846.56113	0.03133
2844.63257	0.03399
2842.70400	0.03651
2840.77544	0.03837
2838.84687	0.03923
2836.91831	0.03876
2834.98975	0.03682
2833.06118	0.03379
2831.13262	0.03050
2829.20405	0.02758
2827.27549	0.02522
2825.34692	0.02337
2823.41836	0.02203
2821.48979	0.02106
2819.56123	0.02023
2817.63267	0.01949
2815.70410	0.01884
2813.77554	0.01826
2811.84697	0.01776
2809.91841	0.01736
2807.98984	0.01694
2806.06128	0.01644
2804.13271	0.01597
2802.20415	0.01556
2800.27559	0.01516
2798.34702	0.01480
2796.41846	0.01453
2794.48989	0.01426
2792.56133	0.01390
2790.63276	0.01355
2788.70420	0.01328
2786.77563	0.01305
2784.84707	0.01278
2782.91851	0.01249
2780.98994	0.01222
2779.06138	0.01203
2777.13281	0.01196
2775.20425	0.01191
2773.27568	0.01175
2771.34712	0.01151
2769.41855	0.01133
2767.48999	0.01121
2765.56143	0.01108
2763.63286	0.01096
2761.70430	0.01085
2759.77573	0.01078
2757.84717	0.01079
2755.91860	0.01081
2753.99004	0.01074
2752.06147	0.01066
2750.13291	0.01065
2748.20435	0.01064
2746.27578	0.01062
2744.34722	0.01059
2742.41865	0.01053
2740.49009	0.01051
2738.56152	0.01059
2736.63296	0.01075
2734.70439	0.01088
2732.77583	0.01091
2730.84727	0.01088
2728.91870	0.01094
2726.99014	0.01111
2725.06157	0.01127
2723.13301	0.01134
2721.20444	0.01133
2719.27588	0.01119
2717.34731	0.01093
2715.41875	0.01069
2713.49019	0.01052
2711.56162	0.01039
2709.63306	0.01027
2707.70449	0.01018
2705.77593	0.01011
2703.84736	0.01004
2701.91880	0.00994
2699.99023	0.00981
2698.06167	0.00975
2696.13311	0.00973
2694.20454	0.00968
2692.27598	0.00961
2690.34741	0.00952
2688.41885	0.00944
2686.49028	0.00941
2684.56172	0.00942
2682.63315	0.00943
2680.70459	0.00945
2678.77603	0.00949
2676.84746	0.00946
2674.91890	0.00938
2672.99033	0.00931
2671.06177	0.00931
2669.13320	0.00937
2667.20464	0.00946
2665.27607	0.00957
2663.34751	0.00972
2661.41895	0.00991
2659.49038	0.01005
2657.56182	0.01010
2655.63325	0.01003
2653.70469	0.00993
2651.77612	0.00993
2649.84756	0.01002
2647.91899	0.01004
2645.99043	0.00997
2644.06187	0.00990
2642.13330	0.00985
2640.20474	0.00981
2638.27617	0.00980
2636.34761	0.00976
2634.41904	0.00967
2632.49048	0.00958
2630.56191	0.00954
2628.63335	0.00955
2626.70479	0.00955
2624.77622	0.00944
2622.84766	0.00931
2620.91909	0.00924
2618.99053	0.00926
2617.06196	0.00927
2615.13340	0.00919
2613.20483	0.00912
2611.27627	0.00908
2609.34771	0.00903
2607.41914	0.00891
2605.49058	0.00870
2603.56201	0.00846
2601.63345	0.00832
2599.70488	0.00832
2597.77632	0.00838
2595.84775	0.00843
2593.91919	0.00845
2591.99062	0.00845
2590.06206	0.00835
2588.13350	0.00825
2586.20493	0.00826
2584.27637	0.00829
2582.34780	0.00828
2580.41924	0.00825
2578.49067	0.00822
2576.56211	0.00818
2574.63354	0.00811
2572.70498	0.00800
2570.77642	0.00790
2568.84785	0.00783
2566.91929	0.00779
2564.99072	0.00772
2563.06216	0.00769
2561.13359	0.00768
2559.20503	0.00757
2557.27646	0.00738
2555.34790	0.00730
2553.41934	0.00741
2551.49077	0.00747
2549.56221	0.00725
2547.63364	0.00696
2545.70508	0.00689
2543.77651	0.00697
2541.84795	0.00700
2539.91938	0.00698
2537.99082	0.00692
2536.06226	0.00681
2534.13369	0.00668
2532.20513	0.00664
2530.27656	0.00664
2528.34800	0.00660
2526.41943	0.00655
2524.49087	0.00647
2522.56230	0.00633
2520.63374	0.00630
2518.70518	0.00636
2516.77661	0.00634
2514.84805	0.00624
2512.91948	0.00621
2510.99092	0.00627
2509.06235	0.00630
2507.13379	0.00625
2505.20522	0.00616
2503.27666	0.00606
2501.34810	0.00599
2499.41953	0.00605
2497.49097	0.00615
2495.56240	0.00617
2493.63384	0.00618
2491.70527	0.00622
2489.77671	0.00620
2487.84814	0.00610
2485.91958	0.00594
2483.99102	0.00582
2482.06245	0.00585
2480.13389	0.00594
2478.20532	0.00598
2476.27676	0.00595
2474.34819	0.00586
2472.41963	0.00579
2470.49106	0.00581
2468.56250	0.00589
2466.63394	0.00596
2464.70537	0.00604
2462.77681	0.00610
2460.84824	0.00609
2458.91968	0.00609
2456.99111	0.00617
2455.06255	0.00626
2453.13398	0.00630
2451.20542	0.00624
2449.27686	0.00613
2447.34829	0.00612
2445.41973	0.00621
2443.49116	0.00625
2441.56260	0.00615
2439.63403	0.00603
2437.70547	0.00594
2435.77690	0.00588
2433.84834	0.00587
2431.91978	0.00588
2429.99121	0.00579
2428.06265	0.00558
2426.13408	0.00537
2424.20552	0.00526
2422.27695	0.00527
2420.34839	0.00536
2418.41982	0.00541
2416.49126	0.00536
2414.56270	0.00536
2412.63413	0.00545
2410.70557	0.00548
2408.77700	0.00539
2406.84844	0.00519
2404.91987	0.00499
2402.99131	0.00500
2401.06274	0.00505
2399.13418	0.00125
2397.20562	0.00078
2395.27705	0.00236
2393.34849	0.00411
2391.41992	0.00594
2389.49136	0.00793
2387.56279	0.01002
2385.63423	0.01211
2383.70566	0.01394
2381.77710	0.01498
2379.84854	0.01485
2377.91997	0.01349
2375.99141	0.01160
2374.06284	0.01002
2372.13428	0.00928
2370.20571	0.00956
2368.27715	0.00919
2366.34858	0.00923
2364.42002	0.01134
2362.49146	0.01172
2360.56289	0.01363
2358.63433	0.01664
2356.70576	0.01370
2354.77720	0.01879
2352.84863	0.02542
2350.92007	0.02885
2348.99150	0.03053
2347.06294	0.02371
2345.13437	0.01582
2343.20581	0.01686
2341.27725	0.02474
2339.34868	0.02741
2337.42012	0.02416
2335.49155	0.01785
2333.56299	0.01357
2331.63442	0.01336
2329.70586	0.01604
2327.77729	0.02082
2325.84873	0.02256
2323.92017	0.01988
2321.99160	0.01598
2320.06304	0.01307
2318.13447	0.01205
2316.20591	0.01212
2314.27734	0.01244
2312.34878	0.01323
2310.42021	0.01404
2308.49165	0.01435
2306.56309	0.01430
2304.63452	0.01403
2302.70596	0.01346
2300.77739	0.01284
2298.84883	0.01244
2296.92026	0.01215
2294.99170	0.01186
2293.06313	0.01171
2291.13457	0.01132
2289.20601	0.01063
2287.27744	0.00958
2285.34888	0.00814
2283.42031	0.00674
2281.49175	0.00569
2279.56318	0.00505
2277.63462	0.00482
2275.70605	0.00491
2273.77749	0.00518
2271.84893	0.00543
2269.92036	0.00555
2267.99180	0.00555
2266.06323	0.00577
2264.13467	0.00637
2262.20610	0.00720
2260.27754	0.00780
2258.34897	0.00785
2256.42041	0.00752
2254.49185	0.00752
2252.56328	0.00830
2250.63472	0.00876
2248.70615	0.00619
2246.77759	0.00609
2244.84902	0.00599
2242.92046	0.00590
2240.99189	0.00588
2239.06333	0.00596
2237.13477	0.00614
2235.20620	0.00621
2233.27764	0.00597
2231.34907	0.00563
2229.42051	0.00553
2227.49194	0.00556
2225.56338	0.00556
2223.63481	0.00562
2221.70625	0.00560
2219.77769	0.00527
2217.84912	0.00488
2215.92056	0.00478
2213.99199	0.00492
2212.06343	0.00503
2210.13486	0.00506
2208.20630	0.00530
2206.27773	0.00571
2204.34917	0.00581
2202.42061	0.00552
2200.49204	0.00535
2198.56348	0.00561
2196.63491	0.00585
2194.70635	0.00571
2192.77778	0.00572
2190.84922	0.00621
2188.92065	0.00666
2186.99209	0.00671
2185.06353	0.00631
2183.13496	0.00556
2181.20640	0.00510
2179.27783	0.00504
2177.34927	0.00452
2175.42070	0.00378
2173.49214	0.00402
2171.56357	0.00525
2169.63501	0.00659
2167.70645	0.00755
2165.77788	0.00803
2163.84932	0.00805
2161.92075	0.00687
2159.99219	0.00337
2158.06362	-0.00044
2156.13506	-0.00148
2154.20649	-0.00063
2152.27793	0.00028
2150.34937	0.00096
2148.42080	0.00123
2146.49224	0.00105
2144.56367	0.00098
2142.63511	0.00127
2140.70654	0.00152
2138.77798	0.00135
2136.84941	0.00076
2134.92085	0.00024
2132.99229	0.00037
2131.06372	0.00100
2129.13516	0.00160
2127.20659	0.00216
2125.27803	0.00278
2123.34946	0.00325
2121.42090	0.00341
2119.49233	0.00351
2117.56377	0.00385
2115.63521	0.00432
2113.70664	0.00470
2111.77808	0.00485
2109.84951	0.00481
2107.92095	0.00477
2105.99238	0.00471
2104.06382	0.00464
2102.13525	0.00463
2100.20669	0.00447
2098.27812	0.00425
2096.34956	0.00376
2094.42100	0.00337
2092.49243	0.00339
2090.56387	0.00367
2088.63530	0.00403
2086.70674	0.00442
2084.77817	0.00467
2082.84961	0.00487
2080.92104	0.00512
2078.99248	0.00549
2077.06392	0.00591
2075.13535	0.00613
2073.20679	0.00607
2071.27822	0.00594
2069.34966	0.00595
2067.42109	0.00606
2065.49253	0.00600
2063.56396	0.00557
2061.63540	0.00504
2059.70684	0.00483
2057.77827	0.00498
2055.84971	0.00530
2053.92114	0.00612
2051.99258	0.00757
2050.06401	0.00849
2048.13545	0.00792
2046.20688	0.00676
2044.27832	0.00618
2042.34976	0.00621
2040.42119	0.00643
2038.49263	0.00660
2036.56406	0.00668
2034.63550	0.00658
2032.70693	0.00634
2030.77837	0.00606
2028.84980	0.00570
2026.92124	0.00512
2024.99268	0.00435
2023.06411	0.00388
2021.13555	0.00401
2019.20698	0.00421
2017.27842	0.00421
2015.34985	0.00427
2013.42129	0.00456
2011.49272	0.00515
2009.56416	0.00556
2007.63560	0.00496
2005.70703	0.00371
2003.77847	0.00286
2001.84990	0.00258
1999.92134	0.00249
1997.99277	0.00256
1996.06421	0.00291
1994.13564	0.00351
1992.20708	0.00415
1990.27852	0.00473
1988.34995	0.00519
1986.42139	0.00564
1984.49282	0.00639
1982.56426	0.00760
1980.63569	0.00867
1978.70713	0.00846
1976.77856	0.00688
1974.85000	0.00529
1972.92144	0.00441
1970.99287	0.00385
1969.06431	0.00355
1967.13574	0.00361
1965.20718	0.00368
1963.27861	0.00362
1961.35005	0.00333
1959.42148	0.00270
1957.49292	0.00206
1955.56436	0.00178
1953.63579	0.00181
1951.70723	0.00195
1949.77866	0.00215
1947.85010	0.00246
1945.92153	0.00269
1943.99297	0.00273
1942.06440	0.00276
1940.13584	0.00299
1938.20728	0.00334
1936.27871	0.00346
1934.35015	0.00328
1932.42158	0.00308
1930.49302	0.00306
1928.56445	0.00301
1926.63589	0.00273
1924.70732	0.00249
1922.77876	0.00276
1920.85020	0.00335
1918.92163	0.00377
1916.99307	0.00384
1915.06450	0.00373
1913.13594	0.00365
1911.20737	0.00363
1909.27881	0.00357
1907.35024	0.00356
1905.42168	0.00372
1903.49312	0.00391
1901.56455	0.00401
1899.63599	0.00403
1897.70742	0.00404
1895.77886	0.00402
1893.85029	0.00399
1891.92173	0.00401
1889.99316	0.00402
1888.06460	0.00391
1886.13604	0.00376
1884.20747	0.00366
1882.27891	0.00370
1880.35034	0.00384
1878.42178	0.00396
1876.49321	0.00394
1874.56465	0.00380
1872.63608	0.00370
1870.70752	0.00378
1868.77896	0.00401
1866.85039	0.00414
1864.92183	0.00408
1862.99326	0.00401
1861.06470	0.00401
1859.13613	0.00404
1857.20757	0.00404
1855.27900	0.00398
1853.35044	0.00391
1851.42187	0.00388
1849.49331	0.00386
1847.56475	0.00380
1845.63618	0.00376
1843.70762	0.00383
1841.77905	0.00391
1839.85049	0.00395
1837.92192	0.00399
1835.99336	0.00398
1834.06479	0.00398
1832.13623	0.00413
1830.20767	0.00438
1828.27910	0.00456
1826.35054	0.00474
1824.42197	0.00503
1822.49341	0.00526
1820.56484	0.00521
1818.63628	0.00489
1816.70771	0.00456
1814.77915	0.00446
1812.85059	0.00455
1810.92202	0.00472
1808.99346	0.00494
1807.06489	0.00516
1805.13633	0.00532
1803.20776	0.00547
1801.27920	0.00578
1799.35063	0.00624
1797.42207	0.00666
1795.49351	0.00706
1793.56494	0.00750
1791.63638	0.00795
1789.70781	0.00833
1787.77925	0.00866
1785.85068	0.00903
1783.92212	0.00953
1781.99355	0.01016
1780.06499	0.01071
1778.13643	0.01111
1776.20786	0.01162
1774.27930	0.01239
1772.35073	0.01324
1770.42217	0.01386
1768.49360	0.01439
1766.56504	0.01523
1764.63647	0.01642
1762.70791	0.01779
1760.77935	0.01909
1758.85078	0.02015
1756.92222	0.02117
1754.99365	0.02227
1753.06509	0.02338
1751.13652	0.02452
1749.20796	0.02561
1747.27939	0.02657
1745.35083	0.02746
1743.42227	0.02839
1741.49370	0.02931
1739.56514	0.03000
1737.63657	0.03010
1735.70801	0.02935
1733.77944	0.02793
1731.85088	0.02662
1729.92231	0.02601
1727.99375	0.02580
1726.06519	0.02557
1724.13662	0.02519
1722.20806	0.02470
1720.27949	0.02421
1718.35093	0.02355
1716.42236	0.02245
1714.49380	0.02100
1712.56523	0.01949
1710.63667	0.01819
1708.70811	0.01707
1706.77954	0.01602
1704.85098	0.01502
1702.92241	0.01422
1700.99385	0.01355
1699.06528	0.01276
1697.13672	0.01184
1695.20815	0.01092
1693.27959	0.01009
1691.35103	0.00945
1689.42246	0.00909
1687.49390	0.00901
1685.56533	0.00915
1683.63677	0.00913
1681.70820	0.00867
1679.77964	0.00815
1677.85107	0.00795
1675.92251	0.00797
1673.99395	0.00793
1672.06538	0.00780
1670.13682	0.00772
1668.20825	0.00755
1666.27969	0.00729
1664.35112	0.00714
1662.42256	0.00702
1660.49399	0.00670
1658.56543	0.00634
1656.63687	0.00628
1654.70830	0.00641
1652.77974	0.00621
1650.85117	0.00553
1648.92261	0.00482
1646.99404	0.00444
1645.06548	0.00437
1643.13691	0.00452
1641.20835	0.00490
1639.27979	0.00551
1637.35122	0.00625
1635.42266	0.00680
1633.49409	0.00687
1631.56553	0.00668
1629.63696	0.00667
1627.70840	0.00691
1625.77983	0.00727
1623.85127	0.00758
1621.92271	0.00766
1619.99414	0.00765
1618.06558	0.00781
1616.13701	0.00796
1614.20845	0.00781
1612.27988	0.00754
1610.35132	0.00739
1608.42275	0.00736
1606.49419	0.00734
1604.56562	0.00732
1602.63706	0.00731
1600.70850	0.00729
1598.77993	0.00727
1596.85137	0.00726
1594.92280	0.00726
1592.99424	0.00724
1591.06567	0.00720
1589.13711	0.00713
1587.20854	0.00701
1585.27998	0.00687
1583.35142	0.00674
1581.42285	0.00664
1579.49429	0.00660
1577.56572	0.00662
1575.63716	0.00658
1573.70859	0.00639
1571.78003	0.00623
1569.85146	0.00617
1567.92290	0.00601
1565.99434	0.00574
1564.06577	0.00558
1562.13721	0.00576
1560.20864	0.00624
1558.28008	0.00646
1556.35151	0.00596
1554.42295	0.00530
1552.49438	0.00492
1550.56582	0.00476
1548.63726	0.00466
1546.70869	0.00468
1544.78013	0.00492
1542.85156	0.00530
1540.92300	0.00563
1538.99443	0.00554
1537.06587	0.00509
1535.13730	0.00479
1533.20874	0.00477
1531.28018	0.00473
1529.35161	0.00466
1527.42305	0.00470
1525.49448	0.00485
1523.56592	0.00505
1521.63735	0.00517
1519.70879	0.00510
1517.78022	0.00500
1515.85166	0.00488
1513.92310	0.00470
1511.99453	0.00466
1510.06597	0.00496
1508.13740	0.00547
1506.20884	0.00574
1504.28027	0.00551
1502.35171	0.00518
1500.42314	0.00515
1498.49458	0.00548
1496.56602	0.00588
1494.63745	0.00617
1492.70889	0.00640
1490.78032	0.00672
1488.85176	0.00709
1486.92319	0.00745
1484.99463	0.00788
1483.06606	0.00853
1481.13750	0.00952
1479.20894	0.01084
1477.28037	0.01255
1475.35181	0.01486
1473.42324	0.01794
1471.49468	0.02149
1469.56611	0.02491
1467.63755	0.02842
1465.70898	0.03241
1463.78042	0.03620
1461.85186	0.03892
1459.92329	0.04087
1457.99473	0.04268
1456.06616	0.04415
1454.13760	0.04461
1452.20903	0.04413
1450.28047	0.04296
1448.35190	0.04090
1446.42334	0.03789
1444.49478	0.03462
1442.56621	0.03190
1440.63765	0.03009
1438.70908	0.02913
1436.78052	0.02848
1434.85195	0.02731
1432.92339	0.02524
1430.99482	0.02272
1429.06626	0.02041
1427.13770	0.01870
1425.20913	0.01756
1423.28057	0.01680
1421.35200	0.01628
1419.42344	0.01593
1417.49487	0.01561
1415.56631	0.01525
1413.63774	0.01497
1411.70918	0.01480
1409.78062	0.01464
1407.85205	0.01448
1405.92349	0.01434
1403.99492	0.01419
1402.06636	0.01403
1400.13779	0.01393
1398.20923	0.01392
1396.28066	0.01412
1394.35210	0.01464
1392.42354	0.01550
1390.49497	0.01699
1388.56641	0.01972
1386.63784	0.02414
1384.70928	0.03018
1382.78071	0.03767
1380.85215	0.04643
1378.92358	0.05530
1376.99502	0.06174
1375.06646	0.06310
1373.13789	0.05906
1371.20933	0.05233
1369.28076	0.04607
1367.35220	0.04179
1365.42363	0.03932
1363.49507	0.03783
1361.56650	0.03680
1359.63794	0.03597
1357.70937	0.03487
1355.78081	0.03328
1353.85225	0.03138
1351.92368	0.02938
1349.99512	0.02737
1348.06655	0.02543
1346.13799	0.02364
1344.20942	0.02208
1342.28086	0.02079
1340.35229	0.01973
1338.42373	0.01883
1336.49517	0.01807
1334.56660	0.01754
1332.63804	0.01721
1330.70947	0.01694
1328.78091	0.01662
1326.85234	0.01616
1324.92378	0.01560
1322.99521	0.01508
1321.06665	0.01470
1319.13809	0.01439
1317.20952	0.01408
1315.28096	0.01382
1313.35239	0.01372
1311.42383	0.01376
1309.49526	0.01398
1307.56670	0.01439
1305.63813	0.01480
1303.70957	0.01495
1301.78101	0.01487
1299.85244	0.01475
1297.92388	0.01468
1295.99531	0.01461
1294.06675	0.01447
1292.13818	0.01424
1290.20962	0.01400
1288.28105	0.01382
1286.35249	0.01367
1284.42393	0.01351
1282.49536	0.01335
1280.56680	0.01321
1278.63823	0.01309
1276.70967	0.01301
1274.78110	0.01300
1272.85254	0.01305
1270.92397	0.01313
1268.99541	0.01331
1267.06685	0.01359
1265.13828	0.01393
1263.20972	0.01429
1261.28115	0.01468
1259.35259	0.01511
1257.42402	0.01547
1255.49546	0.01559
1253.56689	0.01538
1251.63833	0.01502
1249.70977	0.01481
1247.78120	0.01490
1245.85264	0.01517
1243.92407	0.01561
1241.99551	0.01634
1240.06694	0.01746
1238.13838	0.01894
1236.20981	0.02064
1234.28125	0.02235
1232.35269	0.02388
1230.42412	0.02496
1228.49556	0.02533
1226.56699	0.02495
1224.63843	0.02409
1222.70986	0.02359
1220.78130	0.02452
1218.85273	0.02656
1216.92417	0.02765
1214.99561	0.02676
1213.06704	0.02519
1211.13848	0.02434
1209.20991	0.02425
1207.28135	0.02438
1205.35278	0.02433
1203.42422	0.02392
1201.49565	0.02317
1199.56709	0.02222
1197.63853	0.02106
1195.70996	0.01985
1193.78140	0.01872
1191.85283	0.01781
1189.92427	0.01715
1187.99570	0.01666
1186.06714	0.01635
1184.13857	0.01627
1182.21001	0.01643
1180.28145	0.01682
1178.35288	0.01736
1176.42432	0.01809
1174.49575	0.01914
1172.56719	0.02053
1170.63862	0.02197
1168.71006	0.02307
1166.78149	0.02356
1164.85293	0.02347
1162.92437	0.02305
1160.99580	0.02255
1159.06724	0.02216
1157.13867	0.02195
1155.21011	0.02180
1153.28154	0.02153
1151.35298	0.02102
1149.42441	0.02027
1147.49585	0.01949
1145.56729	0.01879
1143.63872	0.01814
1141.71016	0.01747
1139.78159	0.01689
1137.85303	0.01650
1135.92446	0.01624
1133.99590	0.01606
1132.06733	0.01594
1130.13877	0.01586
1128.21021	0.01575
1126.28164	0.01566
1124.35308	0.01564
1122.42451	0.01566
1120.49595	0.01565
1118.56738	0.01562
1116.63882	0.01564
1114.71025	0.01576
1112.78169	0.01593
1110.85312	0.01617
1108.92456	0.01646
1106.99600	0.01670
1105.06743	0.01689
1103.13887	0.01700
1101.21030	0.01698
1099.28174	0.01685
1097.35317	0.01674
1095.42461	0.01671
1093.49604	0.01676
1091.56748	0.01673
1089.63892	0.01651
1087.71035	0.01626
1085.78179	0.01607
1083.85322	0.01589
1081.92466	0.01570
1079.99609	0.01560
1078.06753	0.01559
1076.13896	0.01554
1074.21040	0.01554
1072.28184	0.01565
1070.35327	0.01568
1068.42471	0.01556
1066.49614	0.01545
1064.56758	0.01542
1062.63901	0.01535
1060.71045	0.01525
1058.78188	0.01530
1056.85332	0.01543
1054.92476	0.01550
1052.99619	0.01550
1051.06763	0.01554
1049.13906	0.01562
1047.21050	0.01567
1045.28193	0.01562
1043.35337	0.01546
1041.42480	0.01531
1039.49624	0.01519
1037.56768	0.01501
1035.63911	0.01474
1033.71055	0.01445
1031.78198	0.01423
1029.85342	0.01411
1027.92485	0.01408
1025.99629	0.01408
1024.06772	0.01399
1022.13916	0.01380
1020.21060	0.01367
1018.28203	0.01365
1016.35347	0.01367
1014.42490	0.01366
1012.49634	0.01366
1010.56777	0.01381
1008.63921	0.01419
1006.71064	0.01481
1004.78208	0.01586
1002.85352	0.01758
1000.92495	0.01972
998.99639	0.02133
997.06782	0.02140
995.13926	0.01992
993.21069	0.01783
991.28213	0.01598
989.35356	0.01476
987.42500	0.01425
985.49644	0.01438
983.56787	0.01508
981.63931	0.01635
979.71074	0.01829
977.78218	0.02071
975.85361	0.02299
973.92505	0.02419
971.99648	0.02362
970.06792	0.02156
968.13936	0.01908
966.21079	0.01705
964.28223	0.01565
962.35366	0.01468
960.42510	0.01393
958.49653	0.01330
956.56797	0.01282
954.63940	0.01248
952.71084	0.01224
950.78228	0.01203
948.85371	0.01188
946.92515	0.01183
944.99658	0.01186
943.06802	0.01191
941.13945	0.01188
939.21089	0.01163
937.28232	0.01122
935.35376	0.01080
933.42520	0.01043
931.49663	0.01011
929.56807	0.00986
927.63950	0.00966
925.71094	0.00952
923.78237	0.00944
921.85381	0.00938
919.92524	0.00935
917.99668	0.00938
916.06812	0.00953
914.13955	0.00984
912.21099	0.01020
910.28242	0.01056
908.35386	0.01106
906.42529	0.01189
904.49673	0.01310
902.56816	0.01441
900.63960	0.01528
898.71104	0.01532
896.78247	0.01453
894.85391	0.01328
892.92534	0.01211
890.99678	0.01125
889.06821	0.01064
887.13965	0.01016
885.21108	0.00978
883.28252	0.00945
881.35396	0.00924
879.42539	0.00918
877.49683	0.00912
875.56826	0.00897
873.63970	0.00891
871.71113	0.00900
869.78257	0.00901
867.85400	0.00884
865.92544	0.00868
863.99687	0.00868
862.06831	0.00881
860.13975	0.00892
858.21118	0.00894
856.28262	0.00899
854.35405	0.00917
852.42549	0.00953
850.49692	0.01017
848.56836	0.01133
846.63979	0.01315
844.71123	0.01547
842.78267	0.01746
840.85410	0.01762
838.92554	0.01569
836.99697	0.01327
835.06841	0.01169
833.13984	0.01081
831.21128	0.01017
829.28271	0.00977
827.35415	0.00962
825.42559	0.00962
823.49702	0.00979
821.56846	0.01013
819.63989	0.01061
817.71133	0.01124
815.78276	0.01202
813.85420	0.01293
811.92563	0.01371
809.99707	0.01405
808.06851	0.01385
806.13994	0.01311
804.21138	0.01204
802.28281	0.01107
800.35425	0.01038
798.42568	0.00989
796.49712	0.00941
794.56855	0.00890
792.63999	0.00837
790.71143	0.00782
788.78286	0.00726
786.85430	0.00670
784.92573	0.00627
782.99717	0.00607
781.06860	0.00599
779.14004	0.00587
777.21147	0.00567
775.28291	0.00551
773.35435	0.00548
771.42578	0.00556
769.49722	0.00566
767.56865	0.00568
765.64009	0.00558
763.71152	0.00547
761.78296	0.00535
759.85439	0.00517
757.92583	0.00495
755.99727	0.00470
754.06870	0.00443
752.14014	0.00421
750.21157	0.00407
748.28301	0.00401
746.35444	0.00400
744.42588	0.00405
742.49731	0.00411
740.56875	0.00417
738.64019	0.00429
736.71162	0.00437
734.78306	0.00424
732.85449	0.00396
730.92593	0.00386
728.99736	0.00397
727.06880	0.00399
725.14023	0.00406
723.21167	0.00527
721.28311	0.00506
719.35454	0.00476
717.42598	0.00455
715.49741	0.00412
713.56885	0.00406
711.64028	0.00421
709.71172	0.00431
707.78315	0.00440
705.85459	0.00472
703.92603	0.00546
701.99746	0.00638
700.06890	0.00711
698.14033	0.00733
696.21177	0.00722
694.28320	0.00736
692.35464	0.00785
690.42607	0.00818
688.49751	0.00802
686.56895	0.00797
684.64038	0.00852
682.71182	0.00947
680.78325	0.01010
678.85469	0.01008
676.92612	0.01039
674.99756	0.01184
673.06899	0.01236
671.14043	0.00422
669.21187	-0.01132
667.28330	-0.00657
665.35474	0.00074
663.42617	0.00828
661.49761	0.00998
659.56904	0.00913
657.64048	0.00821
655.71191	0.00788
653.78335	0.00849
651.85479	0.00891
649.92622	0.00863
647.99766	0.00858
646.06909	0.00903
644.14053	0.00925
642.21196	0.00931
640.28340	0.00967
638.35483	0.01018
636.42627	0.01051
634.49771	0.01064
632.56914	0.01055
630.64058	0.01018
628.71201	0.00985
626.78345	0.00931
624.85488	0.00847
622.92632	0.00777
620.99775	0.00834
619.06919	0.01006
617.14062	0.01078
615.21206	0.00967
613.28350	0.00831
611.35493	0.00776
609.42637	0.00767
607.49780	0.00748
605.56924	0.00747
603.64067	0.00785
601.71211	0.00788
599.78354	0.00760
