3997.91411	0.02590
3995.98555	0.02596
3994.05698	0.02600
3992.12842	0.02604
3990.19985	0.02603
3988.27129	0.02591
3986.34272	0.02576
3984.41416	0.02575
3982.48560	0.02596
3980.55703	0.02621
3978.62847	0.02629
3976.69990	0.02621
3974.77134	0.02612
3972.84277	0.02606
3970.91421	0.02598
3968.98564	0.02593
3967.05708	0.02592
3965.12852	0.02585
3963.19995	0.02577
3961.27139	0.02580
3959.34282	0.02592
3957.41426	0.02594
3955.48569	0.02581
3953.55713	0.02565
3951.62856	0.02557
3949.70000	0.02559
3947.77144	0.02570
3945.84287	0.02579
3943.91431	0.02584
3941.98574	0.02592
3940.05718	0.02604
3938.12861	0.02611
3936.20005	0.02616
3934.27148	0.02624
3932.34292	0.02631
3930.41436	0.02632
3928.48579	0.02629
3926.55723	0.02621
3924.62866	0.02611
3922.70010	0.02602
3920.77153	0.02599
3918.84297	0.02608
3916.91440	0.02629
3914.98584	0.02645
3913.05728	0.02647
3911.12871	0.02637
3909.20015	0.02620
3907.27158	0.02603
3905.34302	0.02594
3903.41445	0.02591
3901.48589	0.02592
3899.55732	0.02598
3897.62876	0.02613
3895.70020	0.02630
3893.77163	0.02641
3891.84307	0.02640
3889.91450	0.02630
3887.98594	0.02612
3886.05737	0.02586
3884.12881	0.02566
3882.20024	0.02562
3880.27168	0.02569
3878.34312	0.02585
3876.41455	0.02606
3874.48599	0.02619
3872.55742	0.02614
3870.62886	0.02596
3868.70029	0.02582
3866.77173	0.02573
3864.84316	0.02561
3862.91460	0.02546
3860.98604	0.02536
3859.05747	0.02532
3857.12891	0.02534
3855.20034	0.02541
3853.27178	0.02545
3851.34321	0.02538
3849.41465	0.02524
3847.48608	0.02513
3845.55752	0.02510
3843.62896	0.02509
3841.70039	0.02506
3839.77183	0.02500
3837.84326	0.02495
3835.91470	0.02501
3833.98613	0.02515
3832.05757	0.02523
3830.12900	0.02520
3828.20044	0.02513
3826.27187	0.02508
3824.34331	0.02510
3822.41475	0.02517
3820.48618	0.02524
3818.55762	0.02525
3816.62905	0.02522
3814.70049	0.02518
3812.77192	0.02510
3810.84336	0.02492
3808.91479	0.02473
3806.98623	0.02466
3805.05767	0.02471
3803.12910	0.02480
3801.20054	0.02495
3799.27197	0.02507
3797.34341	0.02503
3795.41484	0.02488
3793.48628	0.02479
3791.55771	0.02476
3789.62915	0.02474
3787.70059	0.02466
3785.77202	0.02455
3783.84346	0.02450
3781.91489	0.02451
3779.98633	0.02451
3778.05776	0.02452
3776.12920	0.02459
3774.20063	0.02465
3772.27207	0.02459
3770.34351	0.02440
3768.41494	0.02425
3766.48638	0.02423
3764.55781	0.02421
3762.62925	0.02407
3760.70068	0.02388
3758.77212	0.02379
3756.84355	0.02384
3754.91499	0.02390
3752.98643	0.02385
3751.05786	0.02374
3749.12930	0.02368
3747.20073	0.02369
3745.27217	0.02373
3743.34360	0.02371
3741.41504	0.02354
3739.48647	0.02329
3737.55791	0.02314
3735.62935	0.02313
3733.70078	0.02326
3731.77222	0.02347
3729.84365	0.02366
3727.91509	0.02380
3725.98652	0.02384
3724.05796	0.02382
3722.12939	0.02369
3720.20083	0.02354
3718.27227	0.02345
3716.34370	0.02342
3714.41514	0.02340
3712.48657	0.02339
3710.55801	0.02352
3708.62944	0.02371
3706.70088	0.02381
3704.77231	0.02377
3702.84375	0.02372
3700.91519	0.02383
3698.98662	0.02398
3697.05806	0.02393
3695.12949	0.02366
3693.20093	0.02332
3691.27236	0.02322
3689.34380	0.02343
3687.41523	0.02371
3685.48667	0.02380
3683.55811	0.02379
3681.62954	0.02377
3679.70098	0.02372
3677.77241	0.02362
3675.84385	0.02352
3673.91528	0.02344
3671.98672	0.02344
3670.05815	0.02359
3668.12959	0.02381
3666.20103	0.02392
3664.27246	0.02389
3662.34390	0.02389
3660.41533	0.02400
3658.48677	0.02420
3656.55820	0.02437
3654.62964	0.02444
3652.70107	0.02446
3650.77251	0.02447
3648.84395	0.02449
3646.91538	0.02460
3644.98682	0.02476
3643.05825	0.02490
3641.12969	0.02503
3639.20112	0.02507
3637.27256	0.02502
3635.34399	0.02499
3633.41543	0.02506
3631.48687	0.02516
3629.55830	0.02521
3627.62974	0.02526
3625.70117	0.02531
3623.77261	0.02537
3621.84404	0.02546
3619.91548	0.02563
3617.98691	0.02589
3616.05835	0.02609
3614.12979	0.02626
3612.20122	0.02644
3610.27266	0.02657
3608.34409	0.02674
3606.41553	0.02706
3604.48696	0.02739
3602.55840	0.02753
3600.62983	0.02740
3598.70127	0.02715
3596.77271	0.02692
3594.84414	0.02688
3592.91558	0.02696
3590.98701	0.02693
3589.05845	0.02678
3587.12988	0.02677
3585.20132	0.02689
3583.27275	0.02686
3581.34419	0.02671
3579.41562	0.02672
3577.48706	0.02693
3575.55850	0.02723
3573.62993	0.02751
3571.70137	0.02763
3569.77280	0.02766
3567.84424	0.02774
3565.91567	0.02778
3563.98711	0.02772
3562.05854	0.02780
3560.12998	0.02809
3558.20142	0.02837
3556.27285	0.02852
3554.34429	0.02863
3552.41572	0.02878
3550.48716	0.02899
3548.55859	0.02910
3546.63003	0.02900
3544.70146	0.02887
3542.77290	0.02899
3540.84434	0.02929
3538.91577	0.02955
3536.98721	0.02964
3535.05864	0.02960
3533.13008	0.02952
3531.20151	0.02960
3529.27295	0.02985
3527.34438	0.03006
3525.41582	0.03012
3523.48726	0.03015
3521.55869	0.03021
3519.63013	0.03034
3517.70156	0.03056
3515.77300	0.03072
3513.84443	0.03073
3511.91587	0.03070
3509.98730	0.03080
3508.05874	0.03095
3506.13018	0.03089
3504.20161	0.03069
3502.27305	0.03070
3500.34448	0.03104
3498.41592	0.03140
3496.48735	0.03158
3494.55879	0.03161
3492.63022	0.03149
3490.70166	0.03133
3488.77310	0.03136
3486.84453	0.03159
3484.91597	0.03172
3482.98740	0.03157
3481.05884	0.03145
3479.13027	0.03168
3477.20171	0.03196
3475.27314	0.03198
3473.34458	0.03196
3471.41602	0.03218
3469.48745	0.03254
3467.55889	0.03281
3465.63032	0.03286
3463.70176	0.03281
3461.77319	0.03290
3459.84463	0.03305
3457.91606	0.03302
3455.98750	0.03298
3454.05894	0.03322
3452.13037	0.03348
3450.20181	0.03343
3448.27324	0.03329
3446.34468	0.03348
3444.41611	0.03383
3442.48755	0.03387
3440.55898	0.03353
3438.63042	0.03327
3436.70186	0.03336
3434.77329	0.03360
3432.84473	0.03374
3430.91616	0.03393
3428.98760	0.03421
3427.05903	0.03429
3425.13047	0.03416
3423.20190	0.03413
3421.27334	0.03417
3419.34478	0.03404
3417.41621	0.03383
3415.48765	0.03376
3413.55908	0.03383
3411.63052	0.03396
3409.70195	0.03408
3407.77339	0.03412
3405.84482	0.03401
3403.91626	0.03386
3401.98770	0.03375
3400.05913	0.03368
3398.13057	0.03363
3396.20200	0.03358
3394.27344	0.03348
3392.34487	0.03343
3390.41631	0.03346
3388.48774	0.03351
3386.55918	0.03353
3384.63062	0.03364
3382.70205	0.03400
3380.77349	0.03438
3378.84492	0.03438
3376.91636	0.03413
3374.98779	0.03408
3373.05923	0.03420
3371.13066	0.03431
3369.20210	0.03446
3367.27354	0.03459
3365.34497	0.03456
3363.41641	0.03447
3361.48784	0.03443
3359.55928	0.03447
3357.63071	0.03463
3355.70215	0.03490
3353.77358	0.03508
3351.84502	0.03509
3349.91646	0.03500
3347.98789	0.03490
3346.05933	0.03475
3344.13076	0.03458
3342.20220	0.03455
3340.27363	0.03466
3338.34507	0.03466
3336.41650	0.03460
3334.48794	0.03474
3332.55937	0.03492
3330.63081	0.03485
3328.70225	0.03466
3326.77368	0.03453
3324.84512	0.03444
3322.91655	0.03438
3320.98799	0.03439
3319.05942	0.03443
3317.13086	0.03446
3315.20229	0.03446
3313.27373	0.03457
3311.34517	0.03476
3309.41660	0.03473
3307.48804	0.03453
3305.55947	0.03438
3303.63091	0.03429
3301.70234	0.03430
3299.77378	0.03439
3297.84521	0.03443
3295.91665	0.03432
3293.98809	0.03404
3292.05952	0.03373
3290.13096	0.03362
3288.20239	0.03363
3286.27383	0.03358
3284.34526	0.03357
3282.41670	0.03356
3280.48813	0.03344
3278.55957	0.03323
3276.63101	0.03312
3274.70244	0.03313
3272.77388	0.03317
3270.84531	0.03304
3268.91675	0.03277
3266.98818	0.03260
3265.05962	0.03255
3263.13105	0.03244
3261.20249	0.03228
3259.27393	0.03212
3257.34536	0.03201
3255.41680	0.03204
3253.48823	0.03213
3251.55967	0.03203
3249.63110	0.03171
3247.70254	0.03140
3245.77397	0.03129
3243.84541	0.03131
3241.91685	0.03128
3239.98828	0.03117
3238.05972	0.03102
3236.13115	0.03082
3234.20259	0.03053
3232.27402	0.03030
3230.34546	0.03019
3228.41689	0.03011
3226.48833	0.03006
3224.55977	0.03010
3222.63120	0.03006
3220.70264	0.02983
3218.77407	0.02964
3216.84551	0.02963
3214.91694	0.02953
3212.98838	0.02928
3211.05981	0.02913
3209.13125	0.02919
3207.20269	0.02921
3205.27412	0.02903
3203.34556	0.02881
3201.41699	0.02866
3199.48843	0.02854
3197.55986	0.02839
3195.63130	0.02824
3193.70273	0.02817
3191.77417	0.02813
3189.84561	0.02801
3187.91704	0.02782
3185.98848	0.02766
3184.05991	0.02750
3182.13135	0.02731
3180.20278	0.02720
3178.27422	0.02716
3176.34565	0.02705
3174.41709	0.02694
3172.48853	0.02693
3170.55996	0.02691
3168.63140	0.02677
3166.70283	0.02658
3164.77427	0.02633
3162.84570	0.02599
3160.91714	0.02573
3158.98857	0.02566
3157.06001	0.02572
3155.13145	0.02575
3153.20288	0.02560
3151.27432	0.02534
3149.34575	0.02519
3147.41719	0.02520
3145.48862	0.02522
3143.56006	0.02511
3141.63149	0.02490
3139.70293	0.02476
3137.77437	0.02476
3135.84580	0.02478
3133.91724	0.02467
3131.98867	0.02443
3130.06011	0.02420
3128.13154	0.02411
3126.20298	0.02412
3124.27441	0.02404
3122.34585	0.02380
3120.41729	0.02351
3118.48872	0.02338
3116.56016	0.02346
3114.63159	0.02363
3112.70303	0.02372
3110.77446	0.02369
3108.84590	0.02362
3106.91733	0.02354
3104.98877	0.02337
3103.06021	0.02317
3101.13164	0.02314
3099.20308	0.02335
3097.27451	0.02360
3095.34595	0.02372
3093.41738	0.02371
3091.48882	0.02361
3089.56025	0.02347
3087.63169	0.02339
3085.70312	0.02342
3083.77456	0.02345
3081.84600	0.02331
3079.91743	0.02307
3077.98887	0.02289
3076.06030	0.02285
3074.13174	0.02290
3072.20317	0.02286
3070.27461	0.02267
3068.34604	0.02249
3066.41748	0.02243
3064.48892	0.02233
3062.56035	0.02218
3060.63179	0.02205
3058.70322	0.02194
3056.77466	0.02184
3054.84609	0.02180
3052.91753	0.02178
3050.98896	0.02175
3049.06040	0.02167
3047.13184	0.02146
3045.20327	0.02121
3043.27471	0.02105
3041.34614	0.02099
3039.41758	0.02090
3037.48901	0.02064
3035.56045	0.02029
3033.63188	0.02003
3031.70332	0.01991
3029.77476	0.01976
3027.84619	0.01952
3025.91763	0.01928
3023.98906	0.01913
3022.06050	0.01909
3020.13193	0.01906
3018.20337	0.01891
3016.27480	0.01861
3014.34624	0.01835
3012.41768	0.01825
3010.48911	0.01823
3008.56055	0.01811
3006.63198	0.01785
3004.70342	0.01765
3002.77485	0.01755
3000.84629	0.01740
2998.91772	0.01723
2996.98916	0.01722
2995.06060	0.01740
2993.13203	0.01770
2991.20347	0.01799
2989.27490	0.01817
2987.34634	0.01828
2985.41777	0.01840
2983.48921	0.01865
2981.56064	0.01898
2979.63208	0.01935
2977.70352	0.01980
2975.77495	0.02022
2973.84639	0.02057
2971.91782	0.02100
2969.98926	0.02171
2968.06069	0.02286
2966.13213	0.02433
2964.20356	0.02580
2962.27500	0.02716
2960.34644	0.02855
2958.41787	0.03010
2956.48931	0.03189
2954.56074	0.03395
2952.63218	0.03642
2950.70361	0.03948
2948.77505	0.04334
2946.84648	0.04834
2944.91792	0.05491
2942.98936	0.06327
2941.06079	0.07337
2939.13223	0.08512
2937.20366	0.09876
2935.27510	0.11494
2933.34653	0.13439
2931.41797	0.15770
2929.48940	0.18587
2927.56084	0.22042
2925.63228	0.26319
2923.70371	0.31560
2921.77515	0.37744
2919.84658	0.44545
2917.91802	0.51117
2915.98945	0.55860
2914.06089	0.57042
2912.13232	0.54511
2910.20376	0.49913
2908.27520	0.45000
2906.34663	0.40687
2904.41807	0.37225
2902.48950	0.34533
2900.56094	0.32414
2898.63237	0.30664
2896.70381	0.29119
2894.77524	0.27663
2892.84668	0.26233
2890.91812	0.24818
2888.98955	0.23418
2887.06099	0.22041
2885.13242	0.20692
2883.20386	0.19359
2881.27529	0.18023
2879.34673	0.16673
2877.41816	0.15343
2875.48960	0.14118
2873.56104	0.13072
2871.63247	0.12236
2869.70391	0.11623
2867.77534	0.11266
2865.84678	0.11237
2863.91821	0.11625
2861.98965	0.12551
2860.06108	0.14229
2858.13252	0.17012
2856.20396	0.21439
2854.27539	0.28212
2852.34683	0.37686
2850.41826	0.48189
2848.48970	0.54364
2846.56113	0.51831
2844.63257	0.43862
2842.70400	0.35660
2840.77544	0.29218
2838.84687	0.24560
2836.91831	0.21242
2834.98975	0.18850
2833.06118	0.17072
2831.13262	0.15698
2829.20405	0.14603
2827.27549	0.13712
2825.34692	0.12973
2823.41836	0.12348
2821.48979	0.11806
2819.56123	0.11337
2817.63267	0.10935
2815.70410	0.10582
2813.77554	0.10265
2811.84697	0.09981
2809.91841	0.09722
2807.98984	0.09476
2806.06128	0.09246
2804.13271	0.09044
2802.20415	0.08862
2800.27559	0.08687
2798.34702	0.08520
2796.41846	0.08367
2794.48989	0.08226
2792.56133	0.08087
2790.63276	0.07954
2788.70420	0.07830
2786.77563	0.07706
2784.84707	0.07575
2782.91851	0.07447
2780.98994	0.07329
2779.06138	0.07218
2777.13281	0.07108
2775.20425	0.07005
2773.27568	0.06918
2771.34712	0.06833
2769.41855	0.06743
2767.48999	0.06659
2765.56143	0.06585
2763.63286	0.06517
2761.70430	0.06451
2759.77573	0.06388
2757.84717	0.06331
2755.91860	0.06282
2753.99004	0.06232
2752.06147	0.06178
2750.13291	0.06130
2748.20435	0.06098
2746.27578	0.06074
2744.34722	0.06049
2742.41865	0.06018
2740.49009	0.05987
2738.56152	0.05956
2736.63296	0.05919
2734.70439	0.05880
2732.77583	0.05843
2730.84727	0.05804
2728.91870	0.05760
2726.99014	0.05716
2725.06157	0.05681
2723.13301	0.05652
2721.20444	0.05619
2719.27588	0.05575
2717.34731	0.05531
2715.41875	0.05496
2713.49019	0.05472
2711.56162	0.05449
2709.63306	0.05422
2707.70449	0.05392
2705.77593	0.05357
2703.84736	0.05321
2701.91880	0.05291
2699.99023	0.05266
2698.06167	0.05240
2696.13311	0.05213
2694.20454	0.05186
2692.27598	0.05164
2690.34741	0.05147
2688.41885	0.05136
2686.49028	0.05124
2684.56172	0.05112
2682.63315	0.05104
2680.70459	0.05096
2678.77603	0.05090
2676.84746	0.05087
2674.91890	0.05084
2672.99033	0.05082
2671.06177	0.05086
2669.13320	0.05094
2667.20464	0.05106
2665.27607	0.05133
2663.34751	0.05167
2661.41895	0.05192
2659.49038	0.05202
2657.56182	0.05201
2655.63325	0.05191
2653.70469	0.05177
2651.77612	0.05161
2649.84756	0.05148
2647.91899	0.05137
2645.99043	0.05126
2644.06187	0.05113
2642.13330	0.05103
2640.20474	0.05105
2638.27617	0.05111
2636.34761	0.05106
2634.41904	0.05083
2632.49048	0.05052
2630.56191	0.05018
2628.63335	0.04979
2626.70479	0.04940
2624.77622	0.04907
2622.84766	0.04872
2620.91909	0.04828
2618.99053	0.04782
2617.06196	0.04735
2615.13340	0.04684
2613.20483	0.04648
2611.27627	0.04627
2609.34771	0.04593
2607.41914	0.04551
2605.49058	0.04514
2603.56201	0.04472
2601.63345	0.04429
2599.70488	0.04403
2597.77632	0.04387
2595.84775	0.04366
2593.91919	0.04334
2591.99062	0.04295
2590.06206	0.04261
2588.13350	0.04235
2586.20493	0.04212
2584.27637	0.04192
2582.34780	0.04169
2580.41924	0.04135
2578.49067	0.04099
2576.56211	0.04076
2574.63354	0.04064
2572.70498	0.04045
2570.77642	0.04016
2568.84785	0.03989
2566.91929	0.03974
2564.99072	0.03961
2563.06216	0.03942
2561.13359	0.03921
2559.20503	0.03902
2557.27646	0.03893
2555.34790	0.03892
2553.41934	0.03885
2551.49077	0.03872
2549.56221	0.03861
2547.63364	0.03847
2545.70508	0.03825
2543.77651	0.03803
2541.84795	0.03785
2539.91938	0.03765
2537.99082	0.03742
2536.06226	0.03727
2534.13369	0.03729
2532.20513	0.03728
2530.27656	0.03717
2528.34800	0.03711
2526.41943	0.03708
2524.49087	0.03695
2522.56230	0.03680
2520.63374	0.03669
2518.70518	0.03655
2516.77661	0.03635
2514.84805	0.03610
2512.91948	0.03593
2510.99092	0.03590
2509.06235	0.03588
2507.13379	0.03575
2505.20522	0.03556
2503.27666	0.03540
2501.34810	0.03528
2499.41953	0.03517
2497.49097	0.03504
2495.56240	0.03489
2493.63384	0.03477
2491.70527	0.03465
2489.77671	0.03451
2487.84814	0.03447
2485.91958	0.03451
2483.99102	0.03451
2482.06245	0.03448
2480.13389	0.03444
2478.20532	0.03441
2476.27676	0.03442
2474.34819	0.03443
2472.41963	0.03434
2470.49106	0.03413
2468.56250	0.03388
2466.63394	0.03366
2464.70537	0.03354
2462.77681	0.03353
2460.84824	0.03353
2458.91968	0.03354
2456.99111	0.03354
2455.06255	0.03350
2453.13398	0.03340
2451.20542	0.03329
2449.27686	0.03316
2447.34829	0.03301
2445.41973	0.03293
2443.49116	0.03289
2441.56260	0.03285
2439.63403	0.03276
2437.70547	0.03264
2435.77690	0.03259
2433.84834	0.03259
2431.91978	0.03250
2429.99121	0.03233
2428.06265	0.03223
2426.13408	0.03226
2424.20552	0.03236
2422.27695	0.03249
2420.34839	0.03256
2418.41982	0.03254
2416.49126	0.03252
2414.56270	0.03251
2412.63413	0.03249
2410.70557	0.03248
2408.77700	0.03235
2406.84844	0.03197
2404.91987	0.03159
2402.99131	0.03145
2401.06274	0.03142
2399.13418	0.03071
2397.20562	0.03061
2395.27705	0.03089
2393.34849	0.03122
2391.41992	0.03156
2389.49136	0.03190
2387.56279	0.03220
2385.63423	0.03245
2383.70566	0.03261
2381.77710	0.03257
2379.84854	0.03222
2377.91997	0.03155
2375.99141	0.03081
2374.06284	0.03027
2372.13428	0.03000
2370.20571	0.02986
2368.27715	0.02971
2366.34858	0.02960
2364.42002	0.02971
2362.49146	0.03013
2360.56289	0.03084
2358.63433	0.03158
2356.70576	0.03220
2354.77720	0.03300
2352.84863	0.03454
2350.92007	0.03628
2348.99150	0.03718
2347.06294	0.03615
2345.13437	0.03486
2343.20581	0.03454
2341.27725	0.03471
2339.34868	0.03484
2337.42012	0.03496
2335.49155	0.03494
2333.56299	0.03491
2331.63442	0.03519
2329.70586	0.03611
2327.77729	0.03800
2325.84873	0.03972
2323.92017	0.03987
2321.99160	0.03853
2320.06304	0.03702
2318.13447	0.03623
2316.20591	0.03599
2314.27734	0.03582
2312.34878	0.03564
2310.42021	0.03544
2308.49165	0.03521
2306.56309	0.03488
2304.63452	0.03458
2302.70596	0.03440
2300.77739	0.03439
2298.84883	0.03453
2296.92026	0.03466
2294.99170	0.03466
2293.06313	0.03462
2291.13457	0.03463
2289.20601	0.03466
2287.27744	0.03463
2285.34888	0.03440
2283.42031	0.03394
2281.49175	0.03335
2279.56318	0.03293
2277.63462	0.03274
2275.70605	0.03253
2273.77749	0.03225
2271.84893	0.03206
2269.92036	0.03188
2267.99180	0.03150
2266.06323	0.03110
2264.13467	0.03091
2262.20610	0.03092
2260.27754	0.03109
2258.34897	0.03122
2256.42041	0.03088
2254.49185	0.03019
2252.56328	0.02992
2250.63472	0.03014
2248.70615	0.02996
2246.77759	0.03017
2244.84902	0.03039
2242.92046	0.03048
2240.99189	0.03028
2239.06333	0.02987
2237.13477	0.02945
2235.20620	0.02920
2233.27764	0.02914
2231.34907	0.02916
2229.42051	0.02928
2227.49194	0.02943
2225.56338	0.02949
2223.63481	0.02942
2221.70625	0.02920
2219.77769	0.02902
2217.84912	0.02902
2215.92056	0.02898
2213.99199	0.02876
2212.06343	0.02847
2210.13486	0.02839
2208.20630	0.02861
2206.27773	0.02884
2204.34917	0.02888
2202.42061	0.02895
2200.49204	0.02918
2198.56348	0.02932
2196.63491	0.02907
2194.70635	0.02872
2192.77778	0.02871
2190.84922	0.02897
2188.92065	0.02923
2186.99209	0.02937
2185.06353	0.02909
2183.13496	0.02814
2181.20640	0.02738
2179.27783	0.02748
2177.34927	0.02753
2175.42070	0.02723
2173.49214	0.02755
2171.56357	0.02856
2169.63501	0.02961
2167.70645	0.03034
2165.77788	0.03078
2163.84932	0.03142
2161.92075	0.03098
2159.99219	0.02678
2158.06362	0.02110
2156.13506	0.01895
2154.20649	0.01995
2152.27793	0.02134
2150.34937	0.02207
2148.42080	0.02245
2146.49224	0.02272
2144.56367	0.02279
2142.63511	0.02278
2140.70654	0.02272
2138.77798	0.02242
2136.84941	0.02178
2134.92085	0.02109
2132.99229	0.02100
2131.06372	0.02161
2129.13516	0.02255
2127.20659	0.02344
2125.27803	0.02397
2123.34946	0.02422
2121.42090	0.02472
2119.49233	0.02546
2117.56377	0.02613
2115.63521	0.02667
2113.70664	0.02706
2111.77808	0.02715
2109.84951	0.02699
2107.92095	0.02674
2105.99238	0.02649
2104.06382	0.02636
2102.13525	0.02643
2100.20669	0.02652
2098.27812	0.02638
2096.34956	0.02586
2094.42100	0.02538
2092.49243	0.02551
2090.56387	0.02603
2088.63530	0.02640
2086.70674	0.02669
2084.77817	0.02708
2082.84961	0.02736
2080.92104	0.02746
2078.99248	0.02758
2077.06392	0.02775
2075.13535	0.02781
2073.20679	0.02757
2071.27822	0.02709
2069.34966	0.02676
2067.42109	0.02675
2065.49253	0.02679
2063.56396	0.02672
2061.63540	0.02668
2059.70684	0.02678
2057.77827	0.02695
2055.84971	0.02705
2053.92114	0.02773
2051.99258	0.02927
2050.06401	0.03014
2048.13545	0.02949
2046.20688	0.02861
2044.27832	0.02838
2042.34976	0.02856
2040.42119	0.02877
2038.49263	0.02884
2036.56406	0.02880
2034.63550	0.02826
2032.70693	0.02710
2030.77837	0.02611
2028.84980	0.02599
2026.92124	0.02643
2024.99268	0.02685
2023.06411	0.02707
2021.13555	0.02700
2019.20698	0.02691
2017.27842	0.02719
2015.34985	0.02745
2013.42129	0.02719
2011.49272	0.02658
2009.56416	0.02567
2007.63560	0.02454
2005.70703	0.02384
2003.77847	0.02390
2001.84990	0.02430
1999.92134	0.02464
1997.99277	0.02503
1996.06421	0.02544
1994.13564	0.02558
1992.20708	0.02560
1990.27852	0.02589
1988.34995	0.02639
1986.42139	0.02685
1984.49282	0.02739
1982.56426	0.02836
1980.63569	0.02896
1978.70713	0.02756
1976.77856	0.02475
1974.85000	0.02299
1972.92144	0.02269
1970.99287	0.02278
1969.06431	0.02289
1967.13574	0.02296
1965.20718	0.02287
1963.27861	0.02254
1961.35005	0.02201
1959.42148	0.02151
1957.49292	0.02157
1955.56436	0.02221
1953.63579	0.02286
1951.70723	0.02321
1949.77866	0.02328
1947.85010	0.02317
1945.92153	0.02304
1943.99297	0.02298
1942.06440	0.02306
1940.13584	0.02328
1938.20728	0.02360
1936.27871	0.02384
1934.35015	0.02381
1932.42158	0.02359
1930.49302	0.02347
1928.56445	0.02356
1926.63589	0.02367
1924.70732	0.02368
1922.77876	0.02382
1920.85020	0.02418
1918.92163	0.02449
1916.99307	0.02455
1915.06450	0.02453
1913.13594	0.02460
1911.20737	0.02472
1909.27881	0.02484
1907.35024	0.02501
1905.42168	0.02525
1903.49312	0.02554
1901.56455	0.02582
1899.63599	0.02605
1897.70742	0.02623
1895.77886	0.02629
1893.85029	0.02607
1891.92173	0.02571
1889.99316	0.02544
1888.06460	0.02532
1886.13604	0.02526
1884.20747	0.02518
1882.27891	0.02505
1880.35034	0.02484
1878.42178	0.02461
1876.49321	0.02456
1874.56465	0.02465
1872.63608	0.02471
1870.70752	0.02466
1868.77896	0.02462
1866.85039	0.02464
1864.92183	0.02467
1862.99326	0.02471
1861.06470	0.02471
1859.13613	0.02456
1857.20757	0.02437
1855.27900	0.02427
1853.35044	0.02423
1851.42187	0.02425
1849.49331	0.02435
1847.56475	0.02453
1845.63618	0.02467
1843.70762	0.02471
1841.77905	0.02469
1839.85049	0.02470
1837.92192	0.02471
1835.99336	0.02471
1834.06479	0.02474
1832.13623	0.02484
1830.20767	0.02497
1828.27910	0.02509
1826.35054	0.02522
1824.42197	0.02543
1822.49341	0.02567
1820.56484	0.02570
1818.63628	0.02545
1816.70771	0.02520
1814.77915	0.02524
1812.85059	0.02550
1810.92202	0.02573
1808.99346	0.02587
1807.06489	0.02601
1805.13633	0.02618
1803.20776	0.02631
1801.27920	0.02636
1799.35063	0.02639
1797.42207	0.02651
1795.49351	0.02668
1793.56494	0.02687
1791.63638	0.02704
1789.70781	0.02716
1787.77925	0.02726
1785.85068	0.02742
1783.92212	0.02762
1781.99355	0.02778
1780.06499	0.02784
1778.13643	0.02780
1776.20786	0.02770
1774.27930	0.02757
1772.35073	0.02749
1770.42217	0.02747
1768.49360	0.02742
1766.56504	0.02726
1764.63647	0.02701
1762.70791	0.02681
1760.77935	0.02676
1758.85078	0.02689
1756.92222	0.02715
1754.99365	0.02754
1753.06509	0.02806
1751.13652	0.02878
1749.20796	0.02965
1747.27939	0.03050
1745.35083	0.03123
1743.42227	0.03188
1741.49370	0.03250
1739.56514	0.03307
1737.63657	0.03357
1735.70801	0.03418
1733.77944	0.03506
1731.85088	0.03593
1729.92231	0.03663
1727.99375	0.03744
1726.06519	0.03859
1724.13662	0.03999
1722.20806	0.04132
1720.27949	0.04226
1718.35093	0.04289
1716.42236	0.04339
1714.49380	0.04377
1712.56523	0.04390
1710.63667	0.04382
1708.70811	0.04364
1706.77954	0.04343
1704.85098	0.04326
1702.92241	0.04315
1700.99385	0.04312
1699.06528	0.04317
1697.13672	0.04326
1695.20815	0.04330
1693.27959	0.04324
1691.35103	0.04307
1689.42246	0.04287
1687.49390	0.04272
1685.56533	0.04268
1683.63677	0.04283
1681.70820	0.04309
1679.77964	0.04336
1677.85107	0.04363
1675.92251	0.04395
1673.99395	0.04428
1672.06538	0.04458
1670.13682	0.04485
1668.20825	0.04511
1666.27969	0.04531
1664.35112	0.04541
1662.42256	0.04549
1660.49399	0.04555
1658.56543	0.04558
1656.63687	0.04551
1654.70830	0.04525
1652.77974	0.04484
1650.85117	0.04435
1648.92261	0.04372
1646.99404	0.04312
1645.06548	0.04303
1643.13691	0.04366
1641.20835	0.04467
1639.27979	0.04566
1637.35122	0.04655
1635.42266	0.04743
1633.49409	0.04817
1631.56553	0.04866
1629.63696	0.04898
1627.70840	0.04924
1625.77983	0.04944
1623.85127	0.04957
1621.92271	0.04962
1619.99414	0.04953
1618.06558	0.04924
1616.13701	0.04887
1614.20845	0.04856
1612.27988	0.04832
1610.35132	0.04810
1608.42275	0.04798
1606.49419	0.04796
1604.56562	0.04798
1602.63706	0.04802
1600.70850	0.04815
1598.77993	0.04845
1596.85137	0.04886
1594.92280	0.04933
1592.99424	0.04991
1591.06567	0.05076
1589.13711	0.05203
1587.20854	0.05378
1585.27998	0.05597
1583.35142	0.05854
1581.42285	0.06124
1579.49429	0.06354
1577.56572	0.06495
1575.63716	0.06517
1573.70859	0.06434
1571.78003	0.06288
1569.85146	0.06109
1567.92290	0.05940
1565.99434	0.05816
1564.06577	0.05731
1562.13721	0.05669
1560.20864	0.05622
1558.28008	0.05600
1556.35151	0.05616
1554.42295	0.05664
1552.49438	0.05743
1550.56582	0.05866
1548.63726	0.06033
1546.70869	0.06225
1544.78013	0.06415
1542.85156	0.06544
1540.92300	0.06516
1538.99443	0.06302
1537.06587	0.05997
1535.13730	0.05653
1533.20874	0.05280
1531.28018	0.04952
1529.35161	0.04712
1527.42305	0.04523
1525.49448	0.04363
1523.56592	0.04229
1521.63735	0.04118
1519.70879	0.04030
1517.78022	0.03964
1515.85166	0.03907
1513.92310	0.03854
1511.99453	0.03803
1510.06597	0.03751
1508.13740	0.03699
1506.20884	0.03654
1504.28027	0.03627
1502.35171	0.03607
1500.42314	0.03588
1498.49458	0.03575
1496.56602	0.03575
1494.63745	0.03586
1492.70889	0.03598
1490.78032	0.03622
1488.85176	0.03682
1486.92319	0.03796
1484.99463	0.03970
1483.06606	0.04231
1481.13750	0.04704
1479.20894	0.05884
1477.28037	0.08929
1475.35181	0.14892
1473.42324	0.22287
1471.49468	0.26432
1469.56611	0.25189
1467.63755	0.21784
1465.70898	0.19389
1463.78042	0.18468
1461.85186	0.17620
1459.92329	0.15723
1457.99473	0.13124
1456.06616	0.10994
1454.13760	0.09833
1452.20903	0.09205
1450.28047	0.08729
1448.35190	0.08344
1446.42334	0.08070
1444.49478	0.07892
1442.56621	0.07770
1440.63765	0.07679
1438.70908	0.07598
1436.78052	0.07507
1434.85195	0.07394
1432.92339	0.07257
1430.99482	0.07097
1429.06626	0.06934
1427.13770	0.06794
1425.20913	0.06686
1423.28057	0.06607
1421.35200	0.06549
1419.42344	0.06501
1417.49487	0.06456
1415.56631	0.06412
1413.63774	0.06362
1411.70918	0.06295
1409.78062	0.06204
1407.85205	0.06091
1405.92349	0.05959
1403.99492	0.05818
1402.06636	0.05688
1400.13779	0.05572
1398.20923	0.05465
1396.28066	0.05366
1394.35210	0.05279
1392.42354	0.05206
1390.49497	0.05146
1388.56641	0.05094
1386.63784	0.05051
1384.70928	0.05021
1382.78071	0.05005
1380.85215	0.05004
1378.92358	0.05014
1376.99502	0.05025
1375.06646	0.05037
1373.13789	0.05062
1371.20933	0.05094
1369.28076	0.05110
1367.35220	0.05086
1365.42363	0.05036
1363.49507	0.04990
1361.56650	0.04958
1359.63794	0.04933
1357.70937	0.04911
1355.78081	0.04898
1353.85225	0.04899
1351.92368	0.04907
1349.99512	0.04907
1348.06655	0.04896
1346.13799	0.04881
1344.20942	0.04869
1342.28086	0.04861
1340.35229	0.04853
1338.42373	0.04839
1336.49517	0.04833
1334.56660	0.04840
1332.63804	0.04845
1330.70947	0.04844
1328.78091	0.04847
1326.85234	0.04867
1324.92378	0.04906
1322.99521	0.04961
1321.06665	0.05024
1319.13809	0.05080
1317.20952	0.05113
1315.28096	0.05120
1313.35239	0.05111
1311.42383	0.05101
1309.49526	0.05100
1307.56670	0.05107
1305.63813	0.05112
1303.70957	0.05111
1301.78101	0.05109
1299.85244	0.05111
1297.92388	0.05111
1295.99531	0.05102
1294.06675	0.05084
1292.13818	0.05063
1290.20962	0.05039
1288.28105	0.05016
1286.35249	0.05001
1284.42393	0.04991
1282.49536	0.04980
1280.56680	0.04971
1278.63823	0.04963
1276.70967	0.04948
1274.78110	0.04929
1272.85254	0.04918
1270.92397	0.04928
1268.99541	0.04964
1267.06685	0.05020
1265.13828	0.05090
1263.20972	0.05158
1261.28115	0.05196
1259.35259	0.05187
1257.42402	0.05142
1255.49546	0.05080
1253.56689	0.05011
1251.63833	0.04948
1249.70977	0.04903
1247.78120	0.04872
1245.85264	0.04844
1243.92407	0.04810
1241.99551	0.04767
1240.06694	0.04718
1238.13838	0.04659
1236.20981	0.04588
1234.28125	0.04511
1232.35269	0.04442
1230.42412	0.04393
1228.49556	0.04377
1226.56699	0.04394
1224.63843	0.04433
1222.70986	0.04454
1220.78130	0.04408
1218.85273	0.04318
1216.92417	0.04277
1214.99561	0.04332
1213.06704	0.04422
1211.13848	0.04481
1209.20991	0.04506
1207.28135	0.04522
1205.35278	0.04551
1203.42422	0.04598
1201.49565	0.04663
1199.56709	0.04747
1197.63853	0.04841
1195.70996	0.04934
1193.78140	0.05026
1191.85283	0.05115
1189.92427	0.05202
1187.99570	0.05283
1186.06714	0.05354
1184.13857	0.05413
1182.21001	0.05465
1180.28145	0.05526
1178.35288	0.05605
1176.42432	0.05682
1174.49575	0.05727
1172.56719	0.05751
1170.63862	0.05778
1168.71006	0.05803
1166.78149	0.05820
1164.85293	0.05831
1162.92437	0.05830
1160.99580	0.05815
1159.06724	0.05797
1157.13867	0.05785
1155.21011	0.05765
1153.28154	0.05733
1151.35298	0.05698
1149.42441	0.05667
1147.49585	0.05643
1145.56729	0.05625
1143.63872	0.05608
1141.71016	0.05590
1139.78159	0.05579
1137.85303	0.05584
1135.92446	0.05600
1133.99590	0.05618
1132.06733	0.05635
1130.13877	0.05646
1128.21021	0.05652
1126.28164	0.05663
1124.35308	0.05681
1122.42451	0.05701
1120.49595	0.05732
1118.56738	0.05777
1116.63882	0.05831
1114.71025	0.05884
1112.78169	0.05934
1110.85312	0.05975
1108.92456	0.06002
1106.99600	0.06022
1105.06743	0.06049
1103.13887	0.06081
1101.21030	0.06109
1099.28174	0.06130
1097.35317	0.06138
1095.42461	0.06134
1093.49604	0.06119
1091.56748	0.06101
1089.63892	0.06086
1087.71035	0.06077
1085.78179	0.06067
1083.85322	0.06060
1081.92466	0.06057
1079.99609	0.06051
1078.06753	0.06041
1076.13896	0.06030
1074.21040	0.06020
1072.28184	0.06018
1070.35327	0.06023
1068.42471	0.06025
1066.49614	0.06034
1064.56758	0.06060
1062.63901	0.06085
1060.71045	0.06104
1058.78188	0.06129
1056.85332	0.06150
1054.92476	0.06152
1052.99619	0.06145
1051.06763	0.06140
1049.13906	0.06131
1047.21050	0.06117
1045.28193	0.06110
1043.35337	0.06100
1041.42480	0.06071
1039.49624	0.06032
1037.56768	0.05994
1035.63911	0.05955
1033.71055	0.05909
1031.78198	0.05857
1029.85342	0.05799
1027.92485	0.05731
1025.99629	0.05663
1024.06772	0.05605
1022.13916	0.05551
1020.21060	0.05499
1018.28203	0.05449
1016.35347	0.05400
1014.42490	0.05349
1012.49634	0.05293
1010.56777	0.05223
1008.63921	0.05137
1006.71064	0.05052
1004.78208	0.04973
1002.85352	0.04892
1000.92495	0.04811
998.99639	0.04735
997.06782	0.04675
995.13926	0.04633
993.21069	0.04593
991.28213	0.04546
989.35356	0.04486
987.42500	0.04417
985.49644	0.04353
983.56787	0.04305
981.63931	0.04262
979.71074	0.04214
977.78218	0.04172
975.85361	0.04141
973.92505	0.04113
971.99648	0.04089
970.06792	0.04073
968.13936	0.04063
966.21079	0.04053
964.28223	0.04039
962.35366	0.04012
960.42510	0.03974
958.49653	0.03938
956.56797	0.03907
954.63940	0.03877
952.71084	0.03852
950.78228	0.03834
948.85371	0.03815
946.92515	0.03790
944.99658	0.03769
943.06802	0.03764
941.13945	0.03773
939.21089	0.03777
937.28232	0.03762
935.35376	0.03739
933.42520	0.03720
931.49663	0.03701
929.56807	0.03679
927.63950	0.03655
925.71094	0.03628
923.78237	0.03616
921.85381	0.03626
919.92524	0.03644
917.99668	0.03664
916.06812	0.03694
914.13955	0.03740
912.21099	0.03810
910.28242	0.03894
908.35386	0.03938
906.42529	0.03892
904.49673	0.03783
902.56816	0.03678
900.63960	0.03609
898.71104	0.03570
896.78247	0.03544
894.85391	0.03526
892.92534	0.03517
890.99678	0.03508
889.06821	0.03490
887.13965	0.03465
885.21108	0.03436
883.28252	0.03410
881.35396	0.03390
879.42539	0.03378
877.49683	0.03377
875.56826	0.03376
873.63970	0.03367
871.71113	0.03358
869.78257	0.03357
867.85400	0.03355
865.92544	0.03346
863.99687	0.03331
862.06831	0.03312
860.13975	0.03291
858.21118	0.03271
856.28262	0.03261
854.35405	0.03267
852.42549	0.03285
850.49692	0.03305
848.56836	0.03313
846.63979	0.03302
844.71123	0.03287
842.78267	0.03274
840.85410	0.03258
838.92554	0.03251
836.99697	0.03269
835.06841	0.03302
833.13984	0.03327
831.21128	0.03348
829.28271	0.03379
827.35415	0.03422
825.42559	0.03466
823.49702	0.03507
821.56846	0.03547
819.63989	0.03580
817.71133	0.03601
815.78276	0.03624
813.85420	0.03652
811.92563	0.03673
809.99707	0.03689
808.06851	0.03711
806.13994	0.03735
804.21138	0.03748
802.28281	0.03753
800.35425	0.03760
798.42568	0.03753
796.49712	0.03721
794.56855	0.03687
792.63999	0.03663
790.71143	0.03640
788.78286	0.03617
786.85430	0.03603
784.92573	0.03605
782.99717	0.03633
781.06860	0.03661
779.14004	0.03647
777.21147	0.03606
775.28291	0.03580
773.35435	0.03570
771.42578	0.03555
769.49722	0.03543
767.56865	0.03556
765.64009	0.03596
763.71152	0.03640
761.78296	0.03663
759.85439	0.03666
757.92583	0.03673
755.99727	0.03681
754.06870	0.03685
752.14014	0.03702
750.21157	0.03736
748.28301	0.03775
746.35444	0.03820
744.42588	0.03896
742.49731	0.04024
740.56875	0.04219
738.64019	0.04574
736.71162	0.05461
734.78306	0.07423
732.85449	0.10016
730.92593	0.11394
728.99736	0.10879
727.06880	0.10099
725.14023	0.10497
723.21167	0.12688
721.28311	0.17035
719.35454	0.22772
717.42598	0.26831
715.49741	0.26088
713.56885	0.21291
711.64028	0.15972
709.71172	0.12267
707.78315	0.10123
705.85459	0.08865
703.92603	0.08061
701.99746	0.07508
700.06890	0.07101
698.14033	0.06774
696.21177	0.06500
694.28320	0.06278
692.35464	0.06120
690.42607	0.06011
688.49751	0.05919
686.56895	0.05821
684.64038	0.05725
682.71182	0.05654
680.78325	0.05610
678.85469	0.05578
676.92612	0.05553
674.99756	0.05536
673.06899	0.05499
671.14043	0.05332
669.21187	0.05077
667.28330	0.05151
665.35474	0.05286
663.42617	0.05379
661.49761	0.05351
659.56904	0.05295
657.64048	0.05247
655.71191	0.05197
653.78335	0.05144
651.85479	0.05067
649.92622	0.04980
647.99766	0.04943
646.06909	0.04977
644.14053	0.05034
642.21196	0.05053
640.28340	0.05029
638.35483	0.05009
636.42627	0.05031
634.49771	0.05096
632.56914	0.05162
630.64058	0.05161
628.71201	0.05092
626.78345	0.05043
624.85488	0.05065
622.92632	0.05095
620.99775	0.05105
619.06919	0.05129
617.14062	0.05138
615.21206	0.05092
613.28350	0.05052
611.35493	0.05056
609.42637	0.05068
607.49780	0.05101
605.56924	0.05181
603.64067	0.05273
601.71211	0.05332
599.78354	0.05355
