3997.91411	0.02206
3995.98555	0.02224
3994.05698	0.02230
3992.12842	0.02216
3990.19985	0.02197
3988.27129	0.02188
3986.34272	0.02189
3984.41416	0.02188
3982.48560	0.02185
3980.55703	0.02191
3978.62847	0.02190
3976.69990	0.02173
3974.77134	0.02161
3972.84277	0.02161
3970.91421	0.02164
3968.98564	0.02169
3967.05708	0.02176
3965.12852	0.02183
3963.19995	0.02186
3961.27139	0.02186
3959.34282	0.02180
3957.41426	0.02166
3955.48569	0.02150
3953.55713	0.02145
3951.62856	0.02167
3949.70000	0.02209
3947.77144	0.02238
3945.84287	0.02224
3943.91431	0.02190
3941.98574	0.02174
3940.05718	0.02175
3938.12861	0.02192
3936.20005	0.02237
3934.27148	0.02298
3932.34292	0.02322
3930.41436	0.02280
3928.48579	0.02223
3926.55723	0.02195
3924.62866	0.02193
3922.70010	0.02210
3920.77153	0.02243
3918.84297	0.02279
3916.91440	0.02283
3914.98584	0.02244
3913.05728	0.02209
3911.12871	0.02203
3909.20015	0.02208
3907.27158	0.02211
3905.34302	0.02240
3903.41445	0.02289
3901.48589	0.02293
3899.55732	0.02251
3897.62876	0.02235
3895.70020	0.02251
3893.77163	0.02263
3891.84307	0.02271
3889.91450	0.02288
3887.98594	0.02314
3886.05737	0.02340
3884.12881	0.02354
3882.20024	0.02351
3880.27168	0.02349
3878.34312	0.02353
3876.41455	0.02350
3874.48599	0.02347
3872.55742	0.02367
3870.62886	0.02387
3868.70029	0.02387
3866.77173	0.02377
3864.84316	0.02370
3862.91460	0.02378
3860.98604	0.02406
3859.05747	0.02429
3857.12891	0.02430
3855.20034	0.02401
3853.27178	0.02360
3851.34321	0.02358
3849.41465	0.02392
3847.48608	0.02412
3845.55752	0.02392
3843.62896	0.02366
3841.70039	0.02369
3839.77183	0.02393
3837.84326	0.02397
3835.91470	0.02371
3833.98613	0.02347
3832.05757	0.02348
3830.12900	0.02358
3828.20044	0.02366
3826.27187	0.02369
3824.34331	0.02363
3822.41475	0.02343
3820.48618	0.02335
3818.55762	0.02348
3816.62905	0.02354
3814.70049	0.02352
3812.77192	0.02348
3810.84336	0.02330
3808.91479	0.02296
3806.98623	0.02275
3805.05767	0.02259
3803.12910	0.02229
3801.20054	0.02205
3799.27197	0.02209
3797.34341	0.02223
3795.41484	0.02228
3793.48628	0.02221
3791.55771	0.02213
3789.62915	0.02208
3787.70059	0.02197
3785.77202	0.02180
3783.84346	0.02172
3781.91489	0.02159
3779.98633	0.02141
3778.05776	0.02148
3776.12920	0.02170
3774.20063	0.02178
3772.27207	0.02177
3770.34351	0.02193
3768.41494	0.02236
3766.48638	0.02285
3764.55781	0.02313
3762.62925	0.02311
3760.70068	0.02304
3758.77212	0.02336
3756.84355	0.02395
3754.91499	0.02434
3752.98643	0.02458
3751.05786	0.02505
3749.12930	0.02580
3747.20073	0.02636
3745.27217	0.02669
3743.34360	0.02649
3741.41504	0.02620
3739.48647	0.02648
3737.55791	0.02709
3735.62935	0.02735
3733.70078	0.02706
3731.77222	0.02683
3729.84365	0.02709
3727.91509	0.02764
3725.98652	0.02785
3724.05796	0.02730
3722.12939	0.02632
3720.20083	0.02560
3718.27227	0.02518
3716.34370	0.02506
3714.41514	0.02474
3712.48657	0.02397
3710.55801	0.02399
3708.62944	0.02440
3706.70088	0.02460
3704.77231	0.02420
3702.84375	0.02359
3700.91519	0.02356
3698.98662	0.02401
3697.05806	0.02439
3695.12949	0.02446
3693.20093	0.02390
3691.27236	0.02311
3689.34380	0.02247
3687.41523	0.02248
3685.48667	0.02273
3683.55811	0.02294
3681.62954	0.02277
3679.70098	0.02242
3677.77241	0.02220
3675.84385	0.02226
3673.91528	0.02248
3671.98672	0.02254
3670.05815	0.02220
3668.12959	0.02187
3666.20103	0.02185
3664.27246	0.02188
3662.34390	0.02181
3660.41533	0.02185
3658.48677	0.02202
3656.55820	0.02216
3654.62964	0.02220
3652.70107	0.02211
3650.77251	0.02214
3648.84395	0.02251
3646.91538	0.02290
3644.98682	0.02315
3643.05825	0.02329
3641.12969	0.02332
3639.20112	0.02340
3637.27256	0.02368
3635.34399	0.02414
3633.41543	0.02448
3631.48687	0.02473
3629.55830	0.02521
3627.62974	0.02577
3625.70117	0.02602
3623.77261	0.02609
3621.84404	0.02566
3619.91548	0.02496
3617.98691	0.02496
3616.05835	0.02557
3614.12979	0.02623
3612.20122	0.02651
3610.27266	0.02655
3608.34409	0.02670
3606.41553	0.02680
3604.48696	0.02678
3602.55840	0.02677
3600.62983	0.02687
3598.70127	0.02703
3596.77271	0.02696
3594.84414	0.02691
3592.91558	0.02684
3590.98701	0.02697
3589.05845	0.02693
3587.12988	0.02667
3585.20132	0.02627
3583.27275	0.02596
3581.34419	0.02581
3579.41562	0.02578
3577.48706	0.02592
3575.55850	0.02620
3573.62993	0.02642
3571.70137	0.02654
3569.77280	0.02685
3567.84424	0.02741
3565.91567	0.02767
3563.98711	0.02751
3562.05854	0.02732
3560.12998	0.02731
3558.20142	0.02738
3556.27285	0.02749
3554.34429	0.02764
3552.41572	0.02781
3550.48716	0.02802
3548.55859	0.02834
3546.63003	0.02860
3544.70146	0.02856
3542.77290	0.02840
3540.84434	0.02830
3538.91577	0.02824
3536.98721	0.02822
3535.05864	0.02837
3533.13008	0.02873
3531.20151	0.02912
3529.27295	0.02930
3527.34438	0.02926
3525.41582	0.02916
3523.48726	0.02917
3521.55869	0.02928
3519.63013	0.02939
3517.70156	0.02946
3515.77300	0.02950
3513.84443	0.02963
3511.91587	0.02992
3509.98730	0.03015
3508.05874	0.03025
3506.13018	0.03029
3504.20161	0.03033
3502.27305	0.03054
3500.34448	0.03079
3498.41592	0.03078
3496.48735	0.03064
3494.55879	0.03072
3492.63022	0.03100
3490.70166	0.03114
3488.77310	0.03113
3486.84453	0.03123
3484.91597	0.03139
3482.98740	0.03143
3481.05884	0.03155
3479.13027	0.03181
3477.20171	0.03208
3475.27314	0.03229
3473.34458	0.03240
3471.41602	0.03241
3469.48745	0.03243
3467.55889	0.03252
3465.63032	0.03269
3463.70176	0.03289
3461.77319	0.03303
3459.84463	0.03320
3457.91606	0.03342
3455.98750	0.03347
3454.05894	0.03326
3452.13037	0.03306
3450.20181	0.03299
3448.27324	0.03284
3446.34468	0.03263
3444.41611	0.03266
3442.48755	0.03309
3440.55898	0.03346
3438.63042	0.03331
3436.70186	0.03291
3434.77329	0.03287
3432.84473	0.03323
3430.91616	0.03366
3428.98760	0.03397
3427.05903	0.03405
3425.13047	0.03390
3423.20190	0.03379
3421.27334	0.03390
3419.34478	0.03408
3417.41621	0.03405
3415.48765	0.03392
3413.55908	0.03392
3411.63052	0.03411
3409.70195	0.03434
3407.77339	0.03433
3405.84482	0.03401
3403.91626	0.03354
3401.98770	0.03321
3400.05913	0.03348
3398.13057	0.03453
3396.20200	0.03441
3394.27344	0.03393
3392.34487	0.03359
3390.41631	0.03346
3388.48774	0.03348
3386.55918	0.03369
3384.63062	0.03397
3382.70205	0.03420
3380.77349	0.03429
3378.84492	0.03421
3376.91636	0.03399
3374.98779	0.03381
3373.05923	0.03374
3371.13066	0.03374
3369.20210	0.03380
3367.27354	0.03395
3365.34497	0.03411
3363.41641	0.03414
3361.48784	0.03407
3359.55928	0.03409
3357.63071	0.03417
3355.70215	0.03414
3353.77358	0.03404
3351.84502	0.03393
3349.91646	0.03390
3347.98789	0.03397
3346.05933	0.03395
3344.13076	0.03385
3342.20220	0.03386
3340.27363	0.03398
3338.34507	0.03408
3336.41650	0.03403
3334.48794	0.03377
3332.55937	0.03359
3330.63081	0.03361
3328.70225	0.03369
3326.77368	0.03366
3324.84512	0.03354
3322.91655	0.03343
3320.98799	0.03344
3319.05942	0.03363
3317.13086	0.03386
3315.20229	0.03387
3313.27373	0.03361
3311.34517	0.03325
3309.41660	0.03297
3307.48804	0.03267
3305.55947	0.03246
3303.63091	0.03267
3301.70234	0.03314
3299.77378	0.03340
3297.84521	0.03340
3295.91665	0.03330
3293.98809	0.03319
3292.05952	0.03308
3290.13096	0.03308
3288.20239	0.03313
3286.27383	0.03313
3284.34526	0.03321
3282.41670	0.03328
3280.48813	0.03310
3278.55957	0.03282
3276.63101	0.03275
3274.70244	0.03293
3272.77388	0.03300
3270.84531	0.03279
3268.91675	0.03260
3266.98818	0.03254
3265.05962	0.03245
3263.13105	0.03239
3261.20249	0.03229
3259.27393	0.03204
3257.34536	0.03183
3255.41680	0.03183
3253.48823	0.03197
3251.55967	0.03199
3249.63110	0.03187
3247.70254	0.03182
3245.77397	0.03197
3243.84541	0.03203
3241.91685	0.03185
3239.98828	0.03165
3238.05972	0.03153
3236.13115	0.03140
3234.20259	0.03137
3232.27402	0.03145
3230.34546	0.03140
3228.41689	0.03120
3226.48833	0.03108
3224.55977	0.03109
3222.63120	0.03114
3220.70264	0.03119
3218.77407	0.03117
3216.84551	0.03106
3214.91694	0.03096
3212.98838	0.03095
3211.05981	0.03101
3209.13125	0.03108
3207.20269	0.03102
3205.27412	0.03092
3203.34556	0.03092
3201.41699	0.03093
3199.48843	0.03085
3197.55986	0.03079
3195.63130	0.03072
3193.70273	0.03051
3191.77417	0.03017
3189.84561	0.02987
3187.91704	0.02978
3185.98848	0.02983
3184.05991	0.02982
3182.13135	0.02976
3180.20278	0.02983
3178.27422	0.02996
3176.34565	0.02988
3174.41709	0.02957
3172.48853	0.02930
3170.55996	0.02917
3168.63140	0.02904
3166.70283	0.02887
3164.77427	0.02874
3162.84570	0.02867
3160.91714	0.02864
3158.98857	0.02863
3157.06001	0.02859
3155.13145	0.02850
3153.20288	0.02839
3151.27432	0.02837
3149.34575	0.02846
3147.41719	0.02850
3145.48862	0.02838
3143.56006	0.02815
3141.63149	0.02777
3139.70293	0.02731
3137.77437	0.02713
3135.84580	0.02729
3133.91724	0.02741
3131.98867	0.02728
3130.06011	0.02705
3128.13154	0.02691
3126.20298	0.02692
3124.27441	0.02692
3122.34585	0.02674
3120.41729	0.02643
3118.48872	0.02624
3116.56016	0.02621
3114.63159	0.02612
3112.70303	0.02587
3110.77446	0.02562
3108.84590	0.02551
3106.91733	0.02554
3104.98877	0.02566
3103.06021	0.02577
3101.13164	0.02564
3099.20308	0.02535
3097.27451	0.02513
3095.34595	0.02498
3093.41738	0.02478
3091.48882	0.02461
3089.56025	0.02452
3087.63169	0.02446
3085.70312	0.02440
3083.77456	0.02433
3081.84600	0.02418
3079.91743	0.02398
3077.98887	0.02382
3076.06030	0.02378
3074.13174	0.02374
3072.20317	0.02362
3070.27461	0.02344
3068.34604	0.02332
3066.41748	0.02330
3064.48892	0.02328
3062.56035	0.02314
3060.63179	0.02296
3058.70322	0.02285
3056.77466	0.02279
3054.84609	0.02267
3052.91753	0.02246
3050.98896	0.02222
3049.06040	0.02201
3047.13184	0.02184
3045.20327	0.02170
3043.27471	0.02158
3041.34614	0.02147
3039.41758	0.02147
3037.48901	0.02156
3035.56045	0.02161
3033.63188	0.02168
3031.70332	0.02182
3029.77476	0.02182
3027.84619	0.02163
3025.91763	0.02139
3023.98906	0.02125
3022.06050	0.02127
3020.13193	0.02136
3018.20337	0.02142
3016.27480	0.02143
3014.34624	0.02143
3012.41768	0.02158
3010.48911	0.02197
3008.56055	0.02243
3006.63198	0.02276
3004.70342	0.02303
3002.77485	0.02342
3000.84629	0.02391
2998.91772	0.02446
2996.98916	0.02528
2995.06060	0.02652
2993.13203	0.02799
2991.20347	0.02957
2989.27490	0.03142
2987.34634	0.03364
2985.41777	0.03623
2983.48921	0.03948
2981.56064	0.04360
2979.63208	0.04862
2977.70352	0.05473
2975.77495	0.06236
2973.84639	0.07193
2971.91782	0.08362
2969.98926	0.09737
2968.06069	0.11297
2966.13213	0.13016
2964.20356	0.14761
2962.27500	0.16249
2960.34644	0.17281
2958.41787	0.18009
2956.48931	0.18822
2954.56074	0.19933
2952.63218	0.21078
2950.70361	0.21614
2948.77505	0.21037
2946.84648	0.19398
2944.91792	0.17239
2942.98936	0.15212
2941.06079	0.13758
2939.13223	0.13039
2937.20366	0.13043
2935.27510	0.13680
2933.34653	0.14842
2931.41797	0.16389
2929.48940	0.18158
2927.56084	0.19979
2925.63228	0.21708
2923.70371	0.23286
2921.77515	0.24708
2919.84658	0.25842
2917.91802	0.26367
2915.98945	0.26055
2914.06089	0.25100
2912.13232	0.23961
2910.20376	0.22944
2908.27520	0.22049
2906.34663	0.21125
2904.41807	0.20101
2902.48950	0.19023
2900.56094	0.17964
2898.63237	0.16973
2896.70381	0.16099
2894.77524	0.15392
2892.84668	0.14884
2890.91812	0.14570
2888.98955	0.14407
2887.06099	0.14356
2885.13242	0.14416
2883.20386	0.14605
2881.27529	0.14907
2879.34673	0.15242
2877.41816	0.15482
2875.48960	0.15560
2873.56104	0.15564
2871.63247	0.15643
2869.70391	0.15835
2867.77534	0.15976
2865.84678	0.15727
2863.91821	0.14826
2861.98965	0.13405
2860.06108	0.11900
2858.13252	0.10665
2856.20396	0.09824
2854.27539	0.09362
2852.34683	0.09240
2850.41826	0.09460
2848.48970	0.10054
2846.56113	0.11026
2844.63257	0.12291
2842.70400	0.13667
2840.77544	0.14871
2838.84687	0.15558
2836.91831	0.15452
2834.98975	0.14546
2833.06118	0.13143
2831.13262	0.11658
2829.20405	0.10391
2827.27549	0.09436
2825.34692	0.08743
2823.41836	0.08224
2821.48979	0.07818
2819.56123	0.07496
2817.63267	0.07240
2815.70410	0.07027
2813.77554	0.06840
2811.84697	0.06674
2809.91841	0.06517
2807.98984	0.06354
2806.06128	0.06184
2804.13271	0.06012
2802.20415	0.05850
2800.27559	0.05711
2798.34702	0.05601
2796.41846	0.05507
2794.48989	0.05416
2792.56133	0.05321
2790.63276	0.05218
2788.70420	0.05114
2786.77563	0.05016
2784.84707	0.04922
2782.91851	0.04838
2780.98994	0.04767
2779.06138	0.04704
2777.13281	0.04643
2775.20425	0.04581
2773.27568	0.04522
2771.34712	0.04473
2769.41855	0.04433
2767.48999	0.04400
2765.56143	0.04370
2763.63286	0.04334
2761.70430	0.04295
2759.77573	0.04262
2757.84717	0.04235
2755.91860	0.04211
2753.99004	0.04188
2752.06147	0.04166
2750.13291	0.04152
2748.20435	0.04147
2746.27578	0.04138
2744.34722	0.04122
2742.41865	0.04112
2740.49009	0.04118
2738.56152	0.04134
2736.63296	0.04155
2734.70439	0.04175
2732.77583	0.04195
2730.84727	0.04224
2728.91870	0.04259
2726.99014	0.04305
2725.06157	0.04359
2723.13301	0.04401
2721.20444	0.04402
2719.27588	0.04358
2717.34731	0.04286
2715.41875	0.04209
2713.49019	0.04138
2711.56162	0.04076
2709.63306	0.04025
2707.70449	0.03983
2705.77593	0.03947
2703.84736	0.03908
2701.91880	0.03866
2699.99023	0.03832
2698.06167	0.03814
2696.13311	0.03804
2694.20454	0.03790
2692.27598	0.03771
2690.34741	0.03757
2688.41885	0.03750
2686.49028	0.03740
2684.56172	0.03723
2682.63315	0.03717
2680.70459	0.03718
2678.77603	0.03714
2676.84746	0.03704
2674.91890	0.03693
2672.99033	0.03680
2671.06177	0.03667
2669.13320	0.03659
2667.20464	0.03662
2665.27607	0.03672
2663.34751	0.03686
2661.41895	0.03701
2659.49038	0.03714
2657.56182	0.03709
2655.63325	0.03690
2653.70469	0.03672
2651.77612	0.03659
2649.84756	0.03647
2647.91899	0.03636
2645.99043	0.03620
2644.06187	0.03594
2642.13330	0.03570
2640.20474	0.03550
2638.27617	0.03528
2636.34761	0.03505
2634.41904	0.03489
2632.49048	0.03479
2630.56191	0.03472
2628.63335	0.03466
2626.70479	0.03468
2624.77622	0.03472
2622.84766	0.03468
2620.91909	0.03460
2618.99053	0.03459
2617.06196	0.03463
2615.13340	0.03455
2613.20483	0.03431
2611.27627	0.03404
2609.34771	0.03382
2607.41914	0.03353
2605.49058	0.03314
2603.56201	0.03281
2601.63345	0.03263
2599.70488	0.03252
2597.77632	0.03243
2595.84775	0.03243
2593.91919	0.03243
2591.99062	0.03237
2590.06206	0.03235
2588.13350	0.03251
2586.20493	0.03276
2584.27637	0.03291
2582.34780	0.03293
2580.41924	0.03291
2578.49067	0.03285
2576.56211	0.03266
2574.63354	0.03233
2572.70498	0.03189
2570.77642	0.03141
2568.84785	0.03102
2566.91929	0.03078
2564.99072	0.03065
2563.06216	0.03060
2561.13359	0.03056
2559.20503	0.03042
2557.27646	0.03029
2555.34790	0.03022
2553.41934	0.03008
2551.49077	0.02990
2549.56221	0.02977
2547.63364	0.02967
2545.70508	0.02953
2543.77651	0.02938
2541.84795	0.02927
2539.91938	0.02919
2537.99082	0.02910
2536.06226	0.02894
2534.13369	0.02870
2532.20513	0.02848
2530.27656	0.02836
2528.34800	0.02832
2526.41943	0.02827
2524.49087	0.02817
2522.56230	0.02808
2520.63374	0.02801
2518.70518	0.02797
2516.77661	0.02793
2514.84805	0.02776
2512.91948	0.02755
2510.99092	0.02748
2509.06235	0.02753
2507.13379	0.02753
2505.20522	0.02741
2503.27666	0.02721
2501.34810	0.02708
2499.41953	0.02707
2497.49097	0.02710
2495.56240	0.02712
2493.63384	0.02711
2491.70527	0.02703
2489.77671	0.02687
2487.84814	0.02672
2485.91958	0.02665
2483.99102	0.02662
2482.06245	0.02662
2480.13389	0.02665
2478.20532	0.02664
2476.27676	0.02657
2474.34819	0.02652
2472.41963	0.02647
2470.49106	0.02636
2468.56250	0.02632
2466.63394	0.02637
2464.70537	0.02639
2462.77681	0.02637
2460.84824	0.02635
2458.91968	0.02640
2456.99111	0.02651
2455.06255	0.02653
2453.13398	0.02638
2451.20542	0.02623
2449.27686	0.02620
2447.34829	0.02622
2445.41973	0.02621
2443.49116	0.02614
2441.56260	0.02607
2439.63403	0.02610
2437.70547	0.02620
2435.77690	0.02628
2433.84834	0.02633
2431.91978	0.02630
2429.99121	0.02615
2428.06265	0.02598
2426.13408	0.02585
2424.20552	0.02571
2422.27695	0.02562
2420.34839	0.02559
2418.41982	0.02556
2416.49126	0.02551
2414.56270	0.02546
2412.63413	0.02545
2410.70557	0.02548
2408.77700	0.02540
2406.84844	0.02518
2404.91987	0.02506
2402.99131	0.02523
2401.06274	0.02515
2399.13418	0.01442
2397.20562	0.01327
2395.27705	0.01766
2393.34849	0.02228
2391.41992	0.02708
2389.49136	0.03250
2387.56279	0.03850
2385.63423	0.04473
2383.70566	0.05017
2381.77710	0.05329
2379.84854	0.05326
2377.91997	0.05005
2375.99141	0.04554
2374.06284	0.04230
2372.13428	0.04171
2370.20571	0.04259
2368.27715	0.04384
2366.34858	0.04560
2364.42002	0.05042
2362.49146	0.05229
2360.56289	0.05561
2358.63433	0.06067
2356.70576	0.05655
2354.77720	0.06659
2352.84863	0.08131
2350.92007	0.09042
2348.99150	0.09488
2347.06294	0.07822
2345.13437	0.05886
2343.20581	0.06033
2341.27725	0.07720
2339.34868	0.08326
2337.42012	0.07697
2335.49155	0.06446
2333.56299	0.05471
2331.63442	0.05316
2329.70586	0.05824
2327.77729	0.06945
2325.84873	0.07132
2323.92017	0.06182
2321.99160	0.04998
2320.06304	0.04255
2318.13447	0.04016
2316.20591	0.04092
2314.27734	0.04164
2312.34878	0.04356
2310.42021	0.04614
2308.49165	0.04727
2306.56309	0.04715
2304.63452	0.04638
2302.70596	0.04485
2300.77739	0.04309
2298.84883	0.04187
2296.92026	0.04085
2294.99170	0.03982
2293.06313	0.03885
2291.13457	0.03713
2289.20601	0.03467
2287.27744	0.03150
2285.34888	0.02771
2283.42031	0.02430
2281.49175	0.02183
2279.56318	0.02050
2277.63462	0.02025
2275.70605	0.02070
2273.77749	0.02151
2271.84893	0.02218
2269.92036	0.02252
2267.99180	0.02274
2266.06323	0.02374
2264.13467	0.02573
2262.20610	0.02779
2260.27754	0.02864
2258.34897	0.02833
2256.42041	0.02792
2254.49185	0.02863
2252.56328	0.03118
2250.63472	0.03266
2248.70615	0.02578
2246.77759	0.02543
2244.84902	0.02521
2242.92046	0.02486
2240.99189	0.02442
2239.06333	0.02411
2237.13477	0.02422
2235.20620	0.02450
2233.27764	0.02451
2231.34907	0.02424
2229.42051	0.02403
2227.49194	0.02386
2225.56338	0.02365
2223.63481	0.02353
2221.70625	0.02355
2219.77769	0.02370
2217.84912	0.02385
2215.92056	0.02383
2213.99199	0.02373
2212.06343	0.02368
2210.13486	0.02355
2208.20630	0.02340
2206.27773	0.02333
2204.34917	0.02333
2202.42061	0.02342
2200.49204	0.02354
2198.56348	0.02355
2196.63491	0.02355
2194.70635	0.02365
2192.77778	0.02387
2190.84922	0.02424
2188.92065	0.02464
2186.99209	0.02473
2185.06353	0.02422
2183.13496	0.02323
2181.20640	0.02255
2179.27783	0.02265
2177.34927	0.02285
2175.42070	0.02263
2173.49214	0.02259
2171.56357	0.02336
2169.63501	0.02458
2167.70645	0.02535
2165.77788	0.02570
2163.84932	0.02623
2161.92075	0.02547
2159.99219	0.02123
2158.06362	0.01630
2156.13506	0.01487
2154.20649	0.01587
2152.27793	0.01717
2150.34937	0.01804
2148.42080	0.01825
2146.49224	0.01812
2144.56367	0.01816
2142.63511	0.01845
2140.70654	0.01873
2138.77798	0.01876
2136.84941	0.01835
2134.92085	0.01766
2132.99229	0.01740
2131.06372	0.01795
2129.13516	0.01884
2127.20659	0.01944
2125.27803	0.01964
2123.34946	0.01981
2121.42090	0.02025
2119.49233	0.02078
2117.56377	0.02126
2115.63521	0.02171
2113.70664	0.02196
2111.77808	0.02192
2109.84951	0.02178
2107.92095	0.02164
2105.99238	0.02153
2104.06382	0.02150
2102.13525	0.02151
2100.20669	0.02150
2098.27812	0.02060
2096.34956	0.01997
2094.42100	0.01998
2092.49243	0.02069
2090.56387	0.02151
2088.63530	0.02186
2086.70674	0.02183
2084.77817	0.02192
2082.84961	0.02178
2080.92104	0.02123
2078.99248	0.02044
2077.06392	0.01971
2075.13535	0.01919
2073.20679	0.01882
2071.27822	0.01856
2069.34966	0.01844
2067.42109	0.01841
2065.49253	0.01849
2063.56396	0.01876
2061.63540	0.01914
2059.70684	0.01974
2057.77827	0.02060
2055.84971	0.02157
2053.92114	0.02261
2051.99258	0.02297
2050.06401	0.02131
2048.13545	0.01854
2046.20688	0.01679
2044.27832	0.01645
2042.34976	0.01695
2040.42119	0.01767
2038.49263	0.01753
2036.56406	0.01619
2034.63550	0.01472
2032.70693	0.01423
2030.77837	0.01456
2028.84980	0.01507
2026.92124	0.01559
2024.99268	0.01617
2023.06411	0.01667
2021.13555	0.01694
2019.20698	0.01707
2017.27842	0.01700
2015.34985	0.01641
2013.42129	0.01543
2011.49272	0.01446
2009.56416	0.01330
2007.63560	0.01229
2005.70703	0.01273
2003.77847	0.01472
2001.84990	0.01688
1999.92134	0.01843
1997.99277	0.01937
1996.06421	0.01970
1994.13564	0.01976
1992.20708	0.02021
1990.27852	0.02095
1988.34995	0.02143
1986.42139	0.02161
1984.49282	0.02149
1982.56426	0.02052
1980.63569	0.01781
1978.70713	0.01327
1976.77856	0.00946
1974.85000	0.00880
1972.92144	0.01037
1970.99287	0.01194
1969.06431	0.01284
1967.13574	0.01369
1965.20718	0.01455
1963.27861	0.01479
1961.35005	0.01448
1959.42148	0.01464
1957.49292	0.01558
1955.56436	0.01648
1953.63579	0.01677
1951.70723	0.01674
1949.77866	0.01660
1947.85010	0.01637
1945.92153	0.01621
1943.99297	0.01618
1942.06440	0.01626
1940.13584	0.01633
1938.20728	0.01621
1936.27871	0.01605
1934.35015	0.01609
1932.42158	0.01623
1930.49302	0.01635
1928.56445	0.01660
1926.63589	0.01702
1924.70732	0.01743
1922.77876	0.01773
1920.85020	0.01783
1918.92163	0.01761
1916.99307	0.01740
1915.06450	0.01746
1913.13594	0.01758
1911.20737	0.01751
1909.27881	0.01730
1907.35024	0.01720
1905.42168	0.01726
1903.49312	0.01739
1901.56455	0.01753
1899.63599	0.01779
1897.70742	0.01814
1895.77886	0.01835
1893.85029	0.01836
1891.92173	0.01825
1889.99316	0.01818
1888.06460	0.01835
1886.13604	0.01855
1884.20747	0.01857
1882.27891	0.01851
1880.35034	0.01842
1878.42178	0.01840
1876.49321	0.01852
1874.56465	0.01871
1872.63608	0.01880
1870.70752	0.01872
1868.77896	0.01855
1866.85039	0.01857
1864.92183	0.01871
1862.99326	0.01885
1861.06470	0.01890
1859.13613	0.01886
1857.20757	0.01883
1855.27900	0.01892
1853.35044	0.01905
1851.42187	0.01913
1849.49331	0.01918
1847.56475	0.01927
1845.63618	0.01940
1843.70762	0.01953
1841.77905	0.01969
1839.85049	0.01984
1837.92192	0.01990
1835.99336	0.01997
1834.06479	0.01997
1832.13623	0.01972
1830.20767	0.01944
1828.27910	0.01950
1826.35054	0.01961
1824.42197	0.01944
1822.49341	0.01908
1820.56484	0.01879
1818.63628	0.01891
1816.70771	0.01960
1814.77915	0.02050
1812.85059	0.02117
1810.92202	0.02159
1808.99346	0.02198
1807.06489	0.02241
1805.13633	0.02301
1803.20776	0.02375
1801.27920	0.02421
1799.35063	0.02432
1797.42207	0.02448
1795.49351	0.02484
1793.56494	0.02534
1791.63638	0.02614
1789.70781	0.02720
1787.77925	0.02841
1785.85068	0.02969
1783.92212	0.03071
1781.99355	0.03131
1780.06499	0.03202
1778.13643	0.03297
1776.20786	0.03378
1774.27930	0.03436
1772.35073	0.03517
1770.42217	0.03663
1768.49360	0.03824
1766.56504	0.03924
1764.63647	0.03974
1762.70791	0.04033
1760.77935	0.04124
1758.85078	0.04231
1756.92222	0.04337
1754.99365	0.04437
1753.06509	0.04526
1751.13652	0.04609
1749.20796	0.04696
1747.27939	0.04793
1745.35083	0.04883
1743.42227	0.04940
1741.49370	0.04979
1739.56514	0.05010
1737.63657	0.05016
1735.70801	0.04979
1733.77944	0.04933
1731.85088	0.04926
1729.92231	0.04952
1727.99375	0.04987
1726.06519	0.05009
1724.13662	0.05017
1722.20806	0.05001
1720.27949	0.04951
1718.35093	0.04910
1716.42236	0.04929
1714.49380	0.04974
1712.56523	0.05012
1710.63667	0.05012
1708.70811	0.04958
1706.77954	0.04877
1704.85098	0.04804
1702.92241	0.04714
1700.99385	0.04597
1699.06528	0.04495
1697.13672	0.04444
1695.20815	0.04424
1693.27959	0.04412
1691.35103	0.04392
1689.42246	0.04334
1687.49390	0.04228
1685.56533	0.04099
1683.63677	0.04051
1681.70820	0.04115
1679.77964	0.04162
1677.85107	0.04123
1675.92251	0.04055
1673.99395	0.04027
1672.06538	0.04026
1670.13682	0.04046
1668.20825	0.04116
1666.27969	0.04196
1664.35112	0.04234
1662.42256	0.04277
1660.49399	0.04364
1658.56543	0.04425
1656.63687	0.04387
1654.70830	0.04308
1652.77974	0.04323
1650.85117	0.04400
1648.92261	0.04423
1646.99404	0.04421
1645.06548	0.04498
1643.13691	0.04640
1641.20835	0.04760
1639.27979	0.04797
1637.35122	0.04787
1635.42266	0.04831
1633.49409	0.04949
1631.56553	0.05049
1629.63696	0.05084
1627.70840	0.05089
1625.77983	0.05099
1623.85127	0.05127
1621.92271	0.05178
1619.99414	0.05212
1618.06558	0.05225
1616.13701	0.05291
1614.20845	0.05414
1612.27988	0.05517
1610.35132	0.05576
1608.42275	0.05617
1606.49419	0.05661
1604.56562	0.05700
1602.63706	0.05729
1600.70850	0.05748
1598.77993	0.05755
1596.85137	0.05746
1594.92280	0.05731
1592.99424	0.05718
1591.06567	0.05695
1589.13711	0.05653
1587.20854	0.05598
1585.27998	0.05545
1583.35142	0.05493
1581.42285	0.05425
1579.49429	0.05321
1577.56572	0.05201
1575.63716	0.05128
1573.70859	0.05101
1571.78003	0.05040
1569.85146	0.04952
1567.92290	0.04909
1565.99434	0.04901
1564.06577	0.04848
1562.13721	0.04695
1560.20864	0.04478
1558.28008	0.04378
1556.35151	0.04479
1554.42295	0.04589
1552.49438	0.04594
1550.56582	0.04530
1548.63726	0.04454
1546.70869	0.04363
1544.78013	0.04227
1542.85156	0.04050
1540.92300	0.03885
1538.99443	0.03830
1537.06587	0.03859
1535.13730	0.03840
1533.20874	0.03763
1531.28018	0.03712
1529.35161	0.03674
1527.42305	0.03617
1525.49448	0.03549
1523.56592	0.03482
1521.63735	0.03446
1519.70879	0.03446
1517.78022	0.03432
1515.85166	0.03424
1513.92310	0.03441
1511.99453	0.03443
1510.06597	0.03383
1508.13740	0.03271
1506.20884	0.03192
1504.28027	0.03208
1502.35171	0.03240
1500.42314	0.03222
1498.49458	0.03173
1496.56602	0.03153
1494.63745	0.03158
1492.70889	0.03154
1490.78032	0.03142
1488.85176	0.03170
1486.92319	0.03245
1484.99463	0.03357
1483.06606	0.03494
1481.13750	0.03664
1479.20894	0.03885
1477.28037	0.04183
1475.35181	0.04653
1473.42324	0.05444
1471.49468	0.06577
1469.56611	0.07848
1467.63755	0.09202
1465.70898	0.10742
1463.78042	0.12270
1461.85186	0.13366
1459.92329	0.14018
1457.99473	0.14546
1456.06616	0.15035
1454.13760	0.15345
1452.20903	0.15444
1450.28047	0.15224
1448.35190	0.14468
1446.42334	0.13180
1444.49478	0.11712
1442.56621	0.10446
1440.63765	0.09594
1438.70908	0.09190
1436.78052	0.09053
1434.85195	0.08807
1432.92339	0.08205
1430.99482	0.07380
1429.06626	0.06656
1427.13770	0.06205
1425.20913	0.05945
1423.28057	0.05775
1421.35200	0.05663
1419.42344	0.05590
1417.49487	0.05535
1415.56631	0.05470
1413.63774	0.05385
1411.70918	0.05303
1409.78062	0.05242
1407.85205	0.05197
1405.92349	0.05165
1403.99492	0.05154
1402.06636	0.05154
1400.13779	0.05157
1398.20923	0.05175
1396.28066	0.05212
1394.35210	0.05269
1392.42354	0.05361
1390.49497	0.05521
1388.56641	0.05835
1386.63784	0.06461
1384.70928	0.07590
1382.78071	0.09507
1380.85215	0.12548
1378.92358	0.16620
1376.99502	0.20450
1375.06646	0.21890
1373.13789	0.20097
1371.20933	0.16693
1369.28076	0.13582
1367.35220	0.11510
1365.42363	0.10465
1363.49507	0.10172
1361.56650	0.10319
1359.63794	0.10493
1357.70937	0.10324
1355.78081	0.09742
1353.85225	0.08957
1351.92368	0.08216
1349.99512	0.07619
1348.06655	0.07153
1346.13799	0.06788
1344.20942	0.06501
1342.28086	0.06267
1340.35229	0.06070
1338.42373	0.05913
1336.49517	0.05807
1334.56660	0.05752
1332.63804	0.05750
1330.70947	0.05766
1328.78091	0.05741
1326.85234	0.05652
1324.92378	0.05511
1322.99521	0.05351
1321.06665	0.05209
1319.13809	0.05108
1317.20952	0.05044
1315.28096	0.04999
1313.35239	0.04969
1311.42383	0.04983
1309.49526	0.05087
1307.56670	0.05306
1305.63813	0.05555
1303.70957	0.05663
1301.78101	0.05599
1299.85244	0.05510
1297.92388	0.05492
1295.99531	0.05493
1294.06675	0.05447
1292.13818	0.05354
1290.20962	0.05251
1288.28105	0.05163
1286.35249	0.05103
1284.42393	0.05062
1282.49536	0.05035
1280.56680	0.05020
1278.63823	0.05012
1276.70967	0.05005
1274.78110	0.05005
1272.85254	0.05014
1270.92397	0.05026
1268.99541	0.05038
1267.06685	0.05053
1265.13828	0.05080
1263.20972	0.05141
1261.28115	0.05259
1259.35259	0.05458
1257.42402	0.05697
1255.49546	0.05859
1253.56689	0.05851
1251.63833	0.05719
1249.70977	0.05584
1247.78120	0.05503
1245.85264	0.05468
1243.92407	0.05465
1241.99551	0.05486
1240.06694	0.05529
1238.13838	0.05588
1236.20981	0.05657
1234.28125	0.05732
1232.35269	0.05805
1230.42412	0.05862
1228.49556	0.05888
1226.56699	0.05893
1224.63843	0.05906
1222.70986	0.05962
1220.78130	0.06085
1218.85273	0.06224
1216.92417	0.06259
1214.99561	0.06157
1213.06704	0.06017
1211.13848	0.05921
1209.20991	0.05868
1207.28135	0.05835
1205.35278	0.05807
1203.42422	0.05773
1201.49565	0.05724
1199.56709	0.05651
1197.63853	0.05584
1195.70996	0.05522
1193.78140	0.05478
1191.85283	0.05441
1189.92427	0.05409
1187.99570	0.05389
1186.06714	0.05383
1184.13857	0.05399
1182.21001	0.05445
1180.28145	0.05532
1178.35288	0.05690
1176.42432	0.05976
1174.49575	0.06461
1172.56719	0.07165
1170.63862	0.07955
1168.71006	0.08519
1166.78149	0.08609
1164.85293	0.08296
1162.92437	0.07852
1160.99580	0.07469
1159.06724	0.07207
1157.13867	0.07058
1155.21011	0.06987
1153.28154	0.06933
1151.35298	0.06835
1149.42441	0.06674
1147.49585	0.06479
1145.56729	0.06288
1143.63872	0.06122
1141.71016	0.05991
1139.78159	0.05891
1137.85303	0.05818
1135.92446	0.05764
1133.99590	0.05716
1132.06733	0.05669
1130.13877	0.05632
1128.21021	0.05613
1126.28164	0.05604
1124.35308	0.05595
1122.42451	0.05584
1120.49595	0.05581
1118.56738	0.05584
1116.63882	0.05591
1114.71025	0.05605
1112.78169	0.05637
1110.85312	0.05700
1108.92456	0.05803
1106.99600	0.05959
1105.06743	0.06140
1103.13887	0.06268
1101.21030	0.06280
1099.28174	0.06195
1097.35317	0.06080
1095.42461	0.05998
1093.49604	0.05958
1091.56748	0.05934
1089.63892	0.05912
1087.71035	0.05895
1085.78179	0.05885
1083.85322	0.05876
1081.92466	0.05865
1079.99609	0.05856
1078.06753	0.05848
1076.13896	0.05835
1074.21040	0.05827
1072.28184	0.05825
1070.35327	0.05818
1068.42471	0.05807
1066.49614	0.05800
1064.56758	0.05801
1062.63901	0.05811
1060.71045	0.05828
1058.78188	0.05850
1056.85332	0.05866
1054.92476	0.05885
1052.99619	0.05924
1051.06763	0.05989
1049.13906	0.06071
1047.21050	0.06146
1045.28193	0.06172
1043.35337	0.06126
1041.42480	0.06041
1039.49624	0.05971
1037.56768	0.05923
1035.63911	0.05870
1033.71055	0.05804
1031.78198	0.05742
1029.85342	0.05694
1027.92485	0.05649
1025.99629	0.05602
1024.06772	0.05564
1022.13916	0.05541
1020.21060	0.05521
1018.28203	0.05496
1016.35347	0.05468
1014.42490	0.05444
1012.49634	0.05430
1010.56777	0.05444
1008.63921	0.05516
1006.71064	0.05695
1004.78208	0.06088
1002.85352	0.06839
1000.92495	0.07931
998.99639	0.08907
997.06782	0.09110
995.13926	0.08450
993.21069	0.07485
991.28213	0.06708
989.35356	0.06222
987.42500	0.05958
985.49644	0.05842
983.56787	0.05857
981.63931	0.06045
979.71074	0.06481
977.78218	0.07230
975.85361	0.08240
973.92505	0.09109
971.99648	0.09220
970.06792	0.08471
968.13936	0.07449
966.21079	0.06666
964.28223	0.06187
962.35366	0.05892
960.42510	0.05702
958.49653	0.05582
956.56797	0.05503
954.63940	0.05452
952.71084	0.05424
950.78228	0.05423
948.85371	0.05453
946.92515	0.05508
944.99658	0.05587
943.06802	0.05689
941.13945	0.05767
939.21089	0.05738
937.28232	0.05597
935.35376	0.05431
933.42520	0.05301
931.49663	0.05209
929.56807	0.05138
927.63950	0.05081
925.71094	0.05030
923.78237	0.04985
921.85381	0.04961
919.92524	0.04958
917.99668	0.04953
916.06812	0.04942
914.13955	0.04950
912.21099	0.04992
910.28242	0.05062
908.35386	0.05159
906.42529	0.05332
904.49673	0.05657
902.56816	0.06119
900.63960	0.06517
898.71104	0.06599
896.78247	0.06315
894.85391	0.05870
892.92534	0.05493
890.99678	0.05255
889.06821	0.05122
887.13965	0.05040
885.21108	0.04968
883.28252	0.04904
881.35396	0.04855
879.42539	0.04824
877.49683	0.04806
875.56826	0.04795
873.63970	0.04785
871.71113	0.04770
869.78257	0.04754
867.85400	0.04743
865.92544	0.04736
863.99687	0.04733
862.06831	0.04734
860.13975	0.04743
858.21118	0.04760
856.28262	0.04780
854.35405	0.04797
852.42549	0.04836
850.49692	0.04938
848.56836	0.05163
846.63979	0.05664
844.71123	0.06703
842.78267	0.08114
840.85410	0.08862
838.92554	0.08238
836.99697	0.06998
835.06841	0.06095
833.13984	0.05652
831.21128	0.05446
829.28271	0.05326
827.35415	0.05234
825.42559	0.05178
823.49702	0.05158
821.56846	0.05162
819.63989	0.05217
817.71133	0.05371
815.78276	0.05669
813.85420	0.06140
811.92563	0.06692
809.99707	0.07062
808.06851	0.07024
806.13994	0.06644
804.21138	0.06200
802.28281	0.05877
800.35425	0.05692
798.42568	0.05594
796.49712	0.05524
794.56855	0.05447
792.63999	0.05368
790.71143	0.05303
788.78286	0.05247
786.85430	0.05196
784.92573	0.05152
782.99717	0.05119
781.06860	0.05101
779.14004	0.05086
777.21147	0.05055
775.28291	0.05011
773.35435	0.04984
771.42578	0.04990
769.49722	0.05017
767.56865	0.05033
765.64009	0.05026
763.71152	0.05009
761.78296	0.04980
759.85439	0.04936
757.92583	0.04892
755.99727	0.04858
754.06870	0.04837
752.14014	0.04828
750.21157	0.04826
748.28301	0.04826
746.35444	0.04821
744.42588	0.04827
742.49731	0.04853
740.56875	0.04876
738.64019	0.04872
736.71162	0.04864
734.78306	0.04879
732.85449	0.04908
730.92593	0.04923
728.99736	0.04917
727.06880	0.04916
725.14023	0.04962
723.21167	0.05300
721.28311	0.05185
719.35454	0.05147
717.42598	0.05176
715.49741	0.05079
713.56885	0.05050
711.64028	0.05075
709.71172	0.05124
707.78315	0.05192
705.85459	0.05276
703.92603	0.05384
701.99746	0.05503
700.06890	0.05626
698.14033	0.05724
696.21177	0.05831
694.28320	0.05998
692.35464	0.06177
690.42607	0.06259
688.49751	0.06231
686.56895	0.06253
684.64038	0.06400
682.71182	0.06603
680.78325	0.06737
678.85469	0.06764
676.92612	0.06866
674.99756	0.07189
673.06899	0.07287
671.14043	0.04913
669.21187	0.00221
667.28330	0.02513
665.35474	0.04200
663.42617	0.06309
661.49761	0.06855
659.56904	0.06628
657.64048	0.06419
655.71191	0.06359
653.78335	0.06491
651.85479	0.06560
649.92622	0.06539
647.99766	0.06627
646.06909	0.06747
644.14053	0.06704
642.21196	0.06558
640.28340	0.06442
638.35483	0.06371
636.42627	0.06320
634.49771	0.06314
632.56914	0.06337
630.64058	0.06334
628.71201	0.06388
626.78345	0.06403
624.85488	0.06347
622.92632	0.06278
620.99775	0.06359
619.06919	0.06631
617.14062	0.06788
615.21206	0.06629
613.28350	0.06450
611.35493	0.06454
609.42637	0.06514
607.49780	0.06585
605.56924	0.06664
603.64067	0.06647
601.71211	0.06576
599.78354	0.06563
